501

0.020882 , 0.0267107 , 0.0364474 , 0.0169995 , 0.0305705 , 0.0355457 , 0.0178143
0.054045 , 0.0264758 , 0.0354432 , 0.0171421 , 0.0278936 , 0.0363814 , 0.0187223
0.087796 , 0.0264975 , 0.0356223 , 0.0172887 , 0.0328878 , 0.0365282 , 0.0177228
0.124179 , 0.0266173 , 0.0363037 , 0.0178626 , 0.027318 , 0.0353754 , 0.0141207
0.158721 , 0.0266045 , 0.0364961 , 0.0171115 , 0.0278258 , 0.0356186 , 0.0130033
0.192861 , 0.0262476 , 0.036466 , 0.0169871 , 0.0289367 , 0.036268 , 0.0141081
0.225502 , 0.0262476 , 0.036466 , 0.0169871 , 0.0283556 , 0.0382984 , 0.0165537
0.257576 , 0.0265834 , 0.0378172 , 0.0176582 , 0.0274783 , 0.0386106 , 0.0173724
0.290589 , 0.0265033 , 0.0376674 , 0.0177469 , 0.0260078 , 0.0380419 , 0.017753
0.323218 , 0.0265033 , 0.0376674 , 0.0177469 , 0.0252619 , 0.0372094 , 0.0174776
0.359751 , 0.0263103 , 0.0372222 , 0.0185157 , 0.0257768 , 0.0371741 , 0.0177989
0.3983 , 0.0260805 , 0.0377785 , 0.0178249 , 0.0266074 , 0.0375345 , 0.0177362
0.444617 , 0.0260805 , 0.0377785 , 0.0178249 , 0.0275075 , 0.0377269 , 0.0174513
0.480799 , 0.0260805 , 0.0377785 , 0.0178249 , 0.027855 , 0.0377963 , 0.0173883
0.5301 , 0.0253002 , 0.0363214 , 0.0180241 , 0.0275486 , 0.0369295 , 0.0176788
0.573246 , 0.0253002 , 0.0363214 , 0.0180241 , 0.0270998 , 0.0365439 , 0.0178648
0.613303 , 0.0252776 , 0.0363465 , 0.0179948 , 0.0273734 , 0.036424 , 0.0180231
0.646676 , 0.0252776 , 0.0363465 , 0.0179948 , 0.0274533 , 0.0363649 , 0.0182685
0.681553 , 0.0239736 , 0.036395 , 0.016912 , 0.026581 , 0.036356 , 0.0179247
0.713328 , 0.0239736 , 0.036395 , 0.016912 , 0.0254072 , 0.0363621 , 0.0175707
0.750684 , 0.0238405 , 0.0368534 , 0.0173622 , 0.0252635 , 0.0366572 , 0.0178335
0.795257 , 0.0236272 , 0.0374074 , 0.0180147 , 0.0254166 , 0.0366878 , 0.0184864
0.827005 , 0.0236272 , 0.0374074 , 0.0180147 , 0.0257716 , 0.0368157 , 0.0191732
0.862966 , 0.0230771 , 0.0372843 , 0.0181538 , 0.0249781 , 0.0371025 , 0.0192136
0.898545 , 0.022948 , 0.0376852 , 0.0175846 , 0.0247563 , 0.0374747 , 0.0188536
0.936522 , 0.0227775 , 0.0377235 , 0.0183061 , 0.0239023 , 0.0376411 , 0.0188564
0.978675 , 0.0226713 , 0.0366065 , 0.0180561 , 0.0235293 , 0.0370302 , 0.0188463
1.01109 , 0.0222466 , 0.0363442 , 0.0185249 , 0.0240287 , 0.0369872 , 0.0193133
1.04452 , 0.0219972 , 0.0353974 , 0.0179653 , 0.0236928 , 0.036041 , 0.0191871
1.08136 , 0.0217523 , 0.0363707 , 0.017489 , 0.0234904 , 0.0361627 , 0.0186775
1.11248 , 0.0220168 , 0.0363919 , 0.0169032 , 0.0238436 , 0.0362757 , 0.0180387
1.14533 , 0.0215934 , 0.0370935 , 0.0176703 , 0.0227794 , 0.0372653 , 0.0181207
1.17887 , 0.0210359 , 0.0369184 , 0.0174444 , 0.0217511 , 0.0374425 , 0.0184121
1.2123 , 0.0208963 , 0.036665 , 0.017468 , 0.0217539 , 0.0371755 , 0.0184231
1.25194 , 0.0209561 , 0.0361273 , 0.0176768 , 0.0219084 , 0.0367807 , 0.0184906
1.28513 , 0.0202096 , 0.0361809 , 0.0176852 , 0.0216004 , 0.0358954 , 0.0187307
1.31885 , 0.0197007 , 0.0361416 , 0.0179785 , 0.0217789 , 0.0363539 , 0.0186432
1.35105 , 0.0203488 , 0.0356829 , 0.0179267 , 0.0215009 , 0.0363597 , 0.0195279
1.38955 , 0.0203986 , 0.0362595 , 0.0181472 , 0.0211797 , 0.0357255 , 0.0192602
1.4326 , 0.0199971 , 0.0355208 , 0.0179145 , 0.0211634 , 0.0357285 , 0.0192354
1.46471 , 0.0201144 , 0.0353173 , 0.0187554 , 0.0217417 , 0.0340536 , 0.0181628
1.50419 , 0.0189895 , 0.0338592 , 0.0174045 , 0.0206726 , 0.0337765 , 0.0182838
1.54988 , 0.0193 , 0.0343459 , 0.0173213 , 0.0207399 , 0.0340867 , 0.0182424
1.58424 , 0.0190486 , 0.0355703 , 0.0176819 , 0.0202609 , 0.0349488 , 0.0184996
1.61582 , 0.0193921 , 0.0367391 , 0.0181752 , 0.020679 , 0.036049 , 0.018648
1.65428 , 0.0186982 , 0.0355194 , 0.0178388 , 0.0199111 , 0.0360185 , 0.0187218
1.68633 , 0.0182923 , 0.0346146 , 0.0173646 , 0.0198332 , 0.035194 , 0.0183117
1.71744 , 0.0184377 , 0.0358238 , 0.0183829 , 0.0198193 , 0.0352979 , 0.0182609
1.74921 , 0.0181492 , 0.0360812 , 0.0181137 , 0.0201632 , 0.0351467 , 0.0177609
1.78613 , 0.0174313 , 0.0350882 , 0.0172434 , 0.0191052 , 0.034002 , 0.0171365
1.82081 , 0.0171916 , 0.0337422 , 0.0171388 , 0.0183466 , 0.0337014 , 0.0176726
1.85998 , 0.0171057 , 0.0340064 , 0.0175207 , 0.018956 , 0.0336049 , 0.0186709
1.90423 , 0.0175958 , 0.0343776 , 0.018674 , 0.0191991 , 0.0340977 , 0.0191295
1.93718 , 0.017459 , 0.0344663 , 0.0200214 , 0.0185663 , 0.0324324 , 0.0189102
1.96874 , 0.0170066 , 0.0323606 , 0.0191165 , 0.0188744 , 0.0322506 , 0.0192572
2.00467 , 0.0170836 , 0.0324049 , 0.0189481 , 0.0193375 , 0.0337491 , 0.0201326
2.03619 , 0.0177354 , 0.0329225 , 0.0185555 , 0.0191187 , 0.0330426 , 0.0201993
2.07236 , 0.0172451 , 0.0327597 , 0.019557 , 0.0186832 , 0.0333454 , 0.0207527
2.10488 , 0.0168692 , 0.0331595 , 0.0214058 , 0.0184056 , 0.032362 , 0.0211028
2.13639 , 0.0163339 , 0.0323515 , 0.020613 , 0.0172865 , 0.0323912 , 0.0212922
2.17107 , 0.0156769 , 0.0316544 , 0.0197327 , 0.0172189 , 0.0322616 , 0.0211882
2.20886 , 0.0158082 , 0.0323035 , 0.0196328 , 0.0166594 , 0.0312056 , 0.0202548
2.26177 , 0.0148031 , 0.0315825 , 0.0191303 , 0.0165448 , 0.0303423 , 0.0194356
2.31021 , 0.0137448 , 0.031376 , 0.0193622 , 0.0151109 , 0.0313407 , 0.0200459
2.35699 , 0.0131504 , 0.0313944 , 0.0197532 , 0.0151759 , 0.0314179 , 0.0207219
2.38951 , 0.0132518 , 0.0331837 , 0.0205011 , 0.0151684 , 0.0324233 , 0.0210113
2.42752 , 0.0125277 , 0.0330873 , 0.0215859 , 0.0142873 , 0.0332508 , 0.0214363
2.47498 , 0.0114716 , 0.0321669 , 0.0211679 , 0.0132873 , 0.0331615 , 0.0221727
2.50968 , 0.0107395 , 0.0322589 , 0.0219109 , 0.0129539 , 0.0325953 , 0.0225479
2.54435 , 0.0100553 , 0.0330625 , 0.0231293 , 0.0118399 , 0.0326579 , 0.0230387
2.59286 , 0.00903735 , 0.0317582 , 0.0231771 , 0.00965615 , 0.0329884 , 0.024698
2.62801 , 0.00710053 , 0.0325157 , 0.0249145 , 0.00872855 , 0.0323176 , 0.02568
2.67492 , 0.0055653 , 0.0323829 , 0.0260741 , 0.00679111 , 0.0312075 , 0.0263479
2.70612 , 0.00470318 , 0.0330287 , 0.0270096 , 0.00588464 , 0.0331735 , 0.0274843
2.73899 , 0.00313524 , 0.0328895 , 0.0276769 , 0.00436888 , 0.0341005 , 0.0285453
2.77261 , 0.00178253 , 0.0339622 , 0.0293473 , 0.0040574 , 0.0342173 , 0.0290099
2.80904 , 0.000481051 , 0.0327602 , 0.0306099 , 0.00155245 , 0.0346816 , 0.0308079
2.84326 , 0.000741993 , 0.0346676 , 0.0323108 , 0.00267583 , 0.0345589 , 0.0310429
2.87412 , -0.000642126 , 0.0355765 , 0.0332255 , 0.000875544 , 0.0363577 , 0.0326077
2.90701 , -0.000706444 , 0.0369299 , 0.0343388 , 0.00170039 , 0.0366302 , 0.0327817
2.94015 , -0.00103981 , 0.0392574 , 0.0370054 , -0.00143647 , 0.0385751 , 0.0361175
2.99259 , -0.00516833 , 0.0390455 , 0.0388243 , -0.00178838 , 0.0382981 , 0.0421628
3.02402 , -0.00501157 , 0.0426874 , 0.0409868 , -0.00484492 , 0.0429223 , 0.0416934
3.06053 , -0.00540182 , 0.0449323 , 0.0428447 , -0.00710908 , 0.0462596 , 0.0409807
3.09508 , -0.00482919 , 0.0464436 , 0.0440328 , -0.0080934 , 0.0454616 , 0.0428091
3.12628 , -0.00573577 , 0.0478205 , 0.044794 , -0.00820921 , 0.0480931 , 0.0444468
3.15829 , -0.0064894 , 0.0478532 , 0.0485694 , -0.0079054 , 0.0515551 , 0.0439725
3.1919 , -0.00529963 , 0.0524123 , 0.048626 , -0.00845041 , 0.0542642 , 0.0448544
3.22836 , -0.00512888 , 0.0545273 , 0.0508511 , -0.00960796 , 0.057186 , 0.0455307
3.2777 , -0.00517084 , 0.0560112 , 0.0543875 , -0.0115106 , 0.0586852 , 0.0470443
3.30947 , -0.00808482 , 0.0574417 , 0.055862 , -0.0079052 , 0.0595529 , 0.0503615
3.34585 , -0.00651599 , 0.0603947 , 0.0579751 , -0.00755215 , 0.060913 , 0.0536139
3.37547 , -0.00427265 , 0.0632312 , 0.0598289 , -0.00861225 , 0.0639847 , 0.0539458
3.41039 , -0.0023117 , 0.0646689 , 0.0617082 , -0.0102583 , 0.0670617 , 0.0523939
3.44394 , 0.000572616 , 0.0651415 , 0.0631053 , -0.00531921 , 0.0649185 , 0.0577289
3.47804 , 0.00420308 , 0.0657431 , 0.0652043 , 0.0017716 , 0.0663494 , 0.062978
3.51503 , 0.00632145 , 0.0675511 , 0.0657409 , 0.00686387 , 0.0662765 , 0.0669361
3.54855 , 0.010505 , 0.0683794 , 0.0672852 , 0.00863048 , 0.0663935 , 0.0684313
3.57841 , 0.0100401 , 0.0682314 , 0.0675099 , 0.00905012 , 0.0667761 , 0.0692357
3.60919 , 0.0117378 , 0.071115 , 0.0654564 , 0.0106327 , 0.0662266 , 0.0721184
3.64547 , 0.0119621 , 0.072183 , 0.0666377 , 0.013252 , 0.0706834 , 0.0713217
3.6761 , 0.0124765 , 0.0719275 , 0.0669895 , 0.015076 , 0.0710179 , 0.073409
3.71089 , 0.0128627 , 0.0722104 , 0.070845 , 0.0177081 , 0.0718939 , 0.0716226
3.74329 , 0.0118 , 0.0706562 , 0.0724334 , 0.0182269 , 0.0717907 , 0.0722202
3.78275 , 0.0117016 , 0.0700921 , 0.0714643 , 0.0196992 , 0.071332 , 0.0745214
3.81196 , 0.0148424 , 0.0725822 , 0.0690115 , 0.0192958 , 0.0697241 , 0.0767858
3.84633 , 0.0148911 , 0.0704078 , 0.0718839 , 0.0209539 , 0.0690075 , 0.0762923
3.87998 , 0.014407 , 0.067358 , 0.0723656 , 0.0198879 , 0.066564 , 0.0759154
3.91437 , 0.0145451 , 0.0647971 , 0.0721435 , 0.0214779 , 0.0656508 , 0.076173
3.9481 , 0.0166797 , 0.0649117 , 0.0728357 , 0.0207293 , 0.0663908 , 0.0761769
3.97967 , 0.015755 , 0.0620098 , 0.0718118 , 0.0220636 , 0.062827 , 0.0742509
4.01516 , 0.0172312 , 0.0593498 , 0.0713086 , 0.0218087 , 0.0562119 , 0.0722312
4.05178 , 0.0172234 , 0.0546477 , 0.0700658 , 0.0200297 , 0.0531921 , 0.0696545
4.08235 , 0.0178652 , 0.0500398 , 0.0693419 , 0.0194389 , 0.0499155 , 0.0676262
4.12096 , 0.0175081 , 0.0467807 , 0.0664212 , 0.020364 , 0.0455682 , 0.0650804
4.16639 , 0.0183704 , 0.0412511 , 0.0633161 , 0.021414 , 0.0391955 , 0.0625658
4.20721 , 0.0181772 , 0.036183 , 0.0610648 , 0.0222053 , 0.0349753 , 0.0594117
4.25672 , 0.0182799 , 0.0299691 , 0.0574143 , 0.0289834 , 0.0298407 , 0.0555284
4.30654 , 0.0187144 , 0.025537 , 0.0514851 , 0.0246212 , 0.0238329 , 0.0498392
4.35656 , 0.019004 , 0.0208144 , 0.0486563 , 0.0193573 , 0.0189552 , 0.0449915
4.40622 , 0.0194255 , 0.015834 , 0.0447619 , 0.0199762 , 0.0150605 , 0.0410556
4.45319 , 0.0203871 , 0.0111798 , 0.0391578 , 0.020447 , 0.00743016 , 0.039544
4.4913 , 0.0212154 , 0.00719564 , 0.0336263 , 0.0232265 , 0.00576206 , 0.035963
4.53889 , 0.0225712 , 0.00255031 , 0.029056 , 0.0252851 , 0.00197105 , 0.0307388
4.57005 , 0.024392 , -0.000825539 , 0.0234776 , 0.0280562 , -0.00127842 , 0.0283332
4.60088 , 0.0294757 , -0.0060072 , 0.0202436 , 0.0331633 , -0.00625095 , 0.0251213
4.639 , 0.0343133 , -0.00968698 , 0.0166715 , 0.0366688 , -0.0121943 , 0.0229299
4.67786 , 0.0398356 , -0.0130042 , 0.010965 , 0.0396351 , -0.0163419 , 0.0175981
4.72558 , 0.0432727 , -0.0187907 , 0.00669859 , 0.0431146 , -0.0226619 , 0.0114682
4.77461 , 0.047178 , -0.0251046 , 0.00194244 , 0.0456445 , -0.0295645 , 0.0057702
4.82752 , 0.0490264 , -0.0340502 , -0.00116667 , 0.0463551 , -0.0366405 , -0.000494612
4.8752 , 0.0497374 , -0.0402675 , -0.00814541 , 0.0456611 , -0.043918 , -0.00742086
4.91256 , 0.0499419 , -0.0458117 , -0.0143051 , 0.0463169 , -0.0482244 , -0.0136816
4.96114 , 0.0502312 , -0.0489346 , -0.0192997 , 0.0456289 , -0.054043 , -0.01882
5.01043 , 0.0501788 , -0.0547264 , -0.0237438 , 0.045756 , -0.058333 , -0.0253673
5.05992 , 0.0509072 , -0.061628 , -0.0288938 , 0.052425 , -0.0608381 , -0.0326533
5.09525 , 0.0527165 , -0.0662091 , -0.032925 , 0.055657 , -0.0674875 , -0.0374525
5.14229 , 0.0529237 , -0.0714531 , -0.0373915 , 0.0556336 , -0.0745112 , -0.0394073
5.17384 , 0.0538441 , -0.0757573 , -0.0416547 , 0.0548042 , -0.0787879 , -0.0419554
5.20865 , 0.0546088 , -0.0802218 , -0.0439448 , 0.0539533 , -0.0786411 , -0.0456085
5.23753 , 0.056781 , -0.079798 , -0.0487123 , 0.054263 , -0.0798959 , -0.0501107
5.27293 , 0.0572477 , -0.0823769 , -0.0524928 , 0.0566987 , -0.0823567 , -0.0549232
5.30354 , 0.0577119 , -0.0838014 , -0.0552906 , 0.0594911 , -0.0838534 , -0.058871
5.33866 , 0.0579637 , -0.0845978 , -0.0594263 , 0.0613009 , -0.0856107 , -0.0638196
5.37675 , 0.0580081 , -0.0859933 , -0.0647473 , 0.0614623 , -0.0866677 , -0.0680387
5.41556 , 0.0576118 , -0.0872132 , -0.0695717 , 0.0609523 , -0.0862772 , -0.0709816
5.46293 , 0.0570346 , -0.087485 , -0.073052 , 0.0596443 , -0.0871427 , -0.074784
5.50963 , 0.0562795 , -0.0872979 , -0.0758828 , 0.0579465 , -0.0874311 , -0.0770641
5.54425 , 0.054911 , -0.0888992 , -0.0795206 , 0.0558743 , -0.0892224 , -0.079768
5.57239 , 0.0535429 , -0.0890378 , -0.0829705 , 0.0543392 , -0.0901037 , -0.0823036
5.60526 , 0.0523522 , -0.0896805 , -0.0867381 , 0.0533763 , -0.090728 , -0.0858389
5.6406 , 0.0498991 , -0.0905493 , -0.0891347 , 0.0520071 , -0.0907563 , -0.0880584
5.67425 , 0.048046 , -0.0905751 , -0.0912171 , 0.0493925 , -0.0906588 , -0.090757
5.70868 , 0.0458496 , -0.0900291 , -0.0946251 , 0.0471124 , -0.0900354 , -0.0936547
5.73938 , 0.0432175 , -0.090085 , -0.0970866 , 0.0450116 , -0.0903924 , -0.0963605
5.77393 , 0.0412381 , -0.0902417 , -0.100723 , 0.040047 , -0.0910374 , -0.0999996
5.81348 , 0.0370826 , -0.0903104 , -0.103159 , 0.038225 , -0.0909319 , -0.103248
5.84773 , 0.0346404 , -0.0896136 , -0.105943 , 0.0355585 , -0.0898843 , -0.106588
5.88156 , 0.0317675 , -0.0877782 , -0.108007 , 0.032469 , -0.0877576 , -0.108377
5.91005 , 0.0287795 , -0.0863496 , -0.10953 , 0.0296137 , -0.0862641 , -0.109111
5.943 , 0.0255074 , -0.0856537 , -0.110383 , 0.0271689 , -0.0864217 , -0.110223
5.97976 , 0.0232286 , -0.0855479 , -0.111218 , 0.0254291 , -0.0851569 , -0.10961
6.013 , 0.0215112 , -0.0847154 , -0.11037 , 0.0234729 , -0.0847758 , -0.109461
6.0475 , 0.0203371 , -0.0843152 , -0.109885 , 0.023225 , -0.0844475 , -0.109609
6.07745 , 0.0197392 , -0.0832987 , -0.107787 , 0.0244516 , -0.0824992 , -0.107603
6.11064 , 0.0195574 , -0.082661 , -0.105165 , 0.0251402 , -0.0830699 , -0.103169
6.14701 , 0.0197645 , -0.0841903 , -0.103008 , 0.0445569 , -0.0813932 , -0.100164
6.1825 , 0.019337 , -0.0837525 , -0.0990107 , 0.0309955 , -0.0819568 , -0.0948772
6.21737 , 0.0194329 , -0.0802994 , -0.0929881 , 0.0117652 , -0.0804416 , -0.0906748
6.25078 , 0.0182151 , -0.0792549 , -0.087505 , 0.00615684 , -0.0793327 , -0.0851276
6.28472 , 0.0168718 , -0.0805101 , -0.0812879 , 0.00945636 , -0.0767998 , -0.0796927
6.33163 , 0.0183877 , -0.0775592 , -0.0761348 , 0.0132182 , -0.0773713 , -0.0754548
6.37338 , 0.0186521 , -0.0764519 , -0.0706119 , 0.0170298 , -0.075256 , -0.0713219
6.41487 , 0.0198869 , -0.0713 , -0.0629654 , 0.0191197 , -0.071645 , -0.0652837
6.44848 , 0.0229443 , -0.0694501 , -0.0563775 , 0.0214439 , -0.0677776 , -0.05814
6.48106 , 0.0254026 , -0.0627164 , -0.0484677 , 0.0214087 , -0.0625959 , -0.0517478
6.51779 , 0.0284311 , -0.0553628 , -0.0409081 , 0.0204225 , -0.0560155 , -0.0444234
6.55285 , 0.0285697 , -0.0490164 , -0.0327921 , 0.019679 , -0.0495472 , -0.0361844
6.58417 , 0.0268185 , -0.042752 , -0.0247403 , 0.0174926 , -0.0405701 , -0.0273664
6.61561 , 0.0231244 , -0.0352645 , -0.016655 , 0.0121328 , -0.0330589 , -0.0193371
6.64846 , 0.0182353 , -0.0277408 , -0.00971503 , 0.00667309 , -0.0246897 , -0.0103123
6.68923 , 0.0139612 , -0.0201553 , -0.00219714 , 0.00715263 , -0.0187626 , 0.000850997
6.73308 , 0.0104657 , -0.0145048 , 0.00525508 , 0.00836438 , -0.0134652 , 0.0100743
6.76676 , 0.0085042 , -0.00979539 , 0.0114476 , 0.0103968 , -0.00792952 , 0.0163965
6.79678 , 0.0117412 , -0.00352037 , 0.0172222 , 0.0131633 , -0.0005143 , 0.0214732
6.83136 , 0.0169239 , 0.000593357 , 0.023726 , 0.0193615 , 0.00353226 , 0.027074
6.86562 , 0.0239697 , 0.00808807 , 0.0301836 , 0.0276322 , 0.00776817 , 0.0335688
6.89933 , 0.0326697 , 0.0118234 , 0.0368865 , 0.0339482 , 0.0114869 , 0.0409805
6.93383 , 0.0368955 , 0.0134095 , 0.0440015 , 0.0405654 , 0.0107769 , 0.0467849
6.96781 , 0.039578 , 0.0176443 , 0.0497539 , 0.0458567 , 0.0136188 , 0.0528797
7.00093 , 0.0437189 , 0.0190592 , 0.0553661 , 0.0471538 , 0.0184681 , 0.0568525
7.03198 , 0.0440752 , 0.021935 , 0.0584909 , 0.0472873 , 0.0243036 , 0.0633039
7.067 , 0.0439712 , 0.0269352 , 0.0637281 , 0.045346 , 0.028338 , 0.0678896
7.10139 , 0.0423658 , 0.0312118 , 0.0677722 , 0.0438625 , 0.0322722 , 0.0719595
7.13205 , 0.0413169 , 0.0345771 , 0.0724315 , 0.0415998 , 0.0347737 , 0.0738939
7.17037 , 0.040555 , 0.0382693 , 0.0751455 , 0.0403613 , 0.0371553 , 0.0765863
7.20355 , 0.0400456 , 0.0395841 , 0.0780951 , 0.0398019 , 0.0402004 , 0.0795825
7.23277 , 0.0398526 , 0.0419117 , 0.0799974 , 0.0383121 , 0.0430699 , 0.0801005
7.27087 , 0.0403342 , 0.0436786 , 0.0821096 , 0.040111 , 0.0456281 , 0.0808956
7.30137 , 0.0400253 , 0.0459535 , 0.0838919 , 0.0392041 , 0.0453339 , 0.0815973
7.33335 , 0.038582 , 0.0459024 , 0.0858098 , 0.0388827 , 0.0427476 , 0.0837891
7.36889 , 0.0378398 , 0.0431431 , 0.0870873 , 0.0396313 , 0.0425141 , 0.0858213
7.40895 , 0.0364971 , 0.0428188 , 0.0883131 , 0.0377317 , 0.0426953 , 0.0863109
7.43722 , 0.0363687 , 0.0415223 , 0.0886375 , 0.0371043 , 0.0408346 , 0.0873615
7.46762 , 0.0369907 , 0.0396141 , 0.0878192 , 0.0372061 , 0.0389907 , 0.087513
7.50117 , 0.0356062 , 0.0359941 , 0.0878066 , 0.0372327 , 0.0365165 , 0.0868344
7.53456 , 0.0344637 , 0.033474 , 0.0871095 , 0.0374785 , 0.0325528 , 0.085417
7.57121 , 0.0367446 , 0.0315102 , 0.0851057 , 0.0357448 , 0.0289653 , 0.0837259
7.60499 , 0.0357371 , 0.0287685 , 0.0826875 , 0.0372102 , 0.0278 , 0.0821304
7.63532 , 0.0348178 , 0.0264212 , 0.0802727 , 0.0386293 , 0.0251794 , 0.0792742
7.67254 , 0.0345958 , 0.0244812 , 0.078283 , 0.0393462 , 0.0238652 , 0.0774183
7.70472 , 0.035559 , 0.0214293 , 0.0753148 , 0.0394534 , 0.0214699 , 0.0756262
7.73904 , 0.0359294 , 0.018785 , 0.0729149 , 0.0414966 , 0.0190216 , 0.0733966
7.77252 , 0.0375623 , 0.0171525 , 0.0697848 , 0.0449227 , 0.0173024 , 0.0705568
7.80312 , 0.0389179 , 0.0146191 , 0.066928 , 0.0456253 , 0.0115461 , 0.0685466
7.83819 , 0.040599 , 0.0102097 , 0.0633995 , 0.04644 , 0.00542127 , 0.0637794
7.87186 , 0.0394364 , 0.00353492 , 0.0574538 , 0.0467693 , 0.00130419 , 0.060818
7.90845 , 0.0413741 , -0.00112953 , 0.0525636 , 0.0557576 , -2.67398e-05 , 0.0549895
7.94191 , 0.0436951 , -0.00119168 , 0.0494419 , 0.0485575 , -0.000867739 , 0.0492288
7.97289 , 0.0434052 , -0.00392565 , 0.0455864 , 0.0417893 , -0.00320849 , 0.0467514
8.00844 , 0.0444546 , -0.00615496 , 0.0396107 , 0.0424972 , -0.00587406 , 0.0458775
8.04027 , 0.0469582 , -0.00555001 , 0.0361781 , 0.0437126 , -0.00784384 , 0.0425179
8.07667 , 0.0490577 , -0.0075337 , 0.031524 , 0.0461897 , -0.00865782 , 0.0369186
8.10729 , 0.0521409 , -0.00871266 , 0.0282178 , 0.0496557 , -0.0102375 , 0.0317225
8.14162 , 0.0546573 , -0.0123574 , 0.0227364 , 0.0532534 , -0.0144064 , 0.0266596
8.17588 , 0.0575261 , -0.0164028 , 0.019423 , 0.0581909 , -0.0172951 , 0.02191
8.20973 , 0.060694 , -0.0210546 , 0.0148249 , 0.0594029 , -0.0227287 , 0.0185514
8.24137 , 0.062529 , -0.0263012 , 0.0108781 , 0.0605452 , -0.0276933 , 0.0139341
8.27865 , 0.0642535 , -0.0307839 , 0.00678649 , 0.062315 , -0.0341133 , 0.00699247
8.31363 , 0.065064 , -0.0368317 , 0.000299309 , 0.0640295 , -0.0398521 , -0.00141064
8.34732 , 0.0653225 , -0.0426958 , -0.00718833 , 0.067172 , -0.0450578 , -0.0102185
8.38254 , 0.0673195 , -0.0496005 , -0.0153214 , 0.0712824 , -0.0500214 , -0.0177857
8.4255 , 0.0687373 , -0.0527503 , -0.0200574 , 0.0719749 , -0.0589543 , -0.0234008
8.45914 , 0.0709601 , -0.0581742 , -0.0264003 , 0.0728192 , -0.0622909 , -0.0285009
8.49362 , 0.0720348 , -0.0624431 , -0.0326339 , 0.0741232 , -0.0657398 , -0.0335791
8.5242 , 0.0748653 , -0.0660194 , -0.0378815 , 0.0759607 , -0.0684584 , -0.0394367
8.55877 , 0.0780944 , -0.0691092 , -0.0432457 , 0.0777075 , -0.0741852 , -0.0449568
8.59332 , 0.0798667 , -0.0714736 , -0.0463789 , 0.0792934 , -0.0734876 , -0.0515194
8.62682 , 0.07947 , -0.075959 , -0.0513492 , 0.0818492 , -0.0715861 , -0.0561504
8.66156 , 0.080188 , -0.075177 , -0.0556593 , 0.0827727 , -0.0773789 , -0.0585588
8.69256 , 0.0795847 , -0.0774949 , -0.0602237 , 0.0812859 , -0.082696 , -0.0604941
8.72734 , 0.0766805 , -0.0830108 , -0.06377 , 0.0809218 , -0.0803163 , -0.0654808
8.76186 , 0.0749407 , -0.0822274 , -0.0677577 , 0.0799999 , -0.0806935 , -0.0697708
8.7937 , 0.0722091 , -0.0845027 , -0.0729605 , 0.0756938 , -0.0830283 , -0.0748705
8.82984 , 0.0693648 , -0.0848815 , -0.07869 , 0.0736369 , -0.0842026 , -0.078592
8.86348 , 0.0656998 , -0.0850642 , -0.0807052 , 0.0681441 , -0.0878277 , -0.0800731
8.89449 , 0.0609949 , -0.0884919 , -0.081246 , 0.0634268 , -0.0879089 , -0.0824989
8.92974 , 0.0554735 , -0.0827549 , -0.0861363 , 0.0579636 , -0.0888302 , -0.0815772
8.96035 , 0.0521901 , -0.0849741 , -0.0865618 , 0.0558467 , -0.0838459 , -0.0856346
8.99804 , 0.045474 , -0.0831734 , -0.0869945 , 0.0518769 , -0.0839747 , -0.0876429
9.02885 , 0.0408726 , -0.0838255 , -0.0896881 , 0.0461772 , -0.0834372 , -0.0862596
9.06312 , 0.0355609 , -0.0830263 , -0.0885772 , 0.0431902 , -0.081557 , -0.0861401
9.09594 , 0.0317012 , -0.0805114 , -0.0872975 , 0.0376437 , -0.0799966 , -0.0869299
9.13226 , 0.0277249 , -0.0798583 , -0.0875075 , 0.0338819 , -0.077513 , -0.0866603
9.16561 , 0.0237032 , -0.076308 , -0.0849575 , 0.0303773 , -0.0727939 , -0.0828555
9.20299 , 0.0234261 , -0.072666 , -0.0844949 , 0.0274889 , -0.0714554 , -0.0809486
9.23336 , 0.0220589 , -0.0685307 , -0.0818451 , 0.0250747 , -0.0683328 , -0.0791409
9.26353 , 0.0203032 , -0.0661763 , -0.0792171 , 0.0242878 , -0.0656174 , -0.0768395
9.30005 , 0.0214208 , -0.056569 , -0.0760713 , 0.0259739 , -0.0605586 , -0.075084
9.33204 , 0.0203084 , -0.0584376 , -0.0708309 , 0.0292423 , -0.0525194 , -0.073055
9.36755 , 0.0200049 , -0.0530899 , -0.0656197 , 0.0420303 , -0.0451536 , -0.0681587
9.40489 , 0.020256 , -0.045172 , -0.0617859 , 0.0314298 , -0.0431734 , -0.0601167
9.45212 , 0.0221319 , -0.0414191 , -0.0568895 , 0.0218814 , -0.0408857 , -0.0555806
9.48764 , 0.0241488 , -0.0398145 , -0.0527955 , 0.0206277 , -0.0369199 , -0.0537376
9.51917 , 0.0274166 , -0.0367339 , -0.0478843 , 0.0246292 , -0.0409464 , -0.0492752
9.55307 , 0.0313759 , -0.0338903 , -0.0433718 , 0.0312498 , -0.032153 , -0.044713
9.58582 , 0.0347837 , -0.033036 , -0.0350035 , 0.0389012 , -0.0248993 , -0.0421188
9.61714 , 0.0409609 , -0.0242105 , -0.0315763 , 0.0411217 , -0.0213452 , -0.0372702
9.65414 , 0.0453953 , -0.0209637 , -0.0266578 , 0.0429128 , -0.0182326 , -0.032151
9.68795 , 0.0484486 , -0.0168761 , -0.021358 , 0.0450861 , -0.0122834 , -0.0266162
9.72009 , 0.0508062 , -0.0152395 , -0.0172633 , 0.0456656 , -0.00890151 , -0.0200283
9.75516 , 0.0498274 , -0.00642073 , -0.0113074 , 0.0419426 , -0.00361731 , -0.0123533
9.79075 , 0.047087 , 0.00140018 , -0.00497238 , 0.0402391 , 0.00139051 , -0.00511056
9.82527 , 0.0446497 , 0.00822664 , 0.00287465 , 0.0390052 , 0.00718444 , 0.000649815
9.8734 , 0.0441081 , 0.0124342 , 0.00850112 , 0.0365023 , 0.0176593 , 0.00960219
9.90847 , 0.0426903 , 0.0228894 , 0.0175534 , 0.0409414 , 0.021084 , 0.0173641
9.94225 , 0.0442698 , 0.0253143 , 0.0225286 , 0.0471424 , 0.0248344 , 0.0238637
9.98586 , 0.0490946 , 0.0288945 , 0.0285754 , 0.0482039 , 0.0328552 , 0.0319137
10.0195 , 0.0521834 , 0.0368626 , 0.0363359 , 0.0536136 , 0.0383669 , 0.0390638
10.0543 , 0.0561551 , 0.0361139 , 0.0403843 , 0.0576404 , 0.0434962 , 0.0469754
10.0876 , 0.0602602 , 0.0422564 , 0.0479756 , 0.0615651 , 0.0448049 , 0.0532999
10.1182 , 0.0622992 , 0.0409473 , 0.0520186 , 0.0648949 , 0.0453389 , 0.0589071
10.1538 , 0.0618391 , 0.0414294 , 0.0554854 , 0.0658602 , 0.0441626 , 0.062625
10.1874 , 0.0598843 , 0.0521164 , 0.0647007 , 0.064449 , 0.048691 , 0.0661554
10.2217 , 0.061447 , 0.0466585 , 0.0662951 , 0.0645171 , 0.0502278 , 0.0702978
10.2525 , 0.0608247 , 0.0515891 , 0.0720037 , 0.0642053 , 0.0541991 , 0.0756983
10.2879 , 0.0578067 , 0.0513641 , 0.0777452 , 0.0658109 , 0.0590187 , 0.0778962
10.3216 , 0.0618874 , 0.0579231 , 0.0800962 , 0.0655997 , 0.0606682 , 0.0812025
10.353 , 0.0635238 , 0.0623749 , 0.0831326 , 0.0660373 , 0.0593771 , 0.0842017
10.3897 , 0.064402 , 0.0618207 , 0.0873134 , 0.0675903 , 0.0621428 , 0.0885935
10.4263 , 0.0649782 , 0.0633775 , 0.0895875 , 0.0640642 , 0.0605126 , 0.0894382
10.4562 , 0.065766 , 0.0643271 , 0.0919152 , 0.066486 , 0.0617955 , 0.0925318
10.4895 , 0.0663326 , 0.0661488 , 0.0947138 , 0.0688566 , 0.0630338 , 0.0960968
10.5229 , 0.0666256 , 0.0664488 , 0.0988853 , 0.0713081 , 0.0648756 , 0.0982297
10.5573 , 0.0664696 , 0.0721888 , 0.100293 , 0.0700781 , 0.0593376 , 0.0970059
10.5941 , 0.0712027 , 0.0651821 , 0.0990116 , 0.0645465 , 0.0684812 , 0.100357
10.6248 , 0.0700001 , 0.0627923 , 0.101104 , 0.0656095 , 0.0606467 , 0.0982486
10.657 , 0.0656855 , 0.0652644 , 0.0999109 , 0.0678834 , 0.0672112 , 0.0987374
10.6909 , 0.0704302 , 0.0591252 , 0.100718 , 0.0696553 , 0.0660661 , 0.0992115
10.7251 , 0.0702202 , 0.0598517 , 0.0997066 , 0.0702431 , 0.0602036 , 0.0973175
10.7623 , 0.0697037 , 0.0575672 , 0.0977819 , 0.0719401 , 0.0561071 , 0.0955391
10.7956 , 0.0705023 , 0.0547312 , 0.0961503 , 0.0727242 , 0.0541473 , 0.0932718
10.8326 , 0.0729698 , 0.0596853 , 0.0939926 , 0.0744126 , 0.0517173 , 0.0892457
10.8816 , 0.0710536 , 0.0469382 , 0.0897611 , 0.0769093 , 0.054 , 0.0856701
10.9291 , 0.070183 , 0.0515482 , 0.0885248 , 0.0776959 , 0.0511183 , 0.086156
10.9596 , 0.0737428 , 0.0463057 , 0.0841136 , 0.0877108 , 0.0451907 , 0.0843261
10.994 , 0.0721369 , 0.0420442 , 0.0807639 , 0.0823281 , 0.0441937 , 0.080147
11.026 , 0.0713095 , 0.0398396 , 0.0795562 , 0.0684445 , 0.0343879 , 0.072794
11.063 , 0.0707997 , 0.0238741 , 0.0722155 , 0.0604193 , 0.0330111 , 0.0721322
11.0976 , 0.0697765 , 0.0177222 , 0.0676908 , 0.0633811 , 0.0190622 , 0.066813
11.1297 , 0.0690774 , 0.0119629 , 0.0614149 , 0.0680874 , 0.0190046 , 0.0609521
11.1614 , 0.0684725 , 0.00730925 , 0.0564014 , 0.0686499 , 0.0079558 , 0.0565466
11.2019 , 0.0681354 , 0.00101759 , 0.0501851 , 0.0668716 , 0.00200369 , 0.0538625
11.2466 , 0.0675031 , -0.00423319 , 0.046 , 0.0646626 , -0.00517604 , 0.0499416
11.2784 , 0.0670083 , -0.0104244 , 0.0423016 , 0.0624309 , -0.0132638 , 0.0469936
11.3143 , 0.0662973 , -0.018675 , 0.0370863 , 0.0620435 , -0.0199549 , 0.0431348
11.3487 , 0.0649314 , -0.0256353 , 0.0333939 , 0.0606124 , -0.0286526 , 0.0374193
11.3796 , 0.0655101 , -0.0341907 , 0.0279945 , 0.0618827 , -0.0236676 , 0.033786
11.4141 , 0.0678007 , -0.039432 , 0.022939 , 0.0648218 , -0.0371221 , 0.0246595
11.4472 , 0.0679219 , -0.0454398 , 0.0168811 , 0.0661172 , -0.0465275 , 0.0179163
11.4807 , 0.0695337 , -0.0521979 , 0.0125718 , 0.0628092 , -0.0546182 , 0.0118942
11.5111 , 0.0689161 , -0.0574582 , 0.00781808 , 0.0659972 , -0.0471606 , 0.0096325
11.5468 , 0.0706439 , -0.0632711 , 0.00387754 , 0.0729933 , -0.0480618 , 0.00215806
11.5783 , 0.0699939 , -0.0677965 , 0.000703396 , 0.0752709 , -0.0488979 , 0.00041262
11.6147 , 0.0703141 , -0.0600312 , 0.00297237 , 0.0736197 , -0.0566046 , 0.000460875
11.6473 , 0.0716682 , -0.0641925 , 0.000259484 , 0.0738963 , -0.0637548 , -0.000169489
11.679 , 0.075833 , -0.0806673 , -0.00584477 , 0.0751892 , -0.073372 , -0.000940911
11.7159 , 0.07777 , -0.0937421 , -0.0223846 , 0.0782051 , -0.073416 , 0.00354814
11.7501 , 0.0775615 , -0.0745122 , -0.0047465 , 0.081798 , -0.0918347 , -0.00702024
11.7846 , 0.0792689 , -0.0914702 , -0.00997297 , 0.0803276 , -0.073998 , -0.0109959
11.8153 , 0.0789583 , -0.0891186 , -0.0131689 , 0.0792636 , -0.0692286 , -0.012809
11.8538 , 0.0785493 , -0.0879363 , -0.0147653 , 0.0790456 , -0.0812084 , -0.0162545
11.8875 , 0.078759 , -0.0888297 , -0.0158975 , 0.0797902 , -0.0860012 , -0.0193049
11.9229 , 0.0777128 , -0.088907 , -0.0164439 , 0.0774666 , -0.0738236 , -0.018013
11.9721 , 0.0755289 , -0.0772516 , -0.0142624 , 0.0763493 , -0.074513 , -0.0173888
12.0194 , 0.078953 , -0.0829363 , -0.0247622 , 0.0719659 , -0.0741621 , -0.013856
12.0537 , 0.071451 , -0.0794234 , -0.018268 , 0.0712083 , -0.0757902 , -0.017774
12.0819 , 0.070393 , -0.08856 , -0.0237759 , 0.0684275 , -0.0708008 , -0.0193231
12.1172 , 0.0692628 , -0.0869324 , -0.0238987 , 0.0686894 , -0.0790362 , -0.023105
12.1477 , 0.0681271 , -0.0859088 , -0.0242005 , 0.066241 , -0.0818477 , -0.0243707
12.1864 , 0.0662954 , -0.0723814 , -0.018742 , 0.0704702 , -0.0750454 , -0.0241467
12.2148 , 0.0705597 , -0.069149 , -0.0189937 , 0.0753337 , -0.0734861 , -0.0257686
12.2504 , 0.0770199 , -0.0687615 , -0.0230747 , 0.0763552 , -0.0643954 , -0.0188899
12.2857 , 0.0792013 , -0.0602687 , -0.0174469 , 0.0823317 , -0.071127 , -0.0192653
12.3191 , 0.0842122 , -0.0669337 , -0.0191191 , 0.0866992 , -0.0545568 , -0.0148753
12.35 , 0.0875767 , -0.0511567 , -0.00991597 , 0.0911649 , -0.0497794 , -0.00940733
12.3847 , 0.09315 , -0.0524243 , -0.00968054 , 0.0988299 , -0.0399206 , -0.00581293
12.4182 , 0.0977395 , -0.0436045 , -0.00572172 , 0.104002 , -0.042503 , -0.00695384
12.453 , 0.103799 , -0.0421261 , -0.0063746 , 0.106979 , -0.0408176 , -0.00726578
12.4836 , 0.103979 , -0.0382594 , -0.00192663 , 0.106935 , -0.0413041 , -0.00655797
12.522 , 0.102844 , -0.038584 , -0.00100082 , 0.107133 , -0.0511766 , -0.00665703
12.5582 , 0.103792 , -0.0490682 , -0.00491305 , 0.106728 , -0.0491472 , -0.00446003
12.5897 , 0.104884 , -0.0461791 , -0.00169245 , 0.108652 , -0.0487984 , -0.00556572
12.6235 , 0.104284 , -0.0358036 , 0.000165263 , 0.11666 , -0.0481329 , -0.0122897
12.6597 , 0.107351 , -0.0382699 , -0.00422511 , 0.117148 , -0.0454017 , -0.0146937
12.6913 , 0.105959 , -0.0355589 , -0.00463695 , 0.10962 , -0.0346134 , -0.00591938
12.7236 , 0.10171 , -0.0317775 , -0.00355892 , 0.102699 , -0.0286138 , -0.00337247
12.7574 , 0.0965262 , -0.0323513 , -0.00517912 , 0.09791 , -0.0330178 , -0.00669541
12.7951 , 0.0924556 , -0.0321528 , -0.007377 , 0.0935253 , -0.0326394 , -0.01083
12.843 , 0.0872006 , -0.0196697 , -0.00401241 , 0.0864053 , -0.0250283 , -0.0108821
12.8758 , 0.0825456 , -0.0268204 , -0.00775291 , 0.0818754 , -0.025174 , -0.0143877
12.9071 , 0.0782343 , -0.0143769 , -0.0119183 , 0.0762337 , -0.0156133 , -0.0148473
12.9403 , 0.0685474 , -0.0100931 , -0.00843199 , 0.0696644 , -0.0177326 , -0.0154289
12.9735 , 0.0656147 , -0.0136815 , -0.0137799 , 0.0652732 , -0.0122365 , -0.0151373
13.0073 , 0.0605968 , -0.0077603 , -0.0115652 , 0.060162 , -0.00757064 , -0.0141248
13.0469 , 0.0544962 , -0.00368089 , -0.00942985 , 0.0561379 , -0.00494245 , -0.0126182
13.0929 , 0.0549493 , 0.00931951 , -0.00661056 , 0.0609274 , 0.000852135 , -0.0160039
13.1283 , 0.0583753 , 0.00775883 , -0.0100579 , 0.0611396 , 0.00499224 , -0.0142788
13.1653 , 0.0553078 , 0.017127 , 0.000851372 , 0.0517965 , 0.00539804 , -0.00581933
13.2117 , 0.053478 , 0.0110754 , -0.00031203 , 0.0566216 , 0.0157119 , 0.00103066
13.2479 , 0.055709 , 0.0180629 , 0.00271172 , 0.0582177 , 0.013075 , 0.000652198
13.2928 , 0.0576609 , 0.0147664 , 0.00281868 , 0.0591838 , 0.0108164 , -0.000195806
13.3247 , 0.0576154 , 0.0192855 , 0.0053615 , 0.0608048 , 0.018631 , 0.00363186
13.3601 , 0.0621359 , 0.0200246 , 0.00397764 , 0.0611481 , 0.0199446 , 0.00639336
13.3917 , 0.0593138 , 0.0239222 , 0.0110356 , 0.0619848 , 0.0114567 , 0.0033356
13.4283 , 0.060229 , 0.0158429 , 0.00835612 , 0.0570475 , 0.0109581 , 0.00524521
13.4592 , 0.0603525 , 0.0160642 , 0.00941237 , 0.0616203 , 0.0136899 , 0.00869539
13.4926 , 0.0597639 , 0.0150332 , 0.0113758 , 0.0619566 , 0.0201154 , 0.0136502
13.5261 , 0.0605049 , 0.0199134 , 0.0155538 , 0.0669693 , 0.0198304 , 0.0126321
13.5595 , 0.0634681 , 0.0126223 , 0.0159706 , 0.0697867 , 0.0157452 , 0.00675076
13.5961 , 0.0681132 , 0.0122488 , 0.0102007 , 0.0698598 , 0.0134461 , 0.0067402
13.6271 , 0.0678075 , 0.0124075 , 0.0147492 , 0.0705198 , 0.019811 , 0.0139354
13.6602 , 0.0700039 , 0.00432799 , 0.0125706 , 0.0696733 , 0.014839 , 0.0158863
13.6958 , 0.0705483 , 0.00783338 , 0.0143674 , 0.0708582 , 0.0105304 , 0.014571
13.7273 , 0.0723914 , 0.00534885 , 0.0115961 , 0.0728861 , 0.0178577 , 0.0173554
13.7639 , 0.0724769 , 0.0117308 , 0.0146907 , 0.0721076 , 0.00621136 , 0.0157221
13.7947 , 0.0759326 , 0.00577014 , 0.00761158 , 0.0759925 , 0.00761347 , 0.0118532
13.828 , 0.0726718 , 0.0121809 , 0.0169947 , 0.0759309 , -0.000214838 , 0.00774257
13.8634 , 0.0734125 , 0.00469623 , 0.0135302 , 0.0753909 , 0.00300716 , 0.00781115
13.8954 , 0.0749252 , 0.00537361 , 0.0110991 , 0.0763079 , 0.00469807 , 0.00942234
13.9316 , 0.0751916 , 0.0050318 , 0.011118 , 0.0764895 , 0.00478778 , 0.0116987
13.9626 , 0.0748263 , 0.0115722 , 0.0150157 , 0.0737775 , 0.00594821 , 0.0127397
13.9958 , 0.072588 , 0.00471793 , 0.0131668 , 0.0782439 , 0.012752 , 0.0146391
14.0313 , 0.0750088 , 0.0113123 , 0.0151069 , 0.0757215 , 0.0123446 , 0.0151871
14.0658 , 0.0761959 , 0.00571536 , 0.0137467 , 0.0764402 , 0.00757826 , 0.0136078
14.097 , 0.0733072 , 0.00713328 , 0.0156898 , 0.075873 , 0.0041753 , 0.0107326
14.1302 , 0.0756777 , 0.00639304 , 0.0135512 , 0.0765232 , 0.00468939 , 0.0113704
14.1652 , 0.0755557 , 0.00570955 , 0.0135397 , 0.0765233 , 0.0130484 , 0.0156657
14.1986 , 0.0750274 , 0.0111384 , 0.0168583 , 0.076496 , 0.0121737 , 0.0160237
14.2353 , 0.0750185 , 0.0102659 , 0.016234 , 0.0764425 , 0.0131735 , 0.0172278
14.2686 , 0.0725508 , 0.00440625 , 0.0166496 , 0.0753821 , 0.00520169 , 0.0122728
14.301 , 0.0755153 , 0.00519271 , 0.0158108 , 0.0763797 , 0.00487085 , 0.0121354
14.3337 , 0.072326 , 0.00414953 , 0.0163436 , 0.0739304 , 0.00456148 , 0.0139983
14.3662 , 0.072616 , 0.00255803 , 0.0150148 , 0.0745622 , 0.00340996 , 0.0146938
14.4025 , 0.0679294 , 0.00352835 , 0.018251 , 0.0716109 , 0.00347661 , 0.0162729
14.4371 , 0.0679294 , 0.00352835 , 0.018251 , 0.0711329 , 0.00391507 , 0.016964
14.4756 , 0.0691216 , 0.00341603 , 0.0176299 , 0.074518 , 0.0047472 , 0.0176729
14.52 , 0.0706318 , 0.0051718 , 0.0172175 , 0.0733198 , 0.00499157 , 0.0171679
14.5517 , 0.0736336 , 0.00334521 , 0.0136872 , 0.0739855 , 0.00403166 , 0.0149783
14.5855 , 0.0730185 , 0.00423789 , 0.0148413 , 0.0751409 , 0.00406875 , 0.0139849
14.6246 , 0.0686416 , 0.0046841 , 0.0157927 , 0.0724904 , 0.00452052 , 0.014463
14.6738 , 0.0679998 , 0.00351498 , 0.0153219 , 0.0695835 , 0.00398868 , 0.0146703
14.7234 , 0.0668102 , 0.0033664 , 0.0158986 , 0.0683716 , 0.00359571 , 0.0149992
14.7721 , 0.0701711 , 0.0032078 , 0.0139687 , 0.0670842 , 0.00502739 , 0.0175774
14.8111 , 0.0670065 , 0.0041505 , 0.0156484 , 0.0693087 , 0.011169 , 0.0178768
14.8603 , 0.0698901 , 0.0101756 , 0.0161471 , 0.0715857 , 0.00207608 , 0.0136223
14.9045 , 0.0695181 , 0.00235706 , 0.0134183 , 0.0707952 , 0.0082853 , 0.0146279
14.9385 , 0.0655585 , 0.00226525 , 0.0162298 , 0.0684691 , 0.00514598 , 0.0156727
14.9697 , 0.0649804 , 3.69528e-05 , 0.0148277 , 0.0660105 , 0.00206101 , 0.0158876
15.0024 , 0.0648361 , 0.000163689 , 0.015454 , 0.0667738 , 0.00609492 , 0.0182992
15.0359 , 0.0654351 , 0.00462999 , 0.0181455 , 0.0672069 , 0.00550189 , 0.0184933
15.0723 , 0.0689667 , 0.00129202 , 0.0140922 , 0.0692135 , 0.00306581 , 0.0163949
15.1101 , 0.0690692 , 0.00147603 , 0.014197 , 0.069575 , -0.00017295 , 0.0149131
15.1562 , 0.0661236 , -0.000310784 , 0.0148477 , 0.066092 , -0.00450064 , 0.0122884
15.1875 , 0.0665464 , -0.00204278 , 0.0145336 , 0.0664633 , 0.0034057 , 0.0146828
15.2226 , 0.0660634 , 0.00380925 , 0.0163126 , 0.0717158 , 0.00658769 , 0.0147105
15.2543 , 0.0663406 , -0.00142405 , 0.012796 , 0.0695495 , 0.00201924 , 0.0131117
15.2897 , 0.0676164 , -0.00235636 , 0.01039 , 0.070016 , 0.00103758 , 0.0113628
15.321 , 0.0688599 , -0.00174847 , 0.00888709 , 0.0704992 , -0.000700514 , 0.0094423
15.3555 , 0.0674281 , -0.00246217 , 0.0139735 , 0.0694437 , -0.00185747 , 0.0111315
15.389 , 0.0671137 , -0.00491973 , 0.0124973 , 0.0698292 , -0.003694 , 0.0122317
15.4239 , 0.0626766 , -0.00194434 , 0.0163838 , 0.0671102 , -0.00356246 , 0.0129374
15.4553 , 0.0702434 , -0.00225414 , 0.0129578 , 0.0692088 , -0.000516477 , 0.0140171
15.4906 , 0.0696837 , 0.000479733 , 0.0139689 , 0.0698312 , 0.00113325 , 0.014326
15.5256 , 0.0698501 , 0.000946895 , 0.0136659 , 0.0706332 , 0.000977615 , 0.013734
15.5569 , 0.0694432 , 0.00102318 , 0.0141629 , 0.0711983 , -0.000792883 , 0.0132127
15.5915 , 0.0695804 , -0.000766407 , 0.0136103 , 0.0653527 , -9.79548e-05 , 0.0157611
15.6269 , 0.0643255 , -0.000657239 , 0.0155827 , 0.06521 , -0.00035522 , 0.0160945
15.6608 , 0.0647766 , -0.00102522 , 0.0156588 , 0.0665096 , -0.00244846 , 0.0147903
15.692 , 0.0676862 , 0.00553729 , 0.0177069 , 0.0677341 , 0.00217454 , 0.0157683
15.7308 , 0.0689684 , -0.000303326 , 0.01563 , 0.0696262 , 0.00755283 , 0.0182623
15.7751 , 0.069029 , -0.00123279 , 0.0155685 , 0.0690807 , 0.00896005 , 0.0196113
15.8076 , 0.0686579 , 0.00460677 , 0.0177143 , 0.0694024 , 0.00645736 , 0.0187148
15.8411 , 0.0686729 , -2.60585e-05 , 0.0139244 , 0.0642377 , -0.00374401 , 0.0153024
15.8776 , 0.0670312 , -0.000460119 , 0.0129685 , 0.0660995 , -0.00245376 , 0.0133415
15.9116 , 0.0678478 , 0.000955258 , 0.0154575 , 0.0701392 , -0.00540085 , 0.0128981
15.9427 , 0.0688794 , -0.00344238 , 0.0143627 , 0.0707952 , -0.00233801 , 0.014835
15.9753 , 0.069255 , -0.00174886 , 0.0152829 , 0.0699066 , 0.00487402 , 0.0178839
16.0088 , 0.0686806 , 0.00409992 , 0.0174673 , 0.0705343 , 0.0040649 , 0.0175316
16.0455 , 0.0688099 , 0.00292867 , 0.0164189 , 0.0705604 , 0.00330167 , 0.0165831
16.0796 , 0.0604774 , -0.00432061 , 0.0154707 , 0.0701913 , 0.00415506 , 0.0142492
16.1117 , 0.0649692 , 0.0013354 , 0.0162087 , 0.0715799 , 0.00360092 , 0.0146859
16.1432 , 0.0676607 , 0.0037438 , 0.0168116 , 0.0693204 , 0.00470088 , 0.0164926
16.1767 , 0.0680752 , -0.00202674 , 0.0142962 , 0.0696247 , 0.00220273 , 0.0169014
16.2132 , 0.0674624 , 0.00605168 , 0.0183823 , 0.0700043 , 0.00315427 , 0.0166746
16.2445 , 0.0679075 , 0.00526746 , 0.0179049 , 0.069652 , 0.00363086 , 0.0162914
16.2774 , 0.0645641 , 0.00337049 , 0.017389 , 0.0673026 , 0.00355906 , 0.0162737
16.3118 , 0.0648282 , -0.00502401 , 0.0113324 , 0.0690922 , 0.00236163 , 0.0155065
16.3466 , 0.066087 , -0.00163599 , 0.0129088 , 0.0674629 , 0.00256488 , 0.0165893
16.378 , 0.0669928 , 0.00132669 , 0.0181267 , 0.0679534 , 0.00194279 , 0.0173716
16.4144 , 0.0671507 , 0.00104337 , 0.0174972 , 0.0691145 , 0.00133776 , 0.0169798
16.4585 , 0.0676753 , 0.00201262 , 0.0172369 , 0.072129 , 0.00298546 , 0.0104411
16.5073 , 0.0675721 , 0.00183692 , 0.0175078 , 0.0662467 , 0.00181641 , 0.0118966
16.557 , 0.0633988 , 0.00126026 , 0.0175618 , 0.0648802 , 0.00134899 , 0.0156003
16.5995 , 0.0636871 , 0.00221902 , 0.0180281 , 0.0662711 , 0.00131145 , 0.0157064
16.636 , 0.0665921 , 0.00248423 , 0.0172557 , 0.0678332 , 0.00203523 , 0.0161695
16.6856 , 0.0665921 , 0.00248423 , 0.0172557 , 0.0680657 , 0.00231573 , 0.0166578
16.7372 , 0.0645156 , 0.00509956 , 0.0187975 , 0.066865 , 0.00399494 , 0.0176731
16.7854 , 0.0637675 , 0.00348244 , 0.0193413 , 0.0673518 , 0.0040521 , 0.0186401
16.8232 , 0.0654271 , 0.00940857 , 0.0199279 , 0.0639294 , -0.000353277 , 0.0177408
16.8659 , 0.0648815 , -6.50205e-05 , 0.0162181 , 0.0645509 , -0.000580304 , 0.0166373
16.8995 , 0.0648815 , -6.50205e-05 , 0.0162181 , 0.0678152 , 0.00323528 , 0.0169407
16.9329 , 0.065635 , 0.0029575 , 0.0169874 , 0.0669697 , 0.00324038 , 0.0170511
16.9713 , 0.0656724 , 0.0105705 , 0.0200798 , 0.0664784 , 0.00756859 , 0.0185544
17.019 , 0.0652543 , 0.00967588 , 0.0194676 , 0.067017 , 0.00910966 , 0.0190981
17.0555 , 0.0626882 , 0.00402257 , 0.0188412 , 0.0680786 , 0.0116748 , 0.0183798
17.1013 , 0.0653152 , 0.00175642 , 0.0153016 , 0.0665912 , 0.0142846 , 0.0196274
17.1358 , 0.0655881 , 0.00241371 , 0.0162161 , 0.0664677 , 0.008047 , 0.0181534
17.1669 , 0.0653985 , 0.00316372 , 0.0163938 , 0.0668221 , 0.0138824 , 0.0207089
17.2003 , 0.0651488 , 0.011203 , 0.0201347 , 0.0669298 , 0.0127086 , 0.0209358
17.2335 , 0.0651488 , 0.011203 , 0.0201347 , 0.066944 , 0.0116924 , 0.0201735
17.2691 , 0.0651488 , 0.011203 , 0.0201347 , 0.0657983 , 0.00978433 , 0.0193279
17.304 , 0.0630636 , 0.00885793 , 0.0191744 , 0.0656397 , 0.0011228 , 0.0156111
17.3412 , 0.0631269 , 0.0018111 , 0.0157084 , 0.0642118 , 0.00949192 , 0.0181603
17.3891 , 0.0620984 , 0.00932387 , 0.0189329 , 0.0670716 , 0.0129281 , 0.0203502
17.4287 , 0.064414 , 0.0119051 , 0.0198342 , 0.0663481 , 0.0124076 , 0.020068
17.4714 , 0.064414 , 0.0119051 , 0.0198342 , 0.0660716 , 0.012072 , 0.0197064
17.5061 , 0.064414 , 0.0119051 , 0.0198342 , 0.0660327 , 0.0119599 , 0.0196017
17.5428 , 0.0621207 , 0.0113522 , 0.0201506 , 0.0641261 , 0.0115888 , 0.019594
17.5868 , 0.0620885 , 0.00961722 , 0.0191453 , 0.0648598 , 0.0103729 , 0.0194582
17.6193 , 0.0623993 , 0.0107458 , 0.020022 , 0.0649939 , 0.0104451 , 0.0194143
17.653 , 0.0623719 , 0.0114711 , 0.0207245 , 0.0676151 , 0.0124572 , 0.0205735
17.6895 , 0.0650993 , 0.0129507 , 0.0205104 , 0.0665638 , 0.012836 , 0.0204437
17.724 , 0.0650993 , 0.0129507 , 0.0205104 , 0.0664429 , 0.0129001 , 0.0202635
17.7551 , 0.0647095 , 0.0115133 , 0.019494 , 0.063441 , 0.00352928 , 0.0178095
17.7943 , 0.0629897 , 0.00542979 , 0.0177682 , 0.0636543 , 0.0042104 , 0.0192789
17.8446 , 0.0627929 , 0.00593893 , 0.0178147 , 0.0635382 , 0.00533942 , 0.0189544
17.9101 , 0.0627929 , 0.00593893 , 0.0178147 , 0.0645057 , 0.00578281 , 0.0180403
17.9431 , 0.0619507 , 0.00731672 , 0.019914 , 0.0683928 , 0.00678424 , 0.0168948
17.9783 , 0.0656039 , 0.00854834 , 0.0188943 , 0.067144 , 0.00755658 , 0.0173789
18.0274 , 0.0656525 , 0.00853216 , 0.0182542 , 0.0671461 , 0.00818785 , 0.0181305
