501

0.020882 , -0.0671904 , -0.00454943 , -0.283521 , -0.0389485 , -0.00739541 , -0.30601
0.054045 , -0.0672343 , -0.00642968 , -0.283747 , -0.04942 , -0.00795398 , -0.320412
0.087796 , -0.0673202 , -0.00631237 , -0.28383 , -0.0675977 , -0.0109548 , -0.326329
0.124179 , -0.0676263 , -0.00586886 , -0.28373 , -0.0846142 , -0.0113868 , -0.322853
0.158721 , -0.0681342 , -0.00448427 , -0.283637 , -0.0933772 , -0.0106859 , -0.318846
0.192861 , -0.0683175 , -0.00409281 , -0.283801 , -0.0952034 , -0.00912604 , -0.312112
0.225502 , -0.0683175 , -0.00409281 , -0.283801 , -0.0928455 , -0.00730451 , -0.302915
0.257576 , -0.0682893 , -0.00402716 , -0.283972 , -0.0883264 , -0.00689962 , -0.292638
0.290589 , -0.068326 , -0.00501032 , -0.283689 , -0.0836866 , -0.00544987 , -0.283623
0.323218 , -0.068326 , -0.00501032 , -0.283689 , -0.0789206 , -0.00494025 , -0.277394
0.359751 , -0.0684188 , -0.00543663 , -0.283615 , -0.0743075 , -0.0043994 , -0.274806
0.3983 , -0.0688593 , -0.00382165 , -0.284232 , -0.0703329 , -0.0033432 , -0.275736
0.444617 , -0.0688593 , -0.00382165 , -0.284232 , -0.06642 , -0.00323192 , -0.279058
0.480799 , -0.0688593 , -0.00382165 , -0.284232 , -0.0634553 , -0.00357577 , -0.283625
0.5301 , -0.0695504 , -0.00655703 , -0.283841 , -0.061822 , -0.00565903 , -0.287323
0.573246 , -0.0695504 , -0.00655703 , -0.283841 , -0.0619811 , -0.00823268 , -0.289931
0.613303 , -0.0693288 , -0.00796602 , -0.284226 , -0.0635125 , -0.00859021 , -0.291482
0.646676 , -0.0693288 , -0.00796602 , -0.284226 , -0.0657063 , -0.00869938 , -0.291422
0.681553 , -0.0703657 , -0.00612854 , -0.284662 , -0.0682768 , -0.00746064 , -0.28996
0.713328 , -0.0703657 , -0.00612854 , -0.284662 , -0.071294 , -0.00682583 , -0.287963
0.750684 , -0.0708441 , -0.00700185 , -0.284866 , -0.0733708 , -0.00699541 , -0.286313
0.795257 , -0.0711102 , -0.00775425 , -0.285073 , -0.0753588 , -0.00744369 , -0.284957
0.827005 , -0.0711102 , -0.00775425 , -0.285073 , -0.0772395 , -0.00766494 , -0.284349
0.862966 , -0.0715169 , -0.00771616 , -0.28534 , -0.0784797 , -0.00771803 , -0.284261
0.898545 , -0.0720023 , -0.00740393 , -0.285613 , -0.0773473 , -0.0075097 , -0.284684
0.936522 , -0.0722212 , -0.00779101 , -0.28601 , -0.0759996 , -0.00771669 , -0.285666
0.978675 , -0.0723869 , -0.00779888 , -0.286275 , -0.0749045 , -0.00790587 , -0.286992
1.01109 , -0.0725821 , -0.0076612 , -0.286763 , -0.0740913 , -0.00793762 , -0.288358
1.04452 , -0.0725064 , -0.00857405 , -0.287064 , -0.0738845 , -0.00851488 , -0.289348
1.08136 , -0.0724512 , -0.00626625 , -0.287475 , -0.0737714 , -0.00739273 , -0.290113
1.11248 , -0.0717088 , -0.00474171 , -0.287418 , -0.0728348 , -0.00600866 , -0.290389
1.14533 , -0.0719365 , -0.0060317 , -0.287339 , -0.0724928 , -0.0042202 , -0.290511
1.17887 , -0.0721125 , -0.00569207 , -0.28737 , -0.0730417 , -0.00530971 , -0.290062
1.2123 , -0.071834 , -0.00441673 , -0.287853 , -0.0738583 , -0.00488467 , -0.289548
1.25194 , -0.071643 , -0.00549402 , -0.287536 , -0.0740261 , -0.00470745 , -0.2889
1.28513 , -0.0716274 , -0.00448427 , -0.287954 , -0.0736299 , -0.00554188 , -0.288475
1.31885 , -0.071658 , -0.00534949 , -0.287809 , -0.0735816 , -0.00790835 , -0.28906
1.35105 , -0.0715252 , -0.00944618 , -0.287822 , -0.0734976 , -0.00812031 , -0.28896
1.38955 , -0.0716889 , -0.00732614 , -0.287817 , -0.0740225 , -0.00808863 , -0.288671
1.4326 , -0.0711197 , -0.0081701 , -0.287624 , -0.0740622 , -0.00659103 , -0.288524
1.46471 , -0.0705663 , -0.00759495 , -0.287545 , -0.0730242 , -0.00353735 , -0.288929
1.50419 , -0.0705779 , -0.0046632 , -0.287702 , -0.0729295 , -0.00390507 , -0.288577
1.54988 , -0.0703217 , -0.00401883 , -0.287647 , -0.0728008 , -0.00368984 , -0.28876
1.58424 , -0.0704557 , -0.00363218 , -0.287332 , -0.0728412 , -0.00432896 , -0.288785
1.61582 , -0.0703692 , -0.00375794 , -0.287541 , -0.0720786 , -0.00457565 , -0.289408
1.65428 , -0.0702737 , -0.0049275 , -0.287525 , -0.0719074 , -0.00415222 , -0.289969
1.68633 , -0.0700443 , -0.00638165 , -0.287809 , -0.0720565 , -0.0056543 , -0.289879
1.71744 , -0.0702167 , -0.00715055 , -0.288144 , -0.0721885 , -0.00662439 , -0.289602
1.74921 , -0.0699995 , -0.00535122 , -0.288381 , -0.0716434 , -0.0039389 , -0.290076
1.78613 , -0.0698281 , -0.00373838 , -0.288314 , -0.0717301 , -0.00397308 , -0.290432
1.82081 , -0.0692542 , -0.00384817 , -0.288655 , -0.0719869 , -0.00340258 , -0.290118
1.85998 , -0.0692936 , -0.00305716 , -0.288695 , -0.0718039 , -0.00686019 , -0.28898
1.90423 , -0.0689754 , -0.00352343 , -0.288489 , -0.0711436 , -0.00743003 , -0.288832
1.93718 , -0.0688126 , -0.00526553 , -0.287957 , -0.0707368 , -0.0049495 , -0.288809
1.96874 , -0.0684637 , -0.0047602 , -0.287489 , -0.070375 , -0.00440387 , -0.288767
2.00467 , -0.0680793 , -0.00484057 , -0.287658 , -0.0696939 , -0.00307725 , -0.289086
2.03619 , -0.0670652 , -0.00294575 , -0.288297 , -0.0695828 , -0.00310178 , -0.289406
2.07236 , -0.0667949 , -0.00327678 , -0.288058 , -0.0691663 , -0.00292679 , -0.289451
2.10488 , -0.0665695 , -0.00391541 , -0.288534 , -0.0687589 , -0.00560007 , -0.289786
2.13639 , -0.0670346 , -0.00397821 , -0.288627 , -0.0698672 , -0.00445649 , -0.289708
2.17107 , -0.0667485 , -0.00130122 , -0.288259 , -0.0695186 , -0.00013534 , -0.289944
2.20886 , -0.0661782 , -0.00114216 , -0.289345 , -0.0692801 , -0.000355613 , -0.29051
2.26177 , -0.0662605 , 0.000521469 , -0.290364 , -0.0682983 , -0.000308979 , -0.291753
2.31021 , -0.0662347 , 0.000819407 , -0.290964 , -0.0679858 , 0.00100129 , -0.292644
2.35699 , -0.0659491 , 0.000451222 , -0.292117 , -0.0683852 , 0.000657285 , -0.292668
2.38951 , -0.0651725 , 0.00204312 , -0.29244 , -0.0676439 , 0.00127295 , -0.292956
2.42752 , -0.0647283 , -0.0012193 , -0.29264 , -0.0676135 , 0.000343932 , -0.293354
2.47498 , -0.063818 , 0.0024328 , -0.293112 , -0.067011 , -0.00206631 , -0.293896
2.50968 , -0.0626333 , 0.000748388 , -0.294696 , -0.0650889 , 0.00112217 , -0.29511
2.54435 , -0.0615596 , 0.00182436 , -0.295104 , -0.0636746 , 0.000395969 , -0.296006
2.59286 , -0.060472 , 0.000447094 , -0.295284 , -0.0636992 , 0.000785716 , -0.296208
2.62801 , -0.059445 , -0.000697846 , -0.295718 , -0.0627198 , -0.00103766 , -0.296683
2.67492 , -0.0579536 , 0.00120631 , -0.296308 , -0.0604597 , -0.000925991 , -0.297301
2.70612 , -0.0558698 , 0.00047164 , -0.296906 , -0.0594784 , 0.00212538 , -0.297151
2.73899 , -0.0543317 , 0.0017035 , -0.297178 , -0.0575958 , 0.000453204 , -0.298234
2.77261 , -0.052588 , 0.00126032 , -0.298704 , -0.054328 , -0.00198065 , -0.299411
2.80904 , -0.0508567 , 0.00013819 , -0.299215 , -0.0532061 , -0.00126947 , -0.300466
2.84326 , -0.0487995 , 0.00137316 , -0.299646 , -0.0514277 , 0.000326344 , -0.301078
2.87412 , -0.0477509 , 5.96694e-05 , -0.300418 , -0.050053 , 0.000329795 , -0.30226
2.90701 , -0.045522 , 0.00162648 , -0.301475 , -0.0475731 , -0.0035467 , -0.303724
2.94015 , -0.043076 , 0.0025262 , -0.301694 , -0.0463447 , -0.00270503 , -0.304305
2.99259 , -0.0429837 , -9.31486e-05 , -0.302921 , -0.0444001 , 0.00531254 , -0.302165
3.02402 , -0.0404112 , 0.00253332 , -0.302925 , -0.0447793 , 0.00185751 , -0.30342
3.06053 , -0.0393638 , -0.000221428 , -0.30397 , -0.0447386 , 0.00172661 , -0.304924
3.09508 , -0.0359911 , 0.00213795 , -0.304701 , -0.0434119 , 0.000897481 , -0.305883
3.12628 , -0.0347349 , 0.00230563 , -0.306391 , -0.0425171 , -0.00235017 , -0.307393
3.15829 , -0.0329266 , 0.00288945 , -0.306881 , -0.0421048 , -0.0028091 , -0.309091
3.1919 , -0.0303146 , 0.000446782 , -0.307648 , -0.0420698 , -0.00260483 , -0.310968
3.22836 , -0.0268784 , -0.000424499 , -0.308184 , -0.0424785 , -0.00209823 , -0.312413
3.2777 , -0.023909 , 0.00213832 , -0.308598 , -0.0432657 , -0.00182668 , -0.313343
3.30947 , -0.0238607 , -0.00293994 , -0.309013 , -0.0433769 , -0.00254864 , -0.313138
3.34585 , -0.020891 , -0.00457656 , -0.308056 , -0.0428864 , -0.00605511 , -0.312548
3.37547 , -0.0168263 , -0.00679876 , -0.306129 , -0.0405374 , -0.00862627 , -0.311443
3.41039 , -0.012243 , -0.00646885 , -0.304213 , -0.0445849 , -0.00980004 , -0.313486
3.44394 , -0.00784694 , -0.00898992 , -0.302931 , -0.0453956 , -0.0101811 , -0.314956
3.47804 , -0.00176683 , -0.00748014 , -0.300162 , -0.0360901 , -0.0111173 , -0.313816
3.51503 , 0.00242503 , -0.010625 , -0.299917 , -0.0165971 , -0.0131476 , -0.306933
3.54855 , 0.00786228 , -0.0096932 , -0.298943 , 0.00386378 , -0.0115845 , -0.297905
3.57841 , 0.0113587 , -0.010305 , -0.2991 , 0.0205238 , -0.0111875 , -0.28808
3.60919 , 0.0150831 , -0.00896798 , -0.298045 , 0.0305333 , -0.00874583 , -0.281323
3.64547 , 0.0178351 , -0.0106957 , -0.29825 , 0.0349951 , -0.00869438 , -0.279123
3.6761 , 0.0208321 , -0.0091198 , -0.297679 , 0.0373284 , -0.0110058 , -0.278397
3.71089 , 0.024014 , -0.0105838 , -0.297786 , 0.0385983 , -0.0107582 , -0.279721
3.74329 , 0.0257807 , -0.0109228 , -0.297535 , 0.0378915 , -0.0092049 , -0.282664
3.78275 , 0.0275944 , -0.00861921 , -0.297143 , 0.0378412 , -0.0101353 , -0.286908
3.81196 , 0.0297468 , -0.0102701 , -0.297562 , 0.0389379 , -0.00681118 , -0.290843
3.84633 , 0.0313579 , -0.010267 , -0.297302 , 0.0383768 , -0.00938117 , -0.293947
3.87998 , 0.0327342 , -0.00949115 , -0.297203 , 0.0400513 , -0.0128253 , -0.295655
3.91437 , 0.0338358 , -0.0116345 , -0.298307 , 0.0401788 , -0.0149632 , -0.295578
3.9481 , 0.0355168 , -0.0123075 , -0.298102 , 0.0406549 , -0.0130094 , -0.296069
3.97967 , 0.0375826 , -0.0169 , -0.299014 , 0.0414932 , -0.0145378 , -0.297198
4.01516 , 0.0394255 , -0.0124167 , -0.298721 , 0.0441037 , -0.0155217 , -0.299255
4.05178 , 0.0408777 , -0.0120701 , -0.298987 , 0.0453876 , -0.0154719 , -0.301625
4.08235 , 0.0427259 , -0.0151503 , -0.300637 , 0.045535 , -0.0156383 , -0.303664
4.12096 , 0.043613 , -0.0169069 , -0.301345 , 0.0453316 , -0.0164421 , -0.304925
4.16639 , 0.0447665 , -0.0185045 , -0.302579 , 0.0448973 , -0.0176605 , -0.306594
4.20721 , 0.0442258 , -0.0165482 , -0.303288 , 0.0427331 , -0.0180969 , -0.307784
4.25672 , 0.0441347 , -0.0190514 , -0.3052 , 0.0531097 , -0.0149106 , -0.306523
4.30654 , 0.0433683 , -0.0156317 , -0.305725 , 0.0648534 , -0.0123546 , -0.307171
4.35656 , 0.040149 , -0.0131801 , -0.305813 , 0.0622903 , -0.0123969 , -0.311028
4.40622 , 0.0347963 , -0.0113023 , -0.308509 , 0.0533751 , -0.0117711 , -0.315927
4.45319 , 0.0293664 , -0.0126989 , -0.312219 , 0.0437045 , -0.00731922 , -0.318348
4.4913 , 0.0236342 , -0.0135106 , -0.317263 , 0.0334598 , -0.00408976 , -0.321157
4.53889 , 0.0182085 , -0.0116723 , -0.320772 , 0.0235569 , -0.00505956 , -0.32504
4.57005 , 0.0114652 , -0.0124678 , -0.325943 , 0.0141207 , -0.00787428 , -0.329254
4.60088 , 0.00753522 , -0.0119967 , -0.3278 , 0.00610688 , -0.0103333 , -0.333604
4.639 , 0.00485367 , -0.0141484 , -0.329492 , 0.000667936 , -0.0115717 , -0.336243
4.67786 , 0.00298769 , -0.0118225 , -0.329558 , -0.002482 , -0.018256 , -0.336242
4.72558 , 0.00166038 , -0.0142298 , -0.330773 , -0.00499774 , -0.0196708 , -0.333441
4.77461 , 0.000535395 , -0.0186162 , -0.332275 , -0.00763311 , -0.0195653 , -0.331093
4.82752 , -0.00150442 , -0.0210309 , -0.335474 , -0.0101346 , -0.0207755 , -0.331037
4.8752 , -0.00519239 , -0.0224162 , -0.340167 , -0.0126107 , -0.0228805 , -0.334594
4.91256 , -0.0094918 , -0.0224361 , -0.345714 , -0.0138648 , -0.0212864 , -0.341575
4.96114 , -0.0135198 , -0.0203824 , -0.351124 , -0.0123333 , -0.0230721 , -0.346889
5.01043 , -0.0186644 , -0.0168004 , -0.35728 , -0.01863 , -0.0289152 , -0.349814
5.05992 , -0.022522 , -0.0196785 , -0.363819 , -0.0289831 , -0.0265463 , -0.357492
5.09525 , -0.0280666 , -0.0221513 , -0.370073 , -0.0368845 , -0.0210965 , -0.370614
5.14229 , -0.035164 , -0.0226114 , -0.375947 , -0.0405926 , -0.0250581 , -0.383575
5.17384 , -0.0425506 , -0.0231303 , -0.38284 , -0.0433187 , -0.0239317 , -0.394282
5.20865 , -0.0505751 , -0.0233302 , -0.388147 , -0.0470327 , -0.0230393 , -0.401511
5.23753 , -0.0585131 , -0.0230415 , -0.393304 , -0.0536952 , -0.0211844 , -0.406478
5.27293 , -0.0665453 , -0.0219583 , -0.398159 , -0.0629059 , -0.0234887 , -0.409635
5.30354 , -0.0746311 , -0.0237911 , -0.402449 , -0.074141 , -0.0208886 , -0.412538
5.33866 , -0.0839445 , -0.0197734 , -0.406255 , -0.086029 , -0.0189295 , -0.415176
5.37675 , -0.0935029 , -0.0178005 , -0.409575 , -0.0968734 , -0.0178627 , -0.417632
5.41556 , -0.103153 , -0.0170798 , -0.412916 , -0.106883 , -0.0178693 , -0.418992
5.46293 , -0.111715 , -0.0161159 , -0.415584 , -0.114613 , -0.0183969 , -0.421098
5.50963 , -0.119317 , -0.0167237 , -0.418061 , -0.12222 , -0.0149174 , -0.422879
5.54425 , -0.126591 , -0.0151532 , -0.419504 , -0.128682 , -0.0136754 , -0.423638
5.57239 , -0.132527 , -0.0149261 , -0.420905 , -0.133399 , -0.0139433 , -0.423546
5.60526 , -0.137374 , -0.0154854 , -0.421486 , -0.137867 , -0.0133068 , -0.422926
5.6406 , -0.142008 , -0.0147032 , -0.422256 , -0.140914 , -0.0140477 , -0.422159
5.67425 , -0.145742 , -0.0137454 , -0.423443 , -0.144782 , -0.0142179 , -0.422223
5.70868 , -0.148844 , -0.0142623 , -0.424896 , -0.148003 , -0.0137897 , -0.422933
5.73938 , -0.151309 , -0.0146991 , -0.42567 , -0.151704 , -0.014764 , -0.423384
5.77393 , -0.153787 , -0.0153837 , -0.427072 , -0.15611 , -0.0115835 , -0.423745
5.81348 , -0.156912 , -0.0129909 , -0.427459 , -0.158935 , -0.0131599 , -0.423927
5.84773 , -0.159399 , -0.0149083 , -0.428369 , -0.162994 , -0.0148736 , -0.425147
5.88156 , -0.162233 , -0.0151263 , -0.429018 , -0.165311 , -0.0155 , -0.425937
5.91005 , -0.164673 , -0.0172904 , -0.429204 , -0.167524 , -0.0161141 , -0.426624
5.943 , -0.166701 , -0.017666 , -0.429368 , -0.168446 , -0.0174129 , -0.427515
5.97976 , -0.168377 , -0.0174092 , -0.429259 , -0.169026 , -0.0185478 , -0.427597
6.013 , -0.169397 , -0.0193403 , -0.428538 , -0.169426 , -0.0180425 , -0.427153
6.0475 , -0.169456 , -0.0190279 , -0.427997 , -0.168591 , -0.0171966 , -0.426266
6.07745 , -0.168146 , -0.0179889 , -0.426775 , -0.166857 , -0.0154852 , -0.424541
6.11064 , -0.165807 , -0.0143454 , -0.424401 , -0.175714 , -0.0148208 , -0.429199
6.14701 , -0.161268 , -0.0122074 , -0.423072 , -0.179073 , -0.0125863 , -0.429821
6.1825 , -0.156971 , -0.00825194 , -0.420385 , -0.155577 , -0.00872585 , -0.415402
6.21737 , -0.151643 , -0.00845965 , -0.418682 , -0.137093 , -0.00553873 , -0.406749
6.25078 , -0.146303 , -0.00604624 , -0.414712 , -0.135715 , -0.00510128 , -0.403165
6.28472 , -0.140101 , -0.00453275 , -0.409817 , -0.146577 , -0.00350512 , -0.401311
6.33163 , -0.132615 , -0.00423584 , -0.403872 , -0.161746 , -0.0036697 , -0.399201
6.37338 , -0.1246 , -0.00194637 , -0.396982 , -0.175134 , -0.00673817 , -0.397366
6.41487 , -0.116628 , -0.00448589 , -0.390586 , -0.182317 , -0.0105358 , -0.394349
6.44848 , -0.105809 , -0.00629751 , -0.384475 , -0.181364 , -0.0130711 , -0.389558
6.48106 , -0.094742 , 0.000510525 , -0.376838 , -0.171427 , -0.0150984 , -0.387156
6.51779 , -0.0831002 , -0.000162701 , -0.373274 , -0.156455 , -0.0122706 , -0.385528
6.55285 , -0.0724332 , 0.000927461 , -0.371629 , -0.137456 , -0.0120294 , -0.383554
6.58417 , -0.0628618 , -0.000157068 , -0.370712 , -0.118633 , -0.00735222 , -0.380983
6.61561 , -0.0548845 , -0.000814134 , -0.369329 , -0.098157 , -0.00582838 , -0.373772
6.64846 , -0.0491046 , -0.00148328 , -0.366312 , -0.0795655 , -0.00557483 , -0.369213
6.68923 , -0.0428736 , -0.00308479 , -0.362983 , -0.0574848 , -0.00696178 , -0.362412
6.73308 , -0.0377831 , -0.00586716 , -0.356365 , -0.0318599 , -0.00278642 , -0.350762
6.76676 , -0.0344647 , -0.0077442 , -0.351187 , -0.00851072 , -0.00306204 , -0.336325
6.79678 , -0.028055 , 0.00151918 , -0.342203 , 0.00617746 , -0.00580552 , -0.323228
6.83136 , -0.0233768 , -0.00738455 , -0.336186 , 0.014616 , 0.00510673 , -0.311441
6.86562 , -0.015641 , -0.00331732 , -0.326638 , 0.0157395 , -0.00452146 , -0.306777
6.89933 , -0.00710171 , -0.00697777 , -0.321386 , 0.012904 , -0.00412791 , -0.305107
6.93383 , 0.000177639 , -0.00414121 , -0.316091 , 0.0109835 , 0.00143748 , -0.303441
6.96781 , 0.00515636 , 0.00277927 , -0.312503 , 0.0100818 , -0.00253091 , -0.302875
7.00093 , 0.0131652 , 0.000165909 , -0.30984 , 0.0117152 , 0.00487037 , -0.302159
7.03198 , 0.0197362 , 0.00378973 , -0.308182 , 0.0154115 , 0.00292892 , -0.300802
7.067 , 0.0248818 , 0.00341541 , -0.306241 , 0.0217832 , 0.00367142 , -0.298763
7.10139 , 0.0302766 , 0.00436405 , -0.304921 , 0.0300942 , 0.00518542 , -0.296371
7.13205 , 0.0359378 , 0.00508687 , -0.301932 , 0.0372418 , 0.00581745 , -0.294507
7.17037 , 0.0407385 , 0.00642713 , -0.298215 , 0.0439897 , 0.00652099 , -0.292382
7.20355 , 0.0463974 , 0.00645429 , -0.295036 , 0.0493146 , 0.00570235 , -0.291249
7.23277 , 0.051404 , 0.00554447 , -0.291325 , 0.0534373 , 0.00838151 , -0.290169
7.27087 , 0.0568602 , 0.00494008 , -0.287621 , 0.0583806 , 0.00790046 , -0.289151
7.30137 , 0.0619793 , 0.00693512 , -0.283578 , 0.062961 , 0.0074446 , -0.287256
7.33335 , 0.066759 , 0.00570793 , -0.280189 , 0.0661644 , 0.0043971 , -0.285902
7.36889 , 0.0714334 , 0.00522072 , -0.277199 , 0.0706059 , 0.00342068 , -0.284167
7.40895 , 0.0745449 , 0.00397649 , -0.275492 , 0.0741733 , 0.00250238 , -0.283119
7.43722 , 0.0784377 , 0.0026727 , -0.274272 , 0.0774639 , 0.000250504 , -0.282071
7.46762 , 0.0820646 , 0.000798704 , -0.272858 , 0.0808043 , 0.00170403 , -0.279435
7.50117 , 0.0838326 , 0.000153187 , -0.271554 , 0.084613 , 0.00174137 , -0.277251
7.53456 , 0.0852276 , 0.00121897 , -0.270422 , 0.0883624 , 0.000699088 , -0.276676
7.57121 , 0.087171 , 0.00105142 , -0.271158 , 0.0895305 , -0.00142549 , -0.275487
7.60499 , 0.0876231 , -8.28104e-05 , -0.272049 , 0.0900963 , 0.000221048 , -0.274523
7.63532 , 0.0865853 , -0.00040383 , -0.273402 , 0.0920229 , 0.00288896 , -0.27404
7.67254 , 0.086037 , 0.00292266 , -0.27347 , 0.0937113 , 0.00138213 , -0.27509
7.70472 , 0.0851883 , 0.0010886 , -0.274627 , 0.0933368 , 0.00256908 , -0.276583
7.73904 , 0.0850983 , 0.000699294 , -0.276794 , 0.0920644 , 0.00186523 , -0.278261
7.77252 , 0.0848363 , 0.00125357 , -0.278189 , 0.0912508 , 0.00281508 , -0.279062
7.80312 , 0.0847772 , 0.00125832 , -0.280036 , 0.0914339 , 0.00363795 , -0.280099
7.83819 , 0.0852592 , 0.000647619 , -0.280863 , 0.0915116 , 0.00541507 , -0.282066
7.87186 , 0.0842841 , 0.00441591 , -0.280215 , 0.0895721 , 0.00505146 , -0.282031
7.90845 , 0.082014 , 0.00729397 , -0.28147 , 0.105523 , 0.00924495 , -0.277528
7.94191 , 0.0770001 , 0.00750871 , -0.285968 , 0.116178 , 0.00980614 , -0.284029
7.97289 , 0.0699833 , 0.00797031 , -0.291523 , 0.105725 , 0.0107815 , -0.293175
8.00844 , 0.0642541 , 0.00959067 , -0.297204 , 0.0850654 , 0.00997378 , -0.299274
8.04027 , 0.0582766 , 0.00770209 , -0.304075 , 0.0607484 , 0.00663501 , -0.302338
8.07667 , 0.0522277 , 0.00619916 , -0.309076 , 0.0355373 , 0.00593795 , -0.303454
8.10729 , 0.0468185 , 0.0041317 , -0.315091 , 0.0141585 , 0.00487101 , -0.306069
8.14162 , 0.0421203 , 0.00445427 , -0.32068 , 0.00159679 , 0.00163455 , -0.310285
8.17588 , 0.0384762 , 0.00123252 , -0.324332 , 0.00106547 , 0.00140428 , -0.31519
8.20973 , 0.0367908 , -4.25684e-05 , -0.328254 , 0.00638104 , -0.000108832 , -0.318992
8.24137 , 0.0331299 , -0.000959579 , -0.332162 , 0.0144572 , -0.00232982 , -0.323285
8.27865 , 0.0308351 , 0.00121905 , -0.337078 , 0.0236217 , 0.000756625 , -0.328691
8.31363 , 0.0270834 , 0.00322901 , -0.342895 , 0.0299414 , 0.00151918 , -0.335152
8.34732 , 0.022107 , 0.00817189 , -0.349837 , 0.0289492 , 0.00311932 , -0.344132
8.38254 , 0.0177567 , 0.00803536 , -0.357684 , 0.022505 , 0.0106888 , -0.357916
8.4255 , 0.0127828 , 0.0123992 , -0.365892 , 0.0144598 , 0.0112979 , -0.371558
8.45914 , 0.007411 , 0.0135476 , -0.373883 , 0.00720265 , 0.0122857 , -0.383748
8.49362 , -0.000225854 , 0.0148753 , -0.381196 , 0.000630168 , 0.0149233 , -0.391865
8.5242 , -0.00881111 , 0.0201095 , -0.388017 , -0.00726057 , 0.0162665 , -0.398021
8.55877 , -0.0178031 , 0.0174455 , -0.393792 , -0.017666 , 0.0170488 , -0.401283
8.59332 , -0.0274346 , 0.0198305 , -0.398006 , -0.0297568 , 0.015822 , -0.403883
8.62682 , -0.0358911 , 0.018138 , -0.40416 , -0.042117 , 0.0141512 , -0.406378
8.66156 , -0.0446359 , 0.0149733 , -0.40813 , -0.0535493 , 0.0171468 , -0.409966
8.69256 , -0.0531393 , 0.0176307 , -0.411238 , -0.0614289 , 0.0167974 , -0.413048
8.72734 , -0.0619786 , 0.0187499 , -0.413825 , -0.0687751 , 0.0171969 , -0.415692
8.76186 , -0.0705842 , 0.0208623 , -0.416801 , -0.0755611 , 0.0200146 , -0.41676
8.7937 , -0.0799028 , 0.0225291 , -0.41938 , -0.0824299 , 0.0233088 , -0.418534
8.82984 , -0.0886521 , 0.0228145 , -0.422111 , -0.0883725 , 0.0263478 , -0.4207
8.86348 , -0.097574 , 0.0244921 , -0.423828 , -0.0951789 , 0.0255232 , -0.422509
8.89449 , -0.106949 , 0.0253682 , -0.425718 , -0.103265 , 0.0251663 , -0.424466
8.92974 , -0.118545 , 0.0184968 , -0.428448 , -0.111651 , 0.0228703 , -0.425384
8.96035 , -0.122313 , 0.0191765 , -0.430346 , -0.117121 , 0.0212057 , -0.426915
8.99804 , -0.128427 , 0.0227112 , -0.432013 , -0.123761 , 0.0182697 , -0.427612
9.02885 , -0.133459 , 0.0178719 , -0.433455 , -0.129438 , 0.0138321 , -0.427644
9.06312 , -0.136722 , 0.0133492 , -0.434817 , -0.135073 , 0.0124855 , -0.42898
9.09594 , -0.139806 , 0.013855 , -0.43601 , -0.139748 , 0.0116615 , -0.430442
9.13226 , -0.141905 , 0.0151766 , -0.435816 , -0.143848 , 0.0135122 , -0.432091
9.16561 , -0.145507 , 0.0166496 , -0.43571 , -0.146994 , 0.0127241 , -0.432491
9.20299 , -0.146465 , 0.0147136 , -0.435759 , -0.148513 , 0.0124002 , -0.433096
9.23336 , -0.147447 , 0.0136168 , -0.435773 , -0.149847 , 0.0133015 , -0.432995
9.26353 , -0.148869 , 0.0137246 , -0.434629 , -0.150174 , 0.0151708 , -0.431894
9.30005 , -0.148544 , 0.0153518 , -0.432792 , -0.148595 , 0.01713 , -0.4302
9.33204 , -0.145438 , 0.0186862 , -0.43014 , -0.156338 , 0.018304 , -0.43191
9.36755 , -0.142472 , 0.0211932 , -0.426787 , -0.160115 , 0.0229021 , -0.429588
9.40489 , -0.138156 , 0.0255499 , -0.42112 , -0.150474 , 0.0225872 , -0.413861
9.45212 , -0.132369 , 0.0232206 , -0.414289 , -0.143139 , 0.0237595 , -0.398121
9.48764 , -0.12548 , 0.0248067 , -0.406472 , -0.143681 , 0.0261256 , -0.386083
9.51917 , -0.118327 , 0.0246122 , -0.39842 , -0.149204 , 0.0287575 , -0.3785
9.55307 , -0.11071 , 0.0293407 , -0.390912 , -0.158417 , 0.0245359 , -0.374651
9.58582 , -0.102956 , 0.0245853 , -0.383118 , -0.16291 , 0.0268949 , -0.375244
9.61714 , -0.0938524 , 0.0228403 , -0.376808 , -0.16322 , 0.0198774 , -0.376654
9.65414 , -0.0838413 , 0.0245925 , -0.372489 , -0.1573 , 0.0197706 , -0.379397
9.68795 , -0.0735674 , 0.0253201 , -0.368674 , -0.146203 , 0.0263736 , -0.378834
9.72009 , -0.0641028 , 0.0278708 , -0.365111 , -0.13294 , 0.0286496 , -0.375781
9.75516 , -0.0568549 , 0.0283822 , -0.363492 , -0.120099 , 0.024779 , -0.368877
9.79075 , -0.0512074 , 0.0261434 , -0.360727 , -0.10597 , 0.0202883 , -0.359314
9.82527 , -0.0449229 , 0.0203975 , -0.357324 , -0.0902176 , 0.0200218 , -0.34806
9.8734 , -0.0389663 , 0.0189511 , -0.352421 , -0.0751013 , 0.0164731 , -0.339411
9.90847 , -0.0336768 , 0.0156846 , -0.34589 , -0.0526568 , 0.0113171 , -0.331517
9.94225 , -0.0265864 , 0.0131781 , -0.337827 , -0.0254359 , 0.0113066 , -0.323581
9.98586 , -0.0190656 , 0.0088373 , -0.331554 , -0.000313684 , 0.0138858 , -0.314642
10.0195 , -0.0113738 , 0.00829342 , -0.323379 , 0.0160362 , 0.00970402 , -0.310262
10.0543 , -0.000549183 , 0.00949519 , -0.31638 , 0.0227694 , 0.00964353 , -0.308147
10.0876 , 0.00706393 , 0.00848264 , -0.312587 , 0.0247123 , 0.00900168 , -0.30655
10.1182 , 0.0145536 , 0.00845823 , -0.309707 , 0.0232583 , 0.00836398 , -0.30413
10.1538 , 0.0240568 , 0.01243 , -0.305777 , 0.02265 , 0.00916445 , -0.301166
10.1874 , 0.0286745 , 0.00951567 , -0.304059 , 0.0230871 , 0.00820052 , -0.297974
10.2217 , 0.0350989 , 0.00876379 , -0.302043 , 0.0257576 , 0.00991038 , -0.294592
10.2525 , 0.0398598 , 0.0104201 , -0.29982 , 0.0306151 , 0.0128379 , -0.291148
10.2879 , 0.0434248 , 0.013579 , -0.296764 , 0.0378519 , 0.0126777 , -0.288714
10.3216 , 0.0489027 , 0.0118825 , -0.293983 , 0.045459 , 0.0139391 , -0.286143
10.353 , 0.0534876 , 0.0123543 , -0.290261 , 0.0536842 , 0.012461 , -0.285888
10.3897 , 0.0581266 , 0.00736648 , -0.287698 , 0.0595039 , 0.00929344 , -0.284581
10.4263 , 0.0616666 , 0.00778609 , -0.283476 , 0.0638447 , 0.00608674 , -0.283683
10.4562 , 0.0661182 , 0.00524284 , -0.280532 , 0.0683862 , 0.00403045 , -0.283486
10.4895 , 0.0703551 , 0.00470248 , -0.278297 , 0.0713928 , 0.00197273 , -0.282511
10.5229 , 0.0737694 , 0.001769 , -0.275347 , 0.0749987 , 0.00186541 , -0.281058
10.5573 , 0.0779286 , 0.000197583 , -0.273525 , 0.0762063 , 0.000902264 , -0.27975
10.5941 , 0.0825143 , 0.00366834 , -0.271775 , 0.0768472 , -0.00496368 , -0.277651
10.6248 , 0.0848353 , -0.00542428 , -0.272427 , 0.0791521 , -0.00740225 , -0.277218
10.657 , 0.0866271 , -0.00402698 , -0.271309 , 0.0803785 , -0.00536677 , -0.276201
10.6909 , 0.089528 , -0.00487408 , -0.271544 , 0.0823089 , -0.00222308 , -0.275968
10.7251 , 0.0897765 , -0.00476446 , -0.272405 , 0.0839976 , -0.00441987 , -0.276788
10.7623 , 0.0895867 , -0.00582893 , -0.273475 , 0.0846073 , -0.00468488 , -0.277238
10.7956 , 0.0892178 , -0.00578352 , -0.274047 , 0.0846094 , -0.00608507 , -0.278062
10.8326 , 0.0897333 , -0.00674064 , -0.275378 , 0.0864144 , -0.00601897 , -0.278605
10.8816 , 0.089388 , -0.0065705 , -0.276453 , 0.088377 , -0.00753964 , -0.279458
10.9291 , 0.0895485 , -0.00739294 , -0.277712 , 0.0888501 , -0.00797659 , -0.279629
10.9596 , 0.0918345 , -0.00532587 , -0.279795 , 0.114609 , -0.00674271 , -0.275301
10.994 , 0.0921192 , -0.00464953 , -0.280807 , 0.145672 , -0.00356803 , -0.271502
11.026 , 0.0906275 , -0.00475831 , -0.281886 , 0.152505 , -0.00137867 , -0.274662
11.063 , 0.0882295 , -0.00360576 , -0.284867 , 0.135824 , -0.00261257 , -0.280338
11.0976 , 0.0850286 , -0.00381754 , -0.289638 , 0.112683 , -0.00360046 , -0.286378
11.1297 , 0.0817977 , -0.00432032 , -0.295094 , 0.0901933 , -0.00145553 , -0.292497
11.1614 , 0.0781268 , -0.000191656 , -0.300092 , 0.074368 , -0.000319674 , -0.299667
11.2019 , 0.0752587 , 0.000220933 , -0.305938 , 0.0629651 , 0.00183896 , -0.307545
11.2466 , 0.0722933 , 0.00156108 , -0.31135 , 0.0553133 , 0.000490654 , -0.316009
11.2784 , 0.0699671 , -0.00336052 , -0.316886 , 0.048828 , -0.00102216 , -0.322733
11.3143 , 0.0675094 , -0.00799841 , -0.322344 , 0.0466201 , -0.00185099 , -0.326009
11.3487 , 0.0661067 , -0.00345344 , -0.324811 , 0.04436 , -0.00675688 , -0.325446
11.3796 , 0.0643432 , -0.0038546 , -0.329043 , 0.0433081 , -0.00758372 , -0.323401
11.4141 , 0.0639514 , -0.00418471 , -0.334398 , 0.0465828 , -0.00284805 , -0.32399
11.4472 , 0.062336 , 0.00180982 , -0.338454 , 0.0504491 , -0.00233139 , -0.326596
11.4807 , 0.060959 , -0.00193493 , -0.346777 , 0.0468148 , -0.00107057 , -0.327814
11.5111 , 0.057389 , -0.000150112 , -0.355754 , 0.0408882 , -0.00432596 , -0.334741
11.5468 , 0.0549925 , -0.00140192 , -0.364254 , 0.0389291 , -0.000464282 , -0.348465
11.5783 , 0.0488959 , 0.00517148 , -0.371761 , 0.0371991 , 0.00372219 , -0.366498
11.6147 , 0.0438151 , 0.00837901 , -0.381222 , 0.0374337 , 0.00948418 , -0.385692
11.6473 , 0.0379504 , 0.0131213 , -0.38865 , 0.0375271 , 0.0116161 , -0.403289
11.679 , 0.0318294 , 0.0130538 , -0.396099 , 0.0352008 , 0.0137097 , -0.415074
11.7159 , 0.0263823 , 0.0142621 , -0.403318 , 0.0305255 , 0.0143196 , -0.420765
11.7501 , 0.0182018 , 0.0140294 , -0.409259 , 0.0234471 , 0.0123911 , -0.424747
11.7846 , 0.0100731 , 0.0149373 , -0.415053 , 0.0113793 , 0.0144052 , -0.425696
11.8153 , 0.00339639 , 0.0140566 , -0.420393 , -0.000463332 , 0.0147739 , -0.426531
11.8538 , -0.00446303 , 0.0155997 , -0.425819 , -0.00978715 , 0.0156235 , -0.428543
11.8875 , -0.0113897 , 0.0177051 , -0.431132 , -0.0204392 , 0.0152666 , -0.431523
11.9229 , -0.0184045 , 0.0164929 , -0.435121 , -0.0294461 , 0.0128127 , -0.435833
11.9721 , -0.023329 , 0.0128598 , -0.440082 , -0.0355554 , 0.0126036 , -0.440861
12.0194 , -0.0279574 , 0.0120547 , -0.443368 , -0.0388128 , 0.0100289 , -0.445947
12.0537 , -0.0315005 , 0.0100451 , -0.447017 , -0.040303 , 0.00824923 , -0.452437
12.0819 , -0.0353192 , 0.0104954 , -0.450127 , -0.0419467 , 0.0065875 , -0.457459
12.1172 , -0.0378473 , 0.0077853 , -0.452165 , -0.0421159 , 0.00802665 , -0.460101
12.1477 , -0.0399625 , 0.00739026 , -0.45385 , -0.0460629 , 0.00677527 , -0.460014
12.1864 , -0.0428445 , 0.00381678 , -0.454588 , -0.0497262 , 0.00662559 , -0.459638
12.2148 , -0.0458971 , 0.00480151 , -0.454488 , -0.0520009 , 0.00686945 , -0.458388
12.2504 , -0.0491994 , 0.00655889 , -0.45538 , -0.0574223 , 0.0094799 , -0.454706
12.2857 , -0.0535379 , 0.0106323 , -0.453628 , -0.0597366 , 0.00985766 , -0.452958
12.3191 , -0.0561249 , 0.00998363 , -0.452556 , -0.0651599 , 0.0123818 , -0.449444
12.35 , -0.058412 , 0.00947849 , -0.45078 , -0.0672196 , 0.00942102 , -0.446164
12.3847 , -0.0592848 , 0.0137924 , -0.446955 , -0.0667871 , 0.0113344 , -0.443071
12.4182 , -0.0570081 , 0.0119062 , -0.444406 , -0.0637223 , 0.0156787 , -0.439044
12.453 , -0.0541378 , 0.0145371 , -0.438481 , -0.0600553 , 0.0212743 , -0.433429
12.4836 , -0.0499054 , 0.0191218 , -0.431574 , -0.0542644 , 0.021783 , -0.428369
12.522 , -0.045458 , 0.020183 , -0.422774 , -0.0492334 , 0.0231166 , -0.418918
12.5582 , -0.0428156 , 0.0260435 , -0.413511 , -0.0460187 , 0.0313475 , -0.406183
12.5897 , -0.0408662 , 0.0307699 , -0.402457 , -0.0465984 , 0.0310168 , -0.39493
12.6235 , -0.0397975 , 0.0351024 , -0.39001 , -0.0445408 , 0.0293251 , -0.384359
12.6597 , -0.0380599 , 0.0291335 , -0.382018 , -0.0400343 , 0.0267076 , -0.373633
12.6913 , -0.0376743 , 0.0255623 , -0.374134 , -0.0366119 , 0.0237589 , -0.363404
12.7236 , -0.0368651 , 0.0301171 , -0.363154 , -0.0338286 , 0.0248524 , -0.356287
12.7574 , -0.0373848 , 0.0274151 , -0.358076 , -0.0344947 , 0.0237121 , -0.352354
12.7951 , -0.0371893 , 0.023467 , -0.355138 , -0.0386969 , 0.0209584 , -0.349486
12.843 , -0.0375582 , 0.0197493 , -0.352401 , -0.0438073 , 0.0202425 , -0.34731
12.8758 , -0.0368333 , 0.0182075 , -0.349645 , -0.0463929 , 0.0220537 , -0.344937
12.9071 , -0.0370342 , 0.0226363 , -0.345654 , -0.0474395 , 0.0221284 , -0.342582
12.9403 , -0.0375091 , 0.0210127 , -0.344543 , -0.0478337 , 0.0222098 , -0.34143
12.9735 , -0.037792 , 0.0204051 , -0.341651 , -0.0471191 , 0.0226063 , -0.339453
13.0073 , -0.0395479 , 0.0223838 , -0.338303 , -0.046813 , 0.0206222 , -0.337126
13.0469 , -0.0414132 , 0.0177352 , -0.338095 , -0.0469924 , 0.0162142 , -0.334501
13.0929 , -0.0408449 , 0.0176445 , -0.337572 , -0.0463697 , 0.0202545 , -0.330725
13.1283 , -0.0403207 , 0.0185725 , -0.332383 , -0.0454858 , 0.0159347 , -0.32653
13.1653 , -0.0392222 , 0.0175508 , -0.33147 , -0.044959 , 0.0164327 , -0.323429
13.2117 , -0.0380403 , 0.0189291 , -0.329053 , -0.0400084 , 0.0137838 , -0.321541
13.2479 , -0.0356966 , 0.0145572 , -0.32894 , -0.0360127 , 0.0165106 , -0.321811
13.2928 , -0.0330462 , 0.0164158 , -0.329872 , -0.0317882 , 0.0147865 , -0.322828
13.3247 , -0.0302343 , 0.0165153 , -0.330009 , -0.030099 , 0.0205127 , -0.323944
13.3601 , -0.0261759 , 0.0201502 , -0.329718 , -0.0273319 , 0.0213768 , -0.326147
13.3917 , -0.0238525 , 0.023242 , -0.330242 , -0.0253294 , 0.0244688 , -0.327723
13.4283 , -0.0213826 , 0.0250313 , -0.329898 , -0.0260514 , 0.0278931 , -0.327511
13.4592 , -0.020039 , 0.0262754 , -0.329475 , -0.0255203 , 0.0287393 , -0.327645
13.4926 , -0.0184442 , 0.0270535 , -0.329817 , -0.0251921 , 0.027598 , -0.327403
13.5261 , -0.0187847 , 0.0253947 , -0.328976 , -0.0225631 , 0.0286626 , -0.326357
13.5595 , -0.017751 , 0.0250787 , -0.328486 , -0.0210804 , 0.0258004 , -0.324893
13.5961 , -0.0171508 , 0.0250046 , -0.328016 , -0.0211075 , 0.0254489 , -0.323546
13.6271 , -0.0163291 , 0.0284325 , -0.326694 , -0.0194608 , 0.027494 , -0.322125
13.6602 , -0.0149618 , 0.0252216 , -0.326109 , -0.0184214 , 0.0274277 , -0.322708
13.6958 , -0.0130263 , 0.0257905 , -0.326619 , -0.0183895 , 0.0268206 , -0.323801
13.7273 , -0.0122898 , 0.0281186 , -0.325916 , -0.0188596 , 0.0291405 , -0.323478
13.7639 , -0.0110434 , 0.0299657 , -0.325726 , -0.0177786 , 0.0263676 , -0.323454
13.7947 , -0.00895816 , 0.0267157 , -0.325579 , -0.0154225 , 0.0267251 , -0.322985
13.828 , -0.00740494 , 0.0249979 , -0.325303 , -0.0126209 , 0.0277695 , -0.321737
13.8634 , -0.00669415 , 0.0286551 , -0.324022 , -0.0115001 , 0.0318267 , -0.320362
13.8954 , -0.00529747 , 0.0327527 , -0.322306 , -0.00894615 , 0.0307081 , -0.319452
13.9316 , -0.00353362 , 0.0313515 , -0.322022 , -0.00713973 , 0.0310205 , -0.318548
13.9626 , -0.00212475 , 0.0316553 , -0.321238 , -0.0059282 , 0.0311856 , -0.318718
13.9958 , -0.00207608 , 0.0301217 , -0.321146 , -0.00218908 , 0.0339229 , -0.31817
14.0313 , 0.000316795 , 0.0342145 , -0.320357 , -0.00140812 , 0.033675 , -0.317925
14.0658 , 0.00131875 , 0.0352036 , -0.320085 , -0.00176591 , 0.0338707 , -0.317892
14.097 , 0.00112838 , 0.0358091 , -0.319655 , -0.00225706 , 0.0339476 , -0.318266
14.1302 , 0.00206095 , 0.0341886 , -0.320149 , -0.00337084 , 0.0334108 , -0.318177
14.1652 , 0.00248538 , 0.0329506 , -0.32031 , -0.00479165 , 0.0358911 , -0.317971
14.1986 , 0.00313753 , 0.0341343 , -0.320051 , -0.00360512 , 0.035305 , -0.317927
14.2353 , 0.00345276 , 0.0340795 , -0.319567 , -0.0017876 , 0.0346035 , -0.317353
14.2686 , 0.00266515 , 0.0332337 , -0.319559 , -0.000408226 , 0.0330298 , -0.31745
14.301 , 0.0037721 , 0.0362554 , -0.318251 , 0.000574263 , 0.0357213 , -0.316592
14.3337 , 0.00258604 , 0.0344193 , -0.319366 , -0.000178473 , 0.0350086 , -0.316852
14.3662 , 0.00270426 , 0.032949 , -0.319251 , -0.000200878 , 0.0337937 , -0.317178
14.4025 , 0.00148691 , 0.0347033 , -0.319107 , -0.000750061 , 0.0343967 , -0.31681
14.4371 , 0.00148691 , 0.0347033 , -0.319107 , -0.00228199 , 0.0330301 , -0.317033
14.4756 , 0.00187456 , 0.0332905 , -0.319523 , -0.00216033 , 0.0363017 , -0.316208
14.52 , 0.0030539 , 0.0372367 , -0.317591 , -0.00191853 , 0.0368369 , -0.316106
14.5517 , 0.00322178 , 0.0373785 , -0.317296 , -0.00177134 , 0.0371715 , -0.315692
14.5855 , 0.00343024 , 0.0374062 , -0.317336 , -0.00110257 , 0.0373791 , -0.315059
14.6246 , 0.00267834 , 0.0397594 , -0.317301 , -0.000287942 , 0.0389144 , -0.314782
14.6738 , 0.00274668 , 0.0377272 , -0.317402 , -0.000700235 , 0.0382411 , -0.314911
14.7234 , 0.00211184 , 0.0371797 , -0.317428 , -0.00240539 , 0.0375958 , -0.315093
14.7721 , 0.00230336 , 0.0361322 , -0.317224 , -0.00397286 , 0.0379979 , -0.314969
14.8111 , 0.00239239 , 0.0384814 , -0.316747 , -0.00459092 , 0.0374218 , -0.314967
14.8603 , 0.00303671 , 0.0385694 , -0.316831 , -0.00271005 , 0.0386014 , -0.315869
14.9045 , 0.00321156 , 0.0388743 , -0.31745 , -0.00245108 , 0.0390841 , -0.3166
14.9385 , 0.00275632 , 0.0379501 , -0.317754 , -0.000955762 , 0.0383952 , -0.316795
14.9697 , 0.00198999 , 0.0370808 , -0.317322 , -0.00157641 , 0.0376218 , -0.316495
15.0024 , 0.00192575 , 0.0366059 , -0.317177 , -0.00261797 , 0.0360137 , -0.315432
15.0359 , 0.00228004 , 0.0363952 , -0.316638 , -0.00285792 , 0.036178 , -0.315628
15.0723 , 0.00303088 , 0.0373428 , -0.316458 , -0.00253778 , 0.0366229 , -0.315438
15.1101 , 0.00343818 , 0.0376718 , -0.316598 , -0.00122692 , 0.0380837 , -0.315083
15.1562 , 0.00291109 , 0.0379391 , -0.31652 , -0.00166385 , 0.0350387 , -0.315631
15.1875 , 0.00226866 , 0.0344285 , -0.316906 , -0.00301485 , 0.0338542 , -0.315548
15.2226 , 0.00226428 , 0.0337515 , -0.316911 , -0.000946502 , 0.036241 , -0.315328
15.2543 , 0.00285162 , 0.0372992 , -0.315672 , 0.00056909 , 0.036926 , -0.315055
15.2897 , 0.00323665 , 0.0360721 , -0.316231 , -0.000338749 , 0.0389223 , -0.314906
15.321 , 0.00385856 , 0.0388986 , -0.315622 , -0.000930888 , 0.0388741 , -0.314779
15.3555 , 0.00429737 , 0.0352059 , -0.316822 , -0.00190828 , 0.0366053 , -0.31524
15.389 , 0.00396107 , 0.033438 , -0.316715 , -0.00135203 , 0.0346691 , -0.315435
15.4239 , 0.00280518 , 0.0335111 , -0.316577 , -0.000514743 , 0.0327904 , -0.315113
15.4553 , 0.00602715 , 0.0359579 , -0.315368 , 0.00135013 , 0.0367086 , -0.314361
15.4906 , 0.00614958 , 0.0393964 , -0.314677 , 0.00368164 , 0.0371072 , -0.314793
15.5256 , 0.00697716 , 0.0395331 , -0.315172 , 0.00294863 , 0.0381727 , -0.315399
15.5569 , 0.00706135 , 0.0394705 , -0.315213 , -0.000513614 , 0.0385787 , -0.315764
15.5915 , 0.0069579 , 0.0388632 , -0.315744 , -0.00122467 , 0.0386786 , -0.315091
15.6269 , 0.00465532 , 0.0371835 , -0.315177 , -0.00085598 , 0.0377163 , -0.314696
15.6608 , 0.00454915 , 0.0365987 , -0.314985 , -0.000241243 , 0.0369994 , -0.314037
15.692 , 0.00468786 , 0.0359441 , -0.315136 , -0.00154235 , 0.0363577 , -0.313263
15.7308 , 0.00500287 , 0.0379207 , -0.31496 , -0.000482616 , 0.0373396 , -0.31306
15.7751 , 0.00499715 , 0.0383361 , -0.314929 , 0.00027182 , 0.0389582 , -0.313577
15.8076 , 0.00480482 , 0.0395476 , -0.314958 , 0.000313358 , 0.0392796 , -0.314508
15.8411 , 0.00418342 , 0.0375721 , -0.314473 , -0.00109789 , 0.0384437 , -0.314841
15.8776 , 0.0027382 , 0.0363518 , -0.314477 , -0.00282524 , 0.0371116 , -0.314563
15.9116 , 0.00267486 , 0.0358957 , -0.314165 , -0.00239389 , 0.0363402 , -0.313794
15.9427 , 0.00257636 , 0.0363714 , -0.314209 , -0.00207596 , 0.036341 , -0.313432
15.9753 , 0.00279348 , 0.0377771 , -0.314021 , -0.00188252 , 0.0393148 , -0.312934
16.0088 , 0.003302 , 0.039727 , -0.313539 , -0.00161277 , 0.0373364 , -0.313113
16.0455 , 0.00294386 , 0.0358029 , -0.312575 , -0.00163403 , 0.0363612 , -0.312834
16.0796 , -0.00164029 , 0.0322912 , -0.314089 , -0.00250988 , 0.0340789 , -0.314145
16.1117 , 0.000442644 , 0.0316539 , -0.314871 , -0.00118057 , 0.0344937 , -0.31364
16.1432 , 0.0023033 , 0.0358729 , -0.313177 , -0.00189348 , 0.0372796 , -0.312543
16.1767 , 0.0023336 , 0.038832 , -0.313242 , -0.00223946 , 0.0374341 , -0.312032
16.2132 , 0.00295132 , 0.0377019 , -0.312282 , -0.00298387 , 0.0391079 , -0.31222
16.2445 , 0.00270339 , 0.0374066 , -0.312031 , -0.00320385 , 0.0379927 , -0.31241
16.2774 , 0.000741263 , 0.0335403 , -0.314319 , -0.00445263 , 0.0325405 , -0.313203
16.3118 , 0.000454395 , 0.0324476 , -0.314687 , -0.00296175 , 0.033406 , -0.313283
16.3466 , 0.00102387 , 0.0332718 , -0.314061 , -0.00249013 , 0.0349695 , -0.312307
16.378 , 0.00277797 , 0.0351542 , -0.31322 , -0.00285895 , 0.0362141 , -0.312167
16.4144 , 0.00331888 , 0.0359731 , -0.313847 , -0.00224708 , 0.0361249 , -0.312161
16.4585 , 0.00315824 , 0.0371306 , -0.313316 , -0.00124525 , 0.0366513 , -0.313055
16.5073 , 0.004137 , 0.0362496 , -0.313419 , -0.00151062 , 0.0377293 , -0.312699
16.557 , 0.00285838 , 0.0364599 , -0.313698 , -0.00117484 , 0.036986 , -0.313036
16.5995 , 0.0029872 , 0.0365339 , -0.313731 , -0.00152232 , 0.0363547 , -0.313422
16.636 , 0.00414661 , 0.0369608 , -0.313693 , -0.00106688 , 0.0366983 , -0.313083
16.6856 , 0.00414661 , 0.0369608 , -0.313693 , -0.000791307 , 0.0368296 , -0.312964
16.7372 , 0.00419199 , 0.0389034 , -0.313651 , -0.000639947 , 0.0380426 , -0.312886
16.7854 , 0.00429738 , 0.0377868 , -0.313861 , -9.78272e-05 , 0.0385711 , -0.313004
16.8232 , 0.0043286 , 0.0374347 , -0.313365 , -0.000638691 , 0.0380128 , -0.313311
16.8659 , 0.00444144 , 0.0350764 , -0.313867 , -0.0012149 , 0.0361227 , -0.313724
16.8995 , 0.00444144 , 0.0350764 , -0.313867 , 0.000453735 , 0.0395191 , -0.313653
16.9329 , 0.00512909 , 0.0385474 , -0.31373 , 0.00172542 , 0.0389008 , -0.313423
16.9713 , 0.00503028 , 0.038957 , -0.313294 , 0.000767201 , 0.0389153 , -0.312762
17.019 , 0.00482618 , 0.0391429 , -0.313151 , 0.000757914 , 0.0374369 , -0.312571
17.0555 , 0.00430402 , 0.0377684 , -0.313266 , 0.00164285 , 0.0383993 , -0.313133
17.1013 , 0.00456401 , 0.0373968 , -0.313678 , 0.00107766 , 0.0375481 , -0.313168
17.1358 , 0.00452082 , 0.0378929 , -0.313531 , 0.000788513 , 0.0377615 , -0.313382
17.1669 , 0.0044648 , 0.0380949 , -0.313477 , -0.000116383 , 0.038005 , -0.31294
17.2003 , 0.00479978 , 0.0381569 , -0.313273 , 9.69511e-05 , 0.0380753 , -0.312781
17.2335 , 0.00479978 , 0.0381569 , -0.313273 , 0.000265138 , 0.0381134 , -0.312655
17.2691 , 0.00479978 , 0.0381569 , -0.313273 , 0.000453097 , 0.0351347 , -0.31351
17.304 , 0.00309616 , 0.0329608 , -0.314283 , -7.01081e-06 , 0.0338075 , -0.313992
17.3412 , 0.00280736 , 0.0331049 , -0.31419 , -0.00142018 , 0.0333993 , -0.313485
17.3891 , 0.00280053 , 0.0336829 , -0.314222 , -0.000636301 , 0.0355105 , -0.313226
17.4287 , 0.00377056 , 0.0363433 , -0.313515 , -0.00042282 , 0.0360194 , -0.313003
17.4714 , 0.00377056 , 0.0363433 , -0.313515 , -0.000325763 , 0.0362076 , -0.312897
17.5061 , 0.00377056 , 0.0363433 , -0.313515 , -0.000213221 , 0.0362831 , -0.312827
17.5428 , 0.00232748 , 0.0316783 , -0.315014 , -0.00176192 , 0.0334891 , -0.313435
17.5868 , 0.00255392 , 0.0308776 , -0.314942 , -0.00172359 , 0.0318822 , -0.31405
17.6193 , 0.00256047 , 0.0318348 , -0.315338 , -0.00121226 , 0.0318499 , -0.314706
17.653 , 0.00276722 , 0.0318638 , -0.315584 , 0.000492808 , 0.0340557 , -0.314691
17.6895 , 0.00426932 , 0.0332795 , -0.315503 , 0.000435104 , 0.0335564 , -0.314861
17.724 , 0.00426932 , 0.0332795 , -0.315503 , -0.000120008 , 0.0333316 , -0.315219
17.7551 , 0.00411546 , 0.0333501 , -0.315934 , -0.00278167 , 0.0313036 , -0.315999
17.7943 , 0.00248675 , 0.0306086 , -0.316776 , -0.00343331 , 0.0308525 , -0.316252
17.8446 , 0.00232757 , 0.0292574 , -0.317455 , -0.00344761 , 0.029806 , -0.31694
17.9101 , 0.00232757 , 0.0292574 , -0.317455 , -0.0025861 , 0.0294687 , -0.316918
17.9431 , 0.00253701 , 0.0306014 , -0.317791 , 0.000178625 , 0.0297931 , -0.316389
17.9783 , 0.00391794 , 0.0321878 , -0.317468 , 0.000203669 , 0.03045 , -0.31622
18.0274 , 0.00390788 , 0.0331267 , -0.317373 , -0.000240086 , 0.0321668 , -0.316462
