501

0.020882 , -0.172847 , -0.0450431 , 0.248943 , -0.143856 , -0.0445969 , 0.268173
0.054045 , -0.172936 , -0.0458255 , 0.248874 , -0.155548 , -0.040711 , 0.289286
0.087796 , -0.173058 , -0.0460189 , 0.249064 , -0.172822 , -0.0311118 , 0.315613
0.124179 , -0.174435 , -0.0437307 , 0.251044 , -0.190862 , -0.0299454 , 0.318877
0.158721 , -0.173691 , -0.0425416 , 0.248886 , -0.204704 , -0.0318787 , 0.300564
0.192861 , -0.173308 , -0.0436301 , 0.248586 , -0.208522 , -0.037667 , 0.273329
0.225502 , -0.173308 , -0.0436301 , 0.248586 , -0.202079 , -0.044051 , 0.246384
0.257576 , -0.17319 , -0.0438977 , 0.249113 , -0.19049 , -0.0490414 , 0.225073
0.290589 , -0.173138 , -0.0439839 , 0.249107 , -0.178851 , -0.051608 , 0.213155
0.323218 , -0.173138 , -0.0439839 , 0.249107 , -0.169906 , -0.0526047 , 0.210377
0.359751 , -0.173443 , -0.0456244 , 0.24861 , -0.164194 , -0.0523235 , 0.214998
0.3983 , -0.173361 , -0.0439318 , 0.249018 , -0.161534 , -0.0497405 , 0.224471
0.444617 , -0.173361 , -0.0439318 , 0.249018 , -0.160956 , -0.0471683 , 0.23589
0.480799 , -0.173361 , -0.0439318 , 0.249018 , -0.161997 , -0.0449092 , 0.246465
0.5301 , -0.174097 , -0.0456869 , 0.24855 , -0.164034 , -0.0441743 , 0.254648
0.573246 , -0.174097 , -0.0456869 , 0.24855 , -0.167673 , -0.0428562 , 0.260803
0.613303 , -0.174989 , -0.0449019 , 0.250655 , -0.170612 , -0.042632 , 0.262314
0.646676 , -0.174989 , -0.0449019 , 0.250655 , -0.172799 , -0.0428612 , 0.260936
0.681553 , -0.174267 , -0.0438801 , 0.248553 , -0.173359 , -0.0427699 , 0.256992
0.713328 , -0.174267 , -0.0438801 , 0.248553 , -0.174532 , -0.0432861 , 0.252405
0.750684 , -0.174246 , -0.04482 , 0.248958 , -0.174633 , -0.0446632 , 0.248018
0.795257 , -0.174446 , -0.0457045 , 0.249235 , -0.174968 , -0.0461225 , 0.244653
0.827005 , -0.174446 , -0.0457045 , 0.249235 , -0.175744 , -0.0489478 , 0.242842
0.862966 , -0.174807 , -0.0474224 , 0.248746 , -0.176142 , -0.0488575 , 0.242202
0.898545 , -0.175012 , -0.045043 , 0.248696 , -0.175088 , -0.0473537 , 0.242178
0.936522 , -0.175234 , -0.0453747 , 0.248705 , -0.174174 , -0.0467471 , 0.243438
0.978675 , -0.175468 , -0.0456094 , 0.248379 , -0.17383 , -0.0463625 , 0.245106
1.01109 , -0.175883 , -0.0454693 , 0.247624 , -0.173799 , -0.0458999 , 0.24647
1.04452 , -0.176784 , -0.0441759 , 0.249429 , -0.174611 , -0.044874 , 0.248253
1.08136 , -0.176607 , -0.0417158 , 0.249442 , -0.174896 , -0.0429098 , 0.249397
1.11248 , -0.176269 , -0.042895 , 0.249102 , -0.174377 , -0.0428256 , 0.249779
1.14533 , -0.176499 , -0.0439274 , 0.248902 , -0.17426 , -0.0428572 , 0.249581
1.17887 , -0.176946 , -0.0445065 , 0.248589 , -0.175039 , -0.0441374 , 0.249502
1.2123 , -0.176834 , -0.0437949 , 0.249216 , -0.175665 , -0.0440534 , 0.249296
1.25194 , -0.176776 , -0.0437291 , 0.249837 , -0.175663 , -0.0435187 , 0.248885
1.28513 , -0.175847 , -0.044279 , 0.247627 , -0.175112 , -0.0439756 , 0.247693
1.31885 , -0.175882 , -0.0444609 , 0.247652 , -0.173588 , -0.045514 , 0.246585
1.35105 , -0.175184 , -0.0459793 , 0.247627 , -0.173787 , -0.0459783 , 0.245971
1.38955 , -0.175006 , -0.0459485 , 0.24819 , -0.174369 , -0.0464542 , 0.246314
1.4326 , -0.1753 , -0.0462007 , 0.24859 , -0.174594 , -0.0455604 , 0.246687
1.46471 , -0.176382 , -0.0467441 , 0.25074 , -0.174013 , -0.0435876 , 0.246065
1.50419 , -0.175801 , -0.0439055 , 0.248677 , -0.174997 , -0.0448763 , 0.248238
1.54988 , -0.176736 , -0.0440417 , 0.251116 , -0.174558 , -0.0430749 , 0.248063
1.58424 , -0.176021 , -0.043152 , 0.249894 , -0.175013 , -0.0436932 , 0.248922
1.61582 , -0.175649 , -0.0438799 , 0.249722 , -0.174557 , -0.0446495 , 0.249201
1.65428 , -0.175966 , -0.0450661 , 0.250022 , -0.175038 , -0.0447378 , 0.249289
1.68633 , -0.176005 , -0.0451827 , 0.249763 , -0.175037 , -0.0447728 , 0.249316
1.71744 , -0.176566 , -0.0455001 , 0.251911 , -0.175214 , -0.0452338 , 0.250194
1.74921 , -0.176693 , -0.0446919 , 0.251715 , -0.174168 , -0.0451924 , 0.249234
1.78613 , -0.176163 , -0.0444604 , 0.250314 , -0.174306 , -0.0472186 , 0.249165
1.82081 , -0.175872 , -0.0462857 , 0.250112 , -0.174649 , -0.0465868 , 0.249176
1.85998 , -0.175633 , -0.0452433 , 0.250843 , -0.175552 , -0.0486534 , 0.251287
1.90423 , -0.17667 , -0.0453791 , 0.252816 , -0.175612 , -0.0471195 , 0.251417
1.93718 , -0.177051 , -0.0456394 , 0.253027 , -0.175983 , -0.0466544 , 0.25153
1.96874 , -0.177693 , -0.0455601 , 0.253424 , -0.176369 , -0.0451389 , 0.252078
2.00467 , -0.177732 , -0.0434415 , 0.253331 , -0.176576 , -0.0447706 , 0.252173
2.03619 , -0.175856 , -0.0449452 , 0.251646 , -0.176544 , -0.044672 , 0.251951
2.07236 , -0.176515 , -0.0447218 , 0.252744 , -0.176347 , -0.0448761 , 0.251856
2.10488 , -0.177336 , -0.0458262 , 0.254764 , -0.177246 , -0.0379378 , 0.252305
2.13639 , -0.178326 , -0.0422984 , 0.255749 , -0.177866 , -0.040183 , 0.253905
2.17107 , -0.178433 , -0.0430848 , 0.256139 , -0.1776 , -0.0430674 , 0.25442
2.20886 , -0.178524 , -0.0452369 , 0.257067 , -0.177513 , -0.0438299 , 0.255219
2.26177 , -0.179148 , -0.0430275 , 0.256698 , -0.177341 , -0.0442254 , 0.255644
2.31021 , -0.18009 , -0.0416173 , 0.25727 , -0.177883 , -0.0444551 , 0.255466
2.35699 , -0.180492 , -0.043838 , 0.258853 , -0.178955 , -0.0428433 , 0.256015
2.38951 , -0.181457 , -0.0426843 , 0.260021 , -0.180162 , -0.0415114 , 0.257673
2.42752 , -0.182026 , -0.0436996 , 0.261152 , -0.180972 , -0.042221 , 0.260614
2.47498 , -0.183194 , -0.0413761 , 0.2628 , -0.181278 , -0.0449231 , 0.261119
2.50968 , -0.183471 , -0.0447836 , 0.263541 , -0.181389 , -0.0438292 , 0.260366
2.54435 , -0.184189 , -0.0434911 , 0.265068 , -0.183976 , -0.0423943 , 0.264826
2.59286 , -0.185663 , -0.0419933 , 0.266211 , -0.184983 , -0.0404735 , 0.265612
2.62801 , -0.187059 , -0.0426435 , 0.267892 , -0.186316 , -0.0423278 , 0.269018
2.67492 , -0.188177 , -0.0419574 , 0.268623 , -0.186892 , -0.0432295 , 0.269495
2.70612 , -0.188886 , -0.0436461 , 0.270891 , -0.189135 , -0.0427562 , 0.272824
2.73899 , -0.190382 , -0.0434415 , 0.272073 , -0.190155 , -0.043091 , 0.27308
2.77261 , -0.191485 , -0.0435973 , 0.273728 , -0.191055 , -0.0429691 , 0.273703
2.80904 , -0.192681 , -0.0426736 , 0.275562 , -0.191993 , -0.0414109 , 0.275257
2.84326 , -0.192968 , -0.041159 , 0.276851 , -0.193369 , -0.0446386 , 0.280063
2.87412 , -0.194664 , -0.0419118 , 0.278805 , -0.195372 , -0.0439554 , 0.280597
2.90701 , -0.195262 , -0.041946 , 0.280103 , -0.19647 , -0.0457339 , 0.28354
2.94015 , -0.195654 , -0.0402266 , 0.281812 , -0.196444 , -0.0440853 , 0.284627
2.99259 , -0.197926 , -0.0407425 , 0.282589 , -0.195156 , -0.0462957 , 0.287762
3.02402 , -0.198117 , -0.0435108 , 0.284269 , -0.19669 , -0.0427478 , 0.290954
3.06053 , -0.199462 , -0.0419456 , 0.285919 , -0.198555 , -0.0428099 , 0.290977
3.09508 , -0.199076 , -0.0444874 , 0.287026 , -0.200631 , -0.0438315 , 0.290313
3.12628 , -0.200291 , -0.044306 , 0.284788 , -0.203616 , -0.0460956 , 0.294786
3.15829 , -0.202339 , -0.0419613 , 0.289276 , -0.205343 , -0.0449514 , 0.296828
3.1919 , -0.203462 , -0.0425341 , 0.290581 , -0.205673 , -0.0422984 , 0.299187
3.22836 , -0.204399 , -0.0457961 , 0.292487 , -0.205807 , -0.0414136 , 0.302372
3.2777 , -0.204618 , -0.0465529 , 0.294431 , -0.206261 , -0.0423667 , 0.306016
3.30947 , -0.208644 , -0.0477109 , 0.297214 , -0.205977 , -0.0414148 , 0.310359
3.34585 , -0.20892 , -0.0485324 , 0.301716 , -0.207366 , -0.0435266 , 0.314585
3.37547 , -0.209352 , -0.0486816 , 0.306514 , -0.204805 , -0.045094 , 0.315538
3.41039 , -0.210924 , -0.0485074 , 0.309885 , -0.206082 , -0.0508495 , 0.31063
3.44394 , -0.212144 , -0.0478279 , 0.31314 , -0.211242 , -0.0552238 , 0.302093
3.47804 , -0.213127 , -0.0507705 , 0.317786 , -0.216183 , -0.0547211 , 0.296615
3.51503 , -0.214637 , -0.051671 , 0.319878 , -0.219568 , -0.0564753 , 0.297806
3.54855 , -0.214731 , -0.0547255 , 0.322947 , -0.219451 , -0.0544719 , 0.305413
3.57841 , -0.217167 , -0.0543956 , 0.324895 , -0.217824 , -0.0539664 , 0.31678
3.60919 , -0.218681 , -0.0550545 , 0.327504 , -0.214101 , -0.0533319 , 0.327659
3.64547 , -0.220828 , -0.0562925 , 0.32982 , -0.212939 , -0.0565125 , 0.341402
3.6761 , -0.22262 , -0.0565879 , 0.33348 , -0.212228 , -0.0541388 , 0.34693
3.71089 , -0.224151 , -0.058125 , 0.335361 , -0.21273 , -0.0563285 , 0.350626
3.74329 , -0.226477 , -0.0603827 , 0.337386 , -0.214444 , -0.0568416 , 0.351393
3.78275 , -0.228138 , -0.0640644 , 0.339468 , -0.216593 , -0.0583999 , 0.35003
3.81196 , -0.230244 , -0.0635346 , 0.341819 , -0.218833 , -0.0626595 , 0.346889
3.84633 , -0.232085 , -0.0649491 , 0.343477 , -0.221315 , -0.0647011 , 0.34635
3.87998 , -0.235427 , -0.0676078 , 0.345697 , -0.226556 , -0.0677154 , 0.345437
3.91437 , -0.238092 , -0.0681492 , 0.345112 , -0.231199 , -0.0695654 , 0.346016
3.9481 , -0.240496 , -0.0697211 , 0.349262 , -0.236473 , -0.0676657 , 0.346302
3.97967 , -0.244919 , -0.0683854 , 0.34998 , -0.240948 , -0.0681542 , 0.348566
4.01516 , -0.246441 , -0.0689586 , 0.350851 , -0.244791 , -0.0721149 , 0.349143
4.05178 , -0.248241 , -0.0721552 , 0.350888 , -0.247951 , -0.0707932 , 0.346797
4.08235 , -0.249635 , -0.0731574 , 0.35055 , -0.250617 , -0.0732402 , 0.345467
4.12096 , -0.250541 , -0.0732667 , 0.350774 , -0.251861 , -0.0723173 , 0.344885
4.16639 , -0.249485 , -0.0754882 , 0.34962 , -0.252671 , -0.0733798 , 0.345304
4.20721 , -0.249056 , -0.0764965 , 0.348544 , -0.259097 , -0.0733583 , 0.346659
4.25672 , -0.248174 , -0.0759161 , 0.346532 , -0.264458 , -0.0735134 , 0.348374
4.30654 , -0.245758 , -0.0741355 , 0.344994 , -0.258942 , -0.0710631 , 0.338757
4.35656 , -0.244184 , -0.0702394 , 0.341431 , -0.251908 , -0.070402 , 0.329196
4.40622 , -0.241278 , -0.0708918 , 0.336302 , -0.24733 , -0.0723072 , 0.318656
4.45319 , -0.235532 , -0.069918 , 0.327762 , -0.243562 , -0.0783473 , 0.313601
4.4913 , -0.229042 , -0.0759516 , 0.322155 , -0.239614 , -0.0799492 , 0.309337
4.53889 , -0.224347 , -0.07363 , 0.32025 , -0.236814 , -0.0773333 , 0.306773
4.57005 , -0.217377 , -0.0738466 , 0.313514 , -0.236952 , -0.0752347 , 0.310774
4.60088 , -0.208426 , -0.073694 , 0.312076 , -0.238612 , -0.0719585 , 0.312869
4.639 , -0.201144 , -0.0734327 , 0.31191 , -0.238095 , -0.0703993 , 0.313734
4.67786 , -0.192803 , -0.0720215 , 0.313128 , -0.235832 , -0.0715591 , 0.314842
4.72558 , -0.184433 , -0.0737066 , 0.312024 , -0.233275 , -0.0738384 , 0.318999
4.77461 , -0.17758 , -0.0753278 , 0.312701 , -0.227581 , -0.0739993 , 0.321001
4.82752 , -0.169375 , -0.0738595 , 0.312565 , -0.218683 , -0.0728215 , 0.318713
4.8752 , -0.161301 , -0.0746595 , 0.311483 , -0.207829 , -0.0707084 , 0.312899
4.91256 , -0.153615 , -0.0734829 , 0.310358 , -0.196129 , -0.0665525 , 0.306241
4.96114 , -0.14572 , -0.0705903 , 0.307291 , -0.181055 , -0.0759778 , 0.301812
5.01043 , -0.138547 , -0.0728188 , 0.3062 , -0.165724 , -0.0798013 , 0.298717
5.05992 , -0.130698 , -0.075136 , 0.303865 , -0.141773 , -0.0756534 , 0.292342
5.09525 , -0.12167 , -0.0730893 , 0.301386 , -0.111959 , -0.0739913 , 0.283911
5.14229 , -0.11388 , -0.0693655 , 0.298686 , -0.0833188 , -0.0769919 , 0.276603
5.17384 , -0.103904 , -0.075498 , 0.295324 , -0.0644042 , -0.0742751 , 0.274428
5.20865 , -0.0938765 , -0.0742687 , 0.292554 , -0.0563083 , -0.0744468 , 0.276174
5.23753 , -0.0840174 , -0.0725777 , 0.289784 , -0.055626 , -0.0728445 , 0.280365
5.27293 , -0.0747556 , -0.0716034 , 0.289065 , -0.0570093 , -0.0735442 , 0.28514
5.30354 , -0.0647139 , -0.0734775 , 0.287452 , -0.0571375 , -0.0725186 , 0.287013
5.33866 , -0.0546271 , -0.0721429 , 0.284316 , -0.0538153 , -0.0706199 , 0.285484
5.37675 , -0.0452612 , -0.0705207 , 0.281307 , -0.0455293 , -0.0712611 , 0.282818
5.41556 , -0.03594 , -0.0701591 , 0.27919 , -0.0354128 , -0.0710284 , 0.27842
5.46293 , -0.0273443 , -0.0701374 , 0.276109 , -0.0241676 , -0.0714656 , 0.272878
5.50963 , -0.0197792 , -0.0693816 , 0.27238 , -0.012829 , -0.0752174 , 0.267079
5.54425 , -0.0129251 , -0.070491 , 0.268567 , -0.00266162 , -0.0783203 , 0.262178
5.57239 , -0.00637988 , -0.0709537 , 0.264263 , 0.00554611 , -0.0785837 , 0.258781
5.60526 , -0.000350286 , -0.0703928 , 0.260937 , 0.0127499 , -0.0753331 , 0.256082
5.6406 , 0.00541115 , -0.0721172 , 0.257159 , 0.0178126 , -0.0723182 , 0.254229
5.67425 , 0.0114999 , -0.0694936 , 0.253224 , 0.0215501 , -0.0726136 , 0.252266
5.70868 , 0.0175345 , -0.0732139 , 0.248384 , 0.024663 , -0.0721889 , 0.250082
5.73938 , 0.0232688 , -0.0733007 , 0.244052 , 0.0279962 , -0.072508 , 0.246715
5.77393 , 0.0284847 , -0.072473 , 0.239553 , 0.0314563 , -0.0742798 , 0.243886
5.81348 , 0.0335892 , -0.0723282 , 0.236417 , 0.0359593 , -0.0728891 , 0.240979
5.84773 , 0.0386261 , -0.0717845 , 0.232771 , 0.0418253 , -0.0736984 , 0.236593
5.88156 , 0.0434391 , -0.0725816 , 0.22975 , 0.0469247 , -0.0721323 , 0.232282
5.91005 , 0.0476047 , -0.0734458 , 0.22739 , 0.0515095 , -0.0728158 , 0.228212
5.943 , 0.0491715 , -0.0736561 , 0.224907 , 0.0538569 , -0.0734029 , 0.224709
5.97976 , 0.050519 , -0.0744047 , 0.22273 , 0.0551482 , -0.0757437 , 0.221767
6.013 , 0.0504091 , -0.0748006 , 0.221918 , 0.0555357 , -0.0740558 , 0.220356
6.0475 , 0.0497172 , -0.0729918 , 0.221982 , 0.0553003 , -0.0724414 , 0.219949
6.07745 , 0.0487258 , -0.0716788 , 0.222197 , 0.0542444 , -0.0736527 , 0.219633
6.11064 , 0.0474343 , -0.074502 , 0.222087 , 0.050129 , -0.0726916 , 0.218265
6.14701 , 0.0455112 , -0.074993 , 0.221589 , 0.0764834 , -0.0734964 , 0.212001
6.1825 , 0.0430333 , -0.0777618 , 0.223303 , 0.11144 , -0.0718459 , 0.213834
6.21737 , 0.0396619 , -0.0690692 , 0.223438 , 0.107555 , -0.0712843 , 0.21959
6.25078 , 0.0322477 , -0.0710329 , 0.226014 , 0.0764014 , -0.0666908 , 0.225787
6.28472 , 0.0229418 , -0.0657578 , 0.228558 , 0.0383666 , -0.0674411 , 0.23048
6.33163 , 0.0131278 , -0.0666787 , 0.230152 , 0.0023533 , -0.0667803 , 0.236409
6.37338 , 0.00133297 , -0.0673174 , 0.233076 , -0.0260369 , -0.0668001 , 0.24198
6.41487 , -0.0115784 , -0.0663694 , 0.234776 , -0.0476764 , -0.0692427 , 0.249142
6.44848 , -0.0257892 , -0.0691226 , 0.239323 , -0.0605631 , -0.070108 , 0.256063
6.48106 , -0.0377701 , -0.0639505 , 0.245265 , -0.0691492 , -0.0733746 , 0.258769
6.51779 , -0.0485742 , -0.0651185 , 0.249587 , -0.0742123 , -0.0749884 , 0.257593
6.55285 , -0.0582824 , -0.0669659 , 0.253108 , -0.0784317 , -0.0747778 , 0.254372
6.58417 , -0.068931 , -0.0703483 , 0.257573 , -0.0831342 , -0.0701195 , 0.251309
6.61561 , -0.0813478 , -0.0695489 , 0.263342 , -0.0862626 , -0.0689048 , 0.252492
6.64846 , -0.0945504 , -0.0683904 , 0.271612 , -0.0937045 , -0.0707621 , 0.25246
6.68923 , -0.109859 , -0.0674128 , 0.280192 , -0.107693 , -0.0748685 , 0.257474
6.73308 , -0.126816 , -0.0679234 , 0.292568 , -0.126686 , -0.0690074 , 0.27214
6.76676 , -0.142489 , -0.0677103 , 0.298089 , -0.142828 , -0.0668468 , 0.29118
6.79678 , -0.157446 , -0.0593367 , 0.306579 , -0.156515 , -0.0598167 , 0.311083
6.83136 , -0.173801 , -0.0592197 , 0.315701 , -0.172298 , -0.0454419 , 0.331552
6.86562 , -0.187229 , -0.0502866 , 0.322233 , -0.186173 , -0.045215 , 0.344472
6.89933 , -0.199422 , -0.0513857 , 0.327341 , -0.200844 , -0.0425898 , 0.352131
6.93383 , -0.214421 , -0.0491825 , 0.332283 , -0.217115 , -0.0388169 , 0.356317
6.96781 , -0.228443 , -0.0462661 , 0.336656 , -0.230527 , -0.0392392 , 0.358825
7.00093 , -0.239251 , -0.0435442 , 0.342682 , -0.241768 , -0.0373817 , 0.355632
7.03198 , -0.249539 , -0.0397147 , 0.344396 , -0.25197 , -0.0386864 , 0.35692
7.067 , -0.259117 , -0.0385144 , 0.348701 , -0.261881 , -0.0380402 , 0.357634
7.10139 , -0.268952 , -0.0380685 , 0.353736 , -0.271184 , -0.0382246 , 0.35858
7.13205 , -0.277616 , -0.0381915 , 0.358284 , -0.27919 , -0.0357683 , 0.359636
7.17037 , -0.286084 , -0.0376521 , 0.36185 , -0.287579 , -0.0343669 , 0.362375
7.20355 , -0.293224 , -0.0367245 , 0.363728 , -0.29608 , -0.0373803 , 0.367821
7.23277 , -0.300399 , -0.0379069 , 0.368686 , -0.302418 , -0.0377272 , 0.369793
7.27087 , -0.304863 , -0.0389017 , 0.371275 , -0.307978 , -0.0360296 , 0.371981
7.30137 , -0.30844 , -0.0385283 , 0.374186 , -0.313495 , -0.0371068 , 0.376252
7.33335 , -0.313301 , -0.0416909 , 0.377458 , -0.318159 , -0.0364444 , 0.378753
7.36889 , -0.31634 , -0.0433952 , 0.37912 , -0.321988 , -0.0380143 , 0.380398
7.40895 , -0.319186 , -0.046964 , 0.380488 , -0.32429 , -0.0404125 , 0.380426
7.43722 , -0.319019 , -0.0485128 , 0.381231 , -0.326339 , -0.0462925 , 0.379477
7.46762 , -0.318992 , -0.0460948 , 0.381199 , -0.327818 , -0.0479624 , 0.379153
7.50117 , -0.319157 , -0.0482521 , 0.379971 , -0.326753 , -0.0494634 , 0.37989
7.53456 , -0.318889 , -0.0501612 , 0.380001 , -0.323902 , -0.0518695 , 0.376415
7.57121 , -0.315874 , -0.0492784 , 0.375527 , -0.323134 , -0.0526434 , 0.374658
7.60499 , -0.314594 , -0.0524149 , 0.373831 , -0.319089 , -0.0522552 , 0.371661
7.63532 , -0.312346 , -0.0509239 , 0.369946 , -0.31249 , -0.0554938 , 0.368553
7.67254 , -0.308015 , -0.053 , 0.366168 , -0.305867 , -0.0565497 , 0.363907
7.70472 , -0.302267 , -0.0551554 , 0.362441 , -0.299033 , -0.0583506 , 0.358915
7.73904 , -0.295827 , -0.0564743 , 0.357661 , -0.292528 , -0.0585314 , 0.353859
7.77252 , -0.287717 , -0.0580837 , 0.352621 , -0.283033 , -0.0542764 , 0.349759
7.80312 , -0.279455 , -0.060234 , 0.347311 , -0.278319 , -0.0580651 , 0.346991
7.83819 , -0.271713 , -0.0602974 , 0.342095 , -0.270393 , -0.0602778 , 0.341123
7.87186 , -0.263207 , -0.0579922 , 0.336065 , -0.269634 , -0.0545974 , 0.338191
7.90845 , -0.252391 , -0.0496638 , 0.327259 , -0.26731 , -0.0449868 , 0.332118
7.94191 , -0.239595 , -0.0503226 , 0.317158 , -0.250495 , -0.0481676 , 0.316206
7.97289 , -0.224353 , -0.0523761 , 0.305134 , -0.237989 , -0.0524545 , 0.302219
8.00844 , -0.208124 , -0.0584223 , 0.295855 , -0.227349 , -0.060014 , 0.295378
8.04027 , -0.189427 , -0.0638757 , 0.287938 , -0.218326 , -0.062386 , 0.290276
8.07667 , -0.171666 , -0.0636699 , 0.281448 , -0.209273 , -0.0634632 , 0.287726
8.10729 , -0.153399 , -0.0664173 , 0.277151 , -0.200346 , -0.0627487 , 0.284857
8.14162 , -0.136168 , -0.0686803 , 0.273769 , -0.187842 , -0.0670726 , 0.280935
8.17588 , -0.119594 , -0.0728508 , 0.273822 , -0.168852 , -0.0732934 , 0.276054
8.20973 , -0.1026 , -0.0774477 , 0.274875 , -0.148147 , -0.0745006 , 0.272625
8.24137 , -0.0875712 , -0.0765587 , 0.276027 , -0.124214 , -0.0762723 , 0.269283
8.27865 , -0.0720419 , -0.0754911 , 0.275263 , -0.100988 , -0.0772306 , 0.266718
8.31363 , -0.0579557 , -0.0725622 , 0.273807 , -0.0766276 , -0.0770174 , 0.264859
8.34732 , -0.0439101 , -0.0695226 , 0.27268 , -0.0523781 , -0.0772862 , 0.261083
8.38254 , -0.0303842 , -0.0698565 , 0.267872 , -0.0219708 , -0.0725146 , 0.253759
8.4255 , -0.0181014 , -0.069039 , 0.262938 , 0.0094897 , -0.0681929 , 0.244901
8.45914 , -0.00635281 , -0.0678045 , 0.256555 , 0.0342413 , -0.0651334 , 0.238091
8.49362 , 0.00469193 , -0.0645993 , 0.250435 , 0.0489748 , -0.0632398 , 0.234652
8.5242 , 0.0158212 , -0.0609836 , 0.244435 , 0.0540981 , -0.0638199 , 0.233022
8.55877 , 0.026005 , -0.0601646 , 0.23809 , 0.0516764 , -0.0593323 , 0.233595
8.59332 , 0.0334374 , -0.0581857 , 0.234545 , 0.047954 , -0.0587341 , 0.23252
8.62682 , 0.0429632 , -0.0606568 , 0.229817 , 0.0459722 , -0.0588413 , 0.231256
8.66156 , 0.0505774 , -0.0597429 , 0.22784 , 0.0472493 , -0.0616867 , 0.227058
8.69256 , 0.0570806 , -0.062922 , 0.224783 , 0.0511828 , -0.0620504 , 0.222574
8.72734 , 0.0610049 , -0.0631732 , 0.222246 , 0.0572153 , -0.0633702 , 0.218074
8.76186 , 0.0644377 , -0.0662518 , 0.218222 , 0.0653229 , -0.0631861 , 0.214253
8.7937 , 0.0670773 , -0.0684582 , 0.215438 , 0.0722657 , -0.0612704 , 0.209698
8.82984 , 0.0694964 , -0.0641766 , 0.213717 , 0.0798731 , -0.064124 , 0.206955
8.86348 , 0.0708548 , -0.0673524 , 0.210778 , 0.0836721 , -0.0655604 , 0.205223
8.89449 , 0.0710865 , -0.0670524 , 0.208401 , 0.0853655 , -0.069112 , 0.203523
8.92974 , 0.0703441 , -0.0684939 , 0.205116 , 0.0878498 , -0.0691187 , 0.20711
8.96035 , 0.0721088 , -0.0702937 , 0.204443 , 0.0846116 , -0.0742893 , 0.20701
8.99804 , 0.0704792 , -0.0688595 , 0.205299 , 0.0812639 , -0.0695167 , 0.209663
9.02885 , 0.0702478 , -0.0674151 , 0.205658 , 0.077717 , -0.0733391 , 0.211669
9.06312 , 0.0688882 , -0.069592 , 0.205887 , 0.0759045 , -0.0701176 , 0.21282
9.09594 , 0.0678689 , -0.0686038 , 0.207247 , 0.0731973 , -0.0695633 , 0.212988
9.13226 , 0.0662336 , -0.0737575 , 0.208244 , 0.0704324 , -0.0674495 , 0.212283
9.16561 , 0.0637921 , -0.0755381 , 0.209956 , 0.0671684 , -0.0671411 , 0.212023
9.20299 , 0.0617072 , -0.0729383 , 0.210841 , 0.0626304 , -0.0713447 , 0.211263
9.23336 , 0.0585818 , -0.0721957 , 0.211823 , 0.0594288 , -0.0727195 , 0.212006
9.26353 , 0.0548926 , -0.0723073 , 0.213872 , 0.0565715 , -0.0735731 , 0.212979
9.30005 , 0.0516894 , -0.0722931 , 0.215872 , 0.0540861 , -0.0762679 , 0.214556
9.33204 , 0.0480125 , -0.0753927 , 0.217451 , 0.0496477 , -0.0742186 , 0.216139
9.36755 , 0.0432329 , -0.0711543 , 0.219038 , 0.0755142 , -0.0685769 , 0.213832
9.40489 , 0.0357036 , -0.0658585 , 0.221725 , 0.102227 , -0.0687394 , 0.216564
9.45212 , 0.0277753 , -0.0655226 , 0.224528 , 0.102538 , -0.0688663 , 0.225506
9.48764 , 0.0189599 , -0.0689332 , 0.22922 , 0.0828251 , -0.0701482 , 0.236471
9.51917 , 0.0109329 , -0.0704363 , 0.231954 , 0.0520985 , -0.0677075 , 0.245169
9.55307 , 0.000859209 , -0.069726 , 0.236835 , 0.0210524 , -0.06665 , 0.252935
9.58582 , -0.010304 , -0.0691546 , 0.241199 , -0.00648194 , -0.0677542 , 0.25825
9.61714 , -0.0217547 , -0.0682885 , 0.247174 , -0.0308772 , -0.0704827 , 0.259316
9.65414 , -0.0347337 , -0.0692706 , 0.252801 , -0.0503198 , -0.0691997 , 0.258802
9.68795 , -0.0454046 , -0.0687528 , 0.259026 , -0.0628917 , -0.0654418 , 0.257823
9.72009 , -0.0547529 , -0.0687668 , 0.266346 , -0.0722347 , -0.0645342 , 0.257915
9.75516 , -0.0635122 , -0.0664268 , 0.272603 , -0.0804652 , -0.0650177 , 0.261996
9.79075 , -0.0747434 , -0.0636775 , 0.280919 , -0.0867459 , -0.0678707 , 0.270464
9.82527 , -0.0885854 , -0.0672896 , 0.288864 , -0.090298 , -0.0650109 , 0.281762
9.8734 , -0.103342 , -0.0638735 , 0.298012 , -0.0992345 , -0.0645184 , 0.293216
9.90847 , -0.118959 , -0.0601558 , 0.307495 , -0.112167 , -0.0625774 , 0.305102
9.94225 , -0.134186 , -0.0582556 , 0.315419 , -0.127086 , -0.0583613 , 0.316966
9.98586 , -0.148899 , -0.0545582 , 0.320925 , -0.143187 , -0.0453318 , 0.328711
10.0195 , -0.164486 , -0.0471344 , 0.324969 , -0.156139 , -0.0418883 , 0.337051
10.0543 , -0.18258 , -0.0413396 , 0.329934 , -0.170255 , -0.0410415 , 0.344028
10.0876 , -0.196713 , -0.0400945 , 0.334207 , -0.186866 , -0.0379647 , 0.348809
10.1182 , -0.211126 , -0.0400735 , 0.336289 , -0.203479 , -0.0356567 , 0.353214
10.1538 , -0.229434 , -0.033295 , 0.337425 , -0.21973 , -0.0326019 , 0.355449
10.1874 , -0.239979 , -0.0340009 , 0.340695 , -0.235012 , -0.031483 , 0.357021
10.2217 , -0.251633 , -0.0339054 , 0.344245 , -0.247222 , -0.027499 , 0.356807
10.2525 , -0.263197 , -0.0312365 , 0.346668 , -0.258382 , -0.0266332 , 0.356765
10.2879 , -0.274976 , -0.0243565 , 0.347228 , -0.267678 , -0.0248142 , 0.356561
10.3216 , -0.282837 , -0.0254284 , 0.351059 , -0.274711 , -0.0242295 , 0.357712
10.353 , -0.287908 , -0.0203097 , 0.354235 , -0.281348 , -0.0270267 , 0.358598
10.3897 , -0.296108 , -0.0247721 , 0.358842 , -0.286999 , -0.0252181 , 0.361076
10.4263 , -0.301167 , -0.0261464 , 0.362209 , -0.294968 , -0.0271134 , 0.364893
10.4562 , -0.30582 , -0.0257299 , 0.365041 , -0.300626 , -0.0276928 , 0.367221
10.4895 , -0.311666 , -0.0268869 , 0.366478 , -0.304849 , -0.0322167 , 0.373156
10.5229 , -0.315012 , -0.0285264 , 0.37363 , -0.308042 , -0.0322047 , 0.376423
10.5573 , -0.315831 , -0.028763 , 0.374881 , -0.312459 , -0.0304585 , 0.377827
10.5941 , -0.312487 , -0.026112 , 0.375714 , -0.317526 , -0.0324811 , 0.38038
10.6248 , -0.314784 , -0.0351838 , 0.378853 , -0.317967 , -0.0320118 , 0.379385
10.657 , -0.315762 , -0.0317911 , 0.376699 , -0.315462 , -0.0325771 , 0.378914
10.6909 , -0.313151 , -0.036179 , 0.376022 , -0.313221 , -0.0335606 , 0.37499
10.7251 , -0.311355 , -0.0371988 , 0.372587 , -0.310388 , -0.0388401 , 0.371184
10.7623 , -0.308207 , -0.043362 , 0.370394 , -0.306057 , -0.0414079 , 0.366833
10.7956 , -0.302928 , -0.0438063 , 0.367256 , -0.298776 , -0.0473506 , 0.365023
10.8326 , -0.296275 , -0.0495766 , 0.365765 , -0.290229 , -0.0514719 , 0.362303
10.8816 , -0.28986 , -0.0510179 , 0.363431 , -0.280351 , -0.0551165 , 0.358764
10.9291 , -0.281534 , -0.0542584 , 0.358353 , -0.282344 , -0.0564976 , 0.357921
10.9596 , -0.271801 , -0.0527182 , 0.352978 , -0.27624 , -0.0565849 , 0.356269
10.994 , -0.263491 , -0.0526262 , 0.348892 , -0.258292 , -0.0521524 , 0.351869
11.026 , -0.254905 , -0.0496326 , 0.343469 , -0.237342 , -0.0489868 , 0.342657
11.063 , -0.244625 , -0.0516197 , 0.335862 , -0.224177 , -0.0559995 , 0.336831
11.0976 , -0.231917 , -0.0580872 , 0.328933 , -0.219385 , -0.0612567 , 0.330336
11.1297 , -0.218181 , -0.0661704 , 0.322322 , -0.218074 , -0.0624712 , 0.32372
11.1614 , -0.205283 , -0.0665164 , 0.315771 , -0.219527 , -0.0616955 , 0.316463
11.2019 , -0.192188 , -0.0645641 , 0.309812 , -0.220315 , -0.0617363 , 0.310263
11.2466 , -0.179585 , -0.0653894 , 0.306152 , -0.218778 , -0.0661655 , 0.307556
11.2784 , -0.166639 , -0.0729879 , 0.305053 , -0.214524 , -0.070284 , 0.307987
11.3143 , -0.156356 , -0.0773472 , 0.305198 , -0.207699 , -0.0727555 , 0.312398
11.3487 , -0.146918 , -0.0766976 , 0.308667 , -0.196733 , -0.0755379 , 0.319243
11.3796 , -0.138095 , -0.0769947 , 0.311478 , -0.183916 , -0.0765226 , 0.325882
11.4141 , -0.128712 , -0.0786979 , 0.31232 , -0.170612 , -0.0749101 , 0.327806
11.4472 , -0.12085 , -0.0778564 , 0.316473 , -0.149537 , -0.0749878 , 0.325656
11.4807 , -0.111702 , -0.0801694 , 0.317389 , -0.128751 , -0.0791028 , 0.324574
11.5111 , -0.102809 , -0.0782385 , 0.316228 , -0.10576 , -0.0828788 , 0.319503
11.5468 , -0.093994 , -0.0810079 , 0.315766 , -0.0809239 , -0.0834033 , 0.308902
11.5783 , -0.0881981 , -0.0787845 , 0.314482 , -0.0570698 , -0.0866933 , 0.297614
11.6147 , -0.0811552 , -0.0782635 , 0.310851 , -0.0386498 , -0.0803848 , 0.287677
11.6473 , -0.0767503 , -0.0727228 , 0.307249 , -0.0285344 , -0.0770523 , 0.281954
11.679 , -0.0724282 , -0.070839 , 0.304119 , -0.0271808 , -0.0740168 , 0.283681
11.7159 , -0.0658133 , -0.073312 , 0.302742 , -0.0328052 , -0.0744451 , 0.290692
11.7501 , -0.0641231 , -0.073577 , 0.302196 , -0.0425635 , -0.0749619 , 0.298072
11.7846 , -0.0615775 , -0.0737539 , 0.302526 , -0.0488038 , -0.0724569 , 0.305543
11.8153 , -0.0599765 , -0.0741558 , 0.303145 , -0.0529468 , -0.0767257 , 0.309276
11.8538 , -0.0575241 , -0.0748298 , 0.303276 , -0.0554763 , -0.0738644 , 0.309855
11.8875 , -0.055546 , -0.074209 , 0.305609 , -0.0538289 , -0.0720908 , 0.309146
11.9229 , -0.0534589 , -0.0774508 , 0.307666 , -0.0504066 , -0.0706304 , 0.306784
11.9721 , -0.0508064 , -0.0743942 , 0.308794 , -0.0462817 , -0.0712309 , 0.304239
12.0194 , -0.0480819 , -0.0735325 , 0.308822 , -0.0434509 , -0.0747201 , 0.302814
12.0537 , -0.047451 , -0.0749443 , 0.30825 , -0.0411751 , -0.0739288 , 0.299483
12.0819 , -0.047702 , -0.0739292 , 0.305517 , -0.0384976 , -0.0753968 , 0.29936
12.1172 , -0.0461109 , -0.0753407 , 0.304568 , -0.0380903 , -0.0740184 , 0.300902
12.1477 , -0.0465398 , -0.0763029 , 0.301824 , -0.0398447 , -0.0788004 , 0.302934
12.1864 , -0.0463537 , -0.0802879 , 0.300953 , -0.038076 , -0.0771613 , 0.30572
12.2148 , -0.044294 , -0.0784709 , 0.299943 , -0.0388305 , -0.0825784 , 0.306132
12.2504 , -0.0438921 , -0.0782406 , 0.29748 , -0.0392091 , -0.0801946 , 0.307259
12.2857 , -0.0426338 , -0.0727727 , 0.294946 , -0.0386353 , -0.0779944 , 0.304785
12.3191 , -0.040818 , -0.0760247 , 0.292425 , -0.0347966 , -0.0778675 , 0.301421
12.35 , -0.0395876 , -0.078924 , 0.291573 , -0.0324403 , -0.0842858 , 0.298825
12.3847 , -0.0369967 , -0.0804294 , 0.292179 , -0.026735 , -0.0791638 , 0.294305
12.4182 , -0.0369274 , -0.0868932 , 0.290593 , -0.0244577 , -0.0792386 , 0.289326
12.453 , -0.0393069 , -0.0799955 , 0.290389 , -0.0239703 , -0.079479 , 0.285673
12.4836 , -0.0415878 , -0.0799106 , 0.289257 , -0.0253387 , -0.0810078 , 0.283318
12.522 , -0.0501182 , -0.0790353 , 0.289011 , -0.0330218 , -0.0770029 , 0.282782
12.5582 , -0.0579997 , -0.0750815 , 0.289688 , -0.0451423 , -0.0749565 , 0.286353
12.5897 , -0.065317 , -0.0723723 , 0.291011 , -0.0598405 , -0.0723942 , 0.289685
12.6235 , -0.0735976 , -0.0716078 , 0.294102 , -0.0724836 , -0.0730904 , 0.29248
12.6597 , -0.0807 , -0.0759511 , 0.294752 , -0.0798647 , -0.0728876 , 0.296987
12.6913 , -0.0859578 , -0.0777263 , 0.297686 , -0.0840891 , -0.0739845 , 0.302406
12.7236 , -0.0897622 , -0.0739638 , 0.302509 , -0.0858641 , -0.0703321 , 0.305761
12.7574 , -0.0961085 , -0.0735008 , 0.303482 , -0.0900907 , -0.0728387 , 0.309109
12.7951 , -0.102147 , -0.0744319 , 0.30345 , -0.0961596 , -0.0739341 , 0.312116
12.843 , -0.106188 , -0.0765883 , 0.307992 , -0.103686 , -0.075637 , 0.31431
12.8758 , -0.111196 , -0.0759912 , 0.310576 , -0.109646 , -0.0726458 , 0.314407
12.9071 , -0.114017 , -0.0733721 , 0.312657 , -0.114629 , -0.0738347 , 0.314864
12.9403 , -0.119526 , -0.0770668 , 0.314891 , -0.119878 , -0.0735967 , 0.314275
12.9735 , -0.122461 , -0.0727696 , 0.315578 , -0.122269 , -0.0755655 , 0.316122
13.0073 , -0.125131 , -0.0729847 , 0.321074 , -0.125098 , -0.0722905 , 0.316547
13.0469 , -0.129582 , -0.0741916 , 0.321858 , -0.127475 , -0.0795005 , 0.321168
13.0929 , -0.127139 , -0.0742233 , 0.323408 , -0.127018 , -0.0740286 , 0.323325
13.1283 , -0.12912 , -0.069566 , 0.327722 , -0.12773 , -0.0713116 , 0.327973
13.1653 , -0.130103 , -0.0666579 , 0.327574 , -0.132054 , -0.0687323 , 0.330569
13.2117 , -0.130919 , -0.0619887 , 0.326723 , -0.130236 , -0.0704325 , 0.333579
13.2479 , -0.133453 , -0.067538 , 0.325293 , -0.128464 , -0.0637227 , 0.333439
13.2928 , -0.13209 , -0.0657813 , 0.325081 , -0.128409 , -0.0670999 , 0.332919
13.3247 , -0.133179 , -0.0658043 , 0.322864 , -0.126427 , -0.0629063 , 0.333343
13.3601 , -0.129842 , -0.0627017 , 0.323245 , -0.127802 , -0.0644262 , 0.330066
13.3917 , -0.13063 , -0.0604993 , 0.320158 , -0.128739 , -0.0613916 , 0.32591
13.4283 , -0.131193 , -0.0592379 , 0.319139 , -0.129313 , -0.0583609 , 0.322156
13.4592 , -0.13117 , -0.0579187 , 0.317187 , -0.127303 , -0.0571518 , 0.318918
13.4926 , -0.13131 , -0.0607356 , 0.315445 , -0.127552 , -0.0594004 , 0.31735
13.5261 , -0.131035 , -0.0613853 , 0.314496 , -0.124928 , -0.0571519 , 0.315563
13.5595 , -0.128586 , -0.0610794 , 0.314601 , -0.124137 , -0.0588408 , 0.3146
13.5961 , -0.128145 , -0.0619184 , 0.313151 , -0.124261 , -0.0596997 , 0.314297
13.6271 , -0.125595 , -0.0556793 , 0.309861 , -0.122217 , -0.0554774 , 0.313359
13.6602 , -0.124809 , -0.0574267 , 0.308845 , -0.122395 , -0.0571887 , 0.312878
13.6958 , -0.12392 , -0.0587618 , 0.307419 , -0.122075 , -0.0576362 , 0.311435
13.7273 , -0.120853 , -0.0549902 , 0.30557 , -0.118295 , -0.0573254 , 0.311823
13.7639 , -0.118542 , -0.0573199 , 0.306362 , -0.118067 , -0.0631259 , 0.31063
13.7947 , -0.118452 , -0.0604473 , 0.305382 , -0.116043 , -0.0599229 , 0.30842
13.828 , -0.11771 , -0.0603357 , 0.30511 , -0.116713 , -0.0608816 , 0.307692
13.8634 , -0.117199 , -0.0610467 , 0.304144 , -0.116119 , -0.0576448 , 0.306673
13.8954 , -0.114255 , -0.0557895 , 0.303868 , -0.112611 , -0.0564912 , 0.306157
13.9316 , -0.11388 , -0.0564334 , 0.304091 , -0.110903 , -0.0562712 , 0.306726
13.9626 , -0.113335 , -0.05571 , 0.304515 , -0.111481 , -0.0631208 , 0.305678
13.9958 , -0.115308 , -0.0608886 , 0.303775 , -0.108327 , -0.0570578 , 0.305367
14.0313 , -0.111735 , -0.0561093 , 0.303433 , -0.108909 , -0.0555288 , 0.305304
14.0658 , -0.111491 , -0.0548086 , 0.302934 , -0.109668 , -0.0541765 , 0.305145
14.097 , -0.111382 , -0.0534737 , 0.302653 , -0.110027 , -0.0519445 , 0.30426
14.1302 , -0.110425 , -0.0540324 , 0.302159 , -0.110163 , -0.0529243 , 0.304904
14.1652 , -0.109961 , -0.0540758 , 0.302161 , -0.109604 , -0.0536666 , 0.304496
14.1986 , -0.109316 , -0.0558961 , 0.30128 , -0.108355 , -0.0540412 , 0.304092
14.2353 , -0.108241 , -0.0559726 , 0.301459 , -0.106576 , -0.0534473 , 0.304591
14.2686 , -0.110666 , -0.0593578 , 0.301947 , -0.106584 , -0.0556636 , 0.303912
14.301 , -0.10671 , -0.0551722 , 0.302232 , -0.104448 , -0.0551428 , 0.30401
14.3337 , -0.109989 , -0.0578074 , 0.301419 , -0.105758 , -0.0565456 , 0.303996
14.3662 , -0.109908 , -0.0574446 , 0.30055 , -0.106206 , -0.0569392 , 0.303265
14.4025 , -0.111056 , -0.0569435 , 0.300587 , -0.106741 , -0.0567207 , 0.303378
14.4371 , -0.111056 , -0.0569435 , 0.300587 , -0.108233 , -0.0541359 , 0.302938
14.4756 , -0.110159 , -0.0549263 , 0.299802 , -0.106574 , -0.0492175 , 0.30279
14.52 , -0.107482 , -0.0493948 , 0.299728 , -0.105595 , -0.049116 , 0.30238
14.5517 , -0.107042 , -0.0506738 , 0.299738 , -0.10501 , -0.0499057 , 0.302102
14.5855 , -0.106445 , -0.0515661 , 0.300897 , -0.104006 , -0.0507827 , 0.302558
14.6246 , -0.106618 , -0.0496858 , 0.298502 , -0.102889 , -0.0499505 , 0.301656
14.6738 , -0.10705 , -0.0508807 , 0.298421 , -0.103227 , -0.0503073 , 0.301238
14.7234 , -0.107424 , -0.0506707 , 0.298899 , -0.104604 , -0.0503478 , 0.30095
14.7721 , -0.106533 , -0.0510145 , 0.299672 , -0.10666 , -0.0499248 , 0.300991
14.8111 , -0.106906 , -0.0493558 , 0.299683 , -0.107056 , -0.0510109 , 0.301007
14.8603 , -0.106154 , -0.0503912 , 0.299403 , -0.105436 , -0.0519573 , 0.300542
14.9045 , -0.105281 , -0.0518167 , 0.300109 , -0.104104 , -0.0524123 , 0.299633
14.9385 , -0.105577 , -0.0537647 , 0.299991 , -0.102552 , -0.0532571 , 0.299996
14.9697 , -0.106375 , -0.053075 , 0.299943 , -0.102708 , -0.0529746 , 0.300579
15.0024 , -0.10626 , -0.0523918 , 0.298994 , -0.103661 , -0.051517 , 0.300403
15.0359 , -0.106368 , -0.0513812 , 0.297083 , -0.104325 , -0.0512097 , 0.29986
15.0723 , -0.106728 , -0.050027 , 0.298023 , -0.104647 , -0.0520532 , 0.300621
15.1101 , -0.106717 , -0.0518698 , 0.299322 , -0.103562 , -0.050874 , 0.300529
15.1562 , -0.106847 , -0.0514157 , 0.298852 , -0.105083 , -0.055081 , 0.300124
15.1875 , -0.108838 , -0.0566704 , 0.29875 , -0.106399 , -0.0575254 , 0.300048
15.2226 , -0.108914 , -0.0580457 , 0.298468 , -0.103669 , -0.0548712 , 0.299579
15.2543 , -0.106958 , -0.0526176 , 0.297466 , -0.102403 , -0.0534951 , 0.298587
15.2897 , -0.110604 , -0.0537929 , 0.297261 , -0.102447 , -0.0479034 , 0.298291
15.321 , -0.107826 , -0.0488158 , 0.297437 , -0.103527 , -0.048429 , 0.298296
15.3555 , -0.108661 , -0.0570995 , 0.297235 , -0.105899 , -0.0535876 , 0.298718
15.389 , -0.108779 , -0.0585688 , 0.297414 , -0.106591 , -0.0565452 , 0.298769
15.4239 , -0.109179 , -0.0573929 , 0.297094 , -0.10613 , -0.056239 , 0.298942
15.4553 , -0.104822 , -0.0540442 , 0.297696 , -0.103499 , -0.0551624 , 0.299469
15.4906 , -0.104519 , -0.053578 , 0.297321 , -0.102699 , -0.0530272 , 0.299108
15.5256 , -0.104442 , -0.0522569 , 0.296303 , -0.102339 , -0.0529891 , 0.298397
15.5569 , -0.104643 , -0.0527089 , 0.296428 , -0.102293 , -0.0522949 , 0.297365
15.5915 , -0.104497 , -0.0533366 , 0.296027 , -0.103594 , -0.0519316 , 0.296713
15.6269 , -0.105385 , -0.0525607 , 0.295888 , -0.103434 , -0.0522723 , 0.296527
15.6608 , -0.105281 , -0.0523034 , 0.295703 , -0.102665 , -0.0522535 , 0.296446
15.692 , -0.104909 , -0.0519816 , 0.29589 , -0.102676 , -0.0519427 , 0.297245
15.7308 , -0.105077 , -0.0501101 , 0.296184 , -0.101548 , -0.0509671 , 0.297126
15.7751 , -0.10515 , -0.0506544 , 0.29636 , -0.101234 , -0.0504712 , 0.296225
15.8076 , -0.10471 , -0.0501943 , 0.29559 , -0.101781 , -0.0503696 , 0.295566
15.8411 , -0.104889 , -0.0522716 , 0.294877 , -0.10336 , -0.0501326 , 0.295369
15.8776 , -0.105722 , -0.0517441 , 0.29494 , -0.103732 , -0.0509901 , 0.296145
15.9116 , -0.105665 , -0.0517573 , 0.295087 , -0.103406 , -0.0507927 , 0.296721
15.9427 , -0.105617 , -0.0511859 , 0.295063 , -0.103251 , -0.0498305 , 0.297309
15.9753 , -0.105734 , -0.050479 , 0.295016 , -0.103295 , -0.0495306 , 0.297152
16.0088 , -0.105859 , -0.0501399 , 0.294857 , -0.103334 , -0.0512425 , 0.296224
16.0455 , -0.105732 , -0.0516846 , 0.294707 , -0.103318 , -0.0514822 , 0.295794
16.0796 , -0.110791 , -0.0545047 , 0.294205 , -0.10392 , -0.0551578 , 0.295788
16.1117 , -0.109089 , -0.0561007 , 0.294482 , -0.102681 , -0.0500299 , 0.295906
16.1432 , -0.1065 , -0.0511507 , 0.294655 , -0.102775 , -0.050532 , 0.296255
16.1767 , -0.106822 , -0.0514295 , 0.295453 , -0.103615 , -0.0502202 , 0.296508
16.2132 , -0.107113 , -0.0503105 , 0.295502 , -0.104369 , -0.0505492 , 0.296128
16.2445 , -0.107299 , -0.0517416 , 0.295028 , -0.104952 , -0.0512243 , 0.296074
16.2774 , -0.110114 , -0.0566037 , 0.294322 , -0.106755 , -0.053959 , 0.295697
16.3118 , -0.110229 , -0.0559576 , 0.293932 , -0.104923 , -0.0503192 , 0.295315
16.3466 , -0.108723 , -0.0517466 , 0.294517 , -0.105221 , -0.0532983 , 0.296374
16.378 , -0.109235 , -0.0537871 , 0.295222 , -0.106673 , -0.0534382 , 0.297045
16.4144 , -0.109341 , -0.0538142 , 0.295087 , -0.107412 , -0.0521571 , 0.296622
16.4585 , -0.108581 , -0.0518066 , 0.294804 , -0.106615 , -0.0524491 , 0.29585
16.5073 , -0.107492 , -0.0530752 , 0.294926 , -0.106842 , -0.0520046 , 0.295856
16.557 , -0.108592 , -0.052566 , 0.294897 , -0.106046 , -0.0523122 , 0.295819
16.5995 , -0.108443 , -0.0518892 , 0.294454 , -0.105955 , -0.0518556 , 0.295348
16.636 , -0.108361 , -0.0534262 , 0.294914 , -0.105574 , -0.0527139 , 0.295815
16.6856 , -0.108361 , -0.0534262 , 0.294914 , -0.105392 , -0.0531418 , 0.295818
16.7372 , -0.108232 , -0.0513854 , 0.294181 , -0.105338 , -0.0520374 , 0.295311
16.7854 , -0.108241 , -0.0518446 , 0.293534 , -0.105948 , -0.0533448 , 0.295119
16.8232 , -0.108312 , -0.052452 , 0.292611 , -0.105977 , -0.0522908 , 0.294509
16.8659 , -0.109693 , -0.0581105 , 0.293671 , -0.107008 , -0.0558105 , 0.294439
16.8995 , -0.109693 , -0.0581105 , 0.293671 , -0.105146 , -0.0492043 , 0.292319
16.9329 , -0.108263 , -0.0513184 , 0.291883 , -0.104499 , -0.0504819 , 0.292141
16.9713 , -0.107474 , -0.0514704 , 0.293998 , -0.104685 , -0.0510921 , 0.293468
17.019 , -0.107947 , -0.0512345 , 0.292624 , -0.104916 , -0.0506925 , 0.293565
17.0555 , -0.10818 , -0.050014 , 0.292225 , -0.10354 , -0.0506054 , 0.292978
17.1013 , -0.107365 , -0.0522533 , 0.291904 , -0.103694 , -0.050603 , 0.293359
17.1358 , -0.10709 , -0.0521967 , 0.292361 , -0.104275 , -0.0510788 , 0.293545
17.1669 , -0.107157 , -0.0517434 , 0.291912 , -0.104536 , -0.0500921 , 0.293955
17.2003 , -0.107386 , -0.0507693 , 0.291579 , -0.104616 , -0.0503324 , 0.293885
17.2335 , -0.107386 , -0.0507693 , 0.291579 , -0.104414 , -0.0504863 , 0.29353
17.2691 , -0.107386 , -0.0507693 , 0.291579 , -0.104941 , -0.0558005 , 0.292536
17.304 , -0.109981 , -0.0542698 , 0.291293 , -0.106079 , -0.0554115 , 0.291672
17.3412 , -0.110055 , -0.054481 , 0.291243 , -0.106312 , -0.054791 , 0.292134
17.3891 , -0.110084 , -0.0547108 , 0.291114 , -0.104289 , -0.0477735 , 0.292242
17.4287 , -0.108113 , -0.048766 , 0.291413 , -0.103953 , -0.0482737 , 0.292485
17.4714 , -0.108113 , -0.048766 , 0.291413 , -0.104023 , -0.048517 , 0.292572
17.5061 , -0.108113 , -0.048766 , 0.291413 , -0.104284 , -0.0486078 , 0.292607
17.5428 , -0.110098 , -0.0528602 , 0.291364 , -0.106439 , -0.0510736 , 0.292936
17.5868 , -0.110382 , -0.0537096 , 0.291755 , -0.10714 , -0.0526005 , 0.292972
17.6193 , -0.110244 , -0.0544999 , 0.292144 , -0.107092 , -0.0531066 , 0.293179
17.653 , -0.110291 , -0.0540419 , 0.292308 , -0.105129 , -0.0484151 , 0.293924
17.6895 , -0.107854 , -0.049584 , 0.292746 , -0.10479 , -0.0489695 , 0.294309
17.724 , -0.107854 , -0.049584 , 0.292746 , -0.104913 , -0.0492533 , 0.29431
17.7551 , -0.107879 , -0.0498032 , 0.293157 , -0.108285 , -0.0548046 , 0.293651
17.7943 , -0.110447 , -0.0542493 , 0.292666 , -0.108147 , -0.0545634 , 0.294151
17.8446 , -0.110814 , -0.054393 , 0.292784 , -0.10841 , -0.0543589 , 0.293989
17.9101 , -0.110814 , -0.054393 , 0.292784 , -0.107695 , -0.0543354 , 0.293808
17.9431 , -0.109569 , -0.0490533 , 0.294059 , -0.104519 , -0.0520617 , 0.294546
17.9783 , -0.108031 , -0.0490498 , 0.294824 , -0.10367 , -0.0525646 , 0.295993
18.0274 , -0.107707 , -0.0503547 , 0.294799 , -0.104162 , -0.0513421 , 0.296331
