501

0.020882 , 0.043426 , 0.00906342 , -0.0157416 , 0.00453507 , 0.0183664 , -0.00582849
0.054045 , 0.0435036 , 0.00912498 , -0.015468 , -0.00527421 , 0.0275544 , -0.00671513
0.087796 , 0.0434937 , 0.00930245 , -0.0152526 , 0.0295807 , 0.0257533 , -0.0337406
0.124179 , 0.043894 , 0.00963839 , -0.0147682 , 0.0431923 , 0.0122259 , -0.0349843
0.158721 , 0.0439378 , 0.00962739 , -0.014338 , 0.0584404 , 0.00818298 , -0.0311445
0.192861 , 0.0441279 , 0.00952549 , -0.0145187 , 0.0578415 , 0.00657705 , -0.0257181
0.225502 , 0.0441279 , 0.00952549 , -0.0145187 , 0.0524598 , 0.00551546 , -0.0201125
0.257576 , 0.0440777 , 0.00951283 , -0.0146103 , 0.0481369 , 0.00560205 , -0.01664
0.290589 , 0.0441608 , 0.0096059 , -0.0146194 , 0.0461606 , 0.00680461 , -0.0150244
0.323218 , 0.0441608 , 0.0096059 , -0.0146194 , 0.0466494 , 0.00848438 , -0.0147709
0.359751 , 0.0443912 , 0.00985349 , -0.014372 , 0.0495233 , 0.0106866 , -0.0150709
0.3983 , 0.044604 , 0.00979074 , -0.0143027 , 0.0531909 , 0.0123425 , -0.0159029
0.444617 , 0.044604 , 0.00979074 , -0.0143027 , 0.0560483 , 0.0127278 , -0.015572
0.480799 , 0.044604 , 0.00979074 , -0.0143027 , 0.0589327 , 0.0126024 , -0.0150273
0.5301 , 0.0452988 , 0.0101893 , -0.0141595 , 0.0605143 , 0.0123198 , -0.0147139
0.573246 , 0.0452988 , 0.0101893 , -0.0141595 , 0.0636252 , 0.0118569 , -0.0127976
0.613303 , 0.0456145 , 0.0104954 , -0.0140677 , 0.0639646 , 0.0112708 , -0.0108091
0.646676 , 0.0456145 , 0.0104954 , -0.0140677 , 0.063314 , 0.0108561 , -0.00883417
0.681553 , 0.0464674 , 0.0105605 , -0.0138672 , 0.0606926 , 0.0109008 , -0.00760956
0.713328 , 0.0464674 , 0.0105605 , -0.0138672 , 0.0617062 , 0.0106525 , -0.00532902
0.750684 , 0.0469567 , 0.0107672 , -0.0138183 , 0.0587832 , 0.0108591 , -0.00361634
0.795257 , 0.0473834 , 0.0110541 , -0.0136769 , 0.0595314 , 0.0110837 , -0.00228269
0.827005 , 0.0473834 , 0.0110541 , -0.0136769 , 0.0620055 , 0.0112866 , -0.00171922
0.862966 , 0.0479056 , 0.0111094 , -0.0135063 , 0.062261 , 0.011492 , -0.00143462
0.898545 , 0.0484487 , 0.0109204 , -0.0137377 , 0.0593487 , 0.0116233 , -0.00143116
0.936522 , 0.0488862 , 0.0112892 , -0.0138745 , 0.0596819 , 0.0114965 , -0.00154341
0.978675 , 0.0492133 , 0.0114587 , -0.0138616 , 0.0604115 , 0.0114533 , -0.00169505
1.01109 , 0.0495538 , 0.0117105 , -0.0136661 , 0.0616578 , 0.0118714 , -0.00221012
1.04452 , 0.0498293 , 0.0117234 , -0.0139489 , 0.0633792 , 0.0119356 , -0.00254142
1.08136 , 0.0501458 , 0.0117558 , -0.0141618 , 0.0647456 , 0.011865 , -0.00288679
1.11248 , 0.0501812 , 0.0123803 , -0.0151209 , 0.0641558 , 0.012041 , -0.00334696
1.14533 , 0.0506309 , 0.0124895 , -0.0151883 , 0.0642181 , 0.012307 , -0.00373301
1.17887 , 0.0510349 , 0.0125606 , -0.0151801 , 0.0668341 , 0.012903 , -0.00424098
1.2123 , 0.0510359 , 0.013047 , -0.015234 , 0.0674971 , 0.0134119 , -0.00462217
1.25194 , 0.0507922 , 0.0144425 , -0.0159059 , 0.0669631 , 0.0143658 , -0.00490585
1.28513 , 0.0508681 , 0.0147325 , -0.0158733 , 0.0665723 , 0.0148818 , -0.00534617
1.31885 , 0.0512647 , 0.0150129 , -0.0161928 , 0.0641377 , 0.0171841 , -0.00612921
1.35105 , 0.0493863 , 0.0166739 , -0.0174009 , 0.0642498 , 0.0172285 , -0.0064817
1.38955 , 0.0494341 , 0.0165668 , -0.0176691 , 0.0640171 , 0.017189 , -0.00664078
1.4326 , 0.0496076 , 0.0168943 , -0.0177475 , 0.0642266 , 0.017397 , -0.00670215
1.46471 , 0.0496023 , 0.0171326 , -0.0178424 , 0.0644152 , 0.0175407 , -0.00683222
1.50419 , 0.0499795 , 0.0171384 , -0.0175102 , 0.0648012 , 0.0176555 , -0.00684564
1.54988 , 0.0502209 , 0.017053 , -0.0178509 , 0.0655373 , 0.0175975 , -0.00725984
1.58424 , 0.0505512 , 0.0168473 , -0.0180507 , 0.0656612 , 0.0173538 , -0.00790177
1.61582 , 0.0505784 , 0.0171039 , -0.018619 , 0.0655212 , 0.0175104 , -0.00883454
1.65428 , 0.0510157 , 0.0172463 , -0.0189487 , 0.0662132 , 0.0180454 , -0.00930598
1.68633 , 0.0511555 , 0.017512 , -0.0190784 , 0.0669149 , 0.0179232 , -0.00963822
1.71744 , 0.0512934 , 0.0177622 , -0.0196112 , 0.0665664 , 0.0185814 , -0.0101159
1.74921 , 0.0514345 , 0.0176743 , -0.0196553 , 0.0667881 , 0.0182423 , -0.0107414
1.78613 , 0.0517955 , 0.0183993 , -0.0204132 , 0.0677088 , 0.0188897 , -0.0119597
1.82081 , 0.0516163 , 0.0188298 , -0.0221322 , 0.0678742 , 0.0193361 , -0.0128062
1.85998 , 0.051806 , 0.0189111 , -0.0227247 , 0.068227 , 0.0196721 , -0.0130427
1.90423 , 0.0517345 , 0.019485 , -0.0232671 , 0.0678926 , 0.0202817 , -0.0139163
1.93718 , 0.0518656 , 0.0198172 , -0.0236876 , 0.0681587 , 0.0199857 , -0.0145158
1.96874 , 0.0519545 , 0.0195006 , -0.0243327 , 0.0684318 , 0.0202224 , -0.0153687
2.00467 , 0.0521489 , 0.019515 , -0.0250017 , 0.0685273 , 0.0194167 , -0.0160885
2.03619 , 0.0516791 , 0.0188246 , -0.0263866 , 0.0684638 , 0.0189813 , -0.0167817
2.07236 , 0.0523457 , 0.0192943 , -0.0273941 , 0.0688121 , 0.0195954 , -0.0176698
2.10488 , 0.0528797 , 0.0199173 , -0.0281198 , 0.0694002 , 0.0201114 , -0.0185038
2.13639 , 0.0536608 , 0.0205493 , -0.0288934 , 0.0716668 , 0.0210785 , -0.0194638
2.17107 , 0.0540351 , 0.0207242 , -0.0306407 , 0.0712438 , 0.0210247 , -0.0207661
2.20886 , 0.0541966 , 0.0208459 , -0.0336061 , 0.0717149 , 0.021246 , -0.0225536
2.26177 , 0.0549528 , 0.0206993 , -0.0347047 , 0.072318 , 0.0218406 , -0.0246405
2.31021 , 0.0559773 , 0.0205107 , -0.036511 , 0.0725701 , 0.0224128 , -0.0260988
2.35699 , 0.0565041 , 0.0211402 , -0.037654 , 0.0739074 , 0.0221427 , -0.0276144
2.38951 , 0.0573486 , 0.02129 , -0.0387707 , 0.075115 , 0.022149 , -0.029039
2.42752 , 0.0584097 , 0.0208384 , -0.0408704 , 0.0759489 , 0.0224051 , -0.0311933
2.47498 , 0.0595474 , 0.021116 , -0.0427779 , 0.0766877 , 0.0228201 , -0.0335645
2.50968 , 0.0602906 , 0.0202062 , -0.0452665 , 0.0772964 , 0.0220796 , -0.0359114
2.54435 , 0.0612323 , 0.0207917 , -0.0465627 , 0.0786333 , 0.0220229 , -0.0373853
2.59286 , 0.0623089 , 0.0204728 , -0.0476636 , 0.0791228 , 0.0217131 , -0.0390583
2.62801 , 0.0628935 , 0.0205332 , -0.0486884 , 0.0801396 , 0.0217247 , -0.0416295
2.67492 , 0.0640349 , 0.0205602 , -0.0497282 , 0.0815935 , 0.0215174 , -0.0440886
2.70612 , 0.0642721 , 0.0213585 , -0.0514699 , 0.0817289 , 0.0226985 , -0.0458467
2.73899 , 0.0652935 , 0.0191469 , -0.053129 , 0.0822242 , 0.0213851 , -0.0482063
2.77261 , 0.0661637 , 0.019809 , -0.0540284 , 0.0831537 , 0.0212927 , -0.0510843
2.80904 , 0.0668852 , 0.0194101 , -0.0548236 , 0.0839201 , 0.0216578 , -0.0532414
2.84326 , 0.0664205 , 0.01834 , -0.0554657 , 0.0840798 , 0.0234335 , -0.0547407
2.87412 , 0.0673127 , 0.0190214 , -0.0560224 , 0.0847753 , 0.0243524 , -0.0568732
2.90701 , 0.0688196 , 0.0161736 , -0.0564023 , 0.0844823 , 0.0234871 , -0.0600761
2.94015 , 0.06769 , 0.0176081 , -0.0555631 , 0.0818032 , 0.0244464 , -0.0630948
2.99259 , 0.0709295 , 0.0153128 , -0.0555216 , 0.0782539 , 0.02335 , -0.064783
3.02402 , 0.0681995 , 0.0136094 , -0.0532103 , 0.0798855 , 0.022534 , -0.0680094
3.06053 , 0.0712427 , 0.0142364 , -0.0502414 , 0.0803245 , 0.0213663 , -0.0726009
3.09508 , 0.0705365 , 0.0125605 , -0.0456237 , 0.0780894 , 0.0219841 , -0.0768021
3.12628 , 0.0721325 , 0.00641223 , -0.0428114 , 0.0761508 , 0.0233341 , -0.0797719
3.15829 , 0.0731397 , 0.00955694 , -0.0371766 , 0.0740763 , 0.0255998 , -0.0831709
3.1919 , 0.0749711 , 0.010204 , -0.0342063 , 0.0705984 , 0.0285877 , -0.0867604
3.22836 , 0.0761017 , 0.00899829 , -0.0331243 , 0.0666991 , 0.0310826 , -0.0926558
3.2777 , 0.0768041 , 0.00554127 , -0.0339835 , 0.0640362 , 0.0316694 , -0.0999775
3.30947 , 0.0817429 , 0.000590428 , -0.0331354 , 0.0625547 , 0.0338077 , -0.107015
3.34585 , 0.0832113 , -0.00189809 , -0.0350392 , 0.0614257 , 0.0310227 , -0.112354
3.37547 , 0.0851166 , -0.00633081 , -0.035769 , 0.0495352 , 0.036223 , -0.101551
3.41039 , 0.0862462 , -0.0105925 , -0.0361782 , 0.0678077 , 0.0251663 , -0.0789061
3.44394 , 0.0855183 , -0.0155253 , -0.035524 , 0.0813648 , 0.00419603 , -0.0589938
3.47804 , 0.0837938 , -0.0198035 , -0.0350373 , 0.0871135 , -0.013463 , -0.0448431
3.51503 , 0.0845233 , -0.0222915 , -0.0345403 , 0.087659 , -0.0234335 , -0.0354753
3.54855 , 0.0826537 , -0.0265508 , -0.0329092 , 0.0873536 , -0.0295022 , -0.0298565
3.57841 , 0.0835428 , -0.0269381 , -0.0329377 , 0.0909265 , -0.0311373 , -0.0263082
3.60919 , 0.0833992 , -0.0279536 , -0.0336067 , 0.0971384 , -0.0330121 , -0.0251626
3.64547 , 0.0848093 , -0.0320005 , -0.034537 , 0.104762 , -0.0338977 , -0.0247176
3.6761 , 0.0852192 , -0.0345132 , -0.035808 , 0.113074 , -0.032856 , -0.022227
3.71089 , 0.0852614 , -0.0363429 , -0.0370918 , 0.119115 , -0.034376 , -0.0201695
3.74329 , 0.0855022 , -0.0401194 , -0.0396838 , 0.122744 , -0.0375699 , -0.0193243
3.78275 , 0.0845532 , -0.0446865 , -0.0458339 , 0.124272 , -0.043015 , -0.0218486
3.81196 , 0.0841606 , -0.0485034 , -0.0498737 , 0.12391 , -0.0478329 , -0.0268878
3.84633 , 0.0846926 , -0.0530977 , -0.0571538 , 0.122353 , -0.0533393 , -0.0337334
3.87998 , 0.0842456 , -0.0567578 , -0.0628924 , 0.119148 , -0.0574767 , -0.0415795
3.91437 , 0.0846263 , -0.0607503 , -0.0705486 , 0.115677 , -0.06155 , -0.0511646
3.9481 , 0.0850331 , -0.0642711 , -0.0770365 , 0.111438 , -0.0648415 , -0.0621672
3.97967 , 0.0849237 , -0.0657529 , -0.0852233 , 0.107462 , -0.0695823 , -0.0744935
4.01516 , 0.0845177 , -0.0690771 , -0.0913266 , 0.102716 , -0.071379 , -0.086002
4.05178 , 0.0838044 , -0.0701896 , -0.0971407 , 0.098186 , -0.074676 , -0.0977883
4.08235 , 0.0840653 , -0.0725311 , -0.104475 , 0.0939405 , -0.0763814 , -0.1081
4.12096 , 0.0840573 , -0.0733171 , -0.111901 , 0.0901784 , -0.0778427 , -0.116361
4.16639 , 0.083824 , -0.0748092 , -0.119555 , 0.0868217 , -0.0804358 , -0.124371
4.20721 , 0.0820319 , -0.0758683 , -0.124748 , 0.109115 , -0.0923655 , -0.140027
4.25672 , 0.0816907 , -0.0766339 , -0.134575 , 0.106336 , -0.0987328 , -0.159496
4.30654 , 0.0812828 , -0.0759508 , -0.139867 , 0.100025 , -0.0974646 , -0.150968
4.35656 , 0.0817171 , -0.0751875 , -0.140233 , 0.10622 , -0.101156 , -0.140114
4.40622 , 0.0829746 , -0.070055 , -0.139667 , 0.107945 , -0.101538 , -0.128725
4.45319 , 0.0849046 , -0.068272 , -0.137408 , 0.103163 , -0.0971552 , -0.116257
4.4913 , 0.0884091 , -0.0635708 , -0.139152 , 0.103334 , -0.0957099 , -0.104158
4.53889 , 0.090896 , -0.0630863 , -0.142038 , 0.101874 , -0.0977969 , -0.0934984
4.57005 , 0.0918397 , -0.0554448 , -0.146241 , 0.101801 , -0.0965682 , -0.0842192
4.60088 , 0.0937143 , -0.0583675 , -0.14786 , 0.101952 , -0.0960312 , -0.0738231
4.639 , 0.0925501 , -0.052649 , -0.147756 , 0.099583 , -0.0956248 , -0.0680644
4.67786 , 0.0918406 , -0.0493004 , -0.146472 , 0.0991063 , -0.0953108 , -0.0640494
4.72558 , 0.0918264 , -0.0455397 , -0.140664 , 0.100437 , -0.092161 , -0.0606662
4.77461 , 0.0910529 , -0.0407919 , -0.130326 , 0.101995 , -0.0868118 , -0.0573609
4.82752 , 0.0904485 , -0.0368836 , -0.117452 , 0.101396 , -0.081093 , -0.0512362
4.8752 , 0.0877116 , -0.0315284 , -0.10201 , 0.0987336 , -0.0760738 , -0.0431993
4.91256 , 0.0854255 , -0.0261725 , -0.0871916 , 0.0956348 , -0.0718644 , -0.0330852
4.96114 , 0.0838774 , -0.0189665 , -0.0727068 , 0.0894268 , -0.057096 , -0.0429362
5.01043 , 0.0827398 , -0.0103979 , -0.0592156 , 0.104215 , -0.0294338 , -0.0476288
5.05992 , 0.0823413 , -0.0015694 , -0.0460471 , 0.107159 , -0.000277699 , -0.0396206
5.09525 , 0.0830437 , 0.0107374 , -0.0355484 , 0.100063 , 0.019182 , -0.0310474
5.14229 , 0.0844812 , 0.02095 , -0.0281386 , 0.0915837 , 0.0354346 , -0.0259372
5.17384 , 0.0860121 , 0.0328388 , -0.022632 , 0.0870264 , 0.0489043 , -0.0241288
5.20865 , 0.0870362 , 0.0442588 , -0.0175365 , 0.0878549 , 0.0590674 , -0.0248078
5.23753 , 0.0887654 , 0.0539371 , -0.0128068 , 0.0933634 , 0.0671985 , -0.0261462
5.27293 , 0.0912283 , 0.0631653 , -0.00947208 , 0.100925 , 0.0738591 , -0.0268127
5.30354 , 0.0926984 , 0.0715496 , -0.00561011 , 0.107494 , 0.078983 , -0.0260313
5.33866 , 0.0933624 , 0.0784825 , -0.00251828 , 0.112033 , 0.0834408 , -0.0237934
5.37675 , 0.0940584 , 0.0848357 , -0.000501359 , 0.114186 , 0.0874484 , -0.0205813
5.41556 , 0.0949418 , 0.0889468 , 0.000561134 , 0.114494 , 0.0917042 , -0.0171936
5.46293 , 0.0952354 , 0.0921949 , 0.00111316 , 0.11327 , 0.095832 , -0.0135461
5.50963 , 0.0957478 , 0.0953714 , 0.00204072 , 0.112157 , 0.0986058 , -0.00909118
5.54425 , 0.0954527 , 0.0978166 , 0.00187355 , 0.108665 , 0.102403 , -0.00425114
5.57239 , 0.09498 , 0.0995419 , 0.00283592 , 0.106355 , 0.103738 , 0.000446264
5.60526 , 0.0944328 , 0.101268 , 0.00433001 , 0.105003 , 0.105401 , 0.0052338
5.6406 , 0.093368 , 0.102654 , 0.00598995 , 0.102862 , 0.107387 , 0.0107275
5.67425 , 0.0920337 , 0.104247 , 0.00885637 , 0.101481 , 0.108927 , 0.0169797
5.70868 , 0.0906247 , 0.105789 , 0.0134264 , 0.100961 , 0.109017 , 0.0233497
5.73938 , 0.0894939 , 0.107061 , 0.0191448 , 0.100428 , 0.110186 , 0.0308041
5.77393 , 0.0876907 , 0.108632 , 0.0264296 , 0.0988623 , 0.111852 , 0.0404421
5.81348 , 0.0854098 , 0.109594 , 0.0363626 , 0.0982135 , 0.111862 , 0.0499077
5.84773 , 0.0827401 , 0.110514 , 0.0443196 , 0.0974039 , 0.114514 , 0.0590266
5.88156 , 0.0797607 , 0.110294 , 0.05227 , 0.0962664 , 0.113987 , 0.0671793
5.91005 , 0.076839 , 0.111247 , 0.0602691 , 0.0953368 , 0.115226 , 0.0752014
5.943 , 0.0740039 , 0.113315 , 0.0683233 , 0.0946698 , 0.11723 , 0.0824265
5.97976 , 0.0711852 , 0.115754 , 0.0759934 , 0.0944264 , 0.119772 , 0.0886899
6.013 , 0.0689173 , 0.116587 , 0.0821175 , 0.0947106 , 0.120476 , 0.0941022
6.0475 , 0.0670952 , 0.116991 , 0.0881835 , 0.0949546 , 0.119793 , 0.0977729
6.07745 , 0.0648863 , 0.117485 , 0.0929454 , 0.0952965 , 0.122237 , 0.100083
6.11064 , 0.06352 , 0.117967 , 0.0971601 , 0.14722 , 0.148536 , 0.125635
6.14701 , 0.0615407 , 0.118693 , 0.101343 , 0.108201 , 0.158386 , 0.135392
6.1825 , 0.0590724 , 0.11848 , 0.107648 , 0.0483676 , 0.141343 , 0.112796
6.21737 , 0.0568263 , 0.116977 , 0.110128 , 0.0304191 , 0.141583 , 0.0990565
6.25078 , 0.0541507 , 0.114625 , 0.113677 , 0.0271204 , 0.14251 , 0.0876549
6.28472 , 0.0541432 , 0.111169 , 0.115046 , 0.0251273 , 0.140886 , 0.0765873
6.33163 , 0.0546596 , 0.106052 , 0.113175 , 0.029585 , 0.138099 , 0.0663282
6.37338 , 0.0558524 , 0.100918 , 0.1119 , 0.03233 , 0.141618 , 0.0551021
6.41487 , 0.0580038 , 0.095999 , 0.111391 , 0.0345269 , 0.145155 , 0.0418897
6.44848 , 0.0586259 , 0.0938785 , 0.114814 , 0.0340775 , 0.149381 , 0.0365983
6.48106 , 0.0578387 , 0.0946343 , 0.121546 , 0.0344534 , 0.149496 , 0.0384061
6.51779 , 0.0540217 , 0.0916987 , 0.123205 , 0.0363741 , 0.145082 , 0.045015
6.55285 , 0.0534748 , 0.0890796 , 0.119288 , 0.0411067 , 0.138269 , 0.0509662
6.58417 , 0.0527383 , 0.0869429 , 0.110871 , 0.0442053 , 0.132299 , 0.0526385
6.61561 , 0.0533783 , 0.0847407 , 0.100776 , 0.0436125 , 0.124473 , 0.0691588
6.64846 , 0.0569656 , 0.0802887 , 0.0891668 , 0.060049 , 0.101335 , 0.0843037
6.68923 , 0.0610551 , 0.0735404 , 0.0750348 , 0.0688457 , 0.0752214 , 0.0836809
6.73308 , 0.0648724 , 0.0674153 , 0.0645531 , 0.0683054 , 0.0570609 , 0.0756532
6.76676 , 0.0700197 , 0.0604523 , 0.0587663 , 0.0680204 , 0.0458844 , 0.0689097
6.79678 , 0.068244 , 0.0608509 , 0.0505284 , 0.0690066 , 0.0394196 , 0.0650297
6.83136 , 0.0716589 , 0.0537336 , 0.0495612 , 0.0649728 , 0.0442592 , 0.0659895
6.86562 , 0.0674783 , 0.0522461 , 0.0489811 , 0.0737512 , 0.0419824 , 0.0686216
6.89933 , 0.0697649 , 0.0470202 , 0.048184 , 0.0824891 , 0.0392804 , 0.0712176
6.93383 , 0.0714185 , 0.0401871 , 0.0469002 , 0.0859799 , 0.0392162 , 0.0733021
6.96781 , 0.0710996 , 0.0328956 , 0.0452225 , 0.090452 , 0.0354426 , 0.0738834
7.00093 , 0.0726426 , 0.0262463 , 0.0418836 , 0.0885606 , 0.0223728 , 0.0700704
7.03198 , 0.0725161 , 0.0132453 , 0.0374861 , 0.088555 , 0.0143178 , 0.0655001
7.067 , 0.0748082 , 0.00548363 , 0.0341942 , 0.0863822 , 0.00575815 , 0.0586635
7.10139 , 0.0763204 , -0.00312836 , 0.0307189 , 0.0829012 , -0.00419289 , 0.0502812
7.13205 , 0.0768323 , -0.013041 , 0.0258254 , 0.078707 , -0.0155093 , 0.0411699
7.17037 , 0.0770481 , -0.0243774 , 0.0206018 , 0.0745797 , -0.0266839 , 0.0306305
7.20355 , 0.076619 , -0.0342396 , 0.014822 , 0.0715138 , -0.0364312 , 0.0192144
7.23277 , 0.0765164 , -0.0429667 , 0.00849155 , 0.0694579 , -0.0449985 , 0.00726299
7.27087 , 0.0757938 , -0.0504645 , 0.0014869 , 0.0690157 , -0.0526556 , -0.00390291
7.30137 , 0.0758199 , -0.0583579 , -0.00612774 , 0.0695027 , -0.0600662 , -0.0156644
7.33335 , 0.0772749 , -0.0663886 , -0.0182843 , 0.0712395 , -0.0671417 , -0.0278366
7.36889 , 0.0792319 , -0.0732178 , -0.0297157 , 0.0739203 , -0.0775193 , -0.0399517
7.40895 , 0.0805933 , -0.0778621 , -0.0421109 , 0.0790563 , -0.0849436 , -0.0530735
7.43722 , 0.0833262 , -0.0846595 , -0.05267 , 0.0852557 , -0.0899177 , -0.0661043
7.46762 , 0.085719 , -0.0886154 , -0.0628895 , 0.0906134 , -0.0950754 , -0.0771493
7.50117 , 0.088183 , -0.0925443 , -0.0740103 , 0.0978392 , -0.099294 , -0.0873343
7.53456 , 0.089602 , -0.095393 , -0.082641 , 0.106451 , -0.102958 , -0.0974756
7.57121 , 0.0922823 , -0.0996126 , -0.0899678 , 0.111334 , -0.106328 , -0.106441
7.60499 , 0.0964566 , -0.101288 , -0.103515 , 0.116615 , -0.105197 , -0.111513
7.63532 , 0.0982118 , -0.103515 , -0.112867 , 0.121703 , -0.105756 , -0.116383
7.67254 , 0.0989605 , -0.102703 , -0.121853 , 0.126933 , -0.106525 , -0.121642
7.70472 , 0.100701 , -0.10273 , -0.131953 , 0.131307 , -0.107433 , -0.126813
7.73904 , 0.103158 , -0.102822 , -0.143122 , 0.13459 , -0.106777 , -0.131399
7.77252 , 0.104508 , -0.102482 , -0.154853 , 0.134666 , -0.110137 , -0.133898
7.80312 , 0.104816 , -0.104888 , -0.166493 , 0.13504 , -0.108737 , -0.137681
7.83819 , 0.107282 , -0.105744 , -0.177378 , 0.132401 , -0.110391 , -0.140744
7.87186 , 0.107011 , -0.102117 , -0.184437 , 0.156875 , -0.121752 , -0.150742
7.90845 , 0.106294 , -0.0945692 , -0.183781 , 0.142639 , -0.126466 , -0.151467
7.94191 , 0.106168 , -0.0869376 , -0.182346 , 0.120214 , -0.120748 , -0.122155
7.97289 , 0.110037 , -0.0839018 , -0.18222 , 0.117457 , -0.123588 , -0.104916
8.00844 , 0.109871 , -0.0756554 , -0.176369 , 0.114071 , -0.12036 , -0.0904832
8.04027 , 0.109473 , -0.0671986 , -0.170271 , 0.112622 , -0.110051 , -0.0884869
8.07667 , 0.11048 , -0.0624604 , -0.166382 , 0.11866 , -0.0974304 , -0.0937546
8.10729 , 0.109386 , -0.0562167 , -0.163969 , 0.1276 , -0.0897776 , -0.0973541
8.14162 , 0.107921 , -0.0528459 , -0.157437 , 0.133069 , -0.0858828 , -0.0921616
8.17588 , 0.105012 , -0.0485601 , -0.146509 , 0.132883 , -0.0790686 , -0.0846405
8.20973 , 0.101373 , -0.041975 , -0.131156 , 0.129472 , -0.0721991 , -0.0749217
8.24137 , 0.0973523 , -0.0359239 , -0.111829 , 0.12557 , -0.0648405 , -0.0658955
8.27865 , 0.0927658 , -0.0261811 , -0.0926646 , 0.120188 , -0.0557505 , -0.0566018
8.31363 , 0.0879563 , -0.0163107 , -0.0736718 , 0.112397 , -0.0411822 , -0.0540493
8.34732 , 0.0878723 , -0.00729532 , -0.0613617 , 0.116328 , -0.0158006 , -0.0428091
8.38254 , 0.0870894 , 0.0034719 , -0.0487594 , 0.114332 , 0.0102083 , -0.0313463
8.4255 , 0.0873609 , 0.0175591 , -0.0395304 , 0.108617 , 0.0304759 , -0.0222621
8.45914 , 0.0877094 , 0.0325937 , -0.031167 , 0.103281 , 0.0471262 , -0.0159822
8.49362 , 0.0885825 , 0.0445786 , -0.0239369 , 0.0988506 , 0.0634902 , -0.0142579
8.5242 , 0.0890622 , 0.0554239 , -0.0192794 , 0.0992396 , 0.0750329 , -0.0157421
8.55877 , 0.0900279 , 0.066856 , -0.0158927 , 0.103378 , 0.084089 , -0.0171947
8.59332 , 0.0919412 , 0.0778634 , -0.0146997 , 0.110551 , 0.0906031 , -0.0162104
8.62682 , 0.0947071 , 0.0863258 , -0.0106333 , 0.119071 , 0.0947475 , -0.0129324
8.66156 , 0.0973585 , 0.0937523 , -0.00842055 , 0.124312 , 0.0988947 , -0.00897629
8.69256 , 0.0981172 , 0.100099 , -0.00712452 , 0.128058 , 0.102472 , -0.00606946
8.72734 , 0.099504 , 0.104185 , -0.00636541 , 0.132064 , 0.106794 , -0.00328925
8.76186 , 0.0996187 , 0.10861 , -0.00580533 , 0.133796 , 0.111115 , 1.39403e-05
8.7937 , 0.099683 , 0.11074 , -0.00576085 , 0.133436 , 0.113252 , 0.00313934
8.82984 , 0.101052 , 0.112529 , -0.00418832 , 0.131922 , 0.115573 , 0.00799941
8.86348 , 0.100155 , 0.115903 , -0.00216003 , 0.128852 , 0.117763 , 0.0138171
8.89449 , 0.0987375 , 0.118153 , 0.00190929 , 0.125566 , 0.120106 , 0.0202474
8.92974 , 0.0851165 , 0.120819 , 0.0140607 , 0.120048 , 0.122389 , 0.0292555
8.96035 , 0.0857467 , 0.123378 , 0.0178422 , 0.116032 , 0.128573 , 0.0384265
8.99804 , 0.0791505 , 0.127452 , 0.0313856 , 0.113594 , 0.130917 , 0.048927
9.02885 , 0.0746579 , 0.131491 , 0.0455464 , 0.11059 , 0.133836 , 0.06231
9.06312 , 0.0695418 , 0.135316 , 0.0601887 , 0.107725 , 0.136944 , 0.0757024
9.09594 , 0.0647188 , 0.138355 , 0.073244 , 0.104416 , 0.140301 , 0.0875477
9.13226 , 0.0613064 , 0.141906 , 0.0793291 , 0.10216 , 0.143022 , 0.0967139
9.16561 , 0.0576938 , 0.144214 , 0.0882738 , 0.10014 , 0.145141 , 0.103877
9.20299 , 0.0558116 , 0.145652 , 0.0929726 , 0.097556 , 0.147051 , 0.110064
9.23336 , 0.0531073 , 0.145726 , 0.0994541 , 0.0955501 , 0.147831 , 0.114744
9.26353 , 0.0512355 , 0.145371 , 0.10377 , 0.0940878 , 0.147324 , 0.115652
9.30005 , 0.0491205 , 0.144548 , 0.106451 , 0.0924832 , 0.14761 , 0.115149
9.33204 , 0.0458707 , 0.144036 , 0.111993 , 0.128783 , 0.167444 , 0.131153
9.36755 , 0.0431965 , 0.140808 , 0.115551 , 0.0942573 , 0.179406 , 0.144916
9.40489 , 0.0408479 , 0.134734 , 0.116254 , 0.0649171 , 0.185662 , 0.114958
9.45212 , 0.0398519 , 0.131723 , 0.117442 , 0.0491173 , 0.193236 , 0.0898926
9.48764 , 0.0393637 , 0.127029 , 0.120778 , 0.0399713 , 0.195352 , 0.0696937
9.51917 , 0.0387336 , 0.121742 , 0.121777 , 0.0344737 , 0.195146 , 0.0517169
9.55307 , 0.0384797 , 0.118574 , 0.123009 , 0.0350034 , 0.191907 , 0.0374956
9.58582 , 0.0393904 , 0.114421 , 0.124086 , 0.0292341 , 0.188964 , 0.0318194
9.61714 , 0.040533 , 0.111243 , 0.12539 , 0.0329003 , 0.181761 , 0.0367822
9.65414 , 0.0426621 , 0.110514 , 0.128623 , 0.0349522 , 0.17798 , 0.0458323
9.68795 , 0.0439949 , 0.109798 , 0.13224 , 0.0364628 , 0.175167 , 0.0584314
9.72009 , 0.0426614 , 0.108644 , 0.129506 , 0.0392648 , 0.16879 , 0.0637271
9.75516 , 0.043033 , 0.10709 , 0.119552 , 0.0421648 , 0.160394 , 0.0628221
9.79075 , 0.0449706 , 0.101423 , 0.106111 , 0.0443975 , 0.151648 , 0.0562161
9.82527 , 0.0484356 , 0.0941152 , 0.0922033 , 0.0405212 , 0.144862 , 0.0562315
9.8734 , 0.0519411 , 0.0857591 , 0.0798499 , 0.0522275 , 0.120629 , 0.0562122
9.90847 , 0.0554075 , 0.0775272 , 0.0708673 , 0.0580116 , 0.096498 , 0.0563518
9.94225 , 0.0560146 , 0.0690573 , 0.0646872 , 0.0570282 , 0.0770951 , 0.059081
9.98586 , 0.0583189 , 0.0618475 , 0.0613975 , 0.0493505 , 0.0631052 , 0.0619464
10.0195 , 0.0553822 , 0.0528886 , 0.0568035 , 0.0502796 , 0.0525989 , 0.0672546
10.0543 , 0.0532322 , 0.0462946 , 0.0512721 , 0.0543121 , 0.0440177 , 0.069876
10.0876 , 0.0551089 , 0.037199 , 0.0487301 , 0.0617401 , 0.0375082 , 0.0700912
10.1182 , 0.0574129 , 0.0278379 , 0.0463432 , 0.0700464 , 0.0320978 , 0.0705259
10.1538 , 0.0553104 , 0.0170656 , 0.043481 , 0.0767493 , 0.0269086 , 0.0674848
10.1874 , 0.0585714 , 0.00935712 , 0.0406853 , 0.081628 , 0.0205788 , 0.0626084
10.2217 , 0.0580312 , 0.000555183 , 0.0366302 , 0.0846501 , 0.012649 , 0.0557898
10.2525 , 0.0582405 , -0.00884963 , 0.0322503 , 0.083362 , 0.00277444 , 0.0479299
10.2879 , 0.0561426 , -0.0230201 , 0.0259238 , 0.0794397 , -0.00793953 , 0.0400409
10.3216 , 0.055006 , -0.0296001 , 0.0207391 , 0.0749622 , -0.0193071 , 0.031925
10.353 , 0.0540736 , -0.0388608 , 0.0150158 , 0.0706313 , -0.0330401 , 0.019336
10.3897 , 0.0522022 , -0.0492584 , 0.00733213 , 0.0664644 , -0.042379 , 0.0067597
10.4263 , 0.0515178 , -0.0616331 , -0.00341831 , 0.0653287 , -0.0519647 , -0.00942907
10.4562 , 0.0550045 , -0.0679183 , -0.0159051 , 0.067019 , -0.0603421 , -0.0276881
10.4895 , 0.0585692 , -0.073703 , -0.0314957 , 0.0686803 , -0.0673854 , -0.0455313
10.5229 , 0.0605049 , -0.078568 , -0.0461093 , 0.071833 , -0.0716608 , -0.0624641
10.5573 , 0.0623398 , -0.0832954 , -0.0582874 , 0.0740979 , -0.0747275 , -0.0782911
10.5941 , 0.0641565 , -0.0870393 , -0.0679339 , 0.0757268 , -0.0812607 , -0.0933696
10.6248 , 0.0673449 , -0.0907352 , -0.0831328 , 0.0785121 , -0.0841644 , -0.105883
10.657 , 0.0689284 , -0.0930667 , -0.0929302 , 0.0801009 , -0.0859289 , -0.11515
10.6909 , 0.0712995 , -0.0931628 , -0.103047 , 0.0855614 , -0.088121 , -0.124484
10.7251 , 0.0726742 , -0.0936174 , -0.109631 , 0.0907868 , -0.0907909 , -0.132839
10.7623 , 0.0754181 , -0.0947336 , -0.117599 , 0.0944104 , -0.0907086 , -0.138366
10.7956 , 0.0770382 , -0.0956462 , -0.125462 , 0.097876 , -0.0928746 , -0.143383
10.8326 , 0.0787099 , -0.0980346 , -0.134148 , 0.101039 , -0.0936728 , -0.146721
10.8816 , 0.079167 , -0.100249 , -0.140944 , 0.10249 , -0.0948413 , -0.148945
10.9291 , 0.0786767 , -0.102211 , -0.149122 , 0.145646 , -0.119414 , -0.171345
10.9596 , 0.078246 , -0.103141 , -0.157373 , 0.112674 , -0.119151 , -0.190124
10.994 , 0.0773661 , -0.103181 , -0.164569 , 0.0891898 , -0.111519 , -0.191107
11.026 , 0.0778112 , -0.0998345 , -0.167219 , 0.0726636 , -0.109702 , -0.173054
11.063 , 0.0771248 , -0.0967496 , -0.16355 , 0.0724249 , -0.107382 , -0.15745
11.0976 , 0.0775284 , -0.0921943 , -0.159153 , 0.0704501 , -0.105459 , -0.142961
11.1297 , 0.0788866 , -0.0884683 , -0.155035 , 0.0706702 , -0.106218 , -0.127534
11.1614 , 0.0790471 , -0.0851393 , -0.151852 , 0.0664336 , -0.10594 , -0.111862
11.2019 , 0.0788193 , -0.0815182 , -0.149531 , 0.0627183 , -0.10675 , -0.0966066
11.2466 , 0.077413 , -0.079455 , -0.147529 , 0.0576475 , -0.110023 , -0.0816168
11.2784 , 0.0773721 , -0.0786797 , -0.145618 , 0.0561801 , -0.111471 , -0.0711268
11.3143 , 0.076189 , -0.0786231 , -0.136438 , 0.0516202 , -0.103939 , -0.0642988
11.3487 , 0.0748705 , -0.0701401 , -0.134242 , 0.0561785 , -0.102163 , -0.063866
11.3796 , 0.0737602 , -0.0638275 , -0.125308 , 0.0614338 , -0.0937806 , -0.061957
11.4141 , 0.0722522 , -0.0546679 , -0.112154 , 0.0606794 , -0.0801113 , -0.0536644
11.4472 , 0.0715842 , -0.044233 , -0.100837 , 0.0623862 , -0.0636323 , -0.0652789
11.4807 , 0.0708525 , -0.0316841 , -0.0871885 , 0.0748735 , -0.0412957 , -0.0736241
11.5111 , 0.0702007 , -0.023421 , -0.0724676 , 0.0836943 , -0.0155258 , -0.0718376
11.5468 , 0.068399 , -0.01244 , -0.0553894 , 0.0881677 , 0.00654602 , -0.0637614
11.5783 , 0.0732783 , -0.00639133 , -0.0474702 , 0.0825275 , 0.0202423 , -0.0514802
11.6147 , 0.0709231 , 0.000467215 , -0.036655 , 0.0814824 , 0.0314599 , -0.0433078
11.6473 , 0.0752096 , 0.00960103 , -0.0333201 , 0.0817123 , 0.0382251 , -0.040065
11.679 , 0.0774593 , 0.018041 , -0.0293886 , 0.0846332 , 0.041308 , -0.0410212
11.7159 , 0.0785055 , 0.0241283 , -0.029785 , 0.0918108 , 0.042729 , -0.0449968
11.7501 , 0.0805196 , 0.0307458 , -0.028992 , 0.0979138 , 0.0449363 , -0.0498293
11.7846 , 0.0806779 , 0.0354704 , -0.0302603 , 0.102402 , 0.047881 , -0.0559257
11.8153 , 0.0841185 , 0.0389946 , -0.0292484 , 0.102517 , 0.05376 , -0.0637197
11.8538 , 0.0835091 , 0.0437021 , -0.0325544 , 0.103564 , 0.0586768 , -0.0668179
11.8875 , 0.0839203 , 0.0459501 , -0.0329731 , 0.103139 , 0.0615365 , -0.0660632
11.9229 , 0.0829546 , 0.0488335 , -0.0354416 , 0.103088 , 0.0620076 , -0.0638709
11.9721 , 0.0827735 , 0.0504919 , -0.0346766 , 0.098462 , 0.0643014 , -0.0595659
12.0194 , 0.0810853 , 0.0529495 , -0.0321899 , 0.0924049 , 0.0660101 , -0.0528354
12.0537 , 0.078672 , 0.0554606 , -0.0301819 , 0.0859688 , 0.0680076 , -0.0450713
12.0819 , 0.0752377 , 0.0580284 , -0.0269905 , 0.0798609 , 0.0695125 , -0.0381102
12.1172 , 0.0712077 , 0.0596721 , -0.0240581 , 0.074612 , 0.0716208 , -0.0329498
12.1477 , 0.0662981 , 0.0614405 , -0.0202499 , 0.0690729 , 0.0732703 , -0.026702
12.1864 , 0.0616783 , 0.0629434 , -0.0133516 , 0.0674698 , 0.0725998 , -0.020923
12.2148 , 0.0581258 , 0.0617364 , -0.009985 , 0.0665155 , 0.0726968 , -0.0163445
12.2504 , 0.0543946 , 0.0597606 , -0.00685611 , 0.0667458 , 0.0727138 , -0.00980871
12.2857 , 0.0514312 , 0.057961 , -0.000838809 , 0.0664858 , 0.0718436 , -0.00574209
12.3191 , 0.0480428 , 0.0555464 , 0.00348645 , 0.0683003 , 0.0683103 , 0.000558407
12.35 , 0.0450847 , 0.0508986 , 0.00793659 , 0.0678513 , 0.0659275 , 0.00763832
12.3847 , 0.0438868 , 0.0467581 , 0.0165162 , 0.0663082 , 0.0624701 , 0.0157259
12.4182 , 0.0388141 , 0.0413803 , 0.0206224 , 0.0640247 , 0.0552914 , 0.026276
12.453 , 0.0367131 , 0.0345455 , 0.0257221 , 0.0599194 , 0.048249 , 0.0354925
12.4836 , 0.0345011 , 0.028134 , 0.030532 , 0.0537867 , 0.0407036 , 0.0380517
12.522 , 0.0316806 , 0.0194521 , 0.0317127 , 0.0499956 , 0.0315353 , 0.0305257
12.5582 , 0.0304345 , 0.0110057 , 0.0295639 , 0.0477656 , 0.0200538 , 0.0232514
12.5897 , 0.0300298 , 0.00268952 , 0.0236519 , 0.0628588 , 0.00717524 , 0.0176813
12.6235 , 0.0302516 , -0.00651422 , 0.0202768 , 0.06264 , -3.68204e-06 , 0.0119261
12.6597 , 0.027161 , -0.0109387 , 0.0192609 , 0.0545434 , -0.00375199 , 0.00674386
12.6913 , 0.0258644 , -0.0141724 , 0.0193927 , 0.0493498 , -0.00259681 , 0.00345477
12.7236 , 0.0256751 , -0.0118022 , 0.0234504 , 0.0415372 , -0.00525448 , -0.000449806
12.7574 , 0.0264664 , -0.0177206 , 0.0227287 , 0.037827 , -0.00470153 , -0.00209439
12.7951 , 0.0253353 , -0.0174046 , 0.025261 , 0.0388886 , -0.00189885 , -0.00314954
12.843 , 0.0235312 , -0.0169476 , 0.0300648 , 0.0422003 , 0.000465158 , -0.00345776
12.8758 , 0.0227568 , -0.0128724 , 0.0302608 , 0.038488 , 0.00237075 , -0.00260525
12.9071 , 0.0221487 , -0.0101272 , 0.0290885 , 0.0396805 , 0.00773722 , -0.00188418
12.9403 , 0.0207808 , -0.00409087 , 0.0256349 , 0.0366933 , 0.0096476 , -0.00203379
12.9735 , 0.0211757 , -0.00166775 , 0.0221569 , 0.0360652 , 0.0130503 , -0.00295022
13.0073 , 0.0221345 , 0.00318298 , 0.018273 , 0.0381343 , 0.0151239 , -0.00280105
13.0469 , 0.0220376 , 0.00423855 , 0.0135051 , 0.0407206 , 0.0152118 , -0.00460636
13.0929 , 0.0229842 , 0.00609331 , 0.0123426 , 0.0420798 , 0.0191649 , -0.00593207
13.1283 , 0.0228538 , 0.0063432 , 0.0112873 , 0.0427247 , 0.0152522 , -0.00495282
13.1653 , 0.0222329 , 0.0063903 , 0.0107822 , 0.0396272 , 0.016851 , -0.00592612
13.2117 , 0.0226321 , 0.00694234 , 0.0109607 , 0.035719 , 0.0174649 , -0.00668872
13.2479 , 0.0210149 , 0.00788818 , 0.0111721 , 0.0383281 , 0.01948 , -0.00649316
13.2928 , 0.0204599 , 0.00799324 , 0.0113278 , 0.036824 , 0.0202892 , -0.00640965
13.3247 , 0.0195565 , 0.00795116 , 0.0110226 , 0.0367029 , 0.0183042 , -0.00563145
13.3601 , 0.0202871 , 0.00853413 , 0.0105147 , 0.0382819 , 0.0189155 , -0.0061242
13.3917 , 0.0204125 , 0.0074571 , 0.00913944 , 0.0383516 , 0.019703 , -0.00848082
13.4283 , 0.0202184 , 0.00651601 , 0.00643 , 0.0378588 , 0.0157295 , -0.0104026
13.4592 , 0.0195755 , 0.00458423 , 0.003562 , 0.0410614 , 0.0121996 , -0.0126676
13.4926 , 0.0193749 , 0.0028692 , 0.000392268 , 0.0396431 , 0.00944293 , -0.0146728
13.5261 , 0.0187357 , 0.00183349 , -0.000312895 , 0.0356415 , 0.00970939 , -0.0156588
13.5595 , 0.0191548 , 0.00165227 , -0.000860394 , 0.0359262 , 0.00911821 , -0.0166508
13.5961 , 0.0175112 , 1.38967e-05 , -0.00208305 , 0.0343028 , 0.0073301 , -0.0172127
13.6271 , 0.019101 , 0.000442842 , -0.00210272 , 0.0300632 , 0.0101393 , -0.0183616
13.6602 , 0.0192666 , 0.0013137 , -0.0018997 , 0.0324442 , 0.00909158 , -0.0187662
13.6958 , 0.0187017 , 0.00248388 , -0.0020157 , 0.0364109 , 0.0108959 , -0.018935
13.7273 , 0.0187515 , 0.00154141 , -0.00190311 , 0.0359678 , 0.0117152 , -0.0193616
13.7639 , 0.0186401 , 0.00238661 , -0.0014324 , 0.0336151 , 0.010596 , -0.0198236
13.7947 , 0.0180765 , 0.00363758 , -0.00114683 , 0.0339336 , 0.0120039 , -0.0189843
13.828 , 0.0185691 , 0.00448269 , -0.000936673 , 0.0352438 , 0.012921 , -0.0179927
13.8634 , 0.0181088 , 0.00539967 , -0.000514602 , 0.036157 , 0.0149511 , -0.0162183
13.8954 , 0.018761 , 0.00675659 , 0.00076315 , 0.0335022 , 0.0160316 , -0.014948
13.9316 , 0.0187004 , 0.00798992 , 0.00168473 , 0.0358872 , 0.0162244 , -0.0128548
13.9626 , 0.0184603 , 0.00838451 , 0.0028424 , 0.0345066 , 0.0160779 , -0.012195
13.9958 , 0.0184557 , 0.0101837 , 0.00167984 , 0.0337676 , 0.01783 , -0.0114714
14.0313 , 0.0202426 , 0.0110135 , 0.00348371 , 0.0369456 , 0.018201 , -0.0114639
14.0658 , 0.0196892 , 0.0104805 , 0.00388966 , 0.0365051 , 0.017009 , -0.0108212
14.097 , 0.0198627 , 0.00996969 , 0.00340577 , 0.0357276 , 0.0182734 , -0.0101572
14.1302 , 0.0201446 , 0.0113886 , 0.00305713 , 0.0423445 , 0.0190458 , -0.0103813
14.1652 , 0.0199278 , 0.011482 , 0.00328978 , 0.0424026 , 0.0183514 , -0.0104715
14.1986 , 0.0195409 , 0.012012 , 0.00378179 , 0.0404088 , 0.0201597 , -0.00993855
14.2353 , 0.0192384 , 0.0120818 , 0.00428438 , 0.0386258 , 0.0207844 , -0.00923792
14.2686 , 0.018648 , 0.0120794 , 0.00344307 , 0.0362653 , 0.0193885 , -0.00938741
14.301 , 0.019786 , 0.0119276 , 0.00288591 , 0.0344193 , 0.0192001 , -0.00908548
14.3337 , 0.0190461 , 0.0112103 , 0.00177887 , 0.0385153 , 0.0191792 , -0.00867216
14.3662 , 0.0190997 , 0.0112735 , 0.00202496 , 0.0355789 , 0.019227 , -0.00958612
14.4025 , 0.0193374 , 0.0115356 , 0.00213688 , 0.0345586 , 0.0194903 , -0.00973938
14.4371 , 0.0193374 , 0.0115356 , 0.00213688 , 0.0397579 , 0.0185069 , -0.00870799
14.4756 , 0.0186398 , 0.0117486 , 0.00236414 , 0.0416971 , 0.0203075 , -0.0070768
14.52 , 0.0206368 , 0.0132263 , 0.00237517 , 0.0403333 , 0.0206715 , -0.00718902
14.5517 , 0.0204169 , 0.0131854 , 0.00177723 , 0.0412061 , 0.0207604 , -0.00794589
14.5855 , 0.0206062 , 0.0129039 , 0.00132803 , 0.0383683 , 0.0205387 , -0.00807109
14.6246 , 0.0213306 , 0.0127791 , 0.00114272 , 0.0347011 , 0.0209028 , -0.0086739
14.6738 , 0.0213058 , 0.0127881 , 0.00121243 , 0.038214 , 0.0208425 , -0.00856522
14.7234 , 0.0218941 , 0.0119991 , 0.00115248 , 0.0410616 , 0.0199897 , -0.00856761
14.7721 , 0.0216128 , 0.0114758 , 0.00108023 , 0.0438533 , 0.0190523 , -0.00860304
14.8111 , 0.0224972 , 0.0111391 , -7.53932e-05 , 0.0420587 , 0.0182193 , -0.00859996
14.8603 , 0.0222265 , 0.0111876 , -0.000372826 , 0.0417767 , 0.0184913 , -0.00754104
14.9045 , 0.0232412 , 0.0115014 , -0.00100954 , 0.0420295 , 0.0186328 , -0.00790393
14.9385 , 0.0229211 , 0.0125577 , -0.000858808 , 0.0373681 , 0.0189893 , -0.0084155
14.9697 , 0.0234541 , 0.0120429 , -0.000872513 , 0.0401765 , 0.0198588 , -0.00945952
15.0024 , 0.0234934 , 0.011975 , -0.00074301 , 0.041266 , 0.0185768 , -0.00928485
15.0359 , 0.0231553 , 0.0125627 , -0.000535209 , 0.0413696 , 0.0197475 , -0.00969174
15.0723 , 0.0235756 , 0.0122711 , -0.00154161 , 0.0431699 , 0.0205543 , -0.0103803
15.1101 , 0.0236178 , 0.0124238 , -0.00183623 , 0.0413745 , 0.020138 , -0.00977661
15.1562 , 0.0241768 , 0.0124928 , -0.00183032 , 0.040629 , 0.0196621 , -0.00936051
15.1875 , 0.0228778 , 0.0124143 , -0.00155593 , 0.0440585 , 0.0191415 , -0.00919786
15.2226 , 0.0228171 , 0.0123584 , -0.0013711 , 0.0436879 , 0.0195165 , -0.00809506
15.2543 , 0.024791 , 0.0125008 , -0.000593109 , 0.0387886 , 0.0201877 , -0.00789324
15.2897 , 0.02312 , 0.0123974 , -0.00397746 , 0.0446546 , 0.0206198 , -0.00854936
15.321 , 0.0239959 , 0.0129434 , -0.00344439 , 0.0419875 , 0.0202421 , -0.00868135
15.3555 , 0.0226772 , 0.0122512 , -0.00249463 , 0.0448959 , 0.019331 , -0.00889874
15.389 , 0.0225844 , 0.0122359 , -0.0020214 , 0.0410706 , 0.0194134 , -0.00930111
15.4239 , 0.0224391 , 0.0119081 , -0.00148476 , 0.0377675 , 0.0196163 , -0.00921514
15.4553 , 0.0236956 , 0.0124282 , -0.000421681 , 0.03994 , 0.0194622 , -0.00817741
15.4906 , 0.0235345 , 0.0125288 , -0.000516517 , 0.0411261 , 0.0187609 , -0.00692947
15.5256 , 0.023324 , 0.0126831 , -0.00100387 , 0.0411149 , 0.0189856 , -0.00655777
15.5569 , 0.0234599 , 0.0126634 , -0.00109237 , 0.0423261 , 0.0188668 , -0.00620665
15.5915 , 0.0230223 , 0.0126162 , -0.0012318 , 0.0413114 , 0.0200254 , -0.00607168
15.6269 , 0.022809 , 0.0124673 , -0.000775092 , 0.0412793 , 0.0200261 , -0.00631914
15.6608 , 0.0226846 , 0.0122957 , -0.000611319 , 0.0391983 , 0.0206904 , -0.00679263
15.692 , 0.0223028 , 0.0121893 , -0.000808835 , 0.0435945 , 0.0201357 , -0.00710468
15.7308 , 0.0232154 , 0.0129348 , -0.00336185 , 0.0397593 , 0.01986 , -0.00761064
15.7751 , 0.0228937 , 0.0130978 , -0.00351887 , 0.0401875 , 0.0197816 , -0.00724727
15.8076 , 0.0226364 , 0.0128702 , -0.00324494 , 0.0417791 , 0.0198012 , -0.00720314
15.8411 , 0.0220851 , 0.0133008 , -0.00273532 , 0.0393035 , 0.0197787 , -0.00674885
15.8776 , 0.0217103 , 0.0124748 , -0.00167571 , 0.0437968 , 0.0188241 , -0.00646045
15.9116 , 0.0217684 , 0.012269 , -0.00161102 , 0.0413061 , 0.0184503 , -0.00646173
15.9427 , 0.0219007 , 0.0122101 , -0.00159942 , 0.0410444 , 0.0188925 , -0.0061435
15.9753 , 0.0219118 , 0.012157 , -0.00172087 , 0.0406802 , 0.0191525 , -0.00629194
16.0088 , 0.0222838 , 0.0121481 , -0.00325575 , 0.0408525 , 0.0191024 , -0.00660575
16.0455 , 0.0219762 , 0.0119629 , -0.00279754 , 0.0404734 , 0.0185854 , -0.00647701
16.0796 , 0.0203669 , 0.0105679 , -0.00259618 , 0.0407076 , 0.0170816 , -0.00616792
16.1117 , 0.0207249 , 0.0104985 , -0.00183934 , 0.0411774 , 0.0192916 , -0.00661586
16.1432 , 0.0225747 , 0.0112665 , -0.00210103 , 0.0411152 , 0.0193061 , -0.00691649
16.1767 , 0.0226532 , 0.0114219 , -0.00239829 , 0.0412192 , 0.0186557 , -0.00679984
16.2132 , 0.0225399 , 0.0116023 , -0.0026871 , 0.0430987 , 0.0185896 , -0.0063742
16.2445 , 0.0224944 , 0.0119215 , -0.00365371 , 0.0420479 , 0.0197789 , -0.00538348
16.2774 , 0.0214485 , 0.0107507 , -0.00206121 , 0.0426976 , 0.0180012 , -0.00519106
16.3118 , 0.0215585 , 0.0104572 , -0.00164723 , 0.0367397 , 0.0184333 , -0.00569773
16.3466 , 0.0218325 , 0.0105803 , -0.0013907 , 0.0397709 , 0.0184027 , -0.00653941
16.378 , 0.0218725 , 0.0112623 , -0.00321459 , 0.0436183 , 0.0179597 , -0.00762827
16.4144 , 0.0216268 , 0.0115098 , -0.00304613 , 0.0418515 , 0.0177992 , -0.00702675
16.4585 , 0.0215753 , 0.011035 , -0.00254414 , 0.0415899 , 0.0179633 , -0.0055761
16.5073 , 0.0221288 , 0.0108849 , -0.000668778 , 0.0404408 , 0.0179662 , -0.00447632
16.557 , 0.0219384 , 0.0104715 , -0.000437776 , 0.0411806 , 0.0170548 , -0.00458222
16.5995 , 0.0217244 , 0.0103549 , -0.000337975 , 0.0397285 , 0.0174372 , -0.0049237
16.636 , 0.0213957 , 0.0110597 , -0.00028522 , 0.0399431 , 0.0178211 , -0.00489116
16.6856 , 0.0213957 , 0.0110597 , -0.00028522 , 0.0398888 , 0.0173719 , -0.0046241
16.7372 , 0.0219884 , 0.0108641 , -0.000475395 , 0.0401779 , 0.0178017 , -0.00474204
16.7854 , 0.0218608 , 0.0109683 , -0.00023717 , 0.0412868 , 0.0176685 , -0.00419132
16.8232 , 0.0216812 , 0.0105088 , -0.000268301 , 0.0393641 , 0.0172285 , -0.00402549
16.8659 , 0.0212763 , 0.0104039 , -0.000562966 , 0.043462 , 0.016262 , -0.00374059
16.8995 , 0.0212763 , 0.0104039 , -0.000562966 , 0.0388065 , 0.0163084 , -0.00417265
16.9329 , 0.0222425 , 0.0108975 , -0.000458674 , 0.0383378 , 0.016876 , -0.00444574
16.9713 , 0.022038 , 0.0103286 , -0.000939377 , 0.0413632 , 0.0169608 , -0.00442653
17.019 , 0.0223373 , 0.0106005 , -0.00105876 , 0.0383308 , 0.0173631 , -0.004433
17.0555 , 0.0228438 , 0.0106316 , -0.00113478 , 0.036777 , 0.0174158 , -0.00417196
17.1013 , 0.0222171 , 0.0107809 , -0.000325165 , 0.0386778 , 0.0179348 , -0.00438827
17.1358 , 0.0221294 , 0.0107349 , -0.000599689 , 0.039556 , 0.0179646 , -0.00466807
17.1669 , 0.0221953 , 0.0106426 , -0.000539142 , 0.0408407 , 0.017915 , -0.00495677
17.2003 , 0.0220534 , 0.0104561 , -0.000533159 , 0.0409557 , 0.0177984 , -0.00500936
17.2335 , 0.0220534 , 0.0104561 , -0.000533159 , 0.0408557 , 0.0174461 , -0.00469751
17.2691 , 0.0220534 , 0.0104561 , -0.000533159 , 0.0397721 , 0.0164581 , -0.00558089
17.304 , 0.0207118 , 0.00963678 , -0.00183418 , 0.0395277 , 0.0164552 , -0.00538933
17.3412 , 0.0209122 , 0.00967266 , -0.00199087 , 0.0398104 , 0.0172668 , -0.00514622
17.3891 , 0.0208621 , 0.00962301 , -0.00201469 , 0.0419147 , 0.0181315 , -0.00494344
17.4287 , 0.0218238 , 0.0100576 , -0.00181218 , 0.0414279 , 0.0177753 , -0.00495265
17.4714 , 0.0218238 , 0.0100576 , -0.00181218 , 0.0407846 , 0.0173548 , -0.0050505
17.5061 , 0.0218238 , 0.0100576 , -0.00181218 , 0.040344 , 0.0170286 , -0.00512783
17.5428 , 0.0210675 , 0.00890194 , -0.00254373 , 0.0429846 , 0.0162831 , -0.00573532
17.5868 , 0.0209445 , 0.00903399 , -0.00275926 , 0.0383391 , 0.0156257 , -0.00645719
17.6193 , 0.0208029 , 0.00890181 , -0.0028895 , 0.037037 , 0.0151973 , -0.00658326
17.653 , 0.0208102 , 0.00871345 , -0.0032714 , 0.0396851 , 0.015948 , -0.00580112
17.6895 , 0.0215872 , 0.0089334 , -0.00228917 , 0.0396325 , 0.0156161 , -0.00558904
17.724 , 0.0215872 , 0.0089334 , -0.00228917 , 0.0394142 , 0.0155485 , -0.00566101
17.7551 , 0.021573 , 0.00892659 , -0.00220005 , 0.0390789 , 0.0146456 , -0.00646146
17.7943 , 0.0203695 , 0.00805088 , -0.00310486 , 0.0369837 , 0.0142461 , -0.00641672
17.8446 , 0.0199413 , 0.00785535 , -0.0031204 , 0.0405837 , 0.0150664 , -0.00625366
17.9101 , 0.0199413 , 0.00785535 , -0.0031204 , 0.0369544 , 0.0151374 , -0.00620044
17.9431 , 0.0210665 , 0.00763112 , -0.0023083 , 0.0345466 , 0.0157276 , -0.0058606
17.9783 , 0.0212638 , 0.00819737 , -0.00269925 , 0.0380845 , 0.0146556 , -0.00526714
18.0274 , 0.0210604 , 0.00816591 , -0.00243544 , 0.0383205 , 0.0148211 , -0.00515072
