501

0.020882 , 0.0536491 , 0.0274742 , -0.0825176 , 0.0660392 , 0.0232371 , -0.0613945
0.054045 , 0.0533502 , 0.0272514 , -0.0826433 , 0.048769 , 0.0214774 , -0.0151254
0.087796 , 0.0532212 , 0.0277222 , -0.0825418 , 0.0557951 , 0.0270116 , -0.0158372
0.124179 , 0.0530754 , 0.0285788 , -0.0821695 , 0.0484838 , 0.0223095 , -0.00777037
0.158721 , 0.0528931 , 0.0281326 , -0.0822676 , 0.0536749 , 0.0186344 , -0.00592404
0.192861 , 0.0526973 , 0.0276602 , -0.0825576 , 0.0546873 , 0.0168146 , -0.010296
0.225502 , 0.0526973 , 0.0276602 , -0.0825576 , 0.0561227 , 0.0174145 , -0.0134818
0.257576 , 0.052645 , 0.0285821 , -0.0825928 , 0.0581853 , 0.0173966 , -0.0144602
0.290589 , 0.0526239 , 0.0285211 , -0.0825331 , 0.0604354 , 0.0183451 , -0.0145538
0.323218 , 0.0526239 , 0.0285211 , -0.0825331 , 0.0624588 , 0.0183725 , -0.0147931
0.359751 , 0.0524642 , 0.0274701 , -0.0825499 , 0.0647737 , 0.0192749 , -0.0151736
0.3983 , 0.052452 , 0.0285434 , -0.0824705 , 0.066841 , 0.0205065 , -0.0150152
0.444617 , 0.052452 , 0.0285434 , -0.0824705 , 0.0677319 , 0.0208282 , -0.0160273
0.480799 , 0.052452 , 0.0285434 , -0.0824705 , 0.0680808 , 0.0207408 , -0.0172187
0.5301 , 0.0523696 , 0.0282647 , -0.0822716 , 0.0667658 , 0.0202616 , -0.0179472
0.573246 , 0.0523696 , 0.0282647 , -0.0822716 , 0.0671909 , 0.0196294 , -0.0188296
0.613303 , 0.052509 , 0.0285407 , -0.0820059 , 0.0661895 , 0.0195672 , -0.019305
0.646676 , 0.052509 , 0.0285407 , -0.0820059 , 0.0650015 , 0.0196163 , -0.0195877
0.681553 , 0.0521305 , 0.0272689 , -0.0821278 , 0.0625229 , 0.0191537 , -0.0193209
0.713328 , 0.0521305 , 0.0272689 , -0.0821278 , 0.0628356 , 0.019003 , -0.0198428
0.750684 , 0.052192 , 0.0285473 , -0.0819563 , 0.0605864 , 0.0198173 , -0.0200749
0.795257 , 0.0520988 , 0.0289512 , -0.0818039 , 0.0611944 , 0.0203899 , -0.0202864
0.827005 , 0.0520988 , 0.0289512 , -0.0818039 , 0.0620828 , 0.0196186 , -0.0203975
0.862966 , 0.0518842 , 0.0281479 , -0.0818534 , 0.0618521 , 0.0200801 , -0.0204381
0.898545 , 0.0514662 , 0.0288779 , -0.0818472 , 0.0604421 , 0.0208061 , -0.0204415
0.936522 , 0.0513498 , 0.0294799 , -0.0817379 , 0.0614164 , 0.0212554 , -0.0204514
0.978675 , 0.0513046 , 0.0295106 , -0.0817003 , 0.0617091 , 0.0213702 , -0.0208724
1.01109 , 0.0512147 , 0.02916 , -0.0817097 , 0.0618643 , 0.021297 , -0.0212563
1.04452 , 0.0509335 , 0.0298006 , -0.0815425 , 0.0625668 , 0.0217257 , -0.0215257
1.08136 , 0.0505654 , 0.0290262 , -0.0815006 , 0.0629579 , 0.0213839 , -0.0213218
1.11248 , 0.0496608 , 0.0300762 , -0.0813921 , 0.0620054 , 0.0218979 , -0.0213986
1.14533 , 0.04953 , 0.0301748 , -0.0814056 , 0.0615984 , 0.0221716 , -0.0219687
1.17887 , 0.0493588 , 0.0298527 , -0.0814696 , 0.0624332 , 0.0222543 , -0.0221057
1.2123 , 0.0492133 , 0.0307105 , -0.0811003 , 0.0623449 , 0.0228169 , -0.0220766
1.25194 , 0.048358 , 0.0220794 , -0.0800667 , 0.0616599 , 0.0173371 , -0.0220178
1.28513 , 0.0477318 , 0.0220683 , -0.080067 , 0.0610451 , 0.0154167 , -0.0219016
1.31885 , 0.0476165 , 0.0223838 , -0.0800895 , 0.0579089 , 0.0161668 , -0.0218721
1.35105 , 0.0453177 , 0.022891 , -0.0801621 , 0.0587024 , 0.0157057 , -0.0220728
1.38955 , 0.0454099 , 0.0228643 , -0.0797955 , 0.0590444 , 0.0159409 , -0.0220727
1.4326 , 0.0459182 , 0.0233728 , -0.079685 , 0.0590264 , 0.0159923 , -0.0222226
1.46471 , 0.0461868 , 0.0240051 , -0.0792804 , 0.0590571 , 0.0164579 , -0.0225064
1.50419 , 0.0461805 , 0.0234723 , -0.079257 , 0.0595307 , 0.0163469 , -0.0226066
1.54988 , 0.046099 , 0.0234589 , -0.0792851 , 0.0600536 , 0.0265207 , -0.0223697
1.58424 , 0.045821 , 0.0220478 , -0.0794439 , 0.0597874 , 0.0190734 , -0.0229448
1.61582 , 0.0453716 , 0.0215914 , -0.0790937 , 0.0592287 , 0.0160046 , -0.0233394
1.65428 , 0.0450449 , 0.0199861 , -0.0791453 , 0.059432 , 0.0142621 , -0.0238409
1.68633 , 0.0446357 , 0.0197329 , -0.0792069 , 0.0595766 , 0.0129937 , -0.0244591
1.71744 , 0.04406 , 0.0198636 , -0.0792288 , 0.0588571 , 0.0225929 , -0.0244079
1.74921 , 0.043602 , 0.0274986 , -0.0799852 , 0.0582972 , 0.0109073 , -0.0256914
1.78613 , 0.04331 , 0.0180414 , -0.0801556 , 0.0584866 , 0.0118991 , -0.0257144
1.82081 , 0.0426283 , 0.0189169 , -0.080136 , 0.0583619 , 0.012341 , -0.0258239
1.85998 , 0.042728 , 0.0201876 , -0.0799772 , 0.0585176 , 0.0128547 , -0.0259538
1.90423 , 0.0431973 , 0.0207214 , -0.0801412 , 0.0585489 , 0.0123056 , -0.0261221
1.93718 , 0.0438008 , 0.0204316 , -0.0804715 , 0.059917 , 0.0224834 , -0.0267713
1.96874 , 0.044875 , 0.0192471 , -0.0813818 , 0.0605955 , 0.028227 , -0.0269832
2.00467 , 0.0455988 , 0.019422 , -0.0816436 , 0.0613512 , 0.0286358 , -0.027413
2.03619 , 0.0465961 , 0.0280529 , -0.0828968 , 0.0612945 , 0.023898 , -0.0280887
2.07236 , 0.0468455 , 0.0277252 , -0.0830785 , 0.0607936 , 0.0221373 , -0.0286894
2.10488 , 0.0471337 , 0.0274028 , -0.0835496 , 0.0608835 , 0.0212416 , -0.029507
2.13639 , 0.0471902 , 0.0267637 , -0.0843836 , 0.0621029 , 0.0205114 , -0.0298791
2.17107 , 0.0468615 , 0.0269623 , -0.0856181 , 0.0616295 , 0.0199752 , -0.0306552
2.20886 , 0.0467007 , 0.0265486 , -0.0876591 , 0.0618989 , 0.0195395 , -0.0316863
2.26177 , 0.0463601 , 0.0252273 , -0.0886352 , 0.0610866 , 0.0185213 , -0.0332757
2.31021 , 0.0452382 , 0.0245257 , -0.0899908 , 0.0597936 , 0.0177043 , -0.0347233
2.35699 , 0.0442372 , 0.0241279 , -0.0916276 , 0.0596187 , 0.0172193 , -0.0354804
2.38951 , 0.0429792 , 0.0216289 , -0.0930112 , 0.0593177 , 0.0153418 , -0.0367031
2.42752 , 0.0416868 , 0.0219501 , -0.0943651 , 0.0575629 , 0.0147377 , -0.0384552
2.47498 , 0.0397948 , 0.0212462 , -0.0957854 , 0.0555187 , 0.013037 , -0.0402373
2.50968 , 0.0376723 , 0.019119 , -0.0984144 , 0.0541389 , 0.00954414 , -0.0420089
2.54435 , 0.035056 , 0.0167249 , -0.100665 , 0.0525663 , 0.00975774 , -0.0442564
2.59286 , 0.0313718 , 0.0155753 , -0.102885 , 0.0498305 , 0.00732055 , -0.0466646
2.62801 , 0.0282303 , 0.0140173 , -0.105112 , 0.0465752 , 0.00591201 , -0.0490647
2.67492 , 0.0246356 , 0.0114675 , -0.106916 , 0.0439494 , 0.00577615 , -0.0516269
2.70612 , 0.0196216 , 0.0140298 , -0.109886 , 0.0400014 , 0.00193446 , -0.0541425
2.73899 , 0.0143234 , 0.00549383 , -0.112832 , 0.0359157 , -0.000403619 , -0.0568506
2.77261 , 0.00943668 , 0.00882469 , -0.116089 , 0.0315519 , 0.00192681 , -0.0604724
2.80904 , 0.00341418 , 0.0106764 , -0.118858 , 0.0275518 , 0.00407978 , -0.0640268
2.84326 , -0.00622444 , 0.0115667 , -0.123457 , 0.0209934 , 0.00702784 , -0.0676579
2.87412 , -0.0122641 , 0.0142532 , -0.125138 , 0.0150381 , 0.00841522 , -0.0716162
2.90701 , -0.0223582 , 0.0145704 , -0.130973 , 0.00756079 , 0.0107438 , -0.0756568
2.94015 , -0.0352787 , 0.0187359 , -0.134612 , -0.00256884 , 0.0132796 , -0.0807836
2.99259 , -0.0464646 , 0.0209747 , -0.138291 , -0.0166229 , 0.0164441 , -0.0885994
3.02402 , -0.0656959 , 0.0237842 , -0.144389 , -0.0246587 , 0.0195736 , -0.0956615
3.06053 , -0.0830386 , 0.0282241 , -0.14884 , -0.0341347 , 0.0195903 , -0.102754
3.09508 , -0.105127 , 0.0293704 , -0.152679 , -0.04747 , 0.0210594 , -0.11164
3.12628 , -0.129036 , 0.0268361 , -0.16259 , -0.0617633 , 0.0261423 , -0.122851
3.15829 , -0.156916 , 0.0347137 , -0.171851 , -0.0773204 , 0.033257 , -0.135351
3.1919 , -0.187144 , 0.0434334 , -0.180103 , -0.0939625 , 0.0372025 , -0.147147
3.22836 , -0.219672 , 0.05282 , -0.192113 , -0.112512 , 0.0443904 , -0.159393
3.2777 , -0.251948 , 0.0577726 , -0.200784 , -0.130671 , 0.0485342 , -0.171095
3.30947 , -0.276353 , 0.061565 , -0.206188 , -0.147796 , 0.0505532 , -0.180989
3.34585 , -0.301791 , 0.0613146 , -0.211751 , -0.159413 , 0.0485842 , -0.188434
3.37547 , -0.323305 , 0.0558028 , -0.212771 , -0.245079 , 0.0511101 , -0.198104
3.41039 , -0.34188 , 0.0482064 , -0.211852 , -0.310848 , 0.0437656 , -0.208868
3.44394 , -0.358697 , 0.0407816 , -0.210749 , -0.344368 , 0.033255 , -0.219811
3.47804 , -0.374382 , 0.034342 , -0.207962 , -0.358776 , 0.0271225 , -0.22562
3.51503 , -0.384828 , 0.0306589 , -0.206703 , -0.369366 , 0.027213 , -0.224921
3.54855 , -0.396558 , 0.0251914 , -0.202616 , -0.380985 , 0.0277614 , -0.222003
3.57841 , -0.404755 , 0.0260448 , -0.202223 , -0.393126 , 0.0283485 , -0.219565
3.60919 , -0.411131 , 0.0243321 , -0.201269 , -0.405001 , 0.0219066 , -0.216417
3.64547 , -0.416228 , 0.0176311 , -0.197708 , -0.415837 , 0.0131396 , -0.212874
3.6761 , -0.420583 , 0.0114964 , -0.194469 , -0.425203 , 0.0066729 , -0.20933
3.71089 , -0.422993 , 0.00460178 , -0.191911 , -0.433256 , -0.00362732 , -0.205673
3.74329 , -0.424087 , -0.00496181 , -0.188612 , -0.437999 , -0.01625 , -0.202366
3.78275 , -0.42353 , -0.0138614 , -0.1874 , -0.440205 , -0.0250741 , -0.201366
3.81196 , -0.421209 , -0.0250488 , -0.183923 , -0.439102 , -0.0323109 , -0.199241
3.84633 , -0.417074 , -0.0359782 , -0.181254 , -0.43549 , -0.042235 , -0.19541
3.87998 , -0.412088 , -0.0458228 , -0.177435 , -0.429185 , -0.0514576 , -0.191162
3.91437 , -0.40535 , -0.0535881 , -0.174309 , -0.420577 , -0.059523 , -0.186024
3.9481 , -0.397904 , -0.0603534 , -0.173373 , -0.410155 , -0.0662367 , -0.181623
3.97967 , -0.389116 , -0.0640776 , -0.174797 , -0.398988 , -0.0695102 , -0.178065
4.01516 , -0.380258 , -0.0673358 , -0.175212 , -0.387571 , -0.0695048 , -0.174856
4.05178 , -0.371121 , -0.0674937 , -0.178535 , -0.375549 , -0.0640673 , -0.174433
4.08235 , -0.361936 , -0.0637654 , -0.183501 , -0.363978 , -0.0571774 , -0.175522
4.12096 , -0.352752 , -0.0580651 , -0.187928 , -0.352761 , -0.0541857 , -0.175094
4.16639 , -0.342918 , -0.0536542 , -0.19146 , -0.342054 , -0.0495068 , -0.174981
4.20721 , -0.333105 , -0.0490498 , -0.192392 , -0.281533 , -0.0541814 , -0.173514
4.25672 , -0.321601 , -0.0454455 , -0.194285 , -0.25051 , -0.0626325 , -0.179111
4.30654 , -0.312169 , -0.0416021 , -0.197423 , -0.267045 , -0.0557489 , -0.169739
4.35656 , -0.308581 , -0.0324414 , -0.201739 , -0.260866 , -0.0473876 , -0.163276
4.40622 , -0.308297 , -0.0237958 , -0.20155 , -0.252309 , -0.0399868 , -0.148793
4.45319 , -0.306925 , -0.0248447 , -0.197616 , -0.250424 , -0.0379466 , -0.12905
4.4913 , -0.30191 , -0.0282428 , -0.189766 , -0.247048 , -0.0379575 , -0.111486
4.53889 , -0.292233 , -0.0251807 , -0.186407 , -0.245561 , -0.0392224 , -0.0977205
4.57005 , -0.277854 , -0.0141996 , -0.182226 , -0.241408 , -0.0326696 , -0.0849816
4.60088 , -0.262564 , -0.0132535 , -0.176926 , -0.234407 , -0.0229967 , -0.0716856
4.639 , -0.246373 , -0.000136381 , -0.172915 , -0.230786 , -0.0115531 , -0.063694
4.67786 , -0.229982 , 0.0131314 , -0.169365 , -0.224231 , -0.00344195 , -0.0577653
4.72558 , -0.211525 , 0.0245632 , -0.161291 , -0.215058 , 0.00477636 , -0.0545288
4.77461 , -0.193373 , 0.0336976 , -0.14927 , -0.203963 , 0.0146493 , -0.0500739
4.82752 , -0.176183 , 0.0452471 , -0.138167 , -0.191713 , 0.0227236 , -0.044777
4.8752 , -0.160746 , 0.0532887 , -0.124181 , -0.178795 , 0.031575 , -0.0393934
4.91256 , -0.145104 , 0.06508 , -0.110449 , -0.164504 , 0.0336468 , -0.0314893
4.96114 , -0.129713 , 0.0667798 , -0.0977425 , -0.174043 , 0.0400293 , -0.0452262
5.01043 , -0.115759 , 0.0718801 , -0.0864462 , -0.158661 , 0.0501091 , -0.0514653
5.05992 , -0.10157 , 0.0769468 , -0.0768256 , -0.138934 , 0.0539885 , -0.0427837
5.09525 , -0.0904577 , 0.073876 , -0.0667897 , -0.120473 , 0.0723944 , -0.0364005
5.14229 , -0.0775027 , 0.084148 , -0.0632659 , -0.106209 , 0.083987 , -0.0325916
5.17384 , -0.0665796 , 0.086177 , -0.0577384 , -0.0941157 , 0.0930931 , -0.0306757
5.20865 , -0.0538551 , 0.0961588 , -0.0558045 , -0.0831529 , 0.0944459 , -0.0299332
5.23753 , -0.0426212 , 0.098799 , -0.0531987 , -0.0738211 , 0.0946754 , -0.0302184
5.27293 , -0.0324541 , 0.104977 , -0.0515893 , -0.0637584 , 0.0937497 , -0.0311155
5.30354 , -0.0218601 , 0.106115 , -0.0493865 , -0.0538489 , 0.0906395 , -0.0312226
5.33866 , -0.0111154 , 0.107091 , -0.0472334 , -0.043837 , 0.0929272 , -0.0301841
5.37675 , -0.000171282 , 0.110694 , -0.0448034 , -0.0346831 , 0.0946999 , -0.0290613
5.41556 , 0.00956779 , 0.106852 , -0.0427813 , -0.0252645 , 0.092515 , -0.0279554
5.46293 , 0.0191541 , 0.108146 , -0.040885 , -0.0163311 , 0.0930984 , -0.0274432
5.50963 , 0.0277799 , 0.109121 , -0.0400774 , -0.00532867 , 0.0912832 , -0.0265828
5.54425 , 0.036905 , 0.109183 , -0.0383192 , 0.00431642 , 0.0950852 , -0.0245366
5.57239 , 0.0456684 , 0.108822 , -0.0363061 , 0.0140219 , 0.0883263 , -0.0221337
5.60526 , 0.0540299 , 0.110081 , -0.0342008 , 0.0224326 , 0.097731 , -0.0200772
5.6406 , 0.0624567 , 0.116103 , -0.0306108 , 0.0288173 , 0.103668 , -0.0167328
5.67425 , 0.0707261 , 0.11704 , -0.0264297 , 0.0352996 , 0.106177 , -0.0117772
5.70868 , 0.0788339 , 0.121288 , -0.0207168 , 0.0422394 , 0.109151 , -0.00577787
5.73938 , 0.0860639 , 0.124736 , -0.0144511 , 0.0486573 , 0.11245 , 0.000803901
5.77393 , 0.0925253 , 0.127523 , -0.00777129 , 0.054522 , 0.116547 , 0.00767601
5.81348 , 0.0975311 , 0.13109 , 0.000511724 , 0.0596724 , 0.120285 , 0.0141598
5.84773 , 0.102186 , 0.134464 , 0.00703285 , 0.0643705 , 0.124162 , 0.0212295
5.88156 , 0.106725 , 0.138071 , 0.0137433 , 0.0695682 , 0.127075 , 0.0278735
5.91005 , 0.11163 , 0.141037 , 0.0199034 , 0.0747737 , 0.132736 , 0.0335245
5.943 , 0.116427 , 0.145858 , 0.0256199 , 0.0807212 , 0.136824 , 0.0389256
5.97976 , 0.121842 , 0.150354 , 0.0307533 , 0.0872611 , 0.140232 , 0.0430579
6.013 , 0.127657 , 0.153545 , 0.0345394 , 0.0944894 , 0.140775 , 0.0465299
6.0475 , 0.133344 , 0.155093 , 0.0378703 , 0.101382 , 0.142471 , 0.049953
6.07745 , 0.138879 , 0.155383 , 0.0397707 , 0.107852 , 0.146054 , 0.0513763
6.11064 , 0.14431 , 0.153318 , 0.0396837 , 0.175492 , 0.156555 , 0.0760606
6.14701 , 0.148937 , 0.151623 , 0.0398987 , 0.184685 , 0.163776 , 0.080209
6.1825 , 0.153364 , 0.150572 , 0.0398795 , 0.160859 , 0.164869 , 0.050061
6.21737 , 0.156105 , 0.152286 , 0.0387168 , 0.158266 , 0.160929 , 0.0291329
6.25078 , 0.159274 , 0.149029 , 0.0352331 , 0.156008 , 0.160511 , 0.0139552
6.28472 , 0.161087 , 0.14774 , 0.0310541 , 0.150625 , 0.158626 , 0.00049992
6.33163 , 0.159925 , 0.144449 , 0.026058 , 0.149241 , 0.1581 , -0.0147394
6.37338 , 0.156365 , 0.145635 , 0.0194766 , 0.143968 , 0.163096 , -0.0332094
6.41487 , 0.147338 , 0.147079 , 0.0128934 , 0.13673 , 0.170962 , -0.0521292
6.44848 , 0.132047 , 0.157453 , 0.00522858 , 0.124664 , 0.180047 , -0.065562
6.48106 , 0.10733 , 0.159761 , -0.00366562 , 0.105081 , 0.183012 , -0.0755699
6.51779 , 0.0733662 , 0.164158 , -0.0196212 , 0.081262 , 0.17833 , -0.0849767
6.55285 , 0.036143 , 0.163395 , -0.040457 , 0.0547733 , 0.173721 , -0.0944085
6.58417 , -0.00883345 , 0.164327 , -0.0638492 , 0.0224176 , 0.169937 , -0.106846
6.61561 , -0.0564002 , 0.161649 , -0.08764 , -0.0622318 , 0.161159 , -0.12092
6.64846 , -0.10015 , 0.161331 , -0.109501 , -0.130518 , 0.161106 , -0.140316
6.68923 , -0.141436 , 0.158779 , -0.129672 , -0.169538 , 0.143291 , -0.15293
6.73308 , -0.177725 , 0.151343 , -0.143931 , -0.196128 , 0.158046 , -0.165085
6.76676 , -0.211386 , 0.157462 , -0.158693 , -0.22428 , 0.162381 , -0.169506
6.79678 , -0.250024 , 0.156107 , -0.171712 , -0.257704 , 0.165373 , -0.175442
6.83136 , -0.280234 , 0.155205 , -0.177244 , -0.302329 , 0.169085 , -0.188971
6.86562 , -0.314247 , 0.152092 , -0.185004 , -0.336129 , 0.161128 , -0.196987
6.89933 , -0.338935 , 0.147659 , -0.187272 , -0.366279 , 0.147671 , -0.201564
6.93383 , -0.361322 , 0.140075 , -0.187651 , -0.395527 , 0.128728 , -0.199878
6.96781 , -0.382806 , 0.12576 , -0.183075 , -0.414952 , 0.115975 , -0.196373
7.00093 , -0.397387 , 0.112688 , -0.179425 , -0.429295 , 0.0939398 , -0.187169
7.03198 , -0.411932 , 0.0937963 , -0.172636 , -0.437017 , 0.0838204 , -0.181663
7.067 , -0.422204 , 0.0817816 , -0.16966 , -0.441176 , 0.0734084 , -0.176478
7.10139 , -0.429868 , 0.0665093 , -0.165918 , -0.442334 , 0.0599584 , -0.169068
7.13205 , -0.434704 , 0.0495879 , -0.159738 , -0.441497 , 0.0401332 , -0.157535
7.17037 , -0.437736 , 0.0276497 , -0.152238 , -0.439714 , 0.0223527 , -0.145391
7.20355 , -0.438445 , 0.00722454 , -0.144163 , -0.437061 , 0.00375845 , -0.131523
7.23277 , -0.437923 , -0.0132004 , -0.13522 , -0.434124 , -0.0155449 , -0.116395
7.27087 , -0.435536 , -0.0312965 , -0.126624 , -0.430633 , -0.032004 , -0.103735
7.30137 , -0.431471 , -0.0488446 , -0.119298 , -0.426893 , -0.047574 , -0.0927487
7.33335 , -0.425552 , -0.0621655 , -0.11547 , -0.422701 , -0.0579934 , -0.0862264
7.36889 , -0.419051 , -0.0726643 , -0.115073 , -0.418526 , -0.0671609 , -0.0832829
7.40895 , -0.412168 , -0.07839 , -0.118161 , -0.413396 , -0.0683714 , -0.0881325
7.43722 , -0.403862 , -0.0812685 , -0.124949 , -0.40791 , -0.0684894 , -0.0962273
7.46762 , -0.395966 , -0.0791916 , -0.133264 , -0.403062 , -0.0674422 , -0.106309
7.50117 , -0.386949 , -0.075721 , -0.144513 , -0.398167 , -0.0663049 , -0.117825
7.53456 , -0.378214 , -0.0750219 , -0.151944 , -0.392995 , -0.0640757 , -0.130495
7.57121 , -0.370477 , -0.0747797 , -0.158032 , -0.389917 , -0.0623309 , -0.142142
7.60499 , -0.361551 , -0.069944 , -0.168222 , -0.387006 , -0.0621836 , -0.150579
7.63532 , -0.353035 , -0.0713864 , -0.1731 , -0.383372 , -0.0655963 , -0.157544
7.67254 , -0.343528 , -0.0712718 , -0.17781 , -0.377171 , -0.0700328 , -0.164621
7.70472 , -0.333459 , -0.0749105 , -0.18283 , -0.368551 , -0.0729457 , -0.17038
7.73904 , -0.319905 , -0.0781009 , -0.185406 , -0.357745 , -0.0738733 , -0.176734
7.77252 , -0.303727 , -0.0802143 , -0.188275 , -0.3466 , -0.0830012 , -0.178329
7.80312 , -0.28784 , -0.0844808 , -0.188865 , -0.329448 , -0.0765781 , -0.182457
7.83819 , -0.265234 , -0.0828006 , -0.19187 , -0.310936 , -0.0748747 , -0.18345
7.87186 , -0.246981 , -0.071304 , -0.198805 , -0.234937 , -0.0850267 , -0.185487
7.90845 , -0.234439 , -0.052151 , -0.205114 , -0.200767 , -0.0881814 , -0.190195
7.94191 , -0.228256 , -0.0321323 , -0.207992 , -0.224354 , -0.0654931 , -0.165686
7.97289 , -0.220601 , -0.0190812 , -0.207913 , -0.227233 , -0.0446166 , -0.138851
8.00844 , -0.215913 , -0.00207528 , -0.200601 , -0.220407 , -0.0212915 , -0.108945
8.04027 , -0.207437 , 0.00732565 , -0.190491 , -0.216724 , -0.00856225 , -0.0893188
8.07667 , -0.194853 , 0.0132094 , -0.181777 , -0.22368 , -0.0121335 , -0.0919771
8.10729 , -0.17849 , 0.0152453 , -0.172502 , -0.227051 , -0.0177159 , -0.104831
8.14162 , -0.159951 , 0.0190072 , -0.16271 , -0.217412 , -0.0179242 , -0.107729
8.17588 , -0.142042 , 0.0246594 , -0.150649 , -0.205039 , -0.0133817 , -0.102533
8.20973 , -0.124981 , 0.033 , -0.137295 , -0.190411 , -0.00344923 , -0.0951636
8.24137 , -0.11092 , 0.04527 , -0.124157 , -0.175033 , 0.00861665 , -0.0884829
8.27865 , -0.0973998 , 0.0620001 , -0.110221 , -0.161726 , 0.0230607 , -0.0826356
8.31363 , -0.0869777 , 0.0769888 , -0.0953095 , -0.161503 , 0.0415738 , -0.0846679
8.34732 , -0.0741445 , 0.0958581 , -0.0856546 , -0.143998 , 0.0600557 , -0.0706872
8.38254 , -0.061897 , 0.10752 , -0.0718827 , -0.126871 , 0.082793 , -0.0587074
8.4255 , -0.0477063 , 0.115416 , -0.0599224 , -0.112665 , 0.0957242 , -0.0484881
8.45914 , -0.0364015 , 0.126586 , -0.0489692 , -0.0972151 , 0.109706 , -0.0434333
8.49362 , -0.0229907 , 0.126713 , -0.0404423 , -0.0869782 , 0.106777 , -0.0373641
8.5242 , -0.00838986 , 0.14101 , -0.0402201 , -0.0751199 , 0.118638 , -0.0356551
8.55877 , 0.00395746 , 0.147933 , -0.0362146 , -0.0635229 , 0.126958 , -0.035729
8.59332 , 0.0158005 , 0.156311 , -0.032024 , -0.0555927 , 0.126934 , -0.0330258
8.62682 , 0.0270671 , 0.163751 , -0.0311907 , -0.0455921 , 0.139827 , -0.0327111
8.66156 , 0.0384711 , 0.165589 , -0.0288151 , -0.0328834 , 0.139792 , -0.0334626
8.69256 , 0.051022 , 0.168601 , -0.0266873 , -0.0204188 , 0.141858 , -0.0345217
8.72734 , 0.0625515 , 0.170317 , -0.0249584 , -0.0080811 , 0.132572 , -0.034787
8.76186 , 0.0734246 , 0.166595 , -0.0236554 , 0.00251997 , 0.141265 , -0.0346619
8.7937 , 0.0825804 , 0.165295 , -0.0226974 , 0.011961 , 0.142386 , -0.0335732
8.82984 , 0.0895293 , 0.16604 , -0.0205109 , 0.0208106 , 0.141707 , -0.0312428
8.86348 , 0.0971192 , 0.164024 , -0.0172268 , 0.0284864 , 0.141765 , -0.0264999
8.89449 , 0.103169 , 0.16571 , -0.0120747 , 0.0342843 , 0.140275 , -0.019222
8.92974 , 0.10042 , 0.165124 , -0.00130085 , 0.0350918 , 0.14516 , -0.0098601
8.96035 , 0.104914 , 0.169908 , 0.00412067 , 0.0367448 , 0.149904 , -0.000271044
8.99804 , 0.105305 , 0.16586 , 0.0160392 , 0.0392071 , 0.153201 , 0.00933241
9.02885 , 0.107223 , 0.177266 , 0.0278434 , 0.0405403 , 0.157111 , 0.0200503
9.06312 , 0.108329 , 0.181584 , 0.0387134 , 0.0436083 , 0.161323 , 0.0311175
9.09594 , 0.111881 , 0.186308 , 0.048711 , 0.0473199 , 0.168523 , 0.0420399
9.13226 , 0.116266 , 0.193279 , 0.0539772 , 0.052305 , 0.175628 , 0.0512562
9.16561 , 0.121291 , 0.198631 , 0.0606481 , 0.058577 , 0.179834 , 0.0581215
9.20299 , 0.126565 , 0.199996 , 0.0638942 , 0.0665592 , 0.180588 , 0.0637789
9.23336 , 0.133042 , 0.202381 , 0.0689617 , 0.0749623 , 0.182936 , 0.0678573
9.26353 , 0.138865 , 0.20396 , 0.0714 , 0.0844141 , 0.183502 , 0.069496
9.30005 , 0.145283 , 0.202925 , 0.0737358 , 0.094358 , 0.177747 , 0.070901
9.33204 , 0.152074 , 0.193725 , 0.0755323 , 0.156016 , 0.18054 , 0.0910311
9.36755 , 0.156875 , 0.184537 , 0.0727813 , 0.169926 , 0.18158 , 0.0989106
9.40489 , 0.161013 , 0.175883 , 0.0713526 , 0.161239 , 0.185341 , 0.0655742
9.45212 , 0.162476 , 0.172469 , 0.0691496 , 0.15679 , 0.184627 , 0.0381256
9.48764 , 0.162896 , 0.165952 , 0.0649068 , 0.154126 , 0.182186 , 0.0138691
9.51917 , 0.159165 , 0.160657 , 0.0592759 , 0.149761 , 0.174845 , -0.00932035
9.55307 , 0.151853 , 0.152011 , 0.0515582 , 0.144477 , 0.15522 , -0.0314601
9.58582 , 0.138736 , 0.160944 , 0.0436656 , 0.128633 , 0.169282 , -0.0481305
9.61714 , 0.12039 , 0.165332 , 0.0321304 , 0.113018 , 0.172158 , -0.0593229
9.65414 , 0.0941875 , 0.167757 , 0.0172761 , 0.0896644 , 0.169523 , -0.0695011
9.68795 , 0.0605014 , 0.168682 , 8.50272e-05 , 0.0601846 , 0.168497 , -0.0773713
9.72009 , 0.0207487 , 0.168543 , -0.0196061 , 0.0300907 , 0.157892 , -0.0879216
9.75516 , -0.0228448 , 0.168209 , -0.0433462 , 0.00222137 , 0.153934 , -0.0987848
9.79075 , -0.0647262 , 0.164658 , -0.0656378 , -0.0220124 , 0.162106 , -0.109904
9.82527 , -0.102496 , 0.167244 , -0.0865035 , -0.0984728 , 0.167232 , -0.127914
9.8734 , -0.137843 , 0.169574 , -0.10547 , -0.151313 , 0.163096 , -0.147769
9.90847 , -0.17505 , 0.172265 , -0.124117 , -0.182046 , 0.151755 , -0.154901
9.94225 , -0.209853 , 0.158464 , -0.133739 , -0.209928 , 0.153495 , -0.157669
9.98586 , -0.242818 , 0.150824 , -0.140117 , -0.244649 , 0.153048 , -0.161632
10.0195 , -0.275335 , 0.140281 , -0.148518 , -0.276046 , 0.149804 , -0.162686
10.0543 , -0.306422 , 0.138108 , -0.155874 , -0.308281 , 0.143748 , -0.165815
10.0876 , -0.328014 , 0.13051 , -0.157169 , -0.338585 , 0.13051 , -0.167774
10.1182 , -0.347518 , 0.118505 , -0.157532 , -0.365326 , 0.117455 , -0.168811
10.1538 , -0.367866 , 0.109963 , -0.157249 , -0.389222 , 0.10195 , -0.168547
10.1874 , -0.382325 , 0.0997977 , -0.155825 , -0.408384 , 0.0921343 , -0.166795
10.2217 , -0.394477 , 0.089603 , -0.153464 , -0.420313 , 0.0773496 , -0.16124
10.2525 , -0.403333 , 0.0754897 , -0.149627 , -0.426568 , 0.0633902 , -0.1542
10.2879 , -0.409528 , 0.0542634 , -0.143579 , -0.429208 , 0.0483317 , -0.145434
10.3216 , -0.412124 , 0.0389852 , -0.13846 , -0.427619 , 0.0323159 , -0.135797
10.353 , -0.410745 , 0.021627 , -0.131961 , -0.42241 , 0.0102959 , -0.123015
10.3897 , -0.406478 , -0.0011842 , -0.123537 , -0.415368 , -0.00791192 , -0.111533
10.4263 , -0.398755 , -0.026796 , -0.114737 , -0.405916 , -0.0264322 , -0.0994272
10.4562 , -0.388752 , -0.0460351 , -0.109968 , -0.395066 , -0.0412549 , -0.0903354
10.4895 , -0.377358 , -0.0585628 , -0.110575 , -0.384129 , -0.0518859 , -0.0851838
10.5229 , -0.366191 , -0.0669748 , -0.114162 , -0.372706 , -0.0570706 , -0.0853035
10.5573 , -0.353954 , -0.0715863 , -0.120028 , -0.362345 , -0.0594545 , -0.0900071
10.5941 , -0.342568 , -0.0752803 , -0.128156 , -0.3516 , -0.0589092 , -0.0992862
10.6248 , -0.332427 , -0.0707107 , -0.140543 , -0.343755 , -0.0568397 , -0.110536
10.657 , -0.32603 , -0.0655428 , -0.149914 , -0.339671 , -0.0530854 , -0.120894
10.6909 , -0.319898 , -0.0583092 , -0.161042 , -0.336064 , -0.0497983 , -0.129596
10.7251 , -0.314491 , -0.057348 , -0.165609 , -0.331881 , -0.0472485 , -0.138668
10.7623 , -0.307054 , -0.0554589 , -0.171474 , -0.327141 , -0.0498187 , -0.145044
10.7956 , -0.298805 , -0.0579873 , -0.17544 , -0.31998 , -0.055511 , -0.149745
10.8326 , -0.288001 , -0.0647167 , -0.177962 , -0.312173 , -0.0598195 , -0.153672
10.8816 , -0.276743 , -0.0709811 , -0.179469 , -0.304655 , -0.0627097 , -0.156832
10.9291 , -0.264246 , -0.0758207 , -0.183989 , -0.213595 , -0.0895174 , -0.169351
10.9596 , -0.251717 , -0.0813526 , -0.186214 , -0.186452 , -0.126179 , -0.190576
10.994 , -0.239544 , -0.0777595 , -0.19464 , -0.177577 , -0.122414 , -0.202806
11.026 , -0.231035 , -0.0687034 , -0.202663 , -0.187655 , -0.105942 , -0.185013
11.063 , -0.227549 , -0.0606471 , -0.20753 , -0.182327 , -0.0917815 , -0.167049
11.0976 , -0.222975 , -0.0549545 , -0.209143 , -0.183794 , -0.0798491 , -0.150378
11.1297 , -0.218538 , -0.0481083 , -0.208984 , -0.18412 , -0.0751269 , -0.13631
11.1614 , -0.213013 , -0.042946 , -0.204843 , -0.18474 , -0.0721884 , -0.122674
11.2019 , -0.205886 , -0.0376304 , -0.198707 , -0.184732 , -0.0708505 , -0.103339
11.2466 , -0.195144 , -0.0356112 , -0.192787 , -0.183284 , -0.0724016 , -0.0871711
11.2784 , -0.187476 , -0.0319652 , -0.180473 , -0.180968 , -0.0732831 , -0.079767
11.3143 , -0.170145 , -0.0692394 , -0.184633 , -0.186245 , -0.0631903 , -0.0616917
11.3487 , -0.166999 , -0.0425539 , -0.170868 , -0.183471 , -0.0644954 , -0.0548542
11.3796 , -0.155465 , -0.0350333 , -0.170244 , -0.178316 , -0.0659754 , -0.0597018
11.4141 , -0.149946 , -0.0293761 , -0.161279 , -0.175113 , -0.0580613 , -0.0626856
11.4472 , -0.145501 , -0.0136997 , -0.157557 , -0.183937 , -0.0842016 , -0.0879463
11.4807 , -0.146294 , 0.000334176 , -0.140446 , -0.175218 , -0.0485536 , -0.112234
11.5111 , -0.138004 , 0.0127873 , -0.136334 , -0.165707 , -0.0195594 , -0.109988
11.5468 , -0.135069 , 0.0212684 , -0.123153 , -0.158957 , 0.00407782 , -0.099727
11.5783 , -0.132345 , 0.0283197 , -0.118452 , -0.155695 , 0.0114929 , -0.0898712
11.6147 , -0.132176 , 0.0322287 , -0.110246 , -0.149597 , 0.0228601 , -0.0897794
11.6473 , -0.128049 , 0.0401643 , -0.107558 , -0.146512 , 0.0319656 , -0.0900121
11.679 , -0.125243 , 0.0429863 , -0.103666 , -0.145993 , 0.0338873 , -0.0884902
11.7159 , -0.125024 , 0.0462976 , -0.102915 , -0.145368 , 0.0354662 , -0.0898218
11.7501 , -0.122302 , 0.052795 , -0.101899 , -0.142744 , 0.0321025 , -0.0918291
11.7846 , -0.120042 , 0.0525374 , -0.101807 , -0.14154 , 0.029053 , -0.0930163
11.8153 , -0.117193 , 0.0543667 , -0.100891 , -0.142275 , 0.0254296 , -0.0980966
11.8538 , -0.116676 , 0.0579912 , -0.103896 , -0.141367 , 0.0300851 , -0.0994907
11.8875 , -0.113228 , 0.0574887 , -0.102176 , -0.139898 , 0.0352925 , -0.099377
11.9229 , -0.110442 , 0.0598527 , -0.103583 , -0.13637 , 0.0315544 , -0.0990804
11.9721 , -0.108171 , 0.0612017 , -0.103296 , -0.135011 , 0.0356308 , -0.0998371
12.0194 , -0.105749 , 0.0610369 , -0.102 , -0.133243 , 0.0397247 , -0.0978168
12.0537 , -0.103994 , 0.0626651 , -0.10043 , -0.131149 , 0.0409269 , -0.0945516
12.0819 , -0.102386 , 0.0664654 , -0.0973866 , -0.127778 , 0.0447018 , -0.0952639
12.1172 , -0.101722 , 0.0714821 , -0.094033 , -0.124694 , 0.0464042 , -0.094856
12.1477 , -0.100333 , 0.0739486 , -0.0887899 , -0.122062 , 0.0479201 , -0.0885302
12.1864 , -0.0978915 , 0.0751323 , -0.0795235 , -0.121139 , 0.0496615 , -0.08161
12.2148 , -0.0964491 , 0.0744581 , -0.0742702 , -0.120316 , 0.0530403 , -0.0754731
12.2504 , -0.0952891 , 0.0763483 , -0.068989 , -0.115844 , 0.0509669 , -0.0662902
12.2857 , -0.093181 , 0.0747252 , -0.0607658 , -0.113803 , 0.051155 , -0.060658
12.3191 , -0.0918451 , 0.078264 , -0.0560701 , -0.109249 , 0.0493731 , -0.0533317
12.35 , -0.0884272 , 0.0732555 , -0.0499979 , -0.107193 , 0.0546249 , -0.0460849
12.3847 , -0.0859613 , 0.0725421 , -0.0417281 , -0.106547 , 0.0554909 , -0.0401909
12.4182 , -0.0839745 , 0.0734292 , -0.0365598 , -0.10211 , 0.0489634 , -0.0321387
12.453 , -0.0808939 , 0.066438 , -0.0318921 , -0.0970494 , 0.0428144 , -0.0257873
12.4836 , -0.0778795 , 0.059938 , -0.0266617 , -0.0946629 , 0.0377966 , -0.022207
12.522 , -0.073644 , 0.0509988 , -0.0237329 , -0.0907476 , 0.0300367 , -0.0288037
12.5582 , -0.0687324 , 0.0450778 , -0.0242209 , -0.0844599 , 0.0224819 , -0.0351778
12.5897 , -0.0653558 , 0.0395308 , -0.0286845 , -0.0510583 , 0.0134923 , -0.0317188
12.6235 , -0.0575514 , 0.030228 , -0.0305005 , -0.0324581 , 0.00974927 , -0.0277012
12.6597 , -0.0530883 , 0.024619 , -0.0287228 , -0.0244307 , 0.000523651 , -0.0277999
12.6913 , -0.049356 , 0.0160196 , -0.0287567 , -0.0163798 , -0.0174873 , -0.0304182
12.7236 , -0.0440408 , 0.0160413 , -0.0301181 , -0.011941 , -0.0133502 , -0.0342623
12.7574 , -0.0412776 , 0.00949749 , -0.0292568 , -0.0075769 , -0.0141107 , -0.03852
12.7951 , -0.0390919 , 0.00244221 , -0.0284448 , -0.0047269 , -0.0149124 , -0.0414311
12.843 , -0.0379658 , 0.00223359 , -0.0277456 , -0.00266201 , -0.0131652 , -0.0440229
12.8758 , -0.036154 , 0.00298375 , -0.027962 , -0.00341679 , -0.0145279 , -0.0461661
12.9071 , -0.0344635 , 0.00523129 , -0.0316136 , -0.000999075 , -0.0139736 , -0.0487597
12.9403 , -0.0325416 , 0.00647569 , -0.0342097 , -0.000328464 , -0.0142078 , -0.0516631
12.9735 , -0.0290326 , 0.00456087 , -0.0376237 , 0.00225625 , -0.0121989 , -0.0540437
13.0073 , -0.0248933 , 0.00746311 , -0.0420578 , 0.00617427 , -0.00257706 , -0.0570206
13.0469 , -0.0180635 , 0.00880609 , -0.0439441 , 0.00928449 , -0.00348856 , -0.0575879
13.0929 , -0.0157167 , -0.00165778 , -0.0447768 , 0.0115228 , -0.00876858 , -0.0562441
13.1283 , -0.0111087 , 0.0204014 , -0.0530066 , 0.0183538 , 0.00121506 , -0.0586381
13.1653 , -0.00776875 , 0.0242443 , -0.053342 , 0.0224446 , 0.00719149 , -0.0606002
13.2117 , -0.00287734 , 0.0259301 , -0.0557721 , 0.0246017 , 0.0117655 , -0.0621413
13.2479 , -0.000136823 , 0.0303899 , -0.0560487 , 0.0295046 , 0.0142668 , -0.0641782
13.2928 , 0.00197458 , 0.0305008 , -0.0560869 , 0.0288144 , 0.0152333 , -0.0648328
13.3247 , 0.0036975 , 0.0302986 , -0.056899 , 0.0288228 , 0.0125018 , -0.0644871
13.3601 , 0.00617075 , 0.0315388 , -0.0558629 , 0.0309566 , 0.0134798 , -0.065621
13.3917 , 0.00745246 , 0.0324866 , -0.0565067 , 0.0303985 , 0.0154418 , -0.0644476
13.4283 , 0.00905754 , 0.0328299 , -0.0573458 , 0.0325211 , 0.0152239 , -0.0644455
13.4592 , 0.0109973 , 0.0328667 , -0.0582341 , 0.0353963 , 0.014752 , -0.0647459
13.4926 , 0.0127823 , 0.0329162 , -0.0592657 , 0.0359362 , 0.0157205 , -0.0654782
13.5261 , 0.014257 , 0.0328267 , -0.0595535 , 0.0343401 , 0.0158809 , -0.0661617
13.5595 , 0.0161989 , 0.0339277 , -0.0605572 , 0.0372219 , 0.0108594 , -0.0650829
13.5961 , 0.0188336 , 0.0272103 , -0.0622815 , 0.0395947 , 0.0168558 , -0.0656117
13.6271 , 0.0193538 , 0.0337824 , -0.0633257 , 0.0381763 , 0.0182893 , -0.0658685
13.6602 , 0.0205593 , 0.0344995 , -0.0630399 , 0.0404813 , 0.0201216 , -0.0667135
13.6958 , 0.0234071 , 0.0349245 , -0.0614448 , 0.0437108 , 0.0186277 , -0.067408
13.7273 , 0.0243296 , 0.0333773 , -0.0624807 , 0.0434233 , 0.0182275 , -0.066794
13.7639 , 0.0257753 , 0.0334961 , -0.0623422 , 0.0438419 , 0.0188545 , -0.0659792
13.7947 , 0.0282933 , 0.0347326 , -0.0607394 , 0.0454846 , 0.0187635 , -0.0655519
13.828 , 0.029128 , 0.0358383 , -0.0608208 , 0.0479856 , 0.0204856 , -0.0645561
13.8634 , 0.0312468 , 0.0353374 , -0.061045 , 0.0493876 , 0.0206218 , -0.0644245
13.8954 , 0.0336337 , 0.0335285 , -0.0614294 , 0.0493217 , 0.0207456 , -0.0647227
13.9316 , 0.0348624 , 0.0336112 , -0.0609777 , 0.053342 , 0.0185251 , -0.0652949
13.9626 , 0.0357078 , 0.0319031 , -0.0622147 , 0.0536327 , 0.0169386 , -0.0649983
13.9958 , 0.038362 , 0.0320741 , -0.0618754 , 0.0536463 , 0.0171821 , -0.0651063
14.0313 , 0.0390426 , 0.0314832 , -0.0609876 , 0.0555953 , 0.0184209 , -0.0641229
14.0658 , 0.0395446 , 0.0294338 , -0.0621617 , 0.0547845 , 0.017005 , -0.0633821
14.097 , 0.0406827 , 0.0296505 , -0.0624152 , 0.0545521 , 0.0160376 , -0.0630474
14.1302 , 0.0425358 , 0.0296264 , -0.060493 , 0.0586853 , 0.0159754 , -0.0625706
14.1652 , 0.042717 , 0.0298444 , -0.0603859 , 0.0584958 , 0.0159482 , -0.0625444
14.1986 , 0.04336 , 0.0297488 , -0.0602255 , 0.0576674 , 0.0162482 , -0.062237
14.2353 , 0.0441212 , 0.0288737 , -0.0598916 , 0.0579021 , 0.0167381 , -0.0617329
14.2686 , 0.0456312 , 0.0296781 , -0.0598216 , 0.0581962 , 0.0156391 , -0.0610339
14.301 , 0.0457311 , 0.0280957 , -0.0634068 , 0.0570877 , 0.0145431 , -0.0605738
14.3337 , 0.047269 , 0.0282706 , -0.0624555 , 0.0597991 , 0.0144802 , -0.0616009
14.3662 , 0.0474253 , 0.0270095 , -0.0622968 , 0.0582546 , 0.0136419 , -0.0614059
14.4025 , 0.0484369 , 0.0271394 , -0.0618496 , 0.0593172 , 0.0133492 , -0.0606768
14.4371 , 0.0484369 , 0.0271394 , -0.0618496 , 0.0625651 , 0.0119601 , -0.0607863
14.4756 , 0.0488875 , 0.027241 , -0.0621157 , 0.0616263 , 0.0131699 , -0.0606859
14.52 , 0.0488557 , 0.0291899 , -0.0628106 , 0.0606052 , 0.0141249 , -0.0600887
14.5517 , 0.0490547 , 0.0295974 , -0.0630429 , 0.0616075 , 0.0147454 , -0.0594577
14.5855 , 0.0495043 , 0.0295476 , -0.0625594 , 0.0607467 , 0.0149522 , -0.0591047
14.6246 , 0.049618 , 0.0283696 , -0.0617687 , 0.0596041 , 0.0144911 , -0.058243
14.6738 , 0.0497404 , 0.028411 , -0.06147 , 0.0617546 , 0.0143459 , -0.0578536
14.7234 , 0.0496707 , 0.0293529 , -0.0608719 , 0.062215 , 0.0147596 , -0.0571837
14.7721 , 0.0499169 , 0.0297291 , -0.0603654 , 0.0631188 , 0.014741 , -0.0562494
14.8111 , 0.0498485 , 0.0288254 , -0.0597339 , 0.0623696 , 0.013748 , -0.0547763
14.8603 , 0.0498057 , 0.0287968 , -0.0598976 , 0.0618894 , 0.0157699 , -0.0554843
14.9045 , 0.0492773 , 0.0297822 , -0.0592952 , 0.0618717 , 0.0158266 , -0.0557678
14.9385 , 0.0492708 , 0.0320773 , -0.0586461 , 0.0598946 , 0.0166257 , -0.0552442
14.9697 , 0.0494866 , 0.0310139 , -0.0579471 , 0.0618128 , 0.0167152 , -0.0535274
15.0024 , 0.0495882 , 0.0310875 , -0.0578274 , 0.0620262 , 0.0164418 , -0.0533473
15.0359 , 0.0499016 , 0.0324757 , -0.0576298 , 0.0619509 , 0.0171349 , -0.0528643
15.0723 , 0.049688 , 0.0320076 , -0.0572237 , 0.0625563 , 0.0174144 , -0.0517019
15.1101 , 0.049594 , 0.0320352 , -0.0570255 , 0.0614347 , 0.0174323 , -0.05189
15.1562 , 0.0492955 , 0.0317948 , -0.0566841 , 0.061908 , 0.017721 , -0.0519464
15.1875 , 0.0491445 , 0.0317747 , -0.0557424 , 0.0633067 , 0.0162085 , -0.0513293
15.2226 , 0.0492224 , 0.0311208 , -0.0556159 , 0.061471 , 0.016101 , -0.0511869
15.2543 , 0.048456 , 0.0313012 , -0.0551649 , 0.058988 , 0.0163205 , -0.0506008
15.2897 , 0.0478129 , 0.0320027 , -0.0561865 , 0.0625441 , 0.0152675 , -0.0490248
15.321 , 0.0476381 , 0.0321366 , -0.0564465 , 0.0600534 , 0.0163212 , -0.0489284
15.3555 , 0.0483462 , 0.0311035 , -0.054901 , 0.062389 , 0.0161893 , -0.049288
15.389 , 0.0484384 , 0.0312214 , -0.0544863 , 0.0602723 , 0.0162152 , -0.0489814
15.4239 , 0.0489673 , 0.031421 , -0.0541044 , 0.0591936 , 0.0160554 , -0.0475475
15.4553 , 0.0484078 , 0.0307185 , -0.0537244 , 0.0603247 , 0.0159185 , -0.0469952
15.4906 , 0.0484099 , 0.0315558 , -0.0539724 , 0.0612597 , 0.0156831 , -0.0476937
15.5256 , 0.0484838 , 0.0315541 , -0.0541417 , 0.0609101 , 0.0158735 , -0.0478112
15.5569 , 0.048515 , 0.0313426 , -0.0540521 , 0.0615971 , 0.015145 , -0.047953
15.5915 , 0.048963 , 0.0302049 , -0.0535882 , 0.0614617 , 0.01524 , -0.0477152
15.6269 , 0.0494709 , 0.0309291 , -0.052804 , 0.0624884 , 0.0159853 , -0.0483257
15.6608 , 0.0495498 , 0.0305855 , -0.0528161 , 0.0610535 , 0.0156245 , -0.0481043
15.692 , 0.0494568 , 0.0305164 , -0.052841 , 0.0630512 , 0.0157486 , -0.0468358
15.7308 , 0.0481923 , 0.0325949 , -0.0542697 , 0.0599374 , 0.0160501 , -0.0449478
15.7751 , 0.0487054 , 0.0306643 , -0.0541489 , 0.0604455 , 0.0158402 , -0.0459143
15.8076 , 0.0489177 , 0.0305571 , -0.0538631 , 0.0611605 , 0.0154915 , -0.046832
15.8411 , 0.0493926 , 0.0298068 , -0.0536265 , 0.0595705 , 0.0177361 , -0.0471925
15.8776 , 0.0499263 , 0.0297764 , -0.052697 , 0.0623621 , 0.0159529 , -0.0467748
15.9116 , 0.049901 , 0.0306333 , -0.0527328 , 0.0611878 , 0.0158869 , -0.0458746
15.9427 , 0.049888 , 0.0309467 , -0.0528158 , 0.0616676 , 0.0162708 , -0.0457725
15.9753 , 0.0498231 , 0.0309398 , -0.0529428 , 0.0606331 , 0.0176844 , -0.0460128
16.0088 , 0.049121 , 0.0326052 , -0.0540309 , 0.0605788 , 0.0174285 , -0.046097
16.0455 , 0.0499329 , 0.0309291 , -0.0532968 , 0.0608611 , 0.0163626 , -0.046071
16.0796 , 0.0511361 , 0.030578 , -0.0527676 , 0.0637245 , 0.0148525 , -0.0481481
16.1117 , 0.051441 , 0.0297225 , -0.0523265 , 0.0618285 , 0.0149732 , -0.046715
16.1432 , 0.0505832 , 0.0306758 , -0.052698 , 0.0606885 , 0.0151418 , -0.0449505
16.1767 , 0.0500227 , 0.0311176 , -0.0531063 , 0.0615085 , 0.0144539 , -0.0435917
16.2132 , 0.0500618 , 0.0308563 , -0.0532949 , 0.0637515 , 0.0150389 , -0.0452733
16.2445 , 0.0508555 , 0.03016 , -0.0544011 , 0.0621679 , 0.0157749 , -0.0462057
16.2774 , 0.0512479 , 0.030243 , -0.0528047 , 0.0639728 , 0.0162195 , -0.0477153
16.3118 , 0.0514433 , 0.0296398 , -0.0523229 , 0.0606757 , 0.0163356 , -0.0494095
16.3466 , 0.0517909 , 0.0294921 , -0.0521321 , 0.0612803 , 0.0163562 , -0.0469999
16.378 , 0.0504459 , 0.0330651 , -0.0532822 , 0.0623595 , 0.0163691 , -0.042931
16.4144 , 0.050987 , 0.0318593 , -0.0530244 , 0.0611578 , 0.0163776 , -0.0437845
16.4585 , 0.0509945 , 0.031171 , -0.052909 , 0.0621779 , 0.0157101 , -0.0455861
16.5073 , 0.051201 , 0.0303758 , -0.0519156 , 0.0625046 , 0.016363 , -0.0456961
16.557 , 0.051611 , 0.0313188 , -0.0516417 , 0.0638788 , 0.0166625 , -0.0462357
16.5995 , 0.0516432 , 0.0312077 , -0.0516804 , 0.0629092 , 0.0167408 , -0.0459767
16.636 , 0.0516987 , 0.0321276 , -0.0510726 , 0.0624161 , 0.0173283 , -0.0453066
16.6856 , 0.0516987 , 0.0321276 , -0.0510726 , 0.0624075 , 0.017281 , -0.0450423
16.7372 , 0.0508495 , 0.032598 , -0.0512526 , 0.0618709 , 0.0177016 , -0.0444072
16.7854 , 0.0513784 , 0.032917 , -0.0509932 , 0.0619946 , 0.0151912 , -0.0439447
16.8232 , 0.051122 , 0.0305788 , -0.0515733 , 0.0613863 , 0.015891 , -0.0436496
16.8659 , 0.0511193 , 0.030838 , -0.0515615 , 0.0643453 , 0.0158019 , -0.0446026
16.8995 , 0.0511193 , 0.030838 , -0.0515615 , 0.0609613 , 0.0157342 , -0.0450577
16.9329 , 0.0507609 , 0.0318754 , -0.0505378 , 0.0616394 , 0.0163852 , -0.0447165
16.9713 , 0.0500052 , 0.0315434 , -0.0516365 , 0.062692 , 0.0163322 , -0.0439848
17.019 , 0.0498289 , 0.0312754 , -0.0521365 , 0.0590736 , 0.0175577 , -0.0441743
17.0555 , 0.0495738 , 0.031375 , -0.0517641 , 0.0588564 , 0.0170959 , -0.0445653
17.1013 , 0.0499869 , 0.031573 , -0.0500305 , 0.0605229 , 0.0169859 , -0.044365
17.1358 , 0.0497498 , 0.0316886 , -0.0501807 , 0.0603335 , 0.0167906 , -0.044486
17.1669 , 0.0496843 , 0.0318644 , -0.0501509 , 0.0605183 , 0.0165869 , -0.0441568
17.2003 , 0.0491608 , 0.0306066 , -0.0507562 , 0.0602365 , 0.0160009 , -0.044058
17.2335 , 0.0491608 , 0.0306066 , -0.0507562 , 0.0604159 , 0.0156514 , -0.044191
17.2691 , 0.0491608 , 0.0306066 , -0.0507562 , 0.0598998 , 0.0164301 , -0.0440089
17.304 , 0.0492733 , 0.0310642 , -0.0505005 , 0.0604829 , 0.0156255 , -0.0443104
17.3412 , 0.0492275 , 0.0308948 , -0.0507089 , 0.0602286 , 0.0160377 , -0.0442814
17.3891 , 0.0492302 , 0.0303753 , -0.0507532 , 0.0604177 , 0.0161702 , -0.0441362
17.4287 , 0.0490935 , 0.0305277 , -0.0508313 , 0.0603439 , 0.0158184 , -0.0441266
17.4714 , 0.0490935 , 0.0305277 , -0.0508313 , 0.0603153 , 0.0156149 , -0.0441803
17.5061 , 0.0490935 , 0.0305277 , -0.0508313 , 0.0602529 , 0.0154729 , -0.0441953
17.5428 , 0.0491825 , 0.0310876 , -0.0506532 , 0.062202 , 0.0157971 , -0.0443621
17.5868 , 0.0494218 , 0.0310584 , -0.0506205 , 0.0596545 , 0.0154187 , -0.0441728
17.6193 , 0.0494603 , 0.0302264 , -0.0507139 , 0.0594002 , 0.014864 , -0.0442541
17.653 , 0.0490232 , 0.0309731 , -0.0510043 , 0.0598591 , 0.0155568 , -0.0442008
17.6895 , 0.0492832 , 0.0294514 , -0.0506211 , 0.0597542 , 0.014665 , -0.0439363
17.724 , 0.0492832 , 0.0294514 , -0.0506211 , 0.0599022 , 0.0143847 , -0.0437712
17.7551 , 0.0493189 , 0.0309253 , -0.0506368 , 0.0607376 , 0.0158745 , -0.0429764
17.7943 , 0.0494603 , 0.0311762 , -0.0507354 , 0.0597286 , 0.0158534 , -0.0431193
17.8446 , 0.0496818 , 0.0301905 , -0.0507513 , 0.0622763 , 0.0156463 , -0.0438293
17.9101 , 0.0496818 , 0.0301905 , -0.0507513 , 0.0603795 , 0.0154886 , -0.0442827
17.9431 , 0.0493701 , 0.0296991 , -0.0506504 , 0.0584031 , 0.0171605 , -0.0439909
17.9783 , 0.048636 , 0.0311289 , -0.0516244 , 0.0611611 , 0.0153314 , -0.0439949
18.0274 , 0.0492352 , 0.0303346 , -0.0514429 , 0.0603295 , 0.0141611 , -0.0431649
