501

0.020882 , 0.0298133 , 0.0258126 , -0.0231423 , 0.0435583 , 0.0276723 , -0.0108066
0.054045 , 0.0296538 , 0.0259742 , -0.0231548 , 0.0435178 , 0.0272659 , -0.00532905
0.087796 , 0.0295975 , 0.0269555 , -0.0229576 , 0.0679121 , 0.0254318 , -0.0229208
0.124179 , 0.0297167 , 0.0269181 , -0.0223609 , 0.0558343 , 0.0222357 , -0.012459
0.158721 , 0.0295921 , 0.0262201 , -0.0226495 , 0.0577003 , 0.0186919 , -0.00241534
0.192861 , 0.0294858 , 0.0259608 , -0.0229474 , 0.0582166 , 0.0170864 , -0.00293235
0.225502 , 0.0294858 , 0.0259608 , -0.0229474 , 0.0593285 , 0.0168259 , -0.00639216
0.257576 , 0.0295969 , 0.0258562 , -0.0227397 , 0.0613524 , 0.017339 , -0.00855882
0.290589 , 0.0295964 , 0.0258137 , -0.0226896 , 0.0637924 , 0.0182652 , -0.00926986
0.323218 , 0.0295964 , 0.0258137 , -0.0226896 , 0.0661843 , 0.0197588 , -0.00941464
0.359751 , 0.0294757 , 0.0260587 , -0.0228259 , 0.0688666 , 0.0205839 , -0.00956002
0.3983 , 0.0294769 , 0.0257704 , -0.0226393 , 0.0712482 , 0.0208566 , -0.00939709
0.444617 , 0.0294769 , 0.0257704 , -0.0226393 , 0.0719655 , 0.0207904 , -0.010299
0.480799 , 0.0294769 , 0.0257704 , -0.0226393 , 0.0723329 , 0.0205586 , -0.0112246
0.5301 , 0.0290222 , 0.0260249 , -0.0225264 , 0.0711365 , 0.0203431 , -0.0115071
0.573246 , 0.0290222 , 0.0260249 , -0.0225264 , 0.0712987 , 0.0206777 , -0.0121776
0.613303 , 0.0291698 , 0.0265236 , -0.0220681 , 0.0700263 , 0.020493 , -0.0128915
0.646676 , 0.0291698 , 0.0265236 , -0.0220681 , 0.0687083 , 0.0204545 , -0.0134565
0.681553 , 0.0287363 , 0.0258604 , -0.0224127 , 0.066471 , 0.0200488 , -0.0133477
0.713328 , 0.0287363 , 0.0258604 , -0.0224127 , 0.0664547 , 0.0199635 , -0.0140352
0.750684 , 0.0285091 , 0.0261398 , -0.0222068 , 0.0641604 , 0.0203237 , -0.0142794
0.795257 , 0.0284495 , 0.0266843 , -0.0219966 , 0.0646026 , 0.02091 , -0.014495
0.827005 , 0.0284495 , 0.0266843 , -0.0219966 , 0.0656096 , 0.0211984 , -0.0145484
0.862966 , 0.0282691 , 0.026614 , -0.0221372 , 0.0655442 , 0.0213074 , -0.0146113
0.898545 , 0.0281832 , 0.026888 , -0.0220057 , 0.064368 , 0.0215399 , -0.0146238
0.936522 , 0.0279058 , 0.0269157 , -0.0220057 , 0.0652428 , 0.0215681 , -0.014768
0.978675 , 0.0277953 , 0.0269577 , -0.0219527 , 0.0653578 , 0.0215625 , -0.0151835
1.01109 , 0.0276247 , 0.0273124 , -0.0219924 , 0.065666 , 0.0218467 , -0.0153945
1.04452 , 0.0273934 , 0.0280445 , -0.0219624 , 0.0662947 , 0.022464 , -0.0157069
1.08136 , 0.0273747 , 0.0273415 , -0.0217644 , 0.0667668 , 0.0222146 , -0.0157043
1.11248 , 0.0269569 , 0.0284928 , -0.0214404 , 0.0661449 , 0.0227078 , -0.0157612
1.14533 , 0.0267064 , 0.027728 , -0.0216957 , 0.0658119 , 0.0225809 , -0.0161735
1.17887 , 0.0265206 , 0.0279485 , -0.0217559 , 0.0667967 , 0.0228528 , -0.0162787
1.2123 , 0.026186 , 0.0286767 , -0.0213254 , 0.0667002 , 0.0235409 , -0.0162614
1.25194 , 0.0257751 , 0.0308908 , -0.0205863 , 0.066021 , 0.0244656 , -0.0161416
1.28513 , 0.0253499 , 0.0312098 , -0.0207125 , 0.0654755 , 0.024742 , -0.0161792
1.31885 , 0.0250652 , 0.0313357 , -0.0207421 , 0.0629165 , 0.0265355 , -0.0162085
1.35105 , 0.0230928 , 0.031896 , -0.0208077 , 0.0631719 , 0.0256035 , -0.0164806
1.38955 , 0.0231774 , 0.0319375 , -0.0205167 , 0.0633263 , 0.0268955 , -0.0164038
1.4326 , 0.0230718 , 0.0331276 , -0.0204288 , 0.0631584 , 0.0276615 , -0.0164696
1.46471 , 0.0229625 , 0.033267 , -0.020218 , 0.0629075 , 0.0270108 , -0.0169206
1.50419 , 0.0228593 , 0.0327765 , -0.0202955 , 0.063193 , 0.027448 , -0.0170893
1.54988 , 0.0229211 , 0.0325442 , -0.0199747 , 0.0637486 , 0.0257595 , -0.0173345
1.58424 , 0.0229584 , 0.0310705 , -0.0198584 , 0.0636723 , 0.0258253 , -0.0171585
1.61582 , 0.0230151 , 0.0320181 , -0.0195592 , 0.063199 , 0.0263802 , -0.0172562
1.65428 , 0.0230602 , 0.0319381 , -0.0195788 , 0.0637546 , 0.0278043 , -0.0177375
1.68633 , 0.023319 , 0.032467 , -0.0196271 , 0.0642258 , 0.0278288 , -0.0183558
1.71744 , 0.0236891 , 0.033995 , -0.0196685 , 0.0643618 , 0.0281026 , -0.0186777
1.74921 , 0.023903 , 0.0330005 , -0.0202085 , 0.0644 , 0.0281539 , -0.019022
1.78613 , 0.0238364 , 0.0331317 , -0.0204242 , 0.0651616 , 0.027061 , -0.0189212
1.82081 , 0.0236953 , 0.0326311 , -0.0203105 , 0.064886 , 0.0272585 , -0.0190633
1.85998 , 0.0237329 , 0.033168 , -0.0204585 , 0.0649504 , 0.028694 , -0.0195769
1.90423 , 0.0237583 , 0.034625 , -0.0206191 , 0.0645817 , 0.0293982 , -0.0198804
1.93718 , 0.0236531 , 0.0352094 , -0.0210025 , 0.0647093 , 0.0276955 , -0.0207079
1.96874 , 0.0233549 , 0.0323394 , -0.0215666 , 0.0643735 , 0.02763 , -0.0207719
2.00467 , 0.0231203 , 0.0324124 , -0.0219388 , 0.0639606 , 0.0259853 , -0.0215223
2.03619 , 0.0231702 , 0.0314426 , -0.0231863 , 0.0635147 , 0.0260752 , -0.0222101
2.07236 , 0.0228368 , 0.0321844 , -0.0232166 , 0.0634229 , 0.0269858 , -0.0226495
2.10488 , 0.0224954 , 0.0322129 , -0.0236996 , 0.0631131 , 0.0272507 , -0.0231572
2.13639 , 0.0222088 , 0.0315793 , -0.0242023 , 0.0640779 , 0.0274035 , -0.023443
2.17107 , 0.0227295 , 0.0320744 , -0.0250323 , 0.0638458 , 0.0269493 , -0.0242262
2.20886 , 0.0230992 , 0.0321543 , -0.0267839 , 0.064379 , 0.0270801 , -0.0249546
2.26177 , 0.0232567 , 0.0303512 , -0.0278703 , 0.0645685 , 0.0250882 , -0.0264124
2.31021 , 0.0234677 , 0.0299505 , -0.029177 , 0.0646319 , 0.0252502 , -0.0281566
2.35699 , 0.0238071 , 0.0305593 , -0.0303887 , 0.0649894 , 0.0256531 , -0.029249
2.38951 , 0.0241263 , 0.0299043 , -0.0309509 , 0.0654641 , 0.0262108 , -0.0300855
2.42752 , 0.0242047 , 0.0308256 , -0.0317707 , 0.0656248 , 0.0280819 , -0.0314459
2.47498 , 0.023941 , 0.032101 , -0.0332309 , 0.0652989 , 0.0269963 , -0.0331167
2.50968 , 0.0234384 , 0.0305025 , -0.0349409 , 0.0647426 , 0.0263536 , -0.0341818
2.54435 , 0.0234625 , 0.0315177 , -0.0361283 , 0.0648764 , 0.0267747 , -0.0359411
2.59286 , 0.0226662 , 0.029687 , -0.0377585 , 0.0641507 , 0.025831 , -0.0378739
2.62801 , 0.0223187 , 0.0298807 , -0.0393682 , 0.0635196 , 0.0254357 , -0.0399172
2.67492 , 0.0216942 , 0.0276244 , -0.0405638 , 0.0633621 , 0.0246842 , -0.0426254
2.70612 , 0.0211167 , 0.0292952 , -0.0425055 , 0.0629251 , 0.0254709 , -0.0445857
2.73899 , 0.0205534 , 0.0264428 , -0.0444456 , 0.0622367 , 0.0243979 , -0.0470401
2.77261 , 0.0204425 , 0.0248779 , -0.0465185 , 0.0618733 , 0.0221981 , -0.0506448
2.80904 , 0.0218548 , 0.023311 , -0.0470711 , 0.0617778 , 0.0221808 , -0.0528964
2.84326 , 0.0182216 , 0.0213929 , -0.0501845 , 0.0600912 , 0.0206103 , -0.0560612
2.87412 , 0.0190095 , 0.0218097 , -0.0517449 , 0.0592093 , 0.0202823 , -0.06058
2.90701 , 0.0175493 , 0.0208198 , -0.0549039 , 0.0570091 , 0.0195367 , -0.0650187
2.94015 , 0.015591 , 0.0182355 , -0.0562989 , 0.0546332 , 0.0167291 , -0.0696127
2.99259 , 0.0162347 , 0.0172791 , -0.0567612 , 0.0483593 , 0.015013 , -0.0747691
3.02402 , 0.0118237 , 0.0150014 , -0.0569475 , 0.0497467 , 0.0141657 , -0.0789413
3.06053 , 0.0128918 , 0.0160262 , -0.056647 , 0.0492818 , 0.0130342 , -0.0831867
3.09508 , 0.00898227 , 0.0110813 , -0.0530623 , 0.0467595 , 0.0182507 , -0.0884094
3.12628 , 0.00767384 , 0.0118445 , -0.0529052 , 0.0437595 , 0.0193375 , -0.0946882
3.15829 , 0.00786699 , 0.0165251 , -0.051625 , 0.0403164 , 0.0181604 , -0.100877
3.1919 , 0.00842317 , 0.0157935 , -0.0491014 , 0.036578 , 0.0199917 , -0.106984
3.22836 , 0.0074644 , 0.0138962 , -0.0490877 , 0.0324854 , 0.0203951 , -0.113534
3.2777 , 0.00650645 , 0.0131531 , -0.049252 , 0.0285345 , 0.0199759 , -0.120791
3.30947 , 0.0100098 , 0.0106887 , -0.0481166 , 0.0255326 , 0.0188402 , -0.129229
3.34585 , 0.0116585 , 0.00783473 , -0.0502934 , 0.023864 , 0.0158565 , -0.135366
3.37547 , 0.0144213 , 0.00331742 , -0.0514768 , -0.000626163 , 0.0162479 , -0.128551
3.41039 , 0.0151363 , 0.000245577 , -0.0518814 , 0.000618338 , 0.0136717 , -0.113823
3.44394 , 0.0151553 , -0.00546103 , -0.0524161 , 0.00426257 , 0.00353543 , -0.102562
3.47804 , 0.0143881 , -0.00618611 , -0.0521584 , 0.00658337 , -0.00580923 , -0.096483
3.51503 , 0.0164313 , -0.00946305 , -0.0518584 , 0.00754118 , -0.00883232 , -0.0935278
3.54855 , 0.0150991 , -0.0125193 , -0.0500649 , 0.00598357 , -0.0145258 , -0.0912103
3.57841 , 0.0180204 , -0.0127289 , -0.0511296 , 0.00640306 , -0.0143381 , -0.0892162
3.60919 , 0.0212235 , -0.0136309 , -0.0519547 , 0.00794975 , -0.0167978 , -0.0866342
3.64547 , 0.0224552 , -0.0176993 , -0.0510764 , 0.0100264 , -0.0175351 , -0.0833334
3.6761 , 0.0255655 , -0.0204559 , -0.0513324 , 0.0125637 , -0.0198961 , -0.0800204
3.71089 , 0.0290783 , -0.0251791 , -0.0524077 , 0.014722 , -0.0206364 , -0.0792132
3.74329 , 0.0321013 , -0.0251088 , -0.0552607 , 0.0175914 , -0.0209265 , -0.0806714
3.78275 , 0.0361053 , -0.0268774 , -0.0587862 , 0.0209837 , -0.0241123 , -0.0830741
3.81196 , 0.0401928 , -0.0317427 , -0.0610229 , 0.0265105 , -0.030107 , -0.0841409
3.84633 , 0.0450006 , -0.0353534 , -0.0644676 , 0.031794 , -0.0347196 , -0.0856868
3.87998 , 0.0497593 , -0.0405423 , -0.067477 , 0.0370562 , -0.0355841 , -0.0877756
3.91437 , 0.0547766 , -0.0420724 , -0.0699071 , 0.0429523 , -0.0386661 , -0.0897075
3.9481 , 0.0602721 , -0.0444905 , -0.0732657 , 0.0491793 , -0.0416527 , -0.0924741
3.97967 , 0.0667476 , -0.0454946 , -0.0772407 , 0.0558312 , -0.045516 , -0.0952637
4.01516 , 0.0727398 , -0.0491445 , -0.0803001 , 0.0626578 , -0.0462703 , -0.0967252
4.05178 , 0.0781734 , -0.0517766 , -0.0825402 , 0.0701632 , -0.0500586 , -0.0976638
4.08235 , 0.0845961 , -0.0530033 , -0.0846362 , 0.0774162 , -0.051492 , -0.0978619
4.12096 , 0.0903444 , -0.0534607 , -0.0852402 , 0.0837763 , -0.0537559 , -0.0974005
4.16639 , 0.0961479 , -0.0532993 , -0.0861715 , 0.0899993 , -0.0548898 , -0.0967256
4.20721 , 0.101768 , -0.0542971 , -0.0853765 , 0.128723 , -0.0631083 , -0.0998445
4.25672 , 0.108137 , -0.053979 , -0.0865077 , 0.151603 , -0.069255 , -0.106981
4.30654 , 0.114528 , -0.055574 , -0.0856621 , 0.151848 , -0.0688732 , -0.0903053
4.35656 , 0.11933 , -0.0541106 , -0.0825872 , 0.159506 , -0.070321 , -0.0745837
4.40622 , 0.124941 , -0.0503086 , -0.0793574 , 0.166358 , -0.0714457 , -0.0603481
4.45319 , 0.129969 , -0.0502179 , -0.0772176 , 0.171671 , -0.0713547 , -0.0472799
4.4913 , 0.136628 , -0.0478438 , -0.0747694 , 0.176355 , -0.0749751 , -0.0338536
4.53889 , 0.139987 , -0.0508868 , -0.0720244 , 0.173103 , -0.0720766 , -0.0196187
4.57005 , 0.144229 , -0.0433157 , -0.0684579 , 0.173491 , -0.0821979 , -0.00575161
4.60088 , 0.137719 , -0.0540052 , -0.062691 , 0.173582 , -0.0763777 , 0.0120902
4.639 , 0.130545 , -0.0449119 , -0.0546159 , 0.166206 , -0.0766978 , 0.0251379
4.67786 , 0.117405 , -0.045707 , -0.0485768 , 0.154207 , -0.0707213 , 0.0376682
4.72558 , 0.0994563 , -0.0417694 , -0.0375139 , 0.139048 , -0.0632369 , 0.0461083
4.77461 , 0.0766451 , -0.0337248 , -0.0233423 , 0.12077 , -0.0498366 , 0.0556378
4.82752 , 0.0473946 , -0.0242001 , -0.00761892 , 0.0994053 , -0.0341409 , 0.0652067
4.8752 , 0.0122613 , -0.00922009 , 0.00864309 , 0.0756901 , -0.0148237 , 0.073982
4.91256 , -0.0234931 , 0.00812434 , 0.0224124 , 0.0503987 , -0.000204655 , 0.0828221
4.96114 , -0.0608554 , 0.0256454 , 0.0301573 , -0.0260036 , 0.0189712 , 0.0734877
5.01043 , -0.0966959 , 0.0427623 , 0.0353639 , -0.0809834 , 0.0459969 , 0.0630395
5.05992 , -0.131191 , 0.0585115 , 0.0384617 , -0.109194 , 0.0746261 , 0.0536227
5.09525 , -0.163112 , 0.0737432 , 0.0378768 , -0.129069 , 0.0825382 , 0.0434227
5.14229 , -0.192043 , 0.0841585 , 0.0349298 , -0.150689 , 0.0872241 , 0.034077
5.17384 , -0.217696 , 0.0939669 , 0.0306172 , -0.175053 , 0.0908706 , 0.0291231
5.20865 , -0.241166 , 0.101353 , 0.0274654 , -0.201655 , 0.0925867 , 0.0282256
5.23753 , -0.262688 , 0.105366 , 0.0240349 , -0.229343 , 0.100038 , 0.0270397
5.27293 , -0.280892 , 0.11142 , 0.0215029 , -0.255214 , 0.109799 , 0.0241633
5.30354 , -0.297224 , 0.117789 , 0.0177878 , -0.277793 , 0.119837 , 0.0197186
5.33866 , -0.311137 , 0.121809 , 0.0149676 , -0.295197 , 0.126652 , 0.0155437
5.37675 , -0.322619 , 0.127764 , 0.0126215 , -0.30811 , 0.128527 , 0.0115006
5.41556 , -0.332264 , 0.130657 , 0.010664 , -0.316255 , 0.131741 , 0.00621793
5.46293 , -0.339158 , 0.13546 , 0.00832171 , -0.320654 , 0.133924 , 0.00126773
5.50963 , -0.343638 , 0.135858 , 0.00793459 , -0.320431 , 0.134513 , -0.00232252
5.54425 , -0.345623 , 0.138762 , 0.00801305 , -0.31939 , 0.139801 , -0.00568131
5.57239 , -0.345441 , 0.141578 , 0.00748198 , -0.316356 , 0.140254 , -0.00666668
5.60526 , -0.343543 , 0.144847 , 0.00752705 , -0.312399 , 0.142302 , -0.00825801
5.6406 , -0.33979 , 0.149228 , 0.00645667 , -0.309428 , 0.14777 , -0.0103647
5.67425 , -0.335448 , 0.154627 , 0.00585534 , -0.30606 , 0.155131 , -0.011818
5.70868 , -0.33091 , 0.161313 , 0.0059616 , -0.302515 , 0.161031 , -0.0114708
5.73938 , -0.326406 , 0.168203 , 0.00772628 , -0.29934 , 0.167756 , -0.00981183
5.77393 , -0.321725 , 0.173627 , 0.0109419 , -0.296645 , 0.171532 , -0.00505724
5.81348 , -0.317586 , 0.178781 , 0.0162605 , -0.29412 , 0.176651 , -0.000268104
5.84773 , -0.313363 , 0.1819 , 0.0203562 , -0.29161 , 0.180198 , 0.0060028
5.88156 , -0.309153 , 0.184483 , 0.0246131 , -0.289634 , 0.181823 , 0.0124579
5.91005 , -0.304992 , 0.186145 , 0.0289815 , -0.287371 , 0.186019 , 0.0178516
5.943 , -0.300311 , 0.189656 , 0.0323071 , -0.28536 , 0.188844 , 0.022946
5.97976 , -0.29524 , 0.195231 , 0.0329555 , -0.283612 , 0.191587 , 0.0261074
6.013 , -0.289947 , 0.196924 , 0.0339207 , -0.282091 , 0.19289 , 0.0285921
6.0475 , -0.284832 , 0.195893 , 0.0348549 , -0.28031 , 0.191777 , 0.0311655
6.07745 , -0.278561 , 0.19212 , 0.0358792 , -0.276258 , 0.197438 , 0.0310735
6.11064 , -0.271492 , 0.188227 , 0.036033 , -0.188746 , 0.207965 , 0.0682399
6.14701 , -0.263553 , 0.185252 , 0.0358782 , -0.113978 , 0.193198 , 0.0764498
6.1825 , -0.25382 , 0.180006 , 0.0374245 , -0.141987 , 0.177797 , 0.0308887
6.21737 , -0.242653 , 0.173113 , 0.0401498 , -0.141005 , 0.163663 , 0.0128675
6.25078 , -0.230349 , 0.160017 , 0.0426347 , -0.132856 , 0.143392 , 0.00440389
6.28472 , -0.218994 , 0.146478 , 0.0435133 , -0.132435 , 0.127907 , -0.00416067
6.33163 , -0.208764 , 0.134305 , 0.0425888 , -0.131258 , 0.118675 , -0.015587
6.37338 , -0.19775 , 0.12333 , 0.0391002 , -0.130827 , 0.107203 , -0.0278069
6.41487 , -0.186983 , 0.114405 , 0.0366329 , -0.129181 , 0.105487 , -0.0415527
6.44848 , -0.174114 , 0.11072 , 0.0365988 , -0.12711 , 0.108194 , -0.0512729
6.48106 , -0.164942 , 0.110618 , 0.0372118 , -0.123579 , 0.108991 , -0.0534843
6.51779 , -0.155455 , 0.108028 , 0.0348353 , -0.117791 , 0.108073 , -0.0521918
6.55285 , -0.144147 , 0.107275 , 0.0303494 , -0.109984 , 0.103331 , -0.0505678
6.58417 , -0.135713 , 0.103139 , 0.0245806 , -0.106565 , 0.102805 , -0.0523571
6.61561 , -0.12981 , 0.0969335 , 0.0169378 , -0.116019 , 0.0960738 , -0.0412781
6.64846 , -0.122342 , 0.0936989 , 0.00861868 , -0.104022 , 0.0806914 , -0.0328879
6.68923 , -0.115576 , 0.0842282 , 9.52609e-05 , -0.0898932 , 0.0638009 , -0.0344577
6.73308 , -0.110219 , 0.0718256 , -0.00835615 , -0.0805194 , 0.0477581 , -0.0406931
6.76676 , -0.10307 , 0.0601513 , -0.0136616 , -0.0745197 , 0.0397606 , -0.0443799
6.79678 , -0.0997366 , 0.0593775 , -0.0211237 , -0.0723039 , 0.0306153 , -0.0441835
6.83136 , -0.0917604 , 0.0549346 , -0.0205233 , -0.076675 , 0.0330164 , -0.0450857
6.86562 , -0.0891044 , 0.0503615 , -0.0224042 , -0.0710646 , 0.0362526 , -0.0429742
6.89933 , -0.079956 , 0.0520497 , -0.0238817 , -0.0657859 , 0.0358797 , -0.0397792
6.93383 , -0.0727656 , 0.0456348 , -0.0235934 , -0.0629929 , 0.0342653 , -0.0371105
6.96781 , -0.068073 , 0.0374942 , -0.0239953 , -0.0561295 , 0.036624 , -0.0355836
7.00093 , -0.0596022 , 0.0369656 , -0.0256516 , -0.0548141 , 0.0224346 , -0.0331598
7.03198 , -0.056738 , 0.0243992 , -0.0241363 , -0.0491084 , 0.0147408 , -0.0325319
7.067 , -0.049968 , 0.0190745 , -0.0244011 , -0.0432575 , 0.0100393 , -0.0333188
7.10139 , -0.0441376 , 0.013502 , -0.0246183 , -0.0372254 , 0.00307985 , -0.0340049
7.13205 , -0.0387562 , 0.00933251 , -0.0256787 , -0.0320237 , -0.00438621 , -0.034687
7.17037 , -0.0334054 , 0.00231835 , -0.0272071 , -0.027297 , -0.00871961 , -0.0353664
7.20355 , -0.0268497 , -0.00430564 , -0.0301381 , -0.021607 , -0.0170013 , -0.036757
7.23277 , -0.0204816 , -0.0123205 , -0.0335163 , -0.0155469 , -0.0226538 , -0.0388485
7.27087 , -0.0133283 , -0.0172904 , -0.0367059 , -0.00955813 , -0.0294306 , -0.0419859
7.30137 , -0.00631054 , -0.022936 , -0.0412092 , -0.00314576 , -0.034167 , -0.0459455
7.33335 , 0.00315093 , -0.0261645 , -0.0472827 , 0.0039678 , -0.0381265 , -0.0505716
7.36889 , 0.0119154 , -0.0323603 , -0.053917 , 0.0115253 , -0.0455867 , -0.0559579
7.40895 , 0.021632 , -0.0370989 , -0.0610395 , 0.0211913 , -0.0533464 , -0.0636187
7.43722 , 0.0314416 , -0.044613 , -0.0681806 , 0.0316822 , -0.0573814 , -0.0715331
7.46762 , 0.041834 , -0.0492819 , -0.0750617 , 0.0420886 , -0.0620134 , -0.0783846
7.50117 , 0.0531614 , -0.0528476 , -0.0817117 , 0.0539026 , -0.0691974 , -0.0847531
7.53456 , 0.0651612 , -0.056404 , -0.087922 , 0.0663094 , -0.0707211 , -0.0902188
7.57121 , 0.0757366 , -0.0608938 , -0.0914683 , 0.0783041 , -0.0760156 , -0.0956123
7.60499 , 0.088412 , -0.0631766 , -0.0982818 , 0.0923702 , -0.0704545 , -0.10072
7.63532 , 0.0992096 , -0.0683816 , -0.10286 , 0.104369 , -0.0762294 , -0.105223
7.67254 , 0.110545 , -0.0702314 , -0.107761 , 0.115665 , -0.0820716 , -0.108085
7.70472 , 0.123614 , -0.0778427 , -0.116306 , 0.128274 , -0.0849269 , -0.108833
7.73904 , 0.134792 , -0.0777833 , -0.118842 , 0.142657 , -0.0824902 , -0.111111
7.77252 , 0.148246 , -0.0720388 , -0.123634 , 0.153184 , -0.0961181 , -0.113069
7.80312 , 0.156757 , -0.0801675 , -0.126611 , 0.169001 , -0.0913948 , -0.11298
7.83819 , 0.169225 , -0.083273 , -0.129034 , 0.179256 , -0.0983676 , -0.110665
7.87186 , 0.179917 , -0.086213 , -0.131571 , 0.227942 , -0.10315 , -0.108519
7.90845 , 0.189289 , -0.081108 , -0.128593 , 0.245846 , -0.117536 , -0.104522
7.94191 , 0.194186 , -0.078949 , -0.126001 , 0.238167 , -0.125864 , -0.0753526
7.97289 , 0.198278 , -0.089494 , -0.126236 , 0.238279 , -0.126325 , -0.0463909
8.00844 , 0.195871 , -0.0780038 , -0.116764 , 0.233475 , -0.12201 , -0.0283283
8.04027 , 0.194228 , -0.069488 , -0.111881 , 0.223613 , -0.119956 , -0.0262608
8.07667 , 0.18501 , -0.0701395 , -0.106623 , 0.215196 , -0.11407 , -0.0287585
8.10729 , 0.17036 , -0.0673726 , -0.10068 , 0.209056 , -0.105449 , -0.0253481
8.14162 , 0.147789 , -0.0630495 , -0.089542 , 0.198817 , -0.100409 , -0.0155272
8.17588 , 0.120517 , -0.0559912 , -0.073387 , 0.180836 , -0.0914608 , -0.00610001
8.20973 , 0.0894927 , -0.0473366 , -0.0567942 , 0.15743 , -0.0797191 , 0.00165709
8.24137 , 0.0539226 , -0.0337401 , -0.0403071 , 0.131158 , -0.0613371 , 0.00879441
8.27865 , 0.0164097 , -0.0162339 , -0.0251703 , 0.101891 , -0.0378351 , 0.0149728
8.31363 , -0.0227135 , 0.00574585 , -0.013643 , 0.0295591 , 0.000709792 , 0.0172714
8.34732 , -0.0606243 , 0.0241173 , -0.00884914 , -0.0152761 , 0.0344581 , 0.0294664
8.38254 , -0.0956713 , 0.0409542 , -0.0052293 , -0.038257 , 0.0547099 , 0.0320541
8.4255 , -0.128672 , 0.0590144 , -0.00586343 , -0.0618833 , 0.0650628 , 0.0260869
8.45914 , -0.160754 , 0.0778171 , -0.00666613 , -0.0890549 , 0.0717591 , 0.0187257
8.49362 , -0.190723 , 0.0922202 , -0.00957563 , -0.119126 , 0.0848489 , 0.0150678
8.5242 , -0.217909 , 0.104521 , -0.011697 , -0.151291 , 0.0994962 , 0.0111363
8.55877 , -0.241928 , 0.119842 , -0.0172957 , -0.183201 , 0.11476 , 0.00675746
8.59332 , -0.263207 , 0.132757 , -0.0217918 , -0.212929 , 0.126243 , 0.0025954
8.62682 , -0.283492 , 0.136454 , -0.027108 , -0.238362 , 0.13536 , -0.00418082
8.66156 , -0.301202 , 0.140512 , -0.0313146 , -0.25975 , 0.140484 , -0.0117488
8.69256 , -0.316267 , 0.143697 , -0.0351306 , -0.278048 , 0.145863 , -0.0198883
8.72734 , -0.328278 , 0.145518 , -0.0376621 , -0.29067 , 0.148084 , -0.0259135
8.76186 , -0.337214 , 0.144975 , -0.0382487 , -0.298213 , 0.14964 , -0.0316386
8.7937 , -0.343415 , 0.146046 , -0.0394923 , -0.301719 , 0.151482 , -0.0375266
8.82984 , -0.346284 , 0.150662 , -0.0404948 , -0.303606 , 0.157325 , -0.0431545
8.86348 , -0.347817 , 0.158871 , -0.0422473 , -0.303413 , 0.164625 , -0.0459256
8.89449 , -0.347261 , 0.168497 , -0.0431508 , -0.303722 , 0.173564 , -0.0469935
8.92974 , -0.354375 , 0.175709 , -0.0383646 , -0.308371 , 0.183878 , -0.0462154
8.96035 , -0.349113 , 0.188636 , -0.039577 , -0.309024 , 0.193318 , -0.0419802
8.99804 , -0.346493 , 0.195244 , -0.0302196 , -0.307899 , 0.199542 , -0.0347665
9.02885 , -0.341908 , 0.202229 , -0.0215231 , -0.306901 , 0.206181 , -0.0243014
9.06312 , -0.336818 , 0.208717 , -0.0105542 , -0.305354 , 0.212567 , -0.0131271
9.09594 , -0.330641 , 0.211243 , -0.000586943 , -0.30392 , 0.216621 , -0.00247355
9.13226 , -0.323423 , 0.213998 , 0.00441281 , -0.301561 , 0.218277 , 0.00657216
9.16561 , -0.31711 , 0.214083 , 0.0102644 , -0.29913 , 0.217561 , 0.0136577
9.20299 , -0.31003 , 0.21443 , 0.0127056 , -0.296402 , 0.217193 , 0.0196505
9.23336 , -0.303291 , 0.21243 , 0.0170851 , -0.294227 , 0.215345 , 0.0246708
9.26353 , -0.2973 , 0.209454 , 0.0196442 , -0.292274 , 0.213017 , 0.0270187
9.30005 , -0.291176 , 0.20652 , 0.0211082 , -0.289218 , 0.211072 , 0.0295329
9.33204 , -0.282817 , 0.203661 , 0.0251721 , -0.209598 , 0.199045 , 0.0699539
9.36755 , -0.272007 , 0.189974 , 0.0311855 , -0.172387 , 0.166132 , 0.0807705
9.40489 , -0.261565 , 0.17999 , 0.0363868 , -0.176258 , 0.155622 , 0.0385763
9.45212 , -0.251805 , 0.173066 , 0.0414772 , -0.170705 , 0.143509 , 0.0155882
9.48764 , -0.24244 , 0.161541 , 0.0453592 , -0.168593 , 0.135544 , 0.000365285
9.51917 , -0.232542 , 0.152404 , 0.0460462 , -0.168553 , 0.127621 , -0.0140704
9.55307 , -0.222256 , 0.146439 , 0.0440716 , -0.165758 , 0.121602 , -0.0269814
9.58582 , -0.210506 , 0.140771 , 0.0427013 , -0.163788 , 0.109162 , -0.0369517
9.61714 , -0.197842 , 0.134708 , 0.0409722 , -0.161921 , 0.107507 , -0.0391025
9.65414 , -0.184312 , 0.131452 , 0.0399664 , -0.159103 , 0.10312 , -0.0378503
9.68795 , -0.172521 , 0.127103 , 0.0402629 , -0.155714 , 0.101375 , -0.034958
9.72009 , -0.163549 , 0.12344 , 0.0370518 , -0.14901 , 0.0976898 , -0.0336725
9.75516 , -0.154372 , 0.121269 , 0.0295565 , -0.138428 , 0.0954475 , -0.0329961
9.79075 , -0.144585 , 0.111913 , 0.0201267 , -0.127207 , 0.0867104 , -0.0333566
9.82527 , -0.134059 , 0.100633 , 0.0108595 , -0.130487 , 0.0783556 , -0.0301715
9.8734 , -0.124088 , 0.0904864 , 0.00194055 , -0.114855 , 0.06244 , -0.0339026
9.90847 , -0.11515 , 0.0789887 , -0.00637357 , -0.0988979 , 0.0494625 , -0.0382673
9.94225 , -0.106306 , 0.0715307 , -0.0133735 , -0.0869411 , 0.0369489 , -0.041024
9.98586 , -0.0978123 , 0.0720111 , -0.0158155 , -0.0809061 , 0.0278273 , -0.0458425
10.0195 , -0.0900222 , 0.060832 , -0.0209683 , -0.0720858 , 0.0210138 , -0.0442514
10.0543 , -0.0830444 , 0.0565026 , -0.0258976 , -0.0668762 , 0.0166359 , -0.0413624
10.0876 , -0.0733757 , 0.0495467 , -0.02684 , -0.0618284 , 0.0148348 , -0.0392786
10.1182 , -0.064417 , 0.0402074 , -0.0274028 , -0.0565047 , 0.0106016 , -0.037331
10.1538 , -0.0600468 , 0.033913 , -0.0291823 , -0.0536813 , 0.0051473 , -0.0373109
10.1874 , -0.0535451 , 0.0259832 , -0.0297132 , -0.051167 , 0.00209673 , -0.0380757
10.2217 , -0.0477321 , 0.0199893 , -0.0309555 , -0.0476066 , -0.00139912 , -0.0400957
10.2525 , -0.0434957 , 0.0149716 , -0.0325476 , -0.0438463 , -0.0110181 , -0.0414625
10.2879 , -0.0421502 , 0.00296403 , -0.0345043 , -0.0400888 , -0.0181541 , -0.0439196
10.3216 , -0.0355388 , -0.00211113 , -0.0368787 , -0.0352484 , -0.0225402 , -0.0487633
10.353 , -0.0301137 , -0.00532936 , -0.0396627 , -0.029393 , -0.0310198 , -0.0530073
10.3897 , -0.023543 , -0.0135057 , -0.043159 , -0.0224172 , -0.0383263 , -0.057127
10.4263 , -0.0155356 , -0.0216805 , -0.0480788 , -0.0125299 , -0.0431615 , -0.0627643
10.4562 , -0.00508609 , -0.0267999 , -0.0554288 , -0.00305412 , -0.0496723 , -0.0693507
10.4895 , 0.00532096 , -0.0313879 , -0.0641719 , 0.00532194 , -0.0544321 , -0.0768048
10.5229 , 0.0146313 , -0.0341704 , -0.0728363 , 0.014681 , -0.0590363 , -0.0852899
10.5573 , 0.0244587 , -0.0399596 , -0.0802891 , 0.0241852 , -0.0664616 , -0.0945144
10.5941 , 0.0336894 , -0.0455387 , -0.0877317 , 0.0345161 , -0.0743605 , -0.104178
10.6248 , 0.0450775 , -0.0520462 , -0.0972812 , 0.046194 , -0.0820023 , -0.114482
10.657 , 0.0565306 , -0.0569644 , -0.104807 , 0.0553889 , -0.0841622 , -0.121526
10.6909 , 0.0659197 , -0.0589067 , -0.111158 , 0.0663004 , -0.0841376 , -0.127976
10.7251 , 0.0756504 , -0.0613421 , -0.115687 , 0.07788 , -0.0893749 , -0.134709
10.7623 , 0.0869317 , -0.0658102 , -0.121121 , 0.0894351 , -0.0940136 , -0.140601
10.7956 , 0.0976766 , -0.0699736 , -0.126337 , 0.101644 , -0.0979767 , -0.145678
10.8326 , 0.109272 , -0.0746025 , -0.13148 , 0.113667 , -0.101475 , -0.149569
10.8816 , 0.119058 , -0.0785671 , -0.134853 , 0.124078 , -0.105027 , -0.152474
10.9291 , 0.127721 , -0.0826748 , -0.139288 , 0.188719 , -0.120389 , -0.166163
10.9596 , 0.13632 , -0.0839331 , -0.141368 , 0.20798 , -0.127284 , -0.179263
10.994 , 0.144642 , -0.0845203 , -0.142423 , 0.22285 , -0.129445 , -0.173807
11.026 , 0.151785 , -0.0843816 , -0.141985 , 0.214448 , -0.132373 , -0.150992
11.063 , 0.156465 , -0.0832389 , -0.139133 , 0.216411 , -0.129687 , -0.136322
11.0976 , 0.162578 , -0.0808136 , -0.135493 , 0.215674 , -0.128429 , -0.123736
11.1297 , 0.165136 , -0.0789248 , -0.130078 , 0.215034 , -0.128271 , -0.108074
11.1614 , 0.163625 , -0.0779081 , -0.125197 , 0.209844 , -0.129956 , -0.0887857
11.2019 , 0.157795 , -0.076296 , -0.11836 , 0.201171 , -0.133744 , -0.0686784
11.2466 , 0.148646 , -0.0772011 , -0.113108 , 0.189786 , -0.139453 , -0.0494024
11.2784 , 0.134492 , -0.0765045 , -0.104576 , 0.178388 , -0.14033 , -0.0338766
11.3143 , 0.117161 , -0.0794736 , -0.0982881 , 0.164004 , -0.128531 , -0.0182335
11.3487 , 0.0987437 , -0.0657848 , -0.0899973 , 0.147758 , -0.125623 , -0.013377
11.3796 , 0.076501 , -0.0577736 , -0.0794275 , 0.128416 , -0.110932 , -0.00883714
11.4141 , 0.0484218 , -0.0435188 , -0.0623093 , 0.109054 , -0.0932469 , -0.000405043
11.4472 , 0.0195077 , -0.0273896 , -0.0469617 , 0.0517215 , -0.0501033 , -0.00611673
11.4807 , -0.0144055 , -0.00485281 , -0.025557 , -0.00360439 , -0.0110047 , -0.00749722
11.5111 , -0.0511988 , 0.00664115 , -0.00952956 , -0.0463998 , 0.0178172 , -0.00310333
11.5468 , -0.0861656 , 0.0293615 , 0.00367172 , -0.0807371 , 0.0357171 , -0.0014642
11.5783 , -0.120273 , 0.0383961 , 0.0102767 , -0.111966 , 0.0464861 , -0.00242063
11.6147 , -0.155344 , 0.0531204 , 0.0135687 , -0.133861 , 0.0601147 , -0.00592067
11.6473 , -0.181528 , 0.0691942 , 0.01032 , -0.159395 , 0.0808738 , -0.00700931
11.679 , -0.206369 , 0.0871447 , 0.00539506 , -0.185106 , 0.0892099 , -0.00411017
11.7159 , -0.228231 , 0.0948241 , 0.000589858 , -0.207038 , 0.0938729 , -0.000999236
11.7501 , -0.244372 , 0.105361 , -0.00563159 , -0.228489 , 0.100742 , -9.15307e-05
11.7846 , -0.257756 , 0.107163 , -0.012527 , -0.246894 , 0.109871 , -0.00299155
11.8153 , -0.267003 , 0.11299 , -0.016587 , -0.260592 , 0.111803 , -0.0098675
11.8538 , -0.274207 , 0.114141 , -0.0241575 , -0.266864 , 0.112894 , -0.0149237
11.8875 , -0.276387 , 0.116227 , -0.0279065 , -0.268304 , 0.11537 , -0.0194033
11.9229 , -0.276575 , 0.116886 , -0.0313278 , -0.263903 , 0.115118 , -0.0231379
11.9721 , -0.274162 , 0.118901 , -0.0314168 , -0.258234 , 0.119764 , -0.027505
12.0194 , -0.268892 , 0.122959 , -0.0312367 , -0.249923 , 0.123015 , -0.0290538
12.0537 , -0.261611 , 0.125427 , -0.0294303 , -0.240207 , 0.126149 , -0.0298623
12.0819 , -0.252243 , 0.130518 , -0.0276328 , -0.231107 , 0.129051 , -0.031153
12.1172 , -0.242028 , 0.13148 , -0.0254948 , -0.22141 , 0.133307 , -0.0314886
12.1477 , -0.229911 , 0.136079 , -0.0235923 , -0.210391 , 0.137749 , -0.0282622
12.1864 , -0.216869 , 0.141176 , -0.019205 , -0.201337 , 0.138354 , -0.0249364
12.2148 , -0.205164 , 0.141374 , -0.0170969 , -0.193209 , 0.141527 , -0.0226185
12.2504 , -0.193327 , 0.141198 , -0.0149821 , -0.184325 , 0.143269 , -0.0172527
12.2857 , -0.181439 , 0.13926 , -0.00978481 , -0.178508 , 0.142005 , -0.0127789
12.3191 , -0.168828 , 0.135949 , -0.0041481 , -0.170127 , 0.13345 , -0.00421065
12.35 , -0.157335 , 0.127673 , 0.00117175 , -0.157703 , 0.128527 , 0.00406608
12.3847 , -0.14324 , 0.123087 , 0.00864429 , -0.143456 , 0.122318 , 0.0100927
12.4182 , -0.129967 , 0.118418 , 0.0140742 , -0.127525 , 0.111096 , 0.0190214
12.453 , -0.117294 , 0.108531 , 0.0205523 , -0.112264 , 0.106371 , 0.0278263
12.4836 , -0.104177 , 0.103755 , 0.0269354 , -0.0995639 , 0.105301 , 0.0330917
12.522 , -0.0926165 , 0.094184 , 0.031738 , -0.0882858 , 0.0920256 , 0.031424
12.5582 , -0.0829801 , 0.0863387 , 0.0337612 , -0.0742608 , 0.0758273 , 0.0298225
12.5897 , -0.0718306 , 0.0706606 , 0.0310862 , -0.0409989 , 0.0663177 , 0.0273415
12.6235 , -0.0594453 , 0.0609529 , 0.0296656 , -0.0249554 , 0.0561481 , 0.0206269
12.6597 , -0.0507191 , 0.0576063 , 0.0299083 , -0.0159624 , 0.0505044 , 0.0152804
12.6913 , -0.0418624 , 0.0530747 , 0.0290916 , -0.0061361 , 0.0595474 , 0.0119162
12.7236 , -0.032831 , 0.0620701 , 0.0268658 , -0.00675801 , 0.0473399 , 0.0113564
12.7574 , -0.0340569 , 0.0528389 , 0.0299213 , -0.00663274 , 0.0481007 , 0.00974559
12.7951 , -0.0364825 , 0.0521421 , 0.031463 , -0.00526202 , 0.0507797 , 0.0077089
12.843 , -0.0411313 , 0.0512953 , 0.0332871 , -0.00638181 , 0.0568838 , 0.00487721
12.8758 , -0.0428688 , 0.056332 , 0.0333157 , -0.00995845 , 0.052619 , 0.00193898
12.9071 , -0.0435245 , 0.0522354 , 0.0312602 , -0.0060948 , 0.0543796 , 0.000209197
12.9403 , -0.0415707 , 0.0535696 , 0.0269945 , -0.00566747 , 0.0514853 , -0.000940818
12.9735 , -0.0399811 , 0.051356 , 0.0223837 , -0.00243326 , 0.0509724 , -0.00309315
13.0073 , -0.0350981 , 0.0510946 , 0.0157449 , 0.00279989 , 0.0509473 , -0.00712868
13.0469 , -0.0297252 , 0.0523648 , 0.0116702 , 0.00815732 , 0.0541055 , -0.0101038
13.0929 , -0.0268837 , 0.0536336 , 0.0084478 , 0.0116179 , 0.0550352 , -0.0128903
13.1283 , -0.0218786 , 0.0451709 , 0.00175714 , 0.0154698 , 0.0490417 , -0.0167592
13.1653 , -0.0193181 , 0.0442187 , 0.000449747 , 0.0209459 , 0.0467273 , -0.0178178
13.2117 , -0.0164462 , 0.0422785 , -0.00193949 , 0.0209759 , 0.0444016 , -0.0177729
13.2479 , -0.0158123 , 0.0443663 , -0.00299065 , 0.0239166 , 0.0464937 , -0.0186702
13.2928 , -0.0146005 , 0.0453684 , -0.00359029 , 0.019824 , 0.056291 , -0.0204681
13.3247 , -0.0127789 , 0.0427511 , -0.00440794 , 0.0155612 , 0.0592616 , -0.0225428
13.3601 , -0.015285 , 0.0516812 , -0.00406029 , 0.0188822 , 0.0565264 , -0.0237198
13.3917 , -0.0144289 , 0.0518669 , -0.00487522 , 0.0221877 , 0.0554567 , -0.023374
13.4283 , -0.0137774 , 0.0511885 , -0.00610363 , 0.0239877 , 0.0537378 , -0.0241165
13.4592 , -0.0126572 , 0.0506033 , -0.00723681 , 0.0256584 , 0.0532651 , -0.024194
13.4926 , -0.0116781 , 0.0507086 , -0.00843149 , 0.0259994 , 0.0528546 , -0.0242511
13.5261 , -0.010591 , 0.0498646 , -0.00883742 , 0.0241324 , 0.0527326 , -0.0247187
13.5595 , -0.00982484 , 0.0494794 , -0.00975035 , 0.0274756 , 0.0528899 , -0.0243157
13.5961 , -0.00580865 , 0.0424754 , -0.0112927 , 0.0295126 , 0.0459793 , -0.0249869
13.6271 , -0.00498733 , 0.0405296 , -0.0124638 , 0.0302607 , 0.0449195 , -0.0244289
13.6602 , -0.00444629 , 0.0404158 , -0.0125971 , 0.0282366 , 0.0497403 , -0.0241002
13.6958 , -0.00549806 , 0.047393 , -0.011894 , 0.031987 , 0.0424201 , -0.0253044
13.7273 , -0.00274583 , 0.0401279 , -0.0131518 , 0.0339143 , 0.0432086 , -0.0257265
13.7639 , -0.00231751 , 0.0397905 , -0.0133051 , 0.0311224 , 0.0500601 , -0.0254208
13.7947 , -0.00359686 , 0.0459936 , -0.0123016 , 0.0311733 , 0.0498751 , -0.0249763
13.828 , -0.00350537 , 0.0460512 , -0.0123511 , 0.0332687 , 0.0495277 , -0.0238914
13.8634 , -0.00322006 , 0.0455269 , -0.0129038 , 0.033144 , 0.0479991 , -0.0228096
13.8954 , -0.00271071 , 0.0455126 , -0.0134478 , 0.0324913 , 0.0489939 , -0.0233088
13.9316 , -0.00223486 , 0.0455599 , -0.0133722 , 0.0382754 , 0.0416804 , -0.0248268
13.9626 , 0.000782486 , 0.0390159 , -0.0144384 , 0.0392346 , 0.0409213 , -0.0246122
13.9958 , -0.000435473 , 0.0455969 , -0.0139043 , 0.0363029 , 0.0476538 , -0.0244862
14.0313 , 0.000306598 , 0.046502 , -0.0134562 , 0.0364308 , 0.0488375 , -0.0236304
14.0658 , 0.00370397 , 0.0377859 , -0.0148028 , 0.0361597 , 0.0432992 , -0.0233357
14.097 , 0.00383867 , 0.0363148 , -0.0150994 , 0.0377153 , 0.0413585 , -0.0231786
14.1302 , 0.00105868 , 0.0463746 , -0.013696 , 0.040919 , 0.0462363 , -0.0220956
14.1652 , 0.00176616 , 0.0456383 , -0.0134692 , 0.0381185 , 0.0479861 , -0.0217192
14.1986 , 0.00195814 , 0.0459458 , -0.0131872 , 0.0371843 , 0.0497257 , -0.0212486
14.2353 , 0.0024473 , 0.0455951 , -0.0128131 , 0.0370385 , 0.0495686 , -0.0209479
14.2686 , 0.00369999 , 0.0444889 , -0.0126648 , 0.0365566 , 0.0488598 , -0.0207353
14.301 , 0.00775809 , 0.034209 , -0.0159051 , 0.0373049 , 0.0418191 , -0.02058
14.3337 , 0.00862162 , 0.034503 , -0.014826 , 0.0418489 , 0.0394833 , -0.0211382
14.3662 , 0.00915355 , 0.0341585 , -0.0147826 , 0.040464 , 0.038236 , -0.0207185
14.4025 , 0.0101109 , 0.035258 , -0.0142433 , 0.0412357 , 0.0383486 , -0.0200411
14.4371 , 0.0101109 , 0.035258 , -0.0142433 , 0.0442449 , 0.0381444 , -0.0203369
14.4756 , 0.0111082 , 0.0360965 , -0.0144266 , 0.0442214 , 0.0393369 , -0.0203787
14.52 , 0.0120741 , 0.0371889 , -0.0149181 , 0.0436606 , 0.0398355 , -0.0196107
14.5517 , 0.0121256 , 0.0369868 , -0.0149069 , 0.0447229 , 0.0399463 , -0.0186166
14.5855 , 0.012187 , 0.036679 , -0.0145952 , 0.0434017 , 0.0396648 , -0.0181869
14.6246 , 0.0125483 , 0.0375472 , -0.0141403 , 0.0422351 , 0.0402451 , -0.0175164
14.6738 , 0.0129035 , 0.0374592 , -0.0136878 , 0.0445164 , 0.0404364 , -0.0171119
14.7234 , 0.0124462 , 0.0367865 , -0.0129625 , 0.0448488 , 0.0399127 , -0.016267
14.7721 , 0.0122476 , 0.0371985 , -0.012556 , 0.0453586 , 0.0398056 , -0.0149949
14.8111 , 0.0117749 , 0.0370488 , -0.0122363 , 0.0440187 , 0.0396564 , -0.0142066
14.8603 , 0.0118773 , 0.0375605 , -0.0122868 , 0.0438348 , 0.0387671 , -0.0137017
14.9045 , 0.0117233 , 0.0381282 , -0.0114241 , 0.0441804 , 0.0401465 , -0.0129203
14.9385 , 0.0127504 , 0.0418646 , -0.010932 , 0.0423298 , 0.0424993 , -0.0132337
14.9697 , 0.0118395 , 0.0395091 , -0.0101294 , 0.0444074 , 0.0424905 , -0.0124345
15.0024 , 0.0118081 , 0.0396253 , -0.00996438 , 0.0437254 , 0.0421059 , -0.0124651
15.0359 , 0.012184 , 0.041488 , -0.00991049 , 0.0440005 , 0.0433281 , -0.0117614
15.0723 , 0.011354 , 0.03972 , -0.00939587 , 0.044634 , 0.0426755 , -0.0105907
15.1101 , 0.0113277 , 0.0391733 , -0.00927528 , 0.0429284 , 0.0418214 , -0.0105891
15.1562 , 0.011264 , 0.0392162 , -0.00903456 , 0.0435164 , 0.0424901 , -0.0101343
15.1875 , 0.0113606 , 0.0396719 , -0.00807439 , 0.0452334 , 0.0417412 , -0.00938623
15.2226 , 0.0112862 , 0.0395001 , -0.00798542 , 0.0433848 , 0.0417328 , -0.00950257
15.2543 , 0.0103384 , 0.0392846 , -0.00758171 , 0.0410637 , 0.0417545 , -0.00933724
15.2897 , 0.0106324 , 0.04063 , -0.00877974 , 0.0444372 , 0.0424684 , -0.00851263
15.321 , 0.0101992 , 0.0406221 , -0.00880094 , 0.0422484 , 0.0427543 , -0.00863092
15.3555 , 0.0103698 , 0.040728 , -0.00749197 , 0.0446218 , 0.0428754 , -0.00831916
15.389 , 0.0102575 , 0.0400547 , -0.0069587 , 0.0424858 , 0.042484 , -0.00763729
15.4239 , 0.0103187 , 0.0410279 , -0.00631613 , 0.0417793 , 0.0421118 , -0.00698819
15.4553 , 0.00990073 , 0.0405864 , -0.00620908 , 0.0426307 , 0.0423647 , -0.00664056
15.4906 , 0.00991968 , 0.0402029 , -0.00636504 , 0.0425859 , 0.0416352 , -0.00684008
15.5256 , 0.010041 , 0.0400285 , -0.00661343 , 0.0429451 , 0.0423062 , -0.00717774
15.5569 , 0.00998912 , 0.0395799 , -0.00667094 , 0.0436301 , 0.0422714 , -0.00738859
15.5915 , 0.0102362 , 0.0396161 , -0.0064349 , 0.0431599 , 0.0419485 , -0.00694321
15.6269 , 0.0105758 , 0.0399084 , -0.00580172 , 0.0430487 , 0.0418179 , -0.00660054
15.6608 , 0.0106401 , 0.0394829 , -0.00577511 , 0.0422101 , 0.042438 , -0.00597094
15.692 , 0.0109056 , 0.0395607 , -0.00578555 , 0.0448033 , 0.0422435 , -0.00529734
15.7308 , 0.0106782 , 0.0393905 , -0.00683276 , 0.0419624 , 0.0417791 , -0.00515931
15.7751 , 0.0108214 , 0.0399127 , -0.00711045 , 0.0428754 , 0.042482 , -0.00606518
15.8076 , 0.0109492 , 0.0404235 , -0.00689361 , 0.0437933 , 0.0424004 , -0.00604522
15.8411 , 0.0117258 , 0.0400976 , -0.00681846 , 0.0431288 , 0.0417385 , -0.00570623
15.8776 , 0.0118549 , 0.0397362 , -0.00630371 , 0.0457057 , 0.0416536 , -0.00536939
15.9116 , 0.0118793 , 0.0393968 , -0.00618494 , 0.0437073 , 0.0413106 , -0.00528276
15.9427 , 0.0118601 , 0.0395267 , -0.00606586 , 0.044023 , 0.0411768 , -0.00539016
15.9753 , 0.0119196 , 0.0389319 , -0.00614691 , 0.0438854 , 0.0407138 , -0.00533543
16.0088 , 0.0121914 , 0.0388028 , -0.00689549 , 0.0439219 , 0.0415648 , -0.00540262
16.0455 , 0.0120343 , 0.039758 , -0.00663191 , 0.0429633 , 0.0417416 , -0.00600893
16.0796 , 0.0130908 , 0.0383028 , -0.00628573 , 0.0440607 , 0.0409533 , -0.00624514
16.1117 , 0.0130866 , 0.0384562 , -0.00578857 , 0.0440695 , 0.0410474 , -0.00499503
16.1432 , 0.0125123 , 0.0392045 , -0.00616811 , 0.0440484 , 0.0410071 , -0.00467256
16.1767 , 0.0126282 , 0.0391168 , -0.00629048 , 0.0439371 , 0.0411174 , -0.00484628
16.2132 , 0.0126443 , 0.0391177 , -0.00660057 , 0.0426052 , 0.039537 , -0.00486869
16.2445 , 0.0126052 , 0.0386154 , -0.00756042 , 0.0433579 , 0.0412873 , -0.00501176
16.2774 , 0.0130977 , 0.038175 , -0.00594408 , 0.0453027 , 0.0405609 , -0.0055279
16.3118 , 0.0132857 , 0.0379197 , -0.00571997 , 0.0414416 , 0.0412809 , -0.00530108
16.3466 , 0.0130823 , 0.0384953 , -0.00550597 , 0.0433026 , 0.0413816 , -0.00460534
16.378 , 0.0130636 , 0.0392204 , -0.00635087 , 0.0450004 , 0.0411978 , -0.00410044
16.4144 , 0.0128494 , 0.0392296 , -0.00656303 , 0.0438696 , 0.0411832 , -0.00503105
16.4585 , 0.0129611 , 0.0392537 , -0.00633803 , 0.0445347 , 0.0412058 , -0.00536282
16.5073 , 0.0126871 , 0.038554 , -0.00548226 , 0.0445206 , 0.0408078 , -0.00505752
16.557 , 0.0127974 , 0.0387527 , -0.00519039 , 0.0446203 , 0.0405452 , -0.00490908
16.5995 , 0.0127732 , 0.0391169 , -0.0051425 , 0.0439432 , 0.0409782 , -0.00439458
16.636 , 0.0119847 , 0.0424355 , -0.00489706 , 0.0437531 , 0.0434349 , -0.00412017
16.6856 , 0.0119847 , 0.0424355 , -0.00489706 , 0.043187 , 0.0441752 , -0.00432586
16.7372 , 0.012041 , 0.0419791 , -0.00480629 , 0.0433529 , 0.0443218 , -0.00387466
16.7854 , 0.0119417 , 0.042499 , -0.0045411 , 0.0450101 , 0.0413748 , -0.00418271
16.8232 , 0.0125938 , 0.0393261 , -0.00502258 , 0.0439983 , 0.0413237 , -0.00448439
16.8659 , 0.0127801 , 0.0393923 , -0.00500804 , 0.0462035 , 0.041316 , -0.00451432
16.8995 , 0.0127801 , 0.0393923 , -0.00500804 , 0.041921 , 0.0448772 , -0.00405457
16.9329 , 0.0115978 , 0.043038 , -0.00435327 , 0.0423268 , 0.0449716 , -0.0037732
16.9713 , 0.0124316 , 0.0406441 , -0.00472253 , 0.0444972 , 0.0435327 , -0.00326756
17.019 , 0.0122627 , 0.0398796 , -0.00515264 , 0.0409463 , 0.0461384 , -0.00375121
17.0555 , 0.0122646 , 0.0401257 , -0.00498885 , 0.0394636 , 0.0480838 , -0.00428187
17.1013 , 0.0114452 , 0.0434864 , -0.00362747 , 0.0415467 , 0.0467585 , -0.00384516
17.1358 , 0.0114571 , 0.0431378 , -0.00360834 , 0.0418703 , 0.0459054 , -0.00349262
17.1669 , 0.0113648 , 0.0432817 , -0.00362521 , 0.0436194 , 0.0420402 , -0.00319558
17.2003 , 0.0121462 , 0.04014 , -0.00387336 , 0.0439425 , 0.0421154 , -0.00318294
17.2335 , 0.0121462 , 0.04014 , -0.00387336 , 0.043737 , 0.0421221 , -0.00333582
17.2691 , 0.0121462 , 0.04014 , -0.00387336 , 0.0398347 , 0.0510362 , -0.00251311
17.304 , 0.0124861 , 0.0405635 , -0.00363743 , 0.0400556 , 0.0459239 , -0.00297197
17.3412 , 0.0122249 , 0.0407071 , -0.00379104 , 0.0428533 , 0.0441636 , -0.0032743
17.3891 , 0.0122181 , 0.0403752 , -0.00383512 , 0.0438389 , 0.0432332 , -0.00340197
17.4287 , 0.012139 , 0.0408192 , -0.00382304 , 0.0435158 , 0.0429441 , -0.00337708
17.4714 , 0.012139 , 0.0408192 , -0.00382304 , 0.0435237 , 0.0427908 , -0.00325811
17.5061 , 0.012139 , 0.0408192 , -0.00382304 , 0.043513 , 0.0426674 , -0.00318676
17.5428 , 0.0121692 , 0.0399506 , -0.00342151 , 0.0453883 , 0.0422645 , -0.00329478
17.5868 , 0.0121546 , 0.0405752 , -0.00348383 , 0.0427322 , 0.0421719 , -0.00298186
17.6193 , 0.012222 , 0.0403008 , -0.00361202 , 0.0424544 , 0.0411693 , -0.00272244
17.653 , 0.0123184 , 0.0396459 , -0.00367813 , 0.0431785 , 0.0415148 , -0.00292631
17.6895 , 0.0120525 , 0.0399054 , -0.00365369 , 0.0428047 , 0.0415138 , -0.0031409
17.724 , 0.0120525 , 0.0399054 , -0.00365369 , 0.0428953 , 0.0416058 , -0.00312704
17.7551 , 0.0119592 , 0.0397568 , -0.00363565 , 0.0440516 , 0.0408457 , -0.00290597
17.7943 , 0.0121641 , 0.0392356 , -0.00363831 , 0.0423808 , 0.0409527 , -0.00383402
17.8446 , 0.0124821 , 0.0395585 , -0.00357932 , 0.0450386 , 0.0414786 , -0.00373194
17.9101 , 0.0124821 , 0.0395585 , -0.00357932 , 0.0432544 , 0.0415309 , -0.00294927
17.9431 , 0.0122762 , 0.040118 , -0.00356267 , 0.0422262 , 0.0421822 , -0.00233446
17.9783 , 0.0120301 , 0.0398209 , -0.00431825 , 0.0442854 , 0.0416813 , -0.00238515
18.0274 , 0.0118569 , 0.0399629 , -0.00411526 , 0.0431471 , 0.0405634 , -0.0015448
