501

0.020882 , -0.0111012 , -0.0337188 , 0.0557809 , -0.0116303 , -0.0316872 , 0.0559391
0.054045 , -0.0113206 , -0.0327244 , 0.0568693 , -0.0108931 , -0.0303539 , 0.0570205
0.087796 , -0.0114792 , -0.0330348 , 0.056605 , -0.0135656 , -0.0303223 , 0.00507273
0.124179 , -0.0115365 , -0.0333247 , 0.0565082 , -0.00739524 , -0.037425 , -0.000703731
0.158721 , -0.0119614 , -0.0333787 , 0.0569576 , -0.00681269 , -0.0432568 , 0.00148743
0.192861 , -0.0120045 , -0.0330983 , 0.057114 , -0.00613421 , -0.0453298 , 0.00348271
0.225502 , -0.0120045 , -0.0330983 , 0.057114 , -0.00663881 , -0.045689 , 0.00384385
0.257576 , -0.0117227 , -0.0330819 , 0.0571348 , -0.00867315 , -0.0449994 , 0.00439202
0.290589 , -0.0117606 , -0.0336668 , 0.0564293 , -0.0117876 , -0.0438558 , 0.00511147
0.323218 , -0.0117606 , -0.0336668 , 0.0564293 , -0.015146 , -0.04234 , 0.00558247
0.359751 , -0.0121703 , -0.0328028 , 0.0571283 , -0.0179772 , -0.0404085 , 0.00573385
0.3983 , -0.0115457 , -0.0337688 , 0.0569129 , -0.0196353 , -0.0399534 , 0.00561792
0.444617 , -0.0115457 , -0.0337688 , 0.0569129 , -0.0202088 , -0.0400436 , 0.00541316
0.480799 , -0.0115457 , -0.0337688 , 0.0569129 , -0.0198774 , -0.0404577 , 0.00556643
0.5301 , -0.0122546 , -0.032713 , 0.0569046 , -0.0188989 , -0.0403732 , 0.00587186
0.573246 , -0.0122546 , -0.032713 , 0.0569046 , -0.0177509 , -0.041666 , 0.00640931
0.613303 , -0.0118858 , -0.0336436 , 0.0570277 , -0.0165589 , -0.0419148 , 0.00715123
0.646676 , -0.0118858 , -0.0336436 , 0.0570277 , -0.0154076 , -0.0419809 , 0.00795042
0.681553 , -0.0119974 , -0.0327071 , 0.0565404 , -0.0142941 , -0.0413971 , 0.00859015
0.713328 , -0.0119974 , -0.0327071 , 0.0565404 , -0.013917 , -0.0410908 , 0.00912768
0.750684 , -0.011966 , -0.0330751 , 0.0565602 , -0.0135646 , -0.0409151 , 0.00994133
0.795257 , -0.0122779 , -0.0330964 , 0.0564668 , -0.0135803 , -0.0407466 , 0.0106524
0.827005 , -0.0122779 , -0.0330964 , 0.0564668 , -0.0141313 , -0.0403926 , 0.011238
0.862966 , -0.0125373 , -0.0319346 , 0.0569897 , -0.0146252 , -0.0396539 , 0.0116515
0.898545 , -0.0122084 , -0.0322247 , 0.0569458 , -0.0146304 , -0.039504 , 0.0119648
0.936522 , -0.012535 , -0.0327349 , 0.0566973 , -0.0149059 , -0.0398997 , 0.0121761
0.978675 , -0.0125434 , -0.0322571 , 0.0569732 , -0.0154289 , -0.0398494 , 0.0124031
1.01109 , -0.012655 , -0.0313393 , 0.056974 , -0.0159437 , -0.0391902 , 0.0126414
1.04452 , -0.0130552 , -0.0325708 , 0.0567942 , -0.0165426 , -0.0395809 , 0.0128299
1.08136 , -0.0126813 , -0.0315407 , 0.0571892 , -0.0167977 , -0.0392043 , 0.0131574
1.11248 , -0.0125709 , -0.0310494 , 0.0569035 , -0.0167424 , -0.0388724 , 0.0134103
1.14533 , -0.0128546 , -0.0315442 , 0.0571843 , -0.0168363 , -0.0391207 , 0.0136178
1.17887 , -0.0128831 , -0.0312096 , 0.0574692 , -0.0172116 , -0.0388106 , 0.0138264
1.2123 , -0.0131403 , -0.0316642 , 0.056784 , -0.0174365 , -0.0389967 , 0.0139632
1.25194 , -0.0129632 , -0.0312292 , 0.0564729 , -0.0173005 , -0.0387307 , 0.0140624
1.28513 , -0.0129055 , -0.0311029 , 0.0567999 , -0.0171386 , -0.0408047 , 0.0141702
1.31885 , -0.0129451 , -0.030266 , 0.0566965 , -0.0173366 , -0.0392187 , 0.0142759
1.35105 , -0.0131185 , -0.0313698 , 0.0567561 , -0.0175126 , -0.0389147 , 0.014493
1.38955 , -0.0133342 , -0.0310865 , 0.0567547 , -0.0177088 , -0.0386268 , 0.014804
1.4326 , -0.0134893 , -0.0313244 , 0.0564569 , -0.0180656 , -0.0385864 , 0.0150463
1.46471 , -0.0138595 , -0.03082 , 0.0566113 , -0.018385 , -0.0382561 , 0.0151466
1.50419 , -0.0141608 , -0.0306214 , 0.0570547 , -0.0186839 , -0.0379708 , 0.0152671
1.54988 , -0.0139323 , -0.0304944 , 0.0569898 , -0.0188991 , -0.0377986 , 0.0155448
1.58424 , -0.0138618 , -0.0307061 , 0.0572802 , -0.0190219 , -0.0379131 , 0.0159122
1.61582 , -0.013998 , -0.0304301 , 0.0576038 , -0.0191507 , -0.0377879 , 0.016061
1.65428 , -0.0146454 , -0.0299292 , 0.0576366 , -0.0193693 , -0.0377339 , 0.0161102
1.68633 , -0.0146828 , -0.030214 , 0.0577266 , -0.0195931 , -0.0381032 , 0.0163364
1.71744 , -0.0145599 , -0.0303993 , 0.0571168 , -0.0197461 , -0.0377022 , 0.0166847
1.74921 , -0.0148935 , -0.030627 , 0.0575028 , -0.0199806 , -0.038055 , 0.0170581
1.78613 , -0.0152005 , -0.0296097 , 0.0578911 , -0.0203562 , -0.0365791 , 0.0175949
1.82081 , -0.0153579 , -0.0291605 , 0.0583652 , -0.0209252 , -0.0365023 , 0.0179366
1.85998 , -0.0159937 , -0.0304108 , 0.0583602 , -0.0213283 , -0.0371951 , 0.0181089
1.90423 , -0.0162222 , -0.0298777 , 0.058348 , -0.0216116 , -0.0375247 , 0.0183423
1.93718 , -0.0167028 , -0.0301712 , 0.0584436 , -0.0220035 , -0.0363308 , 0.0185991
1.96874 , -0.0169007 , -0.0296272 , 0.0594892 , -0.0223395 , -0.036414 , 0.019154
2.00467 , -0.0176402 , -0.0297995 , 0.0601084 , -0.0224602 , -0.0365528 , 0.0194716
2.03619 , -0.0181752 , -0.0302098 , 0.0598835 , -0.0226222 , -0.0369191 , 0.0198612
2.07236 , -0.0191224 , -0.0299946 , 0.0608544 , -0.023056 , -0.0372722 , 0.0204288
2.10488 , -0.0204688 , -0.0297187 , 0.0617236 , -0.0241829 , -0.0356943 , 0.0212568
2.13639 , -0.0209981 , -0.0283442 , 0.0628283 , -0.0253213 , -0.0359463 , 0.0221129
2.17107 , -0.0209725 , -0.0270038 , 0.0629776 , -0.0257452 , -0.035018 , 0.0227836
2.20886 , -0.0215099 , -0.026528 , 0.0635766 , -0.0261291 , -0.0341998 , 0.0236285
2.26177 , -0.0221148 , -0.0256269 , 0.0646218 , -0.0264706 , -0.0321132 , 0.0242137
2.31021 , -0.0228192 , -0.0239216 , 0.0652153 , -0.0270274 , -0.0327729 , 0.0248852
2.35699 , -0.0233668 , -0.0249159 , 0.0646873 , -0.0276101 , -0.0315805 , 0.0259744
2.38951 , -0.0240776 , -0.0251901 , 0.0657703 , -0.0279668 , -0.0305001 , 0.0273708
2.42752 , -0.0245098 , -0.0236152 , 0.0674483 , -0.0282933 , -0.030893 , 0.0284832
2.47498 , -0.0255864 , -0.0230301 , 0.068561 , -0.0289651 , -0.0294219 , 0.0295783
2.50968 , -0.0260456 , -0.0217999 , 0.0690088 , -0.029537 , -0.0281083 , 0.0311539
2.54435 , -0.0269792 , -0.0209398 , 0.0694456 , -0.0300521 , -0.0260481 , 0.032846
2.59286 , -0.0273238 , -0.0181046 , 0.069797 , -0.0305687 , -0.0229907 , 0.0348091
2.62801 , -0.0283744 , -0.0173493 , 0.0709245 , -0.0310501 , -0.0217703 , 0.0365791
2.67492 , -0.0292388 , -0.0149142 , 0.0733521 , -0.0317087 , -0.0207754 , 0.0380978
2.70612 , -0.0296478 , -0.0134494 , 0.0739315 , -0.0319425 , -0.0162555 , 0.0402558
2.73899 , -0.0292183 , -0.00916075 , 0.0749146 , -0.0322886 , -0.0129788 , 0.0426578
2.77261 , -0.0306089 , -0.00789688 , 0.0757645 , -0.032912 , -0.0101268 , 0.0444149
2.80904 , -0.0293919 , 0.000637822 , 0.0792371 , -0.0329254 , -0.00586245 , 0.047252
2.84326 , -0.0297039 , 0.00438854 , 0.0800415 , -0.0331087 , -0.0039742 , 0.0498744
2.87412 , -0.0328216 , 0.00208744 , 0.0799899 , -0.0341637 , -0.000782453 , 0.0518329
2.90701 , -0.0326184 , 0.00886112 , 0.0799472 , -0.0348054 , 0.00319426 , 0.0542455
2.94015 , -0.0333467 , 0.0122588 , 0.0833163 , -0.0349552 , 0.0093315 , 0.0572091
2.99259 , -0.034442 , 0.0159071 , 0.0845456 , -0.0353217 , 0.0196166 , 0.0608094
3.02402 , -0.0344059 , 0.0206927 , 0.0866603 , -0.0352129 , 0.021852 , 0.0650897
3.06053 , -0.0354599 , 0.0238526 , 0.087699 , -0.0356327 , 0.0247423 , 0.0694619
3.09508 , -0.037773 , 0.0247242 , 0.0912082 , -0.0359877 , 0.0256725 , 0.0735761
3.12628 , -0.0368579 , 0.0315847 , 0.0929336 , -0.036032 , 0.0237871 , 0.0781962
3.15829 , -0.0375534 , 0.0335527 , 0.0946315 , -0.0358736 , 0.0281519 , 0.0833433
3.1919 , -0.0393688 , 0.0354703 , 0.0966474 , -0.035987 , 0.0335388 , 0.0886665
3.22836 , -0.0397855 , 0.0346149 , 0.100457 , -0.0362149 , 0.039972 , 0.0938623
3.2777 , -0.0412362 , 0.0391377 , 0.101894 , -0.0366729 , 0.043768 , 0.0983569
3.30947 , -0.0427419 , 0.0390519 , 0.107279 , -0.0371067 , 0.0462327 , 0.101972
3.34585 , -0.0434551 , 0.0413647 , 0.108038 , -0.0376415 , 0.0486538 , 0.105945
3.37547 , -0.0437624 , 0.0440571 , 0.108846 , -0.0352803 , 0.0571145 , 0.113597
3.41039 , -0.0455042 , 0.0444083 , 0.111097 , -0.0301476 , 0.0594764 , 0.121558
3.44394 , -0.0474029 , 0.0457691 , 0.111923 , -0.0270584 , 0.0537672 , 0.126294
3.47804 , -0.0484638 , 0.0462545 , 0.113138 , -0.0255081 , 0.0460602 , 0.12585
3.51503 , -0.050192 , 0.0481507 , 0.113264 , -0.02459 , 0.0413338 , 0.122147
3.54855 , -0.0527887 , 0.0470824 , 0.115239 , -0.025442 , 0.0385272 , 0.118045
3.57841 , -0.0551544 , 0.048785 , 0.116534 , -0.0271663 , 0.0402875 , 0.114215
3.60919 , -0.0580151 , 0.0493183 , 0.116454 , -0.0294675 , 0.0434309 , 0.111942
3.64547 , -0.0613147 , 0.0481682 , 0.118445 , -0.0327582 , 0.0457476 , 0.110877
3.6761 , -0.0639835 , 0.0487983 , 0.12112 , -0.0367764 , 0.046175 , 0.110906
3.71089 , -0.0678335 , 0.0478526 , 0.124029 , -0.0405399 , 0.0475463 , 0.110793
3.74329 , -0.0709255 , 0.0462704 , 0.123676 , -0.0440545 , 0.0469788 , 0.109763
3.78275 , -0.0745796 , 0.0448923 , 0.123278 , -0.0469117 , 0.0472315 , 0.109093
3.81196 , -0.0778587 , 0.0460323 , 0.122309 , -0.0498226 , 0.0449643 , 0.108734
3.84633 , -0.0819907 , 0.0419934 , 0.123226 , -0.0534869 , 0.0434579 , 0.107769
3.87998 , -0.0863325 , 0.0390221 , 0.124375 , -0.0585745 , 0.0403774 , 0.10633
3.91437 , -0.0900346 , 0.0370829 , 0.124279 , -0.0646041 , 0.0376084 , 0.104071
3.9481 , -0.0935397 , 0.0349857 , 0.124616 , -0.0711783 , 0.0345057 , 0.101015
3.97967 , -0.0980187 , 0.0314141 , 0.123717 , -0.0784675 , 0.0307095 , 0.0970947
4.01516 , -0.102834 , 0.0269934 , 0.121224 , -0.0860179 , 0.0290652 , 0.0930612
4.05178 , -0.106022 , 0.025013 , 0.123266 , -0.0942993 , 0.0244542 , 0.0890144
4.08235 , -0.110085 , 0.0242253 , 0.121217 , -0.103081 , 0.0192972 , 0.08506
4.12096 , -0.115309 , 0.0182141 , 0.120649 , -0.111801 , 0.0185535 , 0.0810355
4.16639 , -0.119344 , 0.0147059 , 0.119435 , -0.120926 , 0.0135631 , 0.0768247
4.20721 , -0.122944 , 0.0118076 , 0.120454 , -0.131864 , 0.00138094 , 0.0698427
4.25672 , -0.126125 , 0.00712664 , 0.120518 , -0.143664 , -0.0120057 , 0.0628027
4.30654 , -0.127881 , 0.00219628 , 0.119203 , -0.15395 , -0.0180459 , 0.0571865
4.35656 , -0.12773 , -0.00045167 , 0.117989 , -0.165488 , -0.023292 , 0.0479264
4.40622 , -0.125888 , -0.00297811 , 0.113944 , -0.17882 , -0.0279614 , 0.0365776
4.45319 , -0.121097 , -0.00606785 , 0.110225 , -0.190522 , -0.0283538 , 0.02473
4.4913 , -0.114441 , -0.0096513 , 0.103095 , -0.201626 , -0.0272056 , 0.0148538
4.53889 , -0.105825 , -0.00921055 , 0.095992 , -0.213771 , -0.0312534 , 0.010503
4.57005 , -0.0950694 , -0.00797062 , 0.0863477 , -0.225759 , -0.0252639 , 0.0155418
4.60088 , -0.0825077 , -0.00665922 , 0.080474 , -0.237719 , -0.0218097 , 0.0177209
4.639 , -0.0682609 , -0.00450329 , 0.0720223 , -0.24364 , -0.0186712 , 0.0113705
4.67786 , -0.0497538 , -0.00422919 , 0.0633845 , -0.245038 , -0.0133462 , 0.00528692
4.72558 , -0.0302112 , -0.00090297 , 0.0568309 , -0.241832 , -0.0111244 , -0.00362539
4.77461 , -0.00720315 , 0.000717757 , 0.0527872 , -0.23606 , -0.00964234 , -0.0106905
4.82752 , 0.021205 , -0.0017025 , 0.0553219 , -0.227367 , -0.0144629 , -0.0157092
4.8752 , 0.0502008 , -0.0123993 , 0.0576 , -0.216398 , -0.0257599 , -0.0152813
4.91256 , 0.0780011 , -0.0248905 , 0.0655488 , -0.204214 , -0.0458328 , -0.00850175
4.96114 , 0.106605 , -0.0366412 , 0.0783904 , -0.145213 , -0.0561741 , 0.0123018
5.01043 , 0.13982 , -0.0475891 , 0.091345 , -0.0133305 , -0.0616677 , 0.0485837
5.05992 , 0.173776 , -0.0536257 , 0.103612 , 0.116108 , -0.0573451 , 0.084307
5.09525 , 0.194266 , -0.0514079 , 0.111696 , 0.169162 , -0.0478658 , 0.100478
5.14229 , 0.193222 , -0.0373466 , 0.115827 , 0.175731 , -0.03641 , 0.112001
5.17384 , 0.176688 , -0.0324989 , 0.120747 , 0.16892 , -0.0314707 , 0.121029
5.20865 , 0.162594 , -0.0320528 , 0.126028 , 0.158596 , -0.0325612 , 0.124521
5.23753 , 0.149368 , -0.0386869 , 0.125916 , 0.146648 , -0.0390445 , 0.126103
5.27293 , 0.138033 , -0.0437119 , 0.125056 , 0.135502 , -0.0448805 , 0.127666
5.30354 , 0.126209 , -0.0462474 , 0.126185 , 0.123605 , -0.0469616 , 0.125298
5.33866 , 0.112721 , -0.0498434 , 0.124292 , 0.107965 , -0.0493261 , 0.121187
5.37675 , 0.0968365 , -0.0510879 , 0.120907 , 0.0933855 , -0.0515381 , 0.119975
5.41556 , 0.0839604 , -0.0491472 , 0.117719 , 0.0811574 , -0.0496727 , 0.115062
5.46293 , 0.073836 , -0.0420438 , 0.111931 , 0.0714039 , -0.0440427 , 0.109913
5.50963 , 0.0649139 , -0.0381502 , 0.106874 , 0.0629945 , -0.0363741 , 0.103764
5.54425 , 0.0555419 , -0.0315152 , 0.0996267 , 0.0536903 , -0.0306246 , 0.0949464
5.57239 , 0.0495232 , -0.0258411 , 0.0935968 , 0.0514362 , -0.0216368 , 0.0857578
5.60526 , 0.0489499 , -0.0177077 , 0.0837808 , 0.0512995 , -0.0110635 , 0.0785364
5.6406 , 0.050973 , -0.00396433 , 0.0719928 , 0.0533273 , -0.00100239 , 0.0681484
5.67425 , 0.0548771 , 0.00822607 , 0.0607702 , 0.0579907 , 0.00855107 , 0.0558523
5.70868 , 0.0607574 , 0.0176769 , 0.0469608 , 0.0633147 , 0.0185463 , 0.0410174
5.73938 , 0.0673968 , 0.0243657 , 0.0301167 , 0.0701297 , 0.0236516 , 0.0267293
5.77393 , 0.0745352 , 0.0310865 , 0.0148163 , 0.0764086 , 0.0282059 , 0.0105984
5.81348 , 0.080876 , 0.0314668 , 0.000171309 , 0.0828243 , 0.03163 , -0.00693565
5.84773 , 0.0869284 , 0.030527 , -0.0177059 , 0.0882257 , 0.0285167 , -0.0246193
5.88156 , 0.0923688 , 0.0277561 , -0.0374285 , 0.0932395 , 0.0241946 , -0.0437852
5.91005 , 0.0968594 , 0.0223288 , -0.0557613 , 0.0972712 , 0.0213319 , -0.0612794
5.943 , 0.100573 , 0.017836 , -0.0710186 , 0.100796 , 0.0154733 , -0.0722641
5.97976 , 0.10314 , 0.0126953 , -0.0814207 , 0.103903 , 0.0104511 , -0.0792118
6.013 , 0.106094 , 0.00762022 , -0.0886921 , 0.106344 , 0.00820607 , -0.0858241
6.0475 , 0.106722 , 0.00751757 , -0.0914342 , 0.106224 , 0.00801518 , -0.0902501
6.07745 , 0.105967 , 0.0102303 , -0.0919506 , 0.106619 , 0.00869454 , -0.0875869
6.11064 , 0.110666 , 0.0090573 , -0.0830687 , 0.0969019 , 0.00285823 , -0.0797921
6.14701 , 0.118228 , -0.000783502 , -0.07612 , 0.149476 , 0.00270262 , -0.0660236
6.1825 , 0.141577 , -0.00968949 , -0.0807487 , 0.150283 , -0.0049039 , -0.0668735
6.21737 , 0.186682 , -0.004829 , -0.0922756 , 0.155057 , 8.92598e-05 , -0.054533
6.25078 , 0.212048 , 0.0238134 , -0.113094 , 0.156331 , 0.0198631 , -0.0404889
6.28472 , 0.22204 , 0.0416351 , -0.111896 , 0.153654 , 0.0292193 , -0.0270068
6.33163 , 0.208691 , 0.0428019 , -0.103107 , 0.147928 , 0.0357812 , -0.0158574
6.37338 , 0.19809 , 0.0396031 , -0.0962603 , 0.140265 , 0.036684 , -0.00544266
6.41487 , 0.189524 , 0.033216 , -0.0921262 , 0.132544 , 0.0369754 , 0.00401566
6.44848 , 0.181133 , 0.0247261 , -0.0844969 , 0.126415 , 0.0331099 , 0.0126095
6.48106 , 0.172634 , 0.0165681 , -0.0768494 , 0.121511 , 0.0306224 , 0.0225025
6.51779 , 0.166068 , 0.0102177 , -0.0709416 , 0.118129 , 0.0289669 , 0.0314858
6.55285 , 0.158411 , 0.00998228 , -0.0627403 , 0.114401 , 0.0220286 , 0.038946
6.58417 , 0.149418 , 0.0115065 , -0.0539619 , 0.108429 , 0.0209332 , 0.0447307
6.61561 , 0.140254 , 0.0158102 , -0.0446561 , 0.105085 , 0.0275351 , 0.0513883
6.64846 , 0.130311 , 0.0199632 , -0.0349273 , 0.103696 , 0.0267581 , 0.0556842
6.68923 , 0.122755 , 0.0290887 , -0.0270959 , 0.0996608 , 0.015013 , 0.0581325
6.73308 , 0.112112 , 0.0293713 , -0.0172403 , 0.0939431 , 0.009585 , 0.0596822
6.76676 , 0.101743 , 0.0357987 , -0.00702264 , 0.0883099 , 0.0107265 , 0.0614535
6.79678 , 0.0923289 , 0.0371442 , -0.00154482 , 0.0820775 , 0.0139863 , 0.0639427
6.83136 , 0.0860199 , 0.038773 , 0.00673532 , 0.075434 , 0.0101585 , 0.0662481
6.86562 , 0.0799446 , 0.0369048 , 0.0104299 , 0.0705983 , 0.0137661 , 0.0687618
6.89933 , 0.0734046 , 0.0341823 , 0.0136483 , 0.0652997 , 0.0195375 , 0.0715169
6.93383 , 0.066441 , 0.0319882 , 0.0204812 , 0.0592699 , 0.0164228 , 0.0740842
6.96781 , 0.0588365 , 0.02445 , 0.0248432 , 0.0539531 , 0.0167476 , 0.0764087
7.00093 , 0.0518246 , 0.0207537 , 0.0285584 , 0.0471943 , 0.0150554 , 0.0796763
7.03198 , 0.0445394 , 0.0149983 , 0.0341429 , 0.0401084 , 0.00693426 , 0.0826546
7.067 , 0.0371071 , 0.0116499 , 0.04081 , 0.0333454 , 0.00207795 , 0.0852712
7.10139 , 0.0308158 , 0.0059718 , 0.0458353 , 0.0267282 , -0.00647359 , 0.0877223
7.13205 , 0.025073 , -0.000671209 , 0.0445941 , 0.0202069 , -0.0124945 , 0.0894983
7.17037 , 0.0181495 , -0.00580988 , 0.050085 , 0.0129516 , -0.0211005 , 0.0910909
7.20355 , 0.0113794 , -0.0104561 , 0.0543141 , 0.00589616 , -0.0262972 , 0.0917316
7.23277 , 0.00458174 , -0.0154513 , 0.0584842 , -0.000884638 , -0.0300784 , 0.0919524
7.27087 , -0.00120528 , -0.0204655 , 0.0608672 , -0.00795419 , -0.0341614 , 0.0919883
7.30137 , -0.00732677 , -0.0247884 , 0.0606598 , -0.0153641 , -0.0398526 , 0.09217
7.33335 , -0.0131218 , -0.0315429 , 0.0625558 , -0.0225296 , -0.0437279 , 0.0927202
7.36889 , -0.0197204 , -0.0363349 , 0.062966 , -0.0296371 , -0.0471648 , 0.0932409
7.40895 , -0.0274792 , -0.0384576 , 0.0671333 , -0.037596 , -0.0535214 , 0.0932197
7.43722 , -0.0368409 , -0.0415009 , 0.0679926 , -0.0458276 , -0.057688 , 0.0933299
7.46762 , -0.0437598 , -0.0460174 , 0.0709256 , -0.0544062 , -0.0629724 , 0.0943034
7.50117 , -0.0511823 , -0.0500878 , 0.0750397 , -0.0629649 , -0.0670641 , 0.0958219
7.53456 , -0.0596301 , -0.0496326 , 0.0778178 , -0.0723119 , -0.0701319 , 0.0974269
7.57121 , -0.0670001 , -0.0518031 , 0.0822987 , -0.0825492 , -0.0748072 , 0.0988089
7.60499 , -0.0751901 , -0.0607488 , 0.0843411 , -0.0933998 , -0.0810342 , 0.0984105
7.63532 , -0.0822651 , -0.0661474 , 0.0843033 , -0.105011 , -0.0842786 , 0.0995693
7.67254 , -0.0886703 , -0.0694292 , 0.0869373 , -0.118081 , -0.0888012 , 0.101185
7.70472 , -0.0915869 , -0.0713486 , 0.0846315 , -0.130874 , -0.0911561 , 0.102562
7.73904 , -0.0962822 , -0.0737156 , 0.0874711 , -0.144268 , -0.0962402 , 0.101915
7.77252 , -0.100342 , -0.0791533 , 0.0849712 , -0.158909 , -0.0981331 , 0.101251
7.80312 , -0.104181 , -0.0830931 , 0.0862726 , -0.173675 , -0.103171 , 0.0992815
7.83819 , -0.107239 , -0.0888069 , 0.086003 , -0.190626 , -0.108119 , 0.0967917
7.87186 , -0.105306 , -0.0922334 , 0.0839493 , -0.21039 , -0.122118 , 0.0911012
7.90845 , -0.100242 , -0.0936804 , 0.083079 , -0.235394 , -0.139228 , 0.0857825
7.94191 , -0.0945362 , -0.0929989 , 0.0783411 , -0.254106 , -0.127138 , 0.0776424
7.97289 , -0.0836278 , -0.0874374 , 0.0714947 , -0.269709 , -0.117909 , 0.0688672
8.00844 , -0.0718693 , -0.0793713 , 0.0645951 , -0.280052 , -0.110671 , 0.0586818
8.04027 , -0.0535519 , -0.0725367 , 0.0538619 , -0.277688 , -0.0971577 , 0.0524052
8.07667 , -0.0286944 , -0.063313 , 0.0431451 , -0.265066 , -0.0798556 , 0.0536452
8.10729 , 0.000984554 , -0.0486697 , 0.0298243 , -0.250481 , -0.0643964 , 0.0605907
8.14162 , 0.035053 , -0.0368326 , 0.0214421 , -0.238963 , -0.0524309 , 0.0685744
8.17588 , 0.0736694 , -0.0268978 , 0.0127296 , -0.224399 , -0.0461178 , 0.0754971
8.20973 , 0.113286 , -0.0231022 , 0.00519211 , -0.203318 , -0.041631 , 0.0824792
8.24137 , 0.153975 , -0.0224098 , 0.00165328 , -0.173405 , -0.0452122 , 0.0908703
8.27865 , 0.197097 , -0.0325851 , 0.0102147 , -0.134395 , -0.0499576 , 0.100131
8.31363 , 0.235466 , -0.0412926 , 0.0148242 , -0.0106393 , -0.0325741 , 0.080593
8.34732 , 0.254974 , -0.0393659 , 0.0137378 , 0.154581 , -0.0297708 , 0.0471781
8.38254 , 0.25417 , -0.0285004 , 0.0223211 , 0.213332 , -0.0264024 , 0.0372078
8.4255 , 0.240503 , -0.0247918 , 0.0316044 , 0.226277 , -0.0262014 , 0.0405944
8.45914 , 0.230467 , -0.0302223 , 0.0395539 , 0.226828 , -0.0241068 , 0.0469045
8.49362 , 0.220929 , -0.0298788 , 0.0472578 , 0.222221 , -0.0226536 , 0.0616829
8.5242 , 0.208618 , -0.0292016 , 0.0592654 , 0.205489 , -0.0262451 , 0.0631037
8.55877 , 0.191623 , -0.0305356 , 0.0654236 , 0.189178 , -0.026321 , 0.0643351
8.59332 , 0.175322 , -0.0308141 , 0.0714174 , 0.172333 , -0.022568 , 0.06768
8.62682 , 0.158216 , -0.027752 , 0.0761202 , 0.154772 , -0.0225917 , 0.0744722
8.66156 , 0.142592 , -0.0221593 , 0.077083 , 0.138508 , -0.017968 , 0.0759398
8.69256 , 0.12587 , -0.0159362 , 0.0780427 , 0.107827 , -0.00596284 , 0.066823
8.72734 , 0.111223 , -0.00366923 , 0.0753178 , 0.0862043 , -0.002526 , 0.0646447
8.76186 , 0.0964517 , 0.00386189 , 0.0741762 , 0.0700825 , 0.00135425 , 0.0628441
8.7937 , 0.082645 , 0.00741621 , 0.071917 , 0.060172 , 0.00358596 , 0.062746
8.82984 , 0.0750126 , 0.00590693 , 0.0648357 , 0.0610942 , 0.0162287 , 0.0622336
8.86348 , 0.0710054 , 0.0209077 , 0.0607465 , 0.0728455 , 0.0200511 , 0.0499796
8.89449 , 0.0735862 , 0.0358062 , 0.0502209 , 0.0766341 , 0.0343261 , 0.0419548
8.92974 , 0.0769366 , 0.0446748 , 0.0369794 , 0.0820366 , 0.0415593 , 0.0294793
8.96035 , 0.0856708 , 0.0477862 , 0.0200191 , 0.0924889 , 0.0412694 , 0.00572886
8.99804 , 0.0934922 , 0.0500549 , -0.00150393 , 0.0975444 , 0.0459235 , -0.0103444
9.02885 , 0.0980532 , 0.0447397 , -0.0235765 , 0.103769 , 0.0397447 , -0.0327425
9.06312 , 0.102135 , 0.0363615 , -0.044787 , 0.103285 , 0.0313671 , -0.0545819
9.09594 , 0.0987447 , 0.0308254 , -0.0653973 , 0.103286 , 0.0226875 , -0.0723053
9.13226 , 0.0981313 , 0.0196901 , -0.0733555 , 0.0993555 , 0.0212345 , -0.0836007
9.16561 , 0.0978328 , 0.0156913 , -0.0844552 , 0.0978457 , 0.0187708 , -0.0930279
9.20299 , 0.0967041 , 0.0177506 , -0.0935238 , 0.10049 , 0.0179317 , -0.108323
9.23336 , 0.0983208 , 0.0194641 , -0.106498 , 0.0968527 , 0.0175762 , -0.104507
9.26353 , 0.0973007 , 0.0185 , -0.104389 , 0.101384 , 0.0151862 , -0.0975326
9.30005 , 0.104265 , 0.0121597 , -0.0963235 , 0.109271 , 0.0145155 , -0.090205
9.33204 , 0.121776 , 0.0130553 , -0.0891751 , 0.149137 , -0.0117043 , -0.0606866
9.36755 , 0.155278 , 0.0190589 , -0.0937337 , 0.252151 , -0.00504447 , -0.0496644
9.40489 , 0.197137 , 0.0354703 , -0.104737 , 0.238632 , 0.0179324 , -0.0529274
9.45212 , 0.226738 , 0.0663685 , -0.118668 , 0.22701 , 0.0438754 , -0.0422329
9.48764 , 0.228394 , 0.082556 , -0.119413 , 0.216609 , 0.0583736 , -0.0261503
9.51917 , 0.224189 , 0.0859004 , -0.117754 , 0.206865 , 0.0656009 , -0.0105293
9.55307 , 0.217872 , 0.0816511 , -0.1079 , 0.198486 , 0.0607403 , 0.00357664
9.58582 , 0.214607 , 0.0708424 , -0.0912873 , 0.194026 , 0.0612293 , 0.0141132
9.61714 , 0.203853 , 0.0629369 , -0.0664089 , 0.186777 , 0.0551309 , 0.0255705
9.65414 , 0.19342 , 0.0608506 , -0.0550735 , 0.179968 , 0.0548265 , 0.0344715
9.68795 , 0.187342 , 0.0649973 , -0.0522312 , 0.17312 , 0.0613065 , 0.0415837
9.72009 , 0.176299 , 0.068652 , -0.0394393 , 0.16423 , 0.0616933 , 0.0473938
9.75516 , 0.164201 , 0.0709836 , -0.028091 , 0.153466 , 0.0560227 , 0.0528413
9.79075 , 0.152476 , 0.0700392 , -0.0145466 , 0.141277 , 0.0533161 , 0.0582365
9.82527 , 0.141462 , 0.0665388 , -0.000961409 , 0.130727 , 0.0585195 , 0.064382
9.8734 , 0.130815 , 0.0670695 , 0.00932983 , 0.121928 , 0.0482288 , 0.0693415
9.90847 , 0.121536 , 0.0657167 , 0.0156256 , 0.115457 , 0.039409 , 0.07373
9.94225 , 0.11444 , 0.0632455 , 0.0211583 , 0.111269 , 0.0326853 , 0.0765872
9.98586 , 0.106605 , 0.0636921 , 0.0276789 , 0.108251 , 0.0252189 , 0.0765378
10.0195 , 0.100907 , 0.071274 , 0.0390304 , 0.107074 , 0.0284974 , 0.0778165
10.0543 , 0.0944093 , 0.0653214 , 0.0421068 , 0.103474 , 0.0252693 , 0.0797437
10.0876 , 0.0877493 , 0.0665621 , 0.043895 , 0.0987452 , 0.0251376 , 0.081832
10.1182 , 0.0821708 , 0.0624761 , 0.0487753 , 0.0938113 , 0.024928 , 0.0844848
10.1538 , 0.075566 , 0.058909 , 0.0552449 , 0.0877174 , 0.0261244 , 0.0872681
10.1874 , 0.0678351 , 0.0568803 , 0.05953 , 0.0807222 , 0.0291856 , 0.0899709
10.2217 , 0.0585707 , 0.0548736 , 0.065255 , 0.0728044 , 0.0248173 , 0.0926488
10.2525 , 0.0488221 , 0.0481959 , 0.055266 , 0.0658921 , 0.0240919 , 0.0954349
10.2879 , 0.0385058 , 0.0504984 , 0.0696217 , 0.0593115 , 0.0201234 , 0.0976293
10.3216 , 0.0327886 , 0.0474776 , 0.0740521 , 0.0518968 , 0.00733345 , 0.0982242
10.353 , 0.0333346 , 0.0356701 , 0.0702278 , 0.0449776 , 0.0035526 , 0.0994869
10.3897 , 0.0270971 , 0.0320609 , 0.0745138 , 0.0382339 , -0.00143906 , 0.101306
10.4263 , 0.0207126 , 0.0281551 , 0.075412 , 0.0316471 , -0.00486661 , 0.102415
10.4562 , 0.0154068 , 0.0262991 , 0.07698 , 0.0238332 , -0.00962455 , 0.103202
10.4895 , 0.00855122 , 0.0199496 , 0.0772437 , 0.0152151 , -0.0157802 , 0.103859
10.5229 , 0.000364553 , 0.0131563 , 0.0780524 , 0.00695837 , -0.0196952 , 0.104583
10.5573 , -0.00678542 , 0.0101476 , 0.0784315 , -0.000853049 , -0.0184596 , 0.105845
10.5941 , -0.0160204 , 0.0110241 , 0.0885495 , -0.00893634 , -0.0199556 , 0.107316
10.6248 , -0.0234572 , 0.00918769 , 0.089239 , -0.0161897 , -0.0221065 , 0.108526
10.657 , -0.0279876 , 0.00351321 , 0.0790984 , -0.0247434 , -0.0275677 , 0.110852
10.6909 , -0.0370756 , -0.000702014 , 0.0822358 , -0.0343814 , -0.03383 , 0.112622
10.7251 , -0.0456964 , -0.00396325 , 0.0855863 , -0.0440164 , -0.0380829 , 0.113861
10.7623 , -0.0526934 , -0.00694935 , 0.0855079 , -0.0539214 , -0.0419224 , 0.114869
10.7956 , -0.0590243 , -0.01013 , 0.0851587 , -0.0644127 , -0.0478594 , 0.115448
10.8326 , -0.0651551 , -0.0150381 , 0.0845481 , -0.0748517 , -0.0511936 , 0.115737
10.8816 , -0.070388 , -0.0195059 , 0.0857537 , -0.0859056 , -0.0557691 , 0.11542
10.9291 , -0.0756912 , -0.0260541 , 0.0849515 , -0.105434 , -0.0724353 , 0.11276
10.9596 , -0.0811432 , -0.0274294 , 0.0897381 , -0.122159 , -0.0931292 , 0.112331
10.994 , -0.0814749 , -0.0369549 , 0.0843739 , -0.135431 , -0.104493 , 0.11393
11.026 , -0.0821277 , -0.0459606 , 0.0830489 , -0.151616 , -0.103208 , 0.110647
11.063 , -0.0800355 , -0.0491616 , 0.08093 , -0.168347 , -0.101827 , 0.101786
11.0976 , -0.0756528 , -0.0513863 , 0.0748346 , -0.182428 , -0.0993095 , 0.0929061
11.1297 , -0.0698814 , -0.0529246 , 0.0709714 , -0.193851 , -0.0985077 , 0.085832
11.1614 , -0.0623747 , -0.051969 , 0.063806 , -0.204387 , -0.0982534 , 0.0804463
11.2019 , -0.0524726 , -0.0496941 , 0.0581837 , -0.21626 , -0.0969022 , 0.0749122
11.2466 , -0.0397114 , -0.0432512 , 0.0546117 , -0.228173 , -0.0939495 , 0.0697272
11.2784 , -0.0233405 , -0.0451233 , 0.0442699 , -0.235925 , -0.0922012 , 0.0668079
11.3143 , -0.0109243 , -0.0459823 , 0.0361552 , -0.241895 , -0.0907738 , 0.0653179
11.3487 , 0.00955408 , -0.0398091 , 0.0280094 , -0.239763 , -0.082991 , 0.0661804
11.3796 , 0.0376743 , -0.026368 , 0.0245722 , -0.231869 , -0.0772787 , 0.0737708
11.4141 , 0.0599725 , -0.0208896 , 0.019463 , -0.223682 , -0.0723364 , 0.0851513
11.4472 , 0.0902119 , -0.0206995 , 0.0159948 , -0.192353 , -0.0329412 , 0.0880664
11.4807 , 0.117958 , -0.026933 , 0.0156038 , -0.132133 , -0.0223628 , 0.0940348
11.5111 , 0.141024 , -0.0426711 , 0.023775 , -0.052076 , -0.0316501 , 0.095231
11.5468 , 0.155383 , -0.0564636 , 0.0331762 , 0.029793 , -0.0489777 , 0.0831753
11.5783 , 0.158523 , -0.0537018 , 0.0409969 , 0.091761 , -0.050256 , 0.0696535
11.6147 , 0.151562 , -0.046675 , 0.0539959 , 0.121965 , -0.0463771 , 0.0681005
11.6473 , 0.139437 , -0.0436616 , 0.064704 , 0.123154 , -0.0497644 , 0.0691041
11.679 , 0.123591 , -0.0461828 , 0.0740668 , 0.116452 , -0.0496532 , 0.0768214
11.7159 , 0.110896 , -0.0458485 , 0.0835812 , 0.105197 , -0.04098 , 0.0835813
11.7501 , 0.0975906 , -0.046641 , 0.0880354 , 0.0859902 , -0.0372925 , 0.0844991
11.7846 , 0.0858419 , -0.0386869 , 0.086991 , 0.0720312 , -0.0326379 , 0.0855673
11.8153 , 0.0770064 , -0.032909 , 0.0884813 , 0.0615864 , -0.025756 , 0.0810719
11.8538 , 0.0682005 , -0.0244313 , 0.0844174 , 0.0486383 , -0.0208955 , 0.0764463
11.8875 , 0.064151 , -0.0167163 , 0.0802938 , 0.0372076 , -0.0157057 , 0.0709971
11.9229 , 0.0573048 , -0.0103892 , 0.0715115 , 0.0298245 , -0.0127292 , 0.0630421
11.9721 , 0.0507737 , -0.0101283 , 0.0640774 , 0.028411 , -0.00884741 , 0.0535247
12.0194 , 0.0477905 , -0.00819768 , 0.0528575 , 0.0334168 , -0.00784076 , 0.0443138
12.0537 , 0.0391135 , -0.0101922 , 0.0361505 , 0.039152 , -0.00967737 , 0.0309529
12.0819 , 0.0397931 , -0.0119752 , 0.0207392 , 0.0333023 , -0.00662802 , 0.0203429
12.1172 , 0.0337418 , -0.0174739 , 0.000893049 , 0.0309668 , -0.0146863 , -0.00148982
12.1477 , 0.0282994 , -0.0162251 , -0.00392893 , 0.0301549 , -0.0268081 , -0.019965
12.1864 , 0.0288667 , -0.023443 , -0.0239385 , 0.0301235 , -0.0178071 , -0.0128909
12.2148 , 0.0244732 , -0.0184493 , -0.0233311 , 0.0296989 , -0.0186559 , -0.0227496
12.2504 , 0.0382652 , -0.018161 , -0.0446659 , 0.0497808 , -0.0159263 , -0.0417061
12.2857 , 0.0664514 , -0.00663847 , -0.0616602 , 0.076166 , -0.000723655 , -0.0500941
12.3191 , 0.0951867 , -0.00740752 , -0.0663053 , 0.0832134 , -0.00495693 , -0.0416834
12.35 , 0.0836304 , -0.00271659 , -0.0470715 , 0.0833525 , -0.00686496 , -0.0544454
12.3847 , 0.0870378 , -0.00268377 , -0.0568774 , 0.0827652 , -0.00426014 , -0.0541978
12.4182 , 0.0825697 , -0.0090674 , -0.0541804 , 0.0743906 , -0.0140525 , -0.0506867
12.453 , 0.0697896 , -0.0156762 , -0.0463871 , 0.0631567 , -0.0231462 , -0.0412414
12.4836 , 0.065557 , -0.0229296 , -0.0333495 , 0.0641752 , -0.0322504 , -0.0305944
12.522 , 0.0632094 , -0.0271902 , -0.0288188 , 0.0627231 , -0.0276903 , -0.0190409
12.5582 , 0.0553414 , -0.0328358 , -0.0147309 , 0.0630612 , -0.0326967 , -0.0182686
12.5897 , 0.053078 , -0.0348312 , -0.022132 , 0.0672223 , -0.0421699 , -0.0180551
12.6235 , 0.0581357 , -0.0422569 , -0.0373652 , 0.0671025 , -0.0464973 , -0.0199672
12.6597 , 0.0573829 , -0.0480765 , -0.0394827 , 0.0665681 , -0.0507383 , -0.0198991
12.6913 , 0.0645329 , -0.0523059 , -0.0374843 , 0.0655433 , -0.0550927 , -0.0178879
12.7236 , 0.0580912 , -0.0567181 , -0.0403563 , 0.0609468 , -0.0523038 , -0.013044
12.7574 , 0.0517286 , -0.048575 , -0.0268553 , 0.0557979 , -0.0508504 , -0.00843075
12.7951 , 0.0467301 , -0.0469276 , -0.0219859 , 0.0501697 , -0.0468691 , -0.00453511
12.843 , 0.0507661 , -0.052148 , -0.0250852 , 0.0430276 , -0.0506847 , -0.00088007
12.8758 , 0.0463006 , -0.0531024 , -0.0197123 , 0.038282 , -0.0452289 , 0.00238468
12.9071 , 0.0432756 , -0.0493636 , -0.0162689 , 0.0358161 , -0.0437098 , 0.00564022
12.9403 , 0.0403743 , -0.0448506 , -0.013914 , 0.0337746 , -0.0377272 , 0.00908718
12.9735 , 0.0334449 , -0.0396308 , 0.000434722 , 0.0320863 , -0.0349743 , 0.0110104
13.0073 , 0.0305111 , -0.0361254 , 0.00148211 , 0.0305153 , -0.0357763 , 0.0117178
13.0469 , 0.0307336 , -0.043004 , -0.00619201 , 0.0286751 , -0.0363103 , 0.0122601
13.0929 , 0.0292781 , -0.0409828 , -0.0036666 , 0.026359 , -0.0337888 , 0.0120091
13.1283 , 0.0230533 , -0.0352617 , -0.00728789 , 0.0246147 , -0.0337763 , 0.0122749
13.1653 , 0.0278623 , -0.0334522 , -0.00140859 , 0.0232495 , -0.0303899 , 0.0135744
13.2117 , 0.0264231 , -0.031729 , -0.00105834 , 0.0207845 , -0.0254042 , 0.0154052
13.2479 , 0.0205866 , -0.0299243 , 0.0126937 , 0.0176871 , -0.0247703 , 0.0167183
13.2928 , 0.0187208 , -0.031979 , -0.000247722 , 0.0137478 , -0.0342102 , 0.0174805
13.3247 , 0.0180078 , -0.0256187 , 0.000658461 , 0.0116558 , -0.0405001 , 0.0181515
13.3601 , 0.0117808 , -0.03527 , 0.00282252 , 0.011883 , -0.0358591 , 0.0189911
13.3917 , 0.0104537 , -0.0359139 , 0.00471232 , 0.0115725 , -0.0330636 , 0.0195795
13.4283 , 0.0097809 , -0.0355612 , 0.00651972 , 0.0107342 , -0.032425 , 0.0194953
13.4592 , 0.0101819 , -0.0339658 , 0.00793806 , 0.00939223 , -0.0314639 , 0.0198532
13.4926 , 0.00911498 , -0.0348672 , 0.00909282 , 0.00879622 , -0.0321862 , 0.0203693
13.5261 , 0.0128286 , -0.0357503 , 0.0138459 , 0.00794124 , -0.0308776 , 0.0206154
13.5595 , 0.00574719 , -0.0354202 , 0.00967145 , 0.0074627 , -0.0316635 , 0.0208804
13.5961 , 0.00863736 , -0.0283174 , 0.00874609 , 0.00816656 , -0.0286716 , 0.0204556
13.6271 , 0.00860105 , -0.0277883 , 0.00873248 , 0.00901095 , -0.0286169 , 0.0201546
13.6602 , 0.0137467 , -0.0306931 , 0.0145671 , 0.00618505 , -0.0327077 , 0.020745
13.6958 , 0.00976486 , -0.0367516 , 0.0155462 , 0.00503428 , -0.0246879 , 0.0202254
13.7273 , 0.0121588 , -0.0308889 , 0.0153449 , 0.004762 , -0.025346 , 0.0194374
13.7639 , 0.0115922 , -0.0311273 , 0.0160627 , 0.00283199 , -0.0350714 , 0.0192548
13.7947 , 0.00786596 , -0.0377519 , 0.0178572 , 0.00177744 , -0.0348869 , 0.0193329
13.828 , 0.00707548 , -0.0377704 , 0.0187889 , 0.000891204 , -0.0353528 , 0.0194842
13.8634 , 0.0066978 , -0.0388168 , 0.0193255 , -0.000684365 , -0.0308996 , 0.0199756
13.8954 , 0.00275439 , -0.033655 , 0.0293707 , -0.00100525 , -0.0365718 , 0.0192069
13.9316 , 0.0059717 , -0.0403507 , 0.0193195 , 0.000439084 , -0.028145 , 0.0179303
13.9626 , 0.0085427 , -0.0352484 , 0.0184365 , 0.00074114 , -0.0298635 , 0.0177146
13.9958 , -0.00595232 , -0.039019 , 0.026479 , -0.000807916 , -0.0362933 , 0.0171338
14.0313 , 0.0046488 , -0.0431123 , 0.0197171 , -0.00260471 , -0.0383878 , 0.01695
14.0658 , 0.00846674 , -0.035225 , 0.0190771 , -0.0014167 , -0.0346509 , 0.0168636
14.097 , 0.00794835 , -0.0357527 , 0.0188991 , -4.78631e-05 , -0.0340036 , 0.0165138
14.1302 , 0.00214955 , -0.0464604 , 0.0209337 , -0.0026746 , -0.037334 , 0.0163657
14.1652 , 0.00281197 , -0.0451002 , 0.0207843 , -0.00494776 , -0.0407299 , 0.0163864
14.1986 , 0.00229642 , -0.0456462 , 0.020996 , -0.00471027 , -0.0415671 , 0.0164997
14.2353 , 0.00187126 , -0.0459883 , 0.0216974 , -0.00413752 , -0.0419376 , 0.0164953
14.2686 , 0.00103057 , -0.0466845 , 0.0230312 , -0.00379786 , -0.0428551 , 0.0164002
14.301 , 0.00574818 , -0.0375967 , 0.0209752 , -0.00179005 , -0.0379897 , 0.0157511
14.3337 , 0.0046662 , -0.0380936 , 0.0210205 , -0.000945367 , -0.0357252 , 0.0149311
14.3662 , 0.00469177 , -0.0376256 , 0.0209547 , -0.00117556 , -0.0346713 , 0.0143844
14.4025 , 0.00431438 , -0.0381301 , 0.0199766 , -0.00154541 , -0.0347751 , 0.0137892
14.4371 , 0.00431438 , -0.0381301 , 0.0199766 , -0.00228396 , -0.0366198 , 0.0134155
14.4756 , 0.0036275 , -0.039602 , 0.020448 , -0.0022168 , -0.0344925 , 0.0133846
14.52 , 0.00358452 , -0.038475 , 0.0206915 , -0.00196597 , -0.0350347 , 0.0132626
14.5517 , 0.00285662 , -0.0397057 , 0.0209325 , -0.00240775 , -0.0359789 , 0.0126176
14.5855 , 0.00219762 , -0.0396521 , 0.0207375 , -0.00269614 , -0.0364771 , 0.0118311
14.6246 , 0.00200257 , -0.0403381 , 0.02024 , -0.00262176 , -0.0368998 , 0.0109365
14.6738 , 0.00174661 , -0.0400769 , 0.0196856 , -0.00323158 , -0.0369284 , 0.0101612
14.7234 , 0.0014376 , -0.0397601 , 0.0199713 , -0.00382225 , -0.036855 , 0.00964865
14.7721 , 0.000988185 , -0.0418249 , 0.0210489 , -0.00419747 , -0.0382677 , 0.0092598
14.8111 , 0.000466604 , -0.0423515 , 0.0211636 , -0.00422729 , -0.0398249 , 0.00870552
14.8603 , 0.000278861 , -0.0428435 , 0.0212142 , -0.00413834 , -0.0377391 , 0.00911256
14.9045 , 0.000125441 , -0.0425283 , 0.0211525 , -0.00423716 , -0.0402174 , 0.00915718
14.9385 , 8.94736e-05 , -0.0432816 , 0.020452 , -0.00375593 , -0.0408954 , 0.00829076
14.9697 , -0.000243947 , -0.0429544 , 0.0202898 , -0.00398036 , -0.0406097 , 0.00734805
15.0024 , -0.000101591 , -0.0430966 , 0.0203353 , -0.0044383 , -0.040763 , 0.00689451
15.0359 , 3.77006e-05 , -0.0433752 , 0.0204046 , -0.00452096 , -0.0408149 , 0.00656035
15.0723 , -0.000350022 , -0.0424522 , 0.0215333 , -0.00482728 , -0.0402964 , 0.00579823
15.1101 , -0.000453277 , -0.0423373 , 0.0207904 , -0.00467804 , -0.0403953 , 0.00513935
15.1562 , -0.000946729 , -0.0416605 , 0.0203729 , -0.00449176 , -0.04012 , 0.0051185
15.1875 , -0.000811063 , -0.0415012 , 0.0213007 , -0.00495273 , -0.0396822 , 0.00510725
15.2226 , -0.000549121 , -0.041192 , 0.0211469 , -0.00490185 , -0.0392988 , 0.00504347
15.2543 , -0.000807632 , -0.0406259 , 0.0205553 , -0.00427253 , -0.0387067 , 0.00477073
15.2897 , -0.000901584 , -0.0410956 , 0.0205045 , -0.00486707 , -0.0387603 , 0.00403733
15.321 , -0.00112225 , -0.0417605 , 0.0202937 , -0.00507173 , -0.0392617 , 0.0033187
15.3555 , -0.00107604 , -0.041919 , 0.0210423 , -0.0052599 , -0.0396519 , 0.00307632
15.389 , -0.00121476 , -0.0415261 , 0.0205825 , -0.00515509 , -0.039539 , 0.00293922
15.4239 , -0.00114187 , -0.0425281 , 0.0205282 , -0.00488661 , -0.0390096 , 0.00260227
15.4553 , -0.00140688 , -0.0410443 , 0.0209395 , -0.00528322 , -0.0395395 , 0.00221244
15.4906 , -0.00132177 , -0.0414954 , 0.0209735 , -0.00551827 , -0.0400362 , 0.00204907
15.5256 , -0.00527809 , -0.0363359 , 0.0319065 , -0.00500569 , -0.042035 , 0.00154664
15.5569 , -0.00141601 , -0.0413226 , 0.0213615 , -0.00488883 , -0.040402 , 0.00137469
15.5915 , -0.00139271 , -0.0413789 , 0.0205886 , -0.00529272 , -0.0401701 , 0.00163297
15.6269 , -0.00103024 , -0.0409787 , 0.0201818 , -0.00576113 , -0.0396282 , 0.00178729
15.6608 , -0.00108675 , -0.0406695 , 0.0206157 , -0.00579449 , -0.0388632 , 0.00166353
15.692 , -0.00137881 , -0.0405297 , 0.0214748 , -0.00612754 , -0.0382368 , 0.00118741
15.7308 , -0.00160948 , -0.0405399 , 0.0213233 , -0.00588385 , -0.039614 , 0.000548261
15.7751 , -0.00159996 , -0.0415641 , 0.0207226 , -0.00556686 , -0.0397401 , 8.31243e-07
15.8076 , -0.0017128 , -0.0415774 , 0.0212854 , -0.00564793 , -0.0398653 , 0.000209166
15.8411 , -0.00733855 , -0.0398311 , 0.0158442 , -0.00515466 , -0.0391735 , 0.000757413
15.8776 , -0.000927343 , -0.0408771 , 0.0206675 , -0.0053083 , -0.0391835 , 0.000883529
15.9116 , -0.0011002 , -0.0415307 , 0.0210216 , -0.00533268 , -0.0396738 , 0.000568969
15.9427 , -0.00127278 , -0.0413824 , 0.0212146 , -0.0052718 , -0.0394996 , 0.000362393
15.9753 , -0.00157251 , -0.0412123 , 0.021935 , -0.00520278 , -0.0378951 , 0.000405478
16.0088 , -0.00130428 , -0.0400058 , 0.0214617 , -0.00515857 , -0.0377885 , 0.000300056
16.0455 , -0.00763774 , -0.0412728 , 0.0163915 , -0.00535455 , -0.0387653 , -1.12494e-06
16.0796 , -0.00736398 , -0.0407769 , 0.0161895 , -0.00477274 , -0.0390785 , 0.000520099
16.1117 , -0.00125601 , -0.0411064 , 0.0217297 , -0.00452307 , -0.0385731 , 0.00100701
16.1432 , -0.00705669 , -0.041019 , 0.0180868 , -0.00434124 , -0.0394309 , 0.000625627
16.1767 , -0.00159785 , -0.0419649 , 0.0221374 , -0.00448261 , -0.0398212 , 0.000143238
16.2132 , -0.00194144 , -0.0424752 , 0.0227906 , -0.00647447 , -0.0368696 , 0.000395772
16.2445 , -0.0117686 , -0.0367623 , 0.0275845 , -0.00598278 , -0.0391299 , 0.000548751
16.2774 , -0.00819923 , -0.0416794 , 0.0170361 , -0.00504542 , -0.038657 , 0.000623583
16.3118 , -0.00127823 , -0.0412372 , 0.0216393 , -0.00407205 , -0.0393975 , 0.000989525
16.3466 , -0.00153439 , -0.041646 , 0.0214095 , -0.00401448 , -0.0390383 , 0.000871256
16.378 , -0.00198966 , -0.0419835 , 0.022757 , -0.0046561 , -0.0395789 , 0.000151643
16.4144 , -0.00222169 , -0.0426288 , 0.0224305 , -0.00478251 , -0.0393115 , -0.000439474
16.4585 , -0.00168896 , -0.0417347 , 0.0222958 , -0.00463987 , -0.0399254 , -0.000205604
16.5073 , -0.00176246 , -0.0422711 , 0.0221968 , -0.00464749 , -0.040179 , 0.000273945
16.557 , -0.00172065 , -0.0420994 , 0.0215248 , -0.00487177 , -0.0404763 , 0.000427701
16.5995 , -0.00208577 , -0.0427336 , 0.0218923 , -0.00494098 , -0.0406962 , 0.00041147
16.636 , -0.00360726 , -0.046195 , 0.0230593 , -0.00549682 , -0.0424315 , 8.3773e-05
16.6856 , -0.00360726 , -0.046195 , 0.0230593 , -0.00587405 , -0.0434703 , -0.000152706
16.7372 , -0.00341778 , -0.0454495 , 0.0224662 , -0.00580743 , -0.0433228 , -0.000188581
16.7854 , -0.00351412 , -0.0456792 , 0.0221271 , -0.00532348 , -0.0397092 , -0.000314018
16.8232 , -0.00822528 , -0.0415368 , 0.0175789 , -0.00512051 , -0.0392608 , -0.000617998
16.8659 , -0.0021793 , -0.0427492 , 0.0224226 , -0.00552295 , -0.0404891 , -0.000557744
16.8995 , -0.0021793 , -0.0427492 , 0.0224226 , -0.00572365 , -0.0455675 , -0.000210907
16.9329 , -0.00422614 , -0.0463333 , 0.021945 , -0.00558143 , -0.0452328 , -0.000198661
16.9713 , -0.00259484 , -0.0422249 , 0.0226942 , -0.00526674 , -0.0423122 , -0.000249686
17.019 , -0.00870993 , -0.0416601 , 0.0175994 , -0.00537449 , -0.0440089 , -0.000757868
17.0555 , -0.00215895 , -0.0417358 , 0.0212347 , -0.00526067 , -0.0466622 , -0.000826814
17.1013 , -0.00414531 , -0.0455554 , 0.0224778 , -0.00515545 , -0.0449406 , -0.000533516
17.1358 , -0.00907527 , -0.0447073 , 0.0191779 , -0.00510023 , -0.0435353 , -0.000289434
17.1669 , -0.00401381 , -0.0457784 , 0.0227339 , -0.00461902 , -0.0387954 , -0.000210835
17.2003 , -0.00279546 , -0.0416953 , 0.0228264 , -0.00451727 , -0.0391379 , -0.000300035
17.2335 , -0.00279546 , -0.0416953 , 0.0228264 , -0.00460431 , -0.0396191 , -0.000361459
17.2691 , -0.00279546 , -0.0416953 , 0.0228264 , -0.00650099 , -0.0503457 , 8.87003e-05
17.304 , -0.0022635 , -0.0409838 , 0.022449 , -0.0059098 , -0.0456316 , -3.81655e-05
17.3412 , -0.00269761 , -0.0420913 , 0.0222225 , -0.00460988 , -0.0420027 , -0.000384545
17.3891 , -0.00267074 , -0.0417434 , 0.0219947 , -0.00462389 , -0.04032 , -0.00058887
17.4287 , -0.00239031 , -0.0414136 , 0.0224462 , -0.00462848 , -0.0398386 , -0.000630689
17.4714 , -0.00239031 , -0.0414136 , 0.0224462 , -0.00446505 , -0.0397801 , -0.000611835
17.5061 , -0.00239031 , -0.0414136 , 0.0224462 , -0.00432734 , -0.0398481 , -0.000624115
17.5428 , -0.00219584 , -0.0423549 , 0.0224231 , -0.00458338 , -0.0403263 , -0.000843986
17.5868 , -0.00735703 , -0.0408308 , 0.0183558 , -0.00386822 , -0.0414794 , -0.00088895
17.6193 , -0.00755289 , -0.0415189 , 0.0184411 , -0.00317364 , -0.0407932 , -0.00083985
17.653 , -0.00239148 , -0.0419024 , 0.0218362 , -0.00317235 , -0.0393357 , -0.00102742
17.6895 , -0.00214583 , -0.0409041 , 0.0211961 , -0.00335875 , -0.0394839 , -0.00120987
17.724 , -0.00214583 , -0.0409041 , 0.0211961 , -0.00354494 , -0.0394712 , -0.00126122
17.7551 , -0.00209071 , -0.0416934 , 0.0215068 , -0.00399138 , -0.0398937 , -0.00138094
17.7943 , -0.00644143 , -0.0370835 , 0.0316664 , -0.00421496 , -0.0410686 , -0.00216457
17.8446 , -0.00218301 , -0.0416122 , 0.0211232 , -0.00471417 , -0.0403082 , -0.00212496
17.9101 , -0.00218301 , -0.0416122 , 0.0211232 , -0.00465079 , -0.0398659 , -0.00147824
17.9431 , -0.00175276 , -0.0417711 , 0.0211615 , -0.00421037 , -0.039316 , -0.00133081
17.9783 , -0.00201878 , -0.0413483 , 0.0210545 , -0.00444951 , -0.0396843 , -0.00151489
18.0274 , -0.00184924 , -0.0414449 , 0.0210771 , -0.00533555 , -0.0355267 , -0.00101341
