501

0.020882 , -0.0523249 , -0.195808 , 0.105356 , -0.0506977 , -0.201974 , 0.105186
0.054045 , -0.0536371 , -0.19721 , 0.106842 , -0.0546964 , -0.20002 , 0.105801
0.087796 , -0.0540217 , -0.198478 , 0.106837 , -0.0206973 , -0.196504 , 0.0294306
0.124179 , -0.0538831 , -0.19776 , 0.106512 , -0.0181236 , -0.203478 , 0.0137044
0.158721 , -0.0541771 , -0.197172 , 0.10706 , -0.0212016 , -0.208179 , 0.0139833
0.192861 , -0.0552015 , -0.197375 , 0.107122 , -0.0228732 , -0.209869 , 0.0130478
0.225502 , -0.0552015 , -0.197375 , 0.107122 , -0.0237867 , -0.210477 , 0.0137536
0.257576 , -0.0553367 , -0.197848 , 0.106482 , -0.0249067 , -0.209357 , 0.0154365
0.290589 , -0.0548784 , -0.197962 , 0.106797 , -0.0263526 , -0.208237 , 0.0167603
0.323218 , -0.0548784 , -0.197962 , 0.106797 , -0.0279493 , -0.206745 , 0.0173153
0.359751 , -0.0552595 , -0.198007 , 0.106697 , -0.0293217 , -0.20539 , 0.0173451
0.3983 , -0.0552871 , -0.197737 , 0.10656 , -0.0301979 , -0.204299 , 0.0172303
0.444617 , -0.0552871 , -0.197737 , 0.10656 , -0.0305955 , -0.204136 , 0.0169405
0.480799 , -0.0552871 , -0.197737 , 0.10656 , -0.0307769 , -0.204424 , 0.0169029
0.5301 , -0.0553817 , -0.198184 , 0.107346 , -0.0306615 , -0.205297 , 0.0168776
0.573246 , -0.0553817 , -0.198184 , 0.107346 , -0.0300724 , -0.205561 , 0.017244
0.613303 , -0.0547924 , -0.197888 , 0.106848 , -0.0291893 , -0.206216 , 0.0181004
0.646676 , -0.0547924 , -0.197888 , 0.106848 , -0.0281049 , -0.206495 , 0.0190168
0.681553 , -0.0550518 , -0.196504 , 0.106569 , -0.0269123 , -0.205498 , 0.0196476
0.713328 , -0.0550518 , -0.196504 , 0.106569 , -0.0260605 , -0.205015 , 0.0202006
0.750684 , -0.0544622 , -0.197505 , 0.106465 , -0.0252561 , -0.205455 , 0.0208825
0.795257 , -0.0539767 , -0.197768 , 0.106111 , -0.0247818 , -0.205763 , 0.0215181
0.827005 , -0.0539767 , -0.197768 , 0.106111 , -0.0250506 , -0.203919 , 0.0221187
0.862966 , -0.0544125 , -0.196892 , 0.106753 , -0.0254793 , -0.204238 , 0.0225883
0.898545 , -0.0546367 , -0.19719 , 0.106259 , -0.0254893 , -0.20456 , 0.0228898
0.936522 , -0.054052 , -0.196951 , 0.105888 , -0.0257056 , -0.204713 , 0.0232168
0.978675 , -0.0537101 , -0.197071 , 0.106742 , -0.0261649 , -0.205002 , 0.0234839
1.01109 , -0.0536095 , -0.197223 , 0.106855 , -0.0265888 , -0.205105 , 0.023643
1.04452 , -0.0535189 , -0.196989 , 0.106231 , -0.0269014 , -0.204829 , 0.0238984
1.08136 , -0.0533856 , -0.196099 , 0.105772 , -0.0271108 , -0.204213 , 0.0244271
1.11248 , -0.0532992 , -0.197165 , 0.105117 , -0.0272239 , -0.204628 , 0.0246941
1.14533 , -0.0531078 , -0.196387 , 0.105909 , -0.0273856 , -0.204817 , 0.0247654
1.17887 , -0.0531619 , -0.196555 , 0.106603 , -0.0276424 , -0.204611 , 0.0249842
1.2123 , -0.0522251 , -0.196513 , 0.10521 , -0.0274451 , -0.203978 , 0.0250823
1.25194 , -0.0508185 , -0.195117 , 0.105489 , -0.0267355 , -0.203547 , 0.025364
1.28513 , -0.0505578 , -0.195232 , 0.104344 , -0.0262689 , -0.203055 , 0.0256352
1.31885 , -0.0506517 , -0.195653 , 0.105391 , -0.0262965 , -0.20321 , 0.02584
1.35105 , -0.0504691 , -0.1961 , 0.105586 , -0.0258956 , -0.203418 , 0.026017
1.38955 , -0.0498938 , -0.195143 , 0.105128 , -0.025745 , -0.203077 , 0.0262853
1.4326 , -0.0490791 , -0.19522 , 0.104151 , -0.0256539 , -0.202719 , 0.0264464
1.46471 , -0.0491084 , -0.195342 , 0.10508 , -0.0255212 , -0.202619 , 0.026599
1.50419 , -0.0490712 , -0.194743 , 0.104514 , -0.0256955 , -0.203828 , 0.0268379
1.54988 , -0.0489606 , -0.195801 , 0.104579 , -0.0261067 , -0.202803 , 0.0269692
1.58424 , -0.0483086 , -0.196518 , 0.103225 , -0.0263488 , -0.203386 , 0.027112
1.61582 , -0.0482084 , -0.196006 , 0.10369 , -0.0265468 , -0.203229 , 0.0272151
1.65428 , -0.0481853 , -0.194075 , 0.10365 , -0.0270355 , -0.202112 , 0.02748
1.68633 , -0.0479495 , -0.193537 , 0.103161 , -0.0276171 , -0.201168 , 0.027865
1.71744 , -0.0479005 , -0.193603 , 0.102564 , -0.0281479 , -0.198929 , 0.0281358
1.74921 , -0.0487606 , -0.192752 , 0.101913 , -0.0287841 , -0.199787 , 0.0283924
1.78613 , -0.0485876 , -0.192939 , 0.103329 , -0.0293879 , -0.199553 , 0.0288087
1.82081 , -0.0493643 , -0.192283 , 0.103601 , -0.0297684 , -0.199445 , 0.0291896
1.85998 , -0.0489083 , -0.191117 , 0.103581 , -0.0298937 , -0.198578 , 0.029751
1.90423 , -0.0480432 , -0.191288 , 0.102553 , -0.0294774 , -0.198204 , 0.0300781
1.93718 , -0.0475358 , -0.190696 , 0.102947 , -0.0289629 , -0.198255 , 0.0297664
1.96874 , -0.0475299 , -0.192474 , 0.103206 , -0.0284868 , -0.1988 , 0.0297828
2.00467 , -0.0473488 , -0.19293 , 0.104347 , -0.0277678 , -0.198883 , 0.0301119
2.03619 , -0.0471534 , -0.192758 , 0.103154 , -0.0278945 , -0.198469 , 0.0307799
2.07236 , -0.0473901 , -0.19169 , 0.103996 , -0.028358 , -0.198514 , 0.0314133
2.10488 , -0.0474879 , -0.190631 , 0.105661 , -0.0287002 , -0.19802 , 0.0320388
2.13639 , -0.0474975 , -0.189718 , 0.105565 , -0.0292266 , -0.195456 , 0.0328854
2.17107 , -0.0479661 , -0.188444 , 0.107082 , -0.0295234 , -0.195309 , 0.0335881
2.20886 , -0.0488137 , -0.186983 , 0.109349 , -0.0298083 , -0.194501 , 0.0342463
2.26177 , -0.0492734 , -0.184948 , 0.110593 , -0.0304992 , -0.193223 , 0.0347728
2.31021 , -0.0502208 , -0.183901 , 0.111274 , -0.0313336 , -0.190047 , 0.0358519
2.35699 , -0.0505181 , -0.182477 , 0.112415 , -0.0323117 , -0.186913 , 0.0374068
2.38951 , -0.0515745 , -0.179446 , 0.115407 , -0.0334358 , -0.186569 , 0.038775
2.42752 , -0.0522477 , -0.178752 , 0.115636 , -0.0351601 , -0.184804 , 0.0399326
2.47498 , -0.0539167 , -0.175875 , 0.119229 , -0.0369641 , -0.181195 , 0.041205
2.50968 , -0.0547102 , -0.174367 , 0.121329 , -0.0385655 , -0.179758 , 0.042525
2.54435 , -0.0558674 , -0.176039 , 0.122773 , -0.0405103 , -0.179087 , 0.0441046
2.59286 , -0.0565797 , -0.169176 , 0.126826 , -0.0428621 , -0.176431 , 0.0460519
2.62801 , -0.0575 , -0.166693 , 0.129602 , -0.0453266 , -0.174428 , 0.0478936
2.67492 , -0.0587422 , -0.164294 , 0.133239 , -0.0476655 , -0.171611 , 0.049817
2.70612 , -0.058953 , -0.161995 , 0.134192 , -0.0503637 , -0.166916 , 0.0520467
2.73899 , -0.0602983 , -0.154328 , 0.139359 , -0.0535777 , -0.160855 , 0.0546968
2.77261 , -0.0621408 , -0.158013 , 0.140984 , -0.0571786 , -0.160889 , 0.056732
2.80904 , -0.0634636 , -0.154024 , 0.145439 , -0.0608005 , -0.160461 , 0.0589263
2.84326 , -0.0651446 , -0.155171 , 0.149634 , -0.0649697 , -0.162843 , 0.0615913
2.87412 , -0.0654842 , -0.151621 , 0.154339 , -0.0693132 , -0.158736 , 0.0645381
2.90701 , -0.066942 , -0.15263 , 0.159449 , -0.0743479 , -0.157645 , 0.0679663
2.94015 , -0.0679431 , -0.148923 , 0.165557 , -0.0803636 , -0.15744 , 0.0711486
2.99259 , -0.0689739 , -0.14976 , 0.173122 , -0.0881749 , -0.160857 , 0.073618
3.02402 , -0.0687201 , -0.15193 , 0.180171 , -0.0964341 , -0.165103 , 0.0766761
3.06053 , -0.0667242 , -0.155213 , 0.187369 , -0.105302 , -0.169267 , 0.0799355
3.09508 , -0.0617759 , -0.157565 , 0.194887 , -0.114608 , -0.173631 , 0.0825494
3.12628 , -0.0555501 , -0.163539 , 0.19929 , -0.123835 , -0.177566 , 0.0845514
3.15829 , -0.0439348 , -0.167437 , 0.201332 , -0.133189 , -0.182433 , 0.0859952
3.1919 , -0.028726 , -0.168944 , 0.202809 , -0.142456 , -0.177421 , 0.0880271
3.22836 , -0.0121767 , -0.167307 , 0.204628 , -0.152914 , -0.172651 , 0.0904102
3.2777 , 0.00429915 , -0.162412 , 0.203016 , -0.163945 , -0.169669 , 0.0933606
3.30947 , 0.0147625 , -0.162299 , 0.20486 , -0.174889 , -0.1661 , 0.0976867
3.34585 , 0.0126679 , -0.159978 , 0.208561 , -0.184102 , -0.157586 , 0.102008
3.37547 , 0.00361687 , -0.14427 , 0.204995 , -0.178747 , -0.142099 , 0.125773
3.41039 , -0.00765254 , -0.132493 , 0.201269 , -0.139662 , -0.131107 , 0.153009
3.44394 , -0.0190166 , -0.128894 , 0.19665 , -0.0920826 , -0.128487 , 0.167503
3.47804 , -0.0274994 , -0.126799 , 0.189257 , -0.0571672 , -0.131108 , 0.173422
3.51503 , -0.036807 , -0.132098 , 0.180305 , -0.0476408 , -0.133424 , 0.171476
3.54855 , -0.0444214 , -0.134148 , 0.171114 , -0.0496774 , -0.139051 , 0.166603
3.57841 , -0.0516372 , -0.138335 , 0.164389 , -0.0559421 , -0.141091 , 0.162423
3.60919 , -0.059116 , -0.14139 , 0.159315 , -0.0595848 , -0.144911 , 0.155388
3.64547 , -0.0613945 , -0.144905 , 0.1536 , -0.0612189 , -0.146936 , 0.152
3.6761 , -0.061929 , -0.148419 , 0.147917 , -0.0604072 , -0.14808 , 0.148123
3.71089 , -0.0617528 , -0.151139 , 0.144823 , -0.0611575 , -0.151456 , 0.143146
3.74329 , -0.0624898 , -0.15233 , 0.142149 , -0.0608583 , -0.155341 , 0.137939
3.78275 , -0.0609483 , -0.15532 , 0.133203 , -0.0607543 , -0.157133 , 0.133943
3.81196 , -0.0588516 , -0.1584 , 0.127833 , -0.0571397 , -0.160323 , 0.12362
3.84633 , -0.0545208 , -0.160104 , 0.119832 , -0.0541692 , -0.16284 , 0.120371
3.87998 , -0.0502424 , -0.158611 , 0.118431 , -0.050493 , -0.166486 , 0.114203
3.91437 , -0.0452368 , -0.161878 , 0.109291 , -0.0439116 , -0.16846 , 0.107857
3.9481 , -0.0404693 , -0.167535 , 0.102271 , -0.0398506 , -0.170924 , 0.0985265
3.97967 , -0.037705 , -0.171044 , 0.0934829 , -0.0366109 , -0.173238 , 0.0922388
4.01516 , -0.0340137 , -0.172311 , 0.0878123 , -0.0328223 , -0.1804 , 0.0844325
4.05178 , -0.0309903 , -0.182698 , 0.0793902 , -0.030765 , -0.189084 , 0.075136
4.08235 , -0.0271026 , -0.194651 , 0.0645361 , -0.0265645 , -0.200853 , 0.0584684
4.12096 , -0.022093 , -0.205616 , 0.0479187 , -0.0211501 , -0.208496 , 0.0418235
4.16639 , -0.0184827 , -0.213249 , 0.0365395 , -0.0149342 , -0.213986 , 0.0401428
4.20721 , -0.0087761 , -0.217481 , 0.0398349 , 0.0841338 , -0.226492 , 0.041294
4.25672 , 0.00867558 , -0.214997 , 0.0485816 , 0.170155 , -0.244126 , 0.0458414
4.30654 , 0.0470078 , -0.220202 , 0.0369341 , 0.148209 , -0.258994 , 0.0414839
4.35656 , 0.0833733 , -0.232842 , 0.0200984 , 0.130481 , -0.279027 , 0.0306963
4.40622 , 0.0925096 , -0.253509 , 0.0382304 , 0.117081 , -0.294209 , 0.0229795
4.45319 , 0.0821164 , -0.266944 , 0.0555938 , 0.105834 , -0.294182 , 0.0165158
4.4913 , 0.0682622 , -0.252394 , 0.0607202 , 0.0959395 , -0.285336 , 0.00873678
4.53889 , 0.0611853 , -0.241724 , 0.0625648 , 0.0869707 , -0.281879 , -7.76717e-05
4.57005 , 0.0533753 , -0.239248 , 0.0694873 , 0.0785007 , -0.290912 , -0.00893247
4.60088 , 0.0460341 , -0.241918 , 0.0654123 , 0.0710628 , -0.306672 , -0.0175875
4.639 , 0.0370679 , -0.261919 , 0.0563856 , 0.0642422 , -0.322245 , -0.0257711
4.67786 , 0.0290089 , -0.280668 , 0.0462245 , 0.0592223 , -0.333238 , -0.0330686
4.72558 , 0.0220976 , -0.292334 , 0.0394292 , 0.0552948 , -0.340527 , -0.0396003
4.77461 , 0.0155151 , -0.295889 , 0.0336982 , 0.0518277 , -0.34705 , -0.0444818
4.82752 , 0.0100212 , -0.302129 , 0.0288058 , 0.0488577 , -0.350795 , -0.0482002
4.8752 , 0.00586678 , -0.307041 , 0.0225577 , 0.0464395 , -0.354496 , -0.0511676
4.91256 , 0.00281998 , -0.309898 , 0.0148295 , 0.0445749 , -0.353956 , -0.0537986
4.96114 , -0.000680205 , -0.308848 , 0.00814091 , 0.0394959 , -0.348906 , -0.0573014
5.01043 , -0.00638702 , -0.302822 , 0.00523008 , 0.0368998 , -0.338165 , -0.0595518
5.05992 , -0.00716608 , -0.301863 , -0.00284057 , 0.0342838 , -0.309457 , -0.0596952
5.09525 , -0.010602 , -0.292229 , -0.00511766 , 0.0345324 , -0.304526 , -0.0612118
5.14229 , -0.0135827 , -0.288662 , -0.00695124 , 0.0346126 , -0.29597 , -0.0634244
5.17384 , -0.0201296 , -0.276048 , -0.00477486 , 0.0340679 , -0.293751 , -0.0655508
5.20865 , -0.0235591 , -0.276737 , -0.00618641 , 0.0325121 , -0.287518 , -0.0674431
5.23753 , -0.0265665 , -0.272024 , -0.00797121 , 0.0291452 , -0.277996 , -0.0683848
5.27293 , -0.0275474 , -0.26173 , -0.0112146 , 0.026194 , -0.27562 , -0.0691264
5.30354 , -0.0306926 , -0.252728 , -0.010291 , 0.023146 , -0.270126 , -0.069501
5.33866 , -0.0346473 , -0.2441 , -0.00898103 , 0.0196429 , -0.262581 , -0.0689303
5.37675 , -0.0381308 , -0.237841 , -0.0051489 , 0.015926 , -0.256067 , -0.0680621
5.41556 , -0.0399482 , -0.233512 , -0.0087092 , 0.0122674 , -0.247839 , -0.0668788
5.46293 , -0.0438644 , -0.224697 , -0.00639221 , 0.00835417 , -0.241518 , -0.0657232
5.50963 , -0.0479432 , -0.221507 , -0.00602504 , 0.00516182 , -0.23883 , -0.0651759
5.54425 , -0.0522819 , -0.219596 , -0.00583923 , 0.00183361 , -0.235493 , -0.0640715
5.57239 , -0.0551219 , -0.215399 , -0.0063423 , -0.00190332 , -0.231281 , -0.0625271
5.60526 , -0.0586074 , -0.2159 , -0.00654593 , -0.00619938 , -0.232333 , -0.0612387
5.6406 , -0.0603859 , -0.218935 , -0.0103804 , -0.0109058 , -0.234225 , -0.0594579
5.67425 , -0.0636713 , -0.221628 , -0.00897492 , -0.0156578 , -0.23608 , -0.0576222
5.70868 , -0.0691546 , -0.22297 , -0.00539349 , -0.0206621 , -0.239136 , -0.0555164
5.73938 , -0.0730176 , -0.226519 , -0.00720733 , -0.0259868 , -0.242161 , -0.0531838
5.77393 , -0.0781239 , -0.22869 , -0.00745567 , -0.0315025 , -0.245288 , -0.0510235
5.81348 , -0.0828514 , -0.232068 , -0.0112993 , -0.0379353 , -0.246316 , -0.0484131
5.84773 , -0.0887981 , -0.234021 , -0.010292 , -0.0447047 , -0.246859 , -0.0460468
5.88156 , -0.0951182 , -0.234269 , -0.0101919 , -0.0519377 , -0.247276 , -0.0431603
5.91005 , -0.100716 , -0.234836 , -0.0100998 , -0.0597371 , -0.24614 , -0.0400622
5.943 , -0.10768 , -0.233657 , -0.00743303 , -0.067888 , -0.246296 , -0.0366235
5.97976 , -0.115533 , -0.231602 , -0.00224512 , -0.0771503 , -0.24347 , -0.0326685
6.013 , -0.123491 , -0.229483 , 0.002973 , -0.0865343 , -0.241113 , -0.0289386
6.0475 , -0.129511 , -0.225183 , 0.00707837 , -0.0971027 , -0.235323 , -0.0237141
6.07745 , -0.137169 , -0.219942 , 0.0141938 , -0.108797 , -0.232252 , -0.0179269
6.11064 , -0.145352 , -0.215923 , 0.0192607 , -0.128283 , -0.204372 , -0.00750231
6.14701 , -0.153639 , -0.211139 , 0.0286065 , -0.165592 , -0.171543 , 0.00575182
6.1825 , -0.158429 , -0.206391 , 0.0382634 , -0.176895 , -0.1798 , 0.0140621
6.21737 , -0.162135 , -0.197375 , 0.0505032 , -0.183908 , -0.180602 , 0.0234276
6.25078 , -0.160816 , -0.192288 , 0.0597806 , -0.194473 , -0.175884 , 0.034703
6.28472 , -0.157411 , -0.187516 , 0.0687069 , -0.205041 , -0.172786 , 0.0460433
6.33163 , -0.149454 , -0.179665 , 0.0831882 , -0.214657 , -0.172415 , 0.0553409
6.37338 , -0.137629 , -0.180982 , 0.0959724 , -0.225127 , -0.170984 , 0.0632439
6.41487 , -0.119983 , -0.17928 , 0.10278 , -0.236391 , -0.16563 , 0.0707247
6.44848 , -0.0993528 , -0.175793 , 0.110744 , -0.242558 , -0.158215 , 0.0784106
6.48106 , -0.0751055 , -0.174365 , 0.116769 , -0.24415 , -0.150196 , 0.0840478
6.51779 , -0.0481533 , -0.171258 , 0.117835 , -0.241601 , -0.146241 , 0.0862671
6.55285 , -0.0157128 , -0.167876 , 0.122724 , -0.234932 , -0.137143 , 0.0865207
6.58417 , 0.0190566 , -0.156475 , 0.130893 , -0.224779 , -0.12745 , 0.0853891
6.61561 , 0.0622184 , -0.146622 , 0.117238 , -0.178777 , -0.118359 , 0.081692
6.64846 , 0.114505 , -0.127522 , 0.082683 , -0.0723871 , -0.115005 , 0.0737725
6.68923 , 0.142783 , -0.11431 , 0.0768954 , 0.051105 , -0.115176 , 0.0828316
6.73308 , 0.136281 , -0.113702 , 0.0905017 , 0.0910066 , -0.114857 , 0.0783667
6.76676 , 0.106062 , -0.115246 , 0.0827359 , 0.0824817 , -0.116909 , 0.0858136
6.79678 , 0.0739856 , -0.118652 , 0.0849247 , 0.0643394 , -0.124587 , 0.0860577
6.83136 , 0.0507906 , -0.128945 , 0.0831234 , 0.047582 , -0.134056 , 0.0765861
6.86562 , 0.0374589 , -0.139995 , 0.0706636 , 0.0353493 , -0.141831 , 0.066128
6.89933 , 0.0276286 , -0.144907 , 0.0628771 , 0.0242819 , -0.14617 , 0.0609143
6.93383 , 0.0154508 , -0.148248 , 0.0591092 , 0.0113526 , -0.13249 , 0.0667833
6.96781 , 0.00528786 , -0.138439 , 0.0623862 , -0.00289125 , -0.133867 , 0.0704357
7.00093 , -0.0109043 , -0.136499 , 0.0717066 , -0.0145344 , -0.124523 , 0.076919
7.03198 , -0.0194572 , -0.127965 , 0.0751009 , -0.0241499 , -0.1299 , 0.0792686
7.067 , -0.0282971 , -0.13252 , 0.0785181 , -0.0271395 , -0.138606 , 0.0719339
7.10139 , -0.0288489 , -0.14185 , 0.0757169 , -0.0262107 , -0.147897 , 0.073742
7.13205 , -0.0250856 , -0.151804 , 0.0742298 , -0.0233679 , -0.152086 , 0.0765041
7.17037 , -0.0206534 , -0.157181 , 0.0733427 , -0.0182588 , -0.15619 , 0.0731878
7.20355 , -0.0168997 , -0.159368 , 0.0777386 , -0.0132641 , -0.155909 , 0.0764116
7.23277 , -0.0104112 , -0.159784 , 0.0765945 , -0.00641619 , -0.155039 , 0.0733568
7.27087 , -0.00294254 , -0.159667 , 0.070581 , 0.0016849 , -0.160334 , 0.065316
7.30137 , 0.00520715 , -0.160285 , 0.0640499 , 0.00916496 , -0.160884 , 0.0591727
7.33335 , 0.0140613 , -0.160384 , 0.0536157 , 0.0183974 , -0.165255 , 0.0511818
7.36889 , 0.0226511 , -0.163532 , 0.0466595 , 0.0270795 , -0.169434 , 0.0405906
7.40895 , 0.0319307 , -0.170713 , 0.0359478 , 0.0347043 , -0.17845 , 0.0303482
7.43722 , 0.0396818 , -0.180646 , 0.0266162 , 0.0428654 , -0.184563 , 0.0215368
7.46762 , 0.0478437 , -0.186233 , 0.0178952 , 0.0491324 , -0.194547 , 0.0120665
7.50117 , 0.0595525 , -0.199224 , -0.005863 , 0.0588366 , -0.205185 , -0.00951342
7.53456 , 0.0642312 , -0.207526 , -0.0204134 , 0.0627307 , -0.209759 , -0.0225045
7.57121 , 0.0645682 , -0.209668 , -0.0242232 , 0.0622537 , -0.213947 , -0.0292068
7.60499 , 0.0640206 , -0.215663 , -0.0332088 , 0.0633554 , -0.215452 , -0.035477
7.63532 , 0.0652521 , -0.223597 , -0.0435734 , 0.0639579 , -0.219282 , -0.0402825
7.67254 , 0.0664641 , -0.229788 , -0.053002 , 0.0666162 , -0.229177 , -0.0551872
7.70472 , 0.0629729 , -0.234797 , -0.0551074 , 0.0669458 , -0.233437 , -0.0657724
7.73904 , 0.0638848 , -0.236848 , -0.0652885 , 0.0657262 , -0.238482 , -0.0693499
7.77252 , 0.0642852 , -0.238189 , -0.0686197 , 0.0676997 , -0.232108 , -0.0616723
7.80312 , 0.0687795 , -0.224095 , -0.0603742 , 0.0649682 , -0.223681 , -0.0410184
7.83819 , 0.080553 , -0.217796 , -0.0332572 , 0.112847 , -0.219158 , -0.0212536
7.87186 , 0.13349 , -0.217628 , -0.0327846 , 0.227295 , -0.267572 , -0.0142095
7.90845 , 0.219115 , -0.23742 , -0.0703121 , 0.287538 , -0.331832 , 0.018173
7.94191 , 0.218216 , -0.277604 , -0.0151282 , 0.260488 , -0.359346 , 0.0104524
7.97289 , 0.200887 , -0.299753 , 0.000393982 , 0.243171 , -0.380444 , 0.00258122
8.00844 , 0.179389 , -0.297506 , 0.0123424 , 0.239578 , -0.394112 , 0.000584503
8.04027 , 0.166607 , -0.287574 , 0.0120194 , 0.239118 , -0.3845 , -0.000509641
8.07667 , 0.154252 , -0.278333 , 0.00640331 , 0.22646 , -0.355991 , -0.00990449
8.10729 , 0.141785 , -0.26922 , 0.00150251 , 0.206287 , -0.338588 , -0.0235094
8.14162 , 0.1303 , -0.26699 , -0.00330266 , 0.18953 , -0.332544 , -0.031847
8.17588 , 0.116828 , -0.264639 , -0.00527196 , 0.176065 , -0.328723 , -0.0352132
8.20973 , 0.106284 , -0.265569 , -0.00980168 , 0.164204 , -0.327045 , -0.0360831
8.24137 , 0.0937323 , -0.264317 , -0.0108519 , 0.152238 , -0.328381 , -0.0359609
8.27865 , 0.0824614 , -0.26868 , -0.0184108 , 0.14001 , -0.331387 , -0.0356061
8.31363 , 0.0718765 , -0.273327 , -0.0260926 , 0.12695 , -0.332465 , -0.0363841
8.34732 , 0.0626957 , -0.283965 , -0.0363915 , 0.115793 , -0.325786 , -0.0384972
8.38254 , 0.0555488 , -0.288271 , -0.0440059 , 0.106125 , -0.320116 , -0.0417778
8.4255 , 0.0424149 , -0.290016 , -0.0377221 , 0.0981233 , -0.309844 , -0.0435672
8.45914 , 0.0338663 , -0.291297 , -0.0388161 , 0.0945023 , -0.316711 , -0.0468869
8.49362 , 0.0210903 , -0.275411 , -0.0365496 , 0.0886612 , -0.303088 , -0.0469217
8.5242 , 0.0184136 , -0.289102 , -0.0480891 , 0.0852067 , -0.302562 , -0.0473527
8.55877 , 0.0107906 , -0.281951 , -0.0480813 , 0.081071 , -0.303183 , -0.0482737
8.59332 , 0.00501706 , -0.280956 , -0.0506776 , 0.0727573 , -0.290787 , -0.0460732
8.62682 , 0.000234208 , -0.278524 , -0.0509459 , 0.0661138 , -0.296816 , -0.04466
8.66156 , -0.00830328 , -0.273798 , -0.0454182 , 0.0614125 , -0.30211 , -0.0444925
8.69256 , -0.0155699 , -0.269714 , -0.0462768 , 0.0558387 , -0.301555 , -0.0435372
8.72734 , -0.0239825 , -0.267084 , -0.0441965 , 0.0496309 , -0.299485 , -0.0423274
8.76186 , -0.029209 , -0.267899 , -0.051598 , 0.0420504 , -0.294441 , -0.039923
8.7937 , -0.0349439 , -0.264098 , -0.0435351 , 0.034277 , -0.29031 , -0.0371925
8.82984 , -0.0427987 , -0.261198 , -0.0477253 , 0.0276339 , -0.288667 , -0.0351727
8.86348 , -0.0467857 , -0.260198 , -0.0512474 , 0.0213203 , -0.287866 , -0.0334837
8.89449 , -0.053473 , -0.260431 , -0.0502945 , 0.0149681 , -0.285368 , -0.0312343
8.92974 , -0.0593487 , -0.254908 , -0.0460902 , 0.00778052 , -0.286974 , -0.028789
8.96035 , -0.0672389 , -0.257326 , -0.0419378 , 0.00043368 , -0.286583 , -0.0272361
8.99804 , -0.0722782 , -0.254326 , -0.0446331 , -0.00742011 , -0.280961 , -0.0263154
9.02885 , -0.076886 , -0.253183 , -0.0436015 , -0.0157311 , -0.278548 , -0.0254849
9.06312 , -0.0807724 , -0.250063 , -0.0476542 , -0.0239639 , -0.275874 , -0.0243302
9.09594 , -0.0865037 , -0.246142 , -0.0421087 , -0.0332604 , -0.273675 , -0.0218181
9.13226 , -0.0950481 , -0.248356 , -0.0345416 , -0.0434445 , -0.269629 , -0.0190452
9.16561 , -0.102958 , -0.245837 , -0.0307803 , -0.0544804 , -0.267927 , -0.015758
9.20299 , -0.110427 , -0.243912 , -0.0276615 , -0.0660641 , -0.266668 , -0.0120594
9.23336 , -0.116199 , -0.239261 , -0.0206855 , -0.0786498 , -0.262093 , -0.00796231
9.26353 , -0.117079 , -0.23669 , -0.0225832 , -0.0921393 , -0.254768 , -0.00315739
9.30005 , -0.123493 , -0.22713 , -0.0151935 , -0.105834 , -0.245592 , 0.00243677
9.33204 , -0.134191 , -0.212824 , 0.00779687 , -0.12769 , -0.217724 , 0.0136729
9.36755 , -0.138148 , -0.19918 , 0.0224516 , -0.151784 , -0.184339 , 0.0256418
9.40489 , -0.135825 , -0.185149 , 0.0345211 , -0.168271 , -0.166623 , 0.0359797
9.45212 , -0.12846 , -0.172376 , 0.0455334 , -0.182171 , -0.151407 , 0.0482096
9.48764 , -0.111708 , -0.163908 , 0.0466491 , -0.195367 , -0.138118 , 0.0587386
9.51917 , -0.0952685 , -0.149637 , 0.0594753 , -0.210044 , -0.128017 , 0.0685019
9.55307 , -0.0795558 , -0.137544 , 0.0780597 , -0.223565 , -0.120406 , 0.0772465
9.58582 , -0.0566878 , -0.132817 , 0.0807646 , -0.231743 , -0.118266 , 0.082897
9.61714 , -0.0225594 , -0.129066 , 0.0791985 , -0.230881 , -0.118042 , 0.0854863
9.65414 , 0.00998216 , -0.126539 , 0.0829924 , -0.223872 , -0.116195 , 0.085174
9.68795 , 0.0511071 , -0.118479 , 0.0780891 , -0.208767 , -0.102152 , 0.0835603
9.72009 , 0.102735 , -0.0993262 , 0.0719973 , -0.190013 , -0.0851574 , 0.0802525
9.75516 , 0.146249 , -0.0786987 , 0.0598039 , -0.165273 , -0.0577382 , 0.0764809
9.79075 , 0.175797 , -0.0582939 , 0.061653 , -0.138848 , -0.0443019 , 0.0741848
9.82527 , 0.174534 , -0.0518869 , 0.0777937 , -0.0627439 , -0.0552166 , 0.0828597
9.8734 , 0.146648 , -0.0624981 , 0.0808899 , 0.04193 , -0.0685255 , 0.0818777
9.90847 , 0.108746 , -0.0769256 , 0.0759222 , 0.0697045 , -0.0783559 , 0.0823562
9.94225 , 0.0836624 , -0.0774391 , 0.0756528 , 0.0702216 , -0.0857936 , 0.075495
9.98586 , 0.0691669 , -0.0860058 , 0.0689383 , 0.0649012 , -0.0922101 , 0.062247
10.0195 , 0.0567335 , -0.0991854 , 0.0566507 , 0.0518162 , -0.104923 , 0.053601
10.0543 , 0.0413233 , -0.102933 , 0.0469579 , 0.0361473 , -0.110427 , 0.0508973
10.0876 , 0.0243415 , -0.110915 , 0.0506982 , 0.0177947 , -0.116638 , 0.0410108
10.1182 , 0.00806808 , -0.115484 , 0.0381545 , 0.00897054 , -0.120976 , 0.0322527
10.1538 , -0.00297845 , -0.108038 , 0.0422509 , -0.00654304 , -0.122109 , 0.0366697
10.1874 , -0.0140697 , -0.115033 , 0.0419999 , -0.0162473 , -0.116477 , 0.0446166
10.2217 , -0.020597 , -0.113476 , 0.056825 , -0.0209947 , -0.117394 , 0.0530274
10.2525 , -0.0240173 , -0.117952 , 0.0611199 , -0.0163428 , -0.123379 , 0.0457629
10.2879 , -0.0306781 , -0.119726 , 0.0755321 , -0.0246158 , -0.129487 , 0.0648161
10.3216 , -0.0295023 , -0.134623 , 0.0636874 , -0.0207778 , -0.134304 , 0.0650366
10.353 , -0.00972657 , -0.143404 , 0.0441517 , -0.00711424 , -0.144241 , 0.0441884
10.3897 , -0.00866826 , -0.14924 , 0.0604039 , 0.0109088 , -0.14865 , 0.0299695
10.4263 , 0.0163666 , -0.1506 , 0.0308606 , 0.00627053 , -0.146013 , 0.0616893
10.4562 , 0.0128587 , -0.150675 , 0.0506232 , 0.0166557 , -0.151719 , 0.0488308
10.4895 , 0.0266757 , -0.153989 , 0.0325334 , 0.0248977 , -0.155808 , 0.0361343
10.5229 , 0.0333076 , -0.158461 , 0.0213094 , 0.0371371 , -0.160762 , 0.0141805
10.5573 , 0.0579846 , -0.16488 , -0.0142034 , 0.0444931 , -0.164022 , 0.0130015
10.5941 , 0.0723263 , -0.172847 , -0.0243455 , 0.0683103 , -0.171683 , -0.017616
10.6248 , 0.0830511 , -0.17984 , -0.0365388 , 0.0793471 , -0.179545 , -0.0407321
10.657 , 0.077649 , -0.183198 , -0.0361938 , 0.0853313 , -0.186813 , -0.0598699
10.6909 , 0.083567 , -0.190977 , -0.0574771 , 0.068421 , -0.190686 , -0.0322788
10.7251 , 0.0707316 , -0.195453 , -0.040046 , 0.0834246 , -0.195974 , -0.0693948
10.7623 , 0.0842405 , -0.199173 , -0.0725404 , 0.0839297 , -0.202242 , -0.0766357
10.7956 , 0.0829693 , -0.203793 , -0.0799313 , 0.0819437 , -0.205305 , -0.0894606
10.8326 , 0.0817445 , -0.205396 , -0.0855033 , 0.0832674 , -0.209003 , -0.0894863
10.8816 , 0.0876606 , -0.20781 , -0.0800876 , 0.0904076 , -0.203405 , -0.0778704
10.9291 , 0.099009 , -0.202509 , -0.0781673 , 0.121322 , -0.227528 , -0.0448674
10.9596 , 0.108083 , -0.199087 , -0.0442836 , 0.225017 , -0.257284 , -0.0160643
10.994 , 0.165881 , -0.198331 , -0.0669962 , 0.264843 , -0.26757 , 0.0105288
11.026 , 0.206103 , -0.214256 , -0.0546697 , 0.249579 , -0.282399 , 0.00894471
11.063 , 0.205123 , -0.247775 , -0.00831969 , 0.240696 , -0.300545 , 0.000747628
11.0976 , 0.196227 , -0.264219 , 0.0274944 , 0.230209 , -0.310212 , -0.00558073
11.1297 , 0.205068 , -0.261256 , -0.00862274 , 0.218995 , -0.311267 , -0.0127378
11.1614 , 0.200428 , -0.255409 , -0.0113089 , 0.20991 , -0.315946 , -0.020746
11.2019 , 0.197681 , -0.25907 , -0.0197028 , 0.201978 , -0.320362 , -0.0249234
11.2466 , 0.18559 , -0.259748 , -0.00105363 , 0.196461 , -0.321462 , -0.0316552
11.2784 , 0.177971 , -0.238711 , 0.0189006 , 0.190415 , -0.33662 , -0.0402908
11.3143 , 0.180799 , -0.29193 , -0.0230515 , 0.181763 , -0.294519 , -0.0397202
11.3487 , 0.178159 , -0.243581 , -0.00544329 , 0.177252 , -0.31669 , -0.0417835
11.3796 , 0.174987 , -0.256952 , -0.0300487 , 0.171554 , -0.317308 , -0.0473934
11.4141 , 0.156507 , -0.258751 , -0.0113234 , 0.1662 , -0.323551 , -0.0521979
11.4472 , 0.147008 , -0.26505 , -0.0197117 , 0.162803 , -0.348209 , -0.0623294
11.4807 , 0.134678 , -0.253807 , -0.0118227 , 0.160033 , -0.341001 , -0.0642195
11.5111 , 0.148662 , -0.278117 , -0.0391845 , 0.154923 , -0.321719 , -0.0559653
11.5468 , 0.139833 , -0.277207 , -0.0412989 , 0.147668 , -0.311011 , -0.0465476
11.5783 , 0.115235 , -0.282463 , -0.0198352 , 0.140883 , -0.298755 , -0.0415056
11.6147 , 0.121703 , -0.285824 , -0.0620554 , 0.135133 , -0.303944 , -0.0433735
11.6473 , 0.102255 , -0.293187 , -0.0446027 , 0.128516 , -0.310186 , -0.0464528
11.679 , 0.105159 , -0.293759 , -0.0593645 , 0.121401 , -0.316167 , -0.0482202
11.7159 , 0.0896119 , -0.289023 , -0.0346993 , 0.113945 , -0.321546 , -0.0499425
11.7501 , 0.0827859 , -0.290288 , -0.0338879 , 0.109076 , -0.320754 , -0.0523814
11.7846 , 0.0724118 , -0.291367 , -0.0237806 , 0.105248 , -0.318151 , -0.0527281
11.8153 , 0.075185 , -0.288181 , -0.0534887 , 0.102712 , -0.320716 , -0.0534453
11.8538 , 0.0856905 , -0.288728 , -0.0748206 , 0.0993346 , -0.317663 , -0.0512623
11.8875 , 0.0687799 , -0.286361 , -0.0517608 , 0.0953857 , -0.314465 , -0.0480397
11.9229 , 0.0636811 , -0.280205 , -0.0352597 , 0.0915986 , -0.308086 , -0.0450796
11.9721 , 0.0603257 , -0.276022 , -0.0361302 , 0.0883982 , -0.303933 , -0.0421453
12.0194 , 0.0736479 , -0.272787 , -0.0581556 , 0.0853796 , -0.304573 , -0.0385661
12.0537 , 0.0730052 , -0.274511 , -0.0614397 , 0.0820831 , -0.305925 , -0.0354463
12.0819 , 0.0723449 , -0.279404 , -0.0760235 , 0.0799616 , -0.308966 , -0.0354463
12.1172 , 0.0593296 , -0.281535 , -0.0556207 , 0.0778965 , -0.309643 , -0.0353353
12.1477 , 0.0581378 , -0.27945 , -0.0542539 , 0.0746838 , -0.308425 , -0.0327598
12.1864 , 0.0578871 , -0.278071 , -0.0569991 , 0.0700154 , -0.30464 , -0.0299427
12.2148 , 0.0529649 , -0.275892 , -0.054987 , 0.0646268 , -0.302495 , -0.0271912
12.2504 , 0.0483244 , -0.274472 , -0.0513151 , 0.0594343 , -0.298943 , -0.0234565
12.2857 , 0.0448711 , -0.271012 , -0.0479327 , 0.0533911 , -0.297668 , -0.020595
12.3191 , 0.0378287 , -0.271516 , -0.0450922 , 0.0463867 , -0.293449 , -0.0171813
12.35 , 0.0295452 , -0.264636 , -0.0372184 , 0.0376873 , -0.290332 , -0.0126105
12.3847 , 0.0208036 , -0.260026 , -0.0331758 , 0.0278037 , -0.282201 , -0.00817013
12.4182 , 0.00767005 , -0.256496 , -0.0219891 , 0.0181132 , -0.273312 , -0.00333846
12.453 , 0.0103476 , -0.248731 , -0.0346507 , 0.00922683 , -0.268281 , 0.000682862
12.4836 , -0.0109856 , -0.240336 , -0.00889969 , 7.29974e-05 , -0.26253 , 0.00509125
12.522 , -0.0193035 , -0.234747 , 0.00153312 , -0.00765699 , -0.255723 , 0.00829108
12.5582 , -0.025296 , -0.212223 , 0.011367 , -0.0153131 , -0.262732 , 0.0118918
12.5897 , -0.0278601 , -0.225877 , 0.0114926 , -0.0198762 , -0.254926 , 0.0198696
12.6235 , -0.0276945 , -0.222429 , 0.0150318 , -0.0249267 , -0.247993 , 0.0292728
12.6597 , -0.0274343 , -0.217383 , 0.0230319 , -0.028994 , -0.236874 , 0.0350153
12.6913 , -0.0253963 , -0.208501 , 0.0289988 , -0.0309738 , -0.229424 , 0.0381213
12.7236 , -0.020442 , -0.199077 , 0.0279999 , -0.03166 , -0.221519 , 0.0400091
12.7574 , -0.0175629 , -0.190271 , 0.0334124 , -0.0319857 , -0.212342 , 0.041981
12.7951 , -0.0156817 , -0.182576 , 0.0390029 , -0.0326126 , -0.203204 , 0.0448884
12.843 , -0.0124214 , -0.179595 , 0.039891 , -0.0333124 , -0.196494 , 0.0483212
12.8758 , -0.0128959 , -0.173986 , 0.0448778 , -0.0320754 , -0.173456 , 0.0514939
12.9071 , -0.0145389 , -0.15575 , 0.0514643 , -0.0330461 , -0.191003 , 0.0543711
12.9403 , -0.0174941 , -0.169251 , 0.0491295 , -0.0325359 , -0.188094 , 0.0561447
12.9735 , -0.0105751 , -0.168976 , 0.0328857 , -0.0317825 , -0.184771 , 0.057823
13.0073 , -0.0163217 , -0.164032 , 0.0405724 , -0.0313475 , -0.182889 , 0.0595267
13.0469 , -0.0283764 , -0.160059 , 0.0584879 , -0.0316699 , -0.18164 , 0.0624468
13.0929 , -0.0303488 , -0.161061 , 0.0628181 , -0.0314541 , -0.182431 , 0.0659434
13.1283 , -0.0246434 , -0.166134 , 0.0497745 , -0.0306939 , -0.184649 , 0.0673159
13.1653 , -0.0350415 , -0.163767 , 0.0712488 , -0.0300853 , -0.18569 , 0.0677821
13.2117 , -0.0229915 , -0.168411 , 0.0544961 , -0.0285772 , -0.184577 , 0.0677731
13.2479 , -0.0210075 , -0.166461 , 0.0562814 , -0.0273528 , -0.182836 , 0.0678739
13.2928 , -0.027923 , -0.160873 , 0.072694 , -0.0270209 , -0.182093 , 0.0694666
13.3247 , -0.0262093 , -0.159572 , 0.0718863 , -0.0263079 , -0.180495 , 0.0719391
13.3601 , -0.0159459 , -0.159949 , 0.0540828 , -0.0261372 , -0.179189 , 0.0729089
13.3917 , -0.0169233 , -0.158618 , 0.0549079 , -0.0271921 , -0.17692 , 0.0745257
13.4283 , -0.0271234 , -0.157483 , 0.0732984 , -0.027935 , -0.178016 , 0.0752504
13.4592 , -0.0283168 , -0.157113 , 0.0763106 , -0.0288798 , -0.178338 , 0.0756087
13.4926 , -0.0292615 , -0.156494 , 0.0788241 , -0.0294621 , -0.176882 , 0.0755798
13.5261 , -0.0287074 , -0.155371 , 0.0768219 , -0.029597 , -0.176819 , 0.075592
13.5595 , -0.0196259 , -0.157157 , 0.0600378 , -0.0302104 , -0.176264 , 0.0768214
13.5961 , -0.0189257 , -0.160035 , 0.0592246 , -0.0301599 , -0.176511 , 0.0762158
13.6271 , -0.0295078 , -0.158324 , 0.0780028 , -0.0293438 , -0.177372 , 0.0750696
13.6602 , -0.0293124 , -0.157483 , 0.0784766 , -0.0293704 , -0.177726 , 0.0745233
13.6958 , -0.0280756 , -0.158802 , 0.0757548 , -0.029997 , -0.176968 , 0.0745609
13.7273 , -0.0286753 , -0.157126 , 0.0755702 , -0.0311979 , -0.176599 , 0.0749959
13.7639 , -0.0301447 , -0.157058 , 0.0762093 , -0.0318716 , -0.178365 , 0.0753408
13.7947 , -0.0311101 , -0.157919 , 0.0776065 , -0.0321541 , -0.177719 , 0.0754005
13.828 , -0.0315149 , -0.15787 , 0.0780439 , -0.0325445 , -0.177667 , 0.075499
13.8634 , -0.0311543 , -0.158776 , 0.0791487 , -0.0330313 , -0.177533 , 0.0751667
13.8954 , -0.0307314 , -0.159844 , 0.077951 , -0.0331072 , -0.17722 , 0.074533
13.9316 , -0.0310619 , -0.158781 , 0.0777362 , -0.0336845 , -0.176455 , 0.0742722
13.9626 , -0.0321474 , -0.158773 , 0.0773846 , -0.0348658 , -0.175907 , 0.0743774
13.9958 , -0.0232625 , -0.163191 , 0.0593761 , -0.03512 , -0.178068 , 0.0736664
14.0313 , -0.0343244 , -0.160113 , 0.0782993 , -0.0359159 , -0.178291 , 0.0736336
14.0658 , -0.0342214 , -0.159378 , 0.080498 , -0.0365999 , -0.17846 , 0.0739511
14.097 , -0.0343299 , -0.159115 , 0.0801904 , -0.036775 , -0.177014 , 0.0738469
14.1302 , -0.035369 , -0.159597 , 0.0796703 , -0.0380588 , -0.175944 , 0.073576
14.1652 , -0.0359175 , -0.159631 , 0.07879 , -0.0387395 , -0.175472 , 0.0732722
14.1986 , -0.0372872 , -0.158806 , 0.078965 , -0.0384788 , -0.175374 , 0.0732069
14.2353 , -0.0385359 , -0.158635 , 0.0805065 , -0.0379585 , -0.175429 , 0.0732462
14.2686 , -0.0396185 , -0.158203 , 0.0817627 , -0.0378396 , -0.17413 , 0.0735243
14.301 , -0.0395369 , -0.156971 , 0.0896944 , -0.0383631 , -0.175666 , 0.0731581
14.3337 , -0.0416434 , -0.159382 , 0.0821358 , -0.0392803 , -0.176246 , 0.0721857
14.3662 , -0.0423584 , -0.159241 , 0.0813147 , -0.0398415 , -0.176448 , 0.0715049
14.4025 , -0.0422878 , -0.157395 , 0.0797196 , -0.039931 , -0.175433 , 0.0709853
14.4371 , -0.0422878 , -0.157395 , 0.0797196 , -0.0404828 , -0.17325 , 0.0709653
14.4756 , -0.043394 , -0.155599 , 0.0822467 , -0.0410515 , -0.174547 , 0.0711832
14.52 , -0.0454331 , -0.158244 , 0.0833718 , -0.0412263 , -0.175634 , 0.0709113
14.5517 , -0.0461787 , -0.160494 , 0.0826536 , -0.0418265 , -0.177374 , 0.0700463
14.5855 , -0.0462202 , -0.158277 , 0.0816493 , -0.041778 , -0.176785 , 0.0691055
14.6246 , -0.0463705 , -0.1586 , 0.0794292 , -0.0413881 , -0.17655 , 0.0683245
14.6738 , -0.0472446 , -0.160346 , 0.0803955 , -0.042002 , -0.177366 , 0.0677123
14.7234 , -0.0480379 , -0.161423 , 0.0808929 , -0.0429879 , -0.178425 , 0.067169
14.7721 , -0.0481556 , -0.16141 , 0.080809 , -0.0437301 , -0.18062 , 0.0666023
14.8111 , -0.0456713 , -0.157478 , 0.0904204 , -0.0435583 , -0.178255 , 0.0665823
14.8603 , -0.0459112 , -0.158708 , 0.0901569 , -0.0440825 , -0.183884 , 0.0659206
14.9045 , -0.0491574 , -0.166099 , 0.0770999 , -0.0442597 , -0.184176 , 0.0651198
14.9385 , -0.048892 , -0.165973 , 0.0759798 , -0.043773 , -0.184474 , 0.0649152
14.9697 , -0.0491771 , -0.166261 , 0.0766617 , -0.0435374 , -0.184321 , 0.0647838
15.0024 , -0.0491073 , -0.16575 , 0.0771204 , -0.043518 , -0.184182 , 0.0644602
15.0359 , -0.0477363 , -0.165485 , 0.0761775 , -0.0434089 , -0.184106 , 0.0639435
15.0723 , -0.0481719 , -0.164129 , 0.077617 , -0.0430968 , -0.182947 , 0.0630896
15.1101 , -0.0483411 , -0.164955 , 0.0749503 , -0.0427263 , -0.185241 , 0.0621271
15.1562 , -0.0492055 , -0.165918 , 0.0751343 , -0.0426315 , -0.184661 , 0.0616702
15.1875 , -0.0495449 , -0.165215 , 0.0745229 , -0.043302 , -0.184054 , 0.0617495
15.2226 , -0.0495439 , -0.16509 , 0.0757546 , -0.0432234 , -0.183361 , 0.0618557
15.2543 , -0.0486055 , -0.164123 , 0.0750258 , -0.0422172 , -0.183052 , 0.0617299
15.2897 , -0.0476036 , -0.158885 , 0.0863569 , -0.0423161 , -0.18025 , 0.0618052
15.321 , -0.0500829 , -0.163876 , 0.0759007 , -0.0427343 , -0.181698 , 0.0612569
15.3555 , -0.0492761 , -0.163852 , 0.0747044 , -0.0429719 , -0.182209 , 0.0605398
15.389 , -0.0497284 , -0.163241 , 0.0753443 , -0.0426895 , -0.182097 , 0.0599566
15.4239 , -0.0391307 , -0.168455 , 0.0547113 , -0.0424406 , -0.182111 , 0.060255
15.4553 , -0.049512 , -0.164366 , 0.0754236 , -0.0424508 , -0.18134 , 0.0600645
15.4906 , -0.049139 , -0.162545 , 0.0755328 , -0.0427566 , -0.180694 , 0.0594561
15.5256 , -0.048877 , -0.160766 , 0.0756746 , -0.0429344 , -0.180739 , 0.0592103
15.5569 , -0.0490362 , -0.160748 , 0.0752896 , -0.0426755 , -0.18168 , 0.0591303
15.5915 , -0.0495994 , -0.162499 , 0.0748315 , -0.0422569 , -0.181404 , 0.0591001
15.6269 , -0.0390835 , -0.165512 , 0.0551477 , -0.0417467 , -0.182232 , 0.0582682
15.6608 , -0.0491508 , -0.163425 , 0.0741286 , -0.0415052 , -0.182019 , 0.057795
15.692 , -0.0494878 , -0.161991 , 0.0752908 , -0.0421028 , -0.180762 , 0.0579952
15.7308 , -0.0510546 , -0.162042 , 0.0769129 , -0.0420534 , -0.176965 , 0.0587398
15.7751 , -0.0477605 , -0.155649 , 0.0881769 , -0.0423921 , -0.178006 , 0.0582744
15.8076 , -0.0502109 , -0.158371 , 0.0765999 , -0.0427975 , -0.17766 , 0.0577695
15.8411 , -0.0506614 , -0.16094 , 0.0763459 , -0.0433909 , -0.181972 , 0.0577076
15.8776 , -0.0505611 , -0.161373 , 0.07632 , -0.0435063 , -0.180938 , 0.0580586
15.9116 , -0.0503083 , -0.161208 , 0.0757978 , -0.043035 , -0.180509 , 0.0582872
15.9427 , -0.0501195 , -0.161156 , 0.075724 , -0.0426782 , -0.179386 , 0.0581769
15.9753 , -0.0503941 , -0.159619 , 0.0766681 , -0.0430472 , -0.180898 , 0.0579755
16.0088 , -0.0519228 , -0.161823 , 0.0770318 , -0.0428126 , -0.177737 , 0.0578466
16.0455 , -0.0517252 , -0.16112 , 0.0770646 , -0.0424202 , -0.179228 , 0.0580412
16.0796 , -0.0510631 , -0.161385 , 0.0752708 , -0.0413158 , -0.182424 , 0.0568235
16.1117 , -0.041783 , -0.165119 , 0.0578185 , -0.0415341 , -0.178656 , 0.0575352
16.1432 , -0.0513361 , -0.16038 , 0.0762985 , -0.0420128 , -0.177858 , 0.0584985
16.1767 , -0.0529124 , -0.161858 , 0.0766209 , -0.0416791 , -0.173592 , 0.0592767
16.2132 , -0.051063 , -0.15752 , 0.089185 , -0.041479 , -0.178012 , 0.0578603
16.2445 , -0.0437204 , -0.163004 , 0.061381 , -0.0416932 , -0.176992 , 0.0574634
16.2774 , -0.0532059 , -0.160854 , 0.0769025 , -0.0415767 , -0.180852 , 0.0566823
16.3118 , -0.0527968 , -0.162044 , 0.0766807 , -0.0404872 , -0.182149 , 0.055116
16.3466 , -0.0425326 , -0.165471 , 0.0576793 , -0.0414126 , -0.180224 , 0.0567133
16.378 , -0.0537944 , -0.163427 , 0.0775373 , -0.0424399 , -0.174225 , 0.0592695
16.4144 , -0.0506797 , -0.156219 , 0.0896136 , -0.0432122 , -0.178671 , 0.058878
16.4585 , -0.0533003 , -0.159998 , 0.0787573 , -0.0431246 , -0.179037 , 0.057856
16.5073 , -0.0527807 , -0.161988 , 0.0771504 , -0.0429217 , -0.180231 , 0.0578854
16.557 , -0.042525 , -0.16592 , 0.0583413 , -0.0425388 , -0.182156 , 0.0573228
16.5995 , -0.0518637 , -0.16425 , 0.0742579 , -0.0424028 , -0.182382 , 0.0570692
16.636 , -0.0525798 , -0.163256 , 0.0756662 , -0.0426182 , -0.181775 , 0.0571781
16.6856 , -0.0525798 , -0.163256 , 0.0756662 , -0.0427856 , -0.181861 , 0.0573712
16.7372 , -0.0535376 , -0.163093 , 0.0772655 , -0.043074 , -0.181737 , 0.057552
16.7854 , -0.0431003 , -0.163655 , 0.060202 , -0.0434982 , -0.179732 , 0.0582801
16.8232 , -0.0526935 , -0.162047 , 0.0772365 , -0.0433135 , -0.180318 , 0.0583986
16.8659 , -0.053298 , -0.162741 , 0.0760339 , -0.0436244 , -0.181293 , 0.0577361
16.8995 , -0.053298 , -0.162741 , 0.0760339 , -0.0431809 , -0.180473 , 0.0571814
16.9329 , -0.0527762 , -0.161741 , 0.0756217 , -0.0426399 , -0.180742 , 0.0571359
16.9713 , -0.0532286 , -0.159102 , 0.0785284 , -0.0428305 , -0.179251 , 0.0573587
17.019 , -0.0537828 , -0.160042 , 0.0795007 , -0.0426552 , -0.182101 , 0.0570383
17.0555 , -0.0533863 , -0.160788 , 0.0769388 , -0.0415273 , -0.182221 , 0.056911
17.1013 , -0.0528322 , -0.161979 , 0.0756273 , -0.0413609 , -0.181767 , 0.0570088
17.1358 , -0.0526424 , -0.162327 , 0.0747687 , -0.0417107 , -0.181326 , 0.0569023
17.1669 , -0.052667 , -0.162101 , 0.0748442 , -0.0420518 , -0.177984 , 0.0570213
17.2003 , -0.0530193 , -0.159322 , 0.0762274 , -0.0424025 , -0.178022 , 0.0571208
17.2335 , -0.0530193 , -0.159322 , 0.0762274 , -0.0424838 , -0.178317 , 0.0570904
17.2691 , -0.0530193 , -0.159322 , 0.0762274 , -0.0422485 , -0.179178 , 0.0569632
17.304 , -0.0530249 , -0.160647 , 0.0755016 , -0.0417155 , -0.180192 , 0.0567739
17.3412 , -0.053178 , -0.161506 , 0.0754535 , -0.0418349 , -0.180116 , 0.0568474
17.3891 , -0.0532933 , -0.161199 , 0.0755736 , -0.041932 , -0.17965 , 0.0569111
17.4287 , -0.0531167 , -0.159836 , 0.0763558 , -0.0418576 , -0.17909 , 0.0568335
17.4714 , -0.0531167 , -0.159836 , 0.0763558 , -0.0419356 , -0.178972 , 0.0567186
17.5061 , -0.0531167 , -0.159836 , 0.0763558 , -0.0420591 , -0.179013 , 0.0566538
17.5428 , -0.0526107 , -0.16047 , 0.0750155 , -0.0422858 , -0.179331 , 0.0564304
17.5868 , -0.0522752 , -0.162167 , 0.0748147 , -0.0417364 , -0.180651 , 0.0561376
17.6193 , -0.0520869 , -0.160936 , 0.0735981 , -0.04142 , -0.182474 , 0.0558382
17.653 , -0.0532543 , -0.16285 , 0.074539 , -0.0413225 , -0.180065 , 0.0558554
17.6895 , -0.0523783 , -0.16038 , 0.0757788 , -0.0412943 , -0.179926 , 0.0561132
17.724 , -0.0523783 , -0.16038 , 0.0757788 , -0.0413019 , -0.17978 , 0.0562126
17.7551 , -0.0440178 , -0.161928 , 0.0615017 , -0.0419868 , -0.180628 , 0.0566364
17.7943 , -0.0517793 , -0.16143 , 0.073491 , -0.0418706 , -0.180737 , 0.0564595
17.8446 , -0.0520663 , -0.161049 , 0.0732445 , -0.0419106 , -0.180105 , 0.0558973
17.9101 , -0.0520663 , -0.161049 , 0.0732445 , -0.041652 , -0.179827 , 0.0553934
17.9431 , -0.0517375 , -0.158014 , 0.0757532 , -0.0414782 , -0.183832 , 0.055209
17.9783 , -0.0508027 , -0.159079 , 0.0837164 , -0.0415623 , -0.181244 , 0.0551597
18.0274 , -0.042457 , -0.163017 , 0.0595853 , -0.0422531 , -0.179751 , 0.0557525
