501

0.020882 , 0.0407876 , 0.0141335 , 0.00768432 , 0.0790681 , 0.0212102 , 0.0108175
0.054045 , 0.0410126 , 0.0139952 , 0.00756863 , 0.0779411 , 0.0284703 , 0.0197572
0.087796 , 0.0411742 , 0.0138745 , 0.00744009 , 0.0473153 , 0.0288037 , 0.0167798
0.124179 , 0.0409897 , 0.0134036 , 0.00703081 , 0.0298925 , 0.0182268 , 0.00456206
0.158721 , 0.0413249 , 0.013196 , 0.007207 , 0.0185398 , 0.0110719 , -0.00348633
0.192861 , 0.0415816 , 0.0131924 , 0.00764996 , 0.0170076 , 0.00968162 , -0.0103822
0.225502 , 0.0415816 , 0.0131924 , 0.00764996 , 0.0191924 , 0.0101132 , -0.0153277
0.257576 , 0.0414409 , 0.0133215 , 0.00790837 , 0.0234613 , 0.0114921 , -0.0167529
0.290589 , 0.0413951 , 0.0132981 , 0.00798545 , 0.0301568 , 0.0134426 , -0.0159431
0.323218 , 0.0413951 , 0.0132981 , 0.00798545 , 0.0379919 , 0.0158553 , -0.0131838
0.359751 , 0.0415094 , 0.0133403 , 0.00807607 , 0.0453988 , 0.0173842 , -0.0093309
0.3983 , 0.0413946 , 0.0133422 , 0.00838523 , 0.051951 , 0.0180157 , -0.00417671
0.444617 , 0.0413946 , 0.0133422 , 0.00838523 , 0.0563809 , 0.0177819 , 7.36603e-05
0.480799 , 0.0413946 , 0.0133422 , 0.00838523 , 0.0585387 , 0.0168607 , 0.00425916
0.5301 , 0.0413841 , 0.0133383 , 0.00864465 , 0.0586418 , 0.0156468 , 0.00836695
0.573246 , 0.0413841 , 0.0133383 , 0.00864465 , 0.0572906 , 0.0146124 , 0.0102088
0.613303 , 0.0409728 , 0.0132468 , 0.00864469 , 0.0556193 , 0.0139647 , 0.0115455
0.646676 , 0.0409728 , 0.0132468 , 0.00864469 , 0.0531567 , 0.0138392 , 0.0122036
0.681553 , 0.0410496 , 0.0131419 , 0.00902392 , 0.0504638 , 0.0139389 , 0.0131621
0.713328 , 0.0410496 , 0.0131419 , 0.00902392 , 0.0471984 , 0.0144338 , 0.0123644
0.750684 , 0.0409061 , 0.0133368 , 0.009121 , 0.0453237 , 0.0149644 , 0.0118442
0.795257 , 0.0406669 , 0.0132189 , 0.00900988 , 0.0432549 , 0.0153939 , 0.0112571
0.827005 , 0.0406669 , 0.0132189 , 0.00900988 , 0.0418981 , 0.015773 , 0.0111457
0.862966 , 0.0406123 , 0.0132212 , 0.00896338 , 0.0425004 , 0.0159698 , 0.0111113
0.898545 , 0.0402258 , 0.0135065 , 0.0094464 , 0.0435184 , 0.016196 , 0.0113154
0.936522 , 0.0401452 , 0.0135765 , 0.00979885 , 0.0439026 , 0.0161038 , 0.0116298
0.978675 , 0.0401401 , 0.0136289 , 0.00986233 , 0.0444442 , 0.0158182 , 0.012082
1.01109 , 0.0401557 , 0.0134178 , 0.00987304 , 0.0450375 , 0.0155089 , 0.0128702
1.04452 , 0.0397744 , 0.0136288 , 0.010205 , 0.0462014 , 0.0155264 , 0.0133825
1.08136 , 0.0396552 , 0.0133025 , 0.0105028 , 0.0472483 , 0.0152558 , 0.0139377
1.11248 , 0.0391112 , 0.0133558 , 0.0118971 , 0.0477377 , 0.0150764 , 0.0146854
1.14533 , 0.0392177 , 0.013476 , 0.012106 , 0.0479502 , 0.0145403 , 0.0151474
1.17887 , 0.0393662 , 0.0133699 , 0.0122161 , 0.0477608 , 0.0144416 , 0.0156056
1.2123 , 0.0394539 , 0.0131227 , 0.0122463 , 0.0482394 , 0.0145949 , 0.0158416
1.25194 , 0.0391163 , 0.0128097 , 0.0128413 , 0.0483268 , 0.0143411 , 0.0159873
1.28513 , 0.0394406 , 0.0128819 , 0.0129763 , 0.0476284 , 0.0145891 , 0.0162257
1.31885 , 0.0394909 , 0.0128252 , 0.0129753 , 0.0466794 , 0.0134212 , 0.0172502
1.35105 , 0.0392703 , 0.0121928 , 0.014008 , 0.0463361 , 0.0138159 , 0.0173017
1.38955 , 0.0395158 , 0.0125796 , 0.0139862 , 0.046747 , 0.0144828 , 0.0169931
1.4326 , 0.0395676 , 0.0127938 , 0.0136422 , 0.046406 , 0.0148333 , 0.0164291
1.46471 , 0.0394841 , 0.0128244 , 0.0132738 , 0.0453873 , 0.0150279 , 0.016152
1.50419 , 0.0398769 , 0.0125411 , 0.0127798 , 0.0456318 , 0.0150911 , 0.0153117
1.54988 , 0.0395679 , 0.0127696 , 0.012846 , 0.0455143 , 0.0150224 , 0.0151752
1.58424 , 0.0395471 , 0.0130157 , 0.0128653 , 0.0460335 , 0.0149733 , 0.0153528
1.61582 , 0.0392516 , 0.0127589 , 0.0134993 , 0.0455744 , 0.0146953 , 0.016065
1.65428 , 0.0394365 , 0.0125647 , 0.0135686 , 0.0458732 , 0.0143149 , 0.0161878
1.68633 , 0.0395108 , 0.0125888 , 0.0136903 , 0.0460527 , 0.0142672 , 0.0161344
1.71744 , 0.0391818 , 0.0126443 , 0.013828 , 0.0464462 , 0.0146255 , 0.0162127
1.74921 , 0.0394273 , 0.0125807 , 0.0136277 , 0.0462252 , 0.014499 , 0.0165709
1.78613 , 0.0396949 , 0.0123485 , 0.0138743 , 0.0465633 , 0.0145296 , 0.017857
1.82081 , 0.0397961 , 0.0122711 , 0.0152959 , 0.0471566 , 0.0141978 , 0.018141
1.85998 , 0.0398966 , 0.0122405 , 0.0152833 , 0.0470974 , 0.0146298 , 0.0173935
1.90423 , 0.0397586 , 0.0120528 , 0.0151555 , 0.0469507 , 0.0145665 , 0.0176974
1.93718 , 0.0398046 , 0.0120471 , 0.0150052 , 0.0470434 , 0.0147582 , 0.0177697
1.96874 , 0.0400662 , 0.0117863 , 0.0147991 , 0.0467959 , 0.0142182 , 0.0180729
2.00467 , 0.0399716 , 0.0119417 , 0.0151351 , 0.0467708 , 0.0141391 , 0.018115
2.03619 , 0.040007 , 0.0117021 , 0.0157233 , 0.0472266 , 0.0134963 , 0.0182492
2.07236 , 0.0400819 , 0.0118249 , 0.0160643 , 0.0471991 , 0.0133095 , 0.0183914
2.10488 , 0.0401083 , 0.0115329 , 0.0161737 , 0.0469732 , 0.0133824 , 0.0183953
2.13639 , 0.0398283 , 0.0107587 , 0.016087 , 0.0473686 , 0.0123581 , 0.0184969
2.17107 , 0.0400477 , 0.0110491 , 0.016956 , 0.0478808 , 0.0130348 , 0.018958
2.20886 , 0.0398488 , 0.0111199 , 0.0187982 , 0.0479111 , 0.0130721 , 0.0204211
2.26177 , 0.0400347 , 0.0101731 , 0.0195346 , 0.0471811 , 0.0128117 , 0.022459
2.31021 , 0.039913 , 0.010263 , 0.0202561 , 0.0474733 , 0.0129636 , 0.0233448
2.35699 , 0.040024 , 0.00986019 , 0.0206266 , 0.0475482 , 0.0126623 , 0.0237338
2.38951 , 0.0395707 , 0.00912186 , 0.0205609 , 0.0474618 , 0.0120668 , 0.0238215
2.42752 , 0.0391152 , 0.00904145 , 0.0220734 , 0.0470519 , 0.0114513 , 0.0248443
2.47498 , 0.0389892 , 0.0081678 , 0.0228854 , 0.0464602 , 0.0107592 , 0.0260468
2.50968 , 0.0385909 , 0.00797813 , 0.0244271 , 0.0457669 , 0.0106629 , 0.0270274
2.54435 , 0.0381687 , 0.00751079 , 0.0248144 , 0.0447936 , 0.0104482 , 0.0270503
2.59286 , 0.0371233 , 0.00702164 , 0.0246733 , 0.0450007 , 0.00916917 , 0.0268797
2.62801 , 0.037683 , 0.00686829 , 0.0249207 , 0.0437467 , 0.00864186 , 0.0277548
2.67492 , 0.0369558 , 0.00568384 , 0.0255251 , 0.0425561 , 0.00906905 , 0.0284094
2.70612 , 0.0363786 , 0.00552982 , 0.0261295 , 0.0424518 , 0.00777269 , 0.0279817
2.73899 , 0.0357768 , 0.00487874 , 0.0265472 , 0.0421046 , 0.0086506 , 0.0279649
2.77261 , 0.0358697 , 0.00445929 , 0.0268627 , 0.0404718 , 0.00942033 , 0.0285398
2.80904 , 0.0356295 , 0.00412576 , 0.0266241 , 0.0408041 , 0.00786741 , 0.0278305
2.84326 , 0.033739 , 0.00286756 , 0.0256558 , 0.0393715 , 0.0063635 , 0.0266332
2.87412 , 0.0354175 , 0.00248631 , 0.0267637 , 0.0397097 , 0.00714018 , 0.0258092
2.90701 , 0.0334233 , 0.00203241 , 0.0257953 , 0.0388255 , 0.00835081 , 0.0263067
2.94015 , 0.0332032 , 0.000777937 , 0.0249313 , 0.0397095 , 0.00776327 , 0.0255057
2.99259 , 0.0347177 , 0.000461323 , 0.0257259 , 0.0382024 , 0.00636711 , 0.0205365
3.02402 , 0.0346475 , -0.000765459 , 0.0239436 , 0.0377583 , 0.00518654 , 0.0185363
3.06053 , 0.0331312 , -0.00199864 , 0.0229717 , 0.0377621 , 0.00486996 , 0.0174824
3.09508 , 0.0314944 , -0.00408862 , 0.0225226 , 0.0371927 , 0.00616836 , 0.0144033
3.12628 , 0.0306452 , -0.00248726 , 0.0216828 , 0.0351278 , 0.00734594 , 0.00917249
3.15829 , 0.0301168 , -0.00468632 , 0.0187712 , 0.0320079 , 0.00907751 , 0.00443367
3.1919 , 0.0293917 , -0.00485005 , 0.0192512 , 0.0286399 , 0.010092 , -0.00101501
3.22836 , 0.0285546 , -0.00516998 , 0.0192331 , 0.0242176 , 0.012327 , -0.00537718
3.2777 , 0.0277241 , -0.00554508 , 0.0209697 , 0.0193626 , 0.0151554 , -0.00889941
3.30947 , 0.0305464 , -0.00505757 , 0.0211339 , 0.0121671 , 0.0154182 , -0.0125997
3.34585 , 0.0300372 , -0.00661774 , 0.0214281 , 0.00788499 , 0.0166275 , -0.016143
3.37547 , 0.0291546 , -0.00785771 , 0.0205111 , -0.00627199 , 0.022049 , -0.0242377
3.41039 , 0.0288738 , -0.00960348 , 0.0200476 , -0.0167126 , 0.022701 , -0.0268906
3.44394 , 0.0287162 , -0.0111093 , 0.0196639 , -0.0101377 , 0.0128591 , -0.0208528
3.47804 , 0.0279103 , -0.0108702 , 0.019019 , 0.00255174 , -0.0018028 , -0.00879281
3.51503 , 0.0278431 , -0.012865 , 0.0199087 , 0.0147957 , -0.0114603 , 0.00417571
3.54855 , 0.0262322 , -0.0127406 , 0.0194703 , 0.0251558 , -0.0172966 , 0.0169228
3.57841 , 0.0268855 , -0.0139096 , 0.0195548 , 0.0335003 , -0.0198716 , 0.0279576
3.60919 , 0.0272963 , -0.0155926 , 0.0199512 , 0.0409595 , -0.0202403 , 0.0386238
3.64547 , 0.0267148 , -0.0167611 , 0.0213972 , 0.0478246 , -0.0199709 , 0.0485685
3.6761 , 0.0260975 , -0.0170015 , 0.021897 , 0.05277 , -0.0191583 , 0.053234
3.71089 , 0.0255358 , -0.0186738 , 0.0218877 , 0.056191 , -0.0167107 , 0.0546718
3.74329 , 0.0257007 , -0.0200758 , 0.0225805 , 0.0587746 , -0.015947 , 0.0535959
3.78275 , 0.0269834 , -0.0206492 , 0.0257042 , 0.0588267 , -0.0156528 , 0.0526301
3.81196 , 0.0258271 , -0.022641 , 0.0269228 , 0.0588752 , -0.0176504 , 0.0521942
3.84633 , 0.0257108 , -0.0242068 , 0.0300303 , 0.0557872 , -0.0210569 , 0.0510285
3.87998 , 0.0269182 , -0.0261011 , 0.03172 , 0.0535821 , -0.0244536 , 0.0479392
3.91437 , 0.0273887 , -0.0269411 , 0.0351123 , 0.0498019 , -0.0281504 , 0.0446882
3.9481 , 0.0257266 , -0.0282256 , 0.0361594 , 0.047037 , -0.032466 , 0.0417476
3.97967 , 0.026799 , -0.0297144 , 0.0391517 , 0.0419591 , -0.0337253 , 0.0403645
4.01516 , 0.0262697 , -0.0304876 , 0.0402391 , 0.036787 , -0.0352217 , 0.0393997
4.05178 , 0.0258791 , -0.0324966 , 0.0413389 , 0.0328279 , -0.0351808 , 0.0397967
4.08235 , 0.0246913 , -0.0325089 , 0.0436306 , 0.0290744 , -0.0370317 , 0.0392976
4.12096 , 0.023991 , -0.0339889 , 0.0461121 , 0.0248815 , -0.0404787 , 0.0373769
4.16639 , 0.0226204 , -0.0352142 , 0.0491359 , 0.0210015 , -0.0413782 , 0.036052
4.20721 , 0.0231919 , -0.0360598 , 0.0513355 , 0.0270272 , -0.0502647 , 0.0390269
4.25672 , 0.0231496 , -0.0364898 , 0.0561735 , 0.0404998 , -0.0633661 , 0.0404796
4.30654 , 0.022307 , -0.0393197 , 0.0583415 , 0.0347461 , -0.0644171 , 0.040588
4.35656 , 0.0208004 , -0.0381627 , 0.0583638 , 0.0314992 , -0.0653964 , 0.0468551
4.40622 , 0.0201239 , -0.0379734 , 0.0599985 , 0.0329731 , -0.0637193 , 0.0566538
4.45319 , 0.0181544 , -0.0347349 , 0.0603737 , 0.0350969 , -0.0591881 , 0.065061
4.4913 , 0.0175918 , -0.0325021 , 0.0642922 , 0.0306257 , -0.0544469 , 0.0735828
4.53889 , 0.0187787 , -0.0299647 , 0.0678327 , 0.0235668 , -0.0521882 , 0.082816
4.57005 , 0.0225855 , -0.0295324 , 0.073432 , 0.0156777 , -0.0523793 , 0.0928646
4.60088 , 0.0207671 , -0.0281829 , 0.0754254 , 0.00852345 , -0.0532713 , 0.102139
4.639 , 0.0216112 , -0.0277657 , 0.0759863 , 0.000968503 , -0.0547939 , 0.110378
4.67786 , 0.0208257 , -0.027344 , 0.0741318 , -0.00696899 , -0.0555871 , 0.11445
4.72558 , 0.0207801 , -0.0251347 , 0.0705404 , -0.012814 , -0.0558078 , 0.112005
4.77461 , 0.0215551 , -0.0224155 , 0.0646461 , -0.0149102 , -0.0551125 , 0.106251
4.82752 , 0.0213236 , -0.0188457 , 0.0577234 , -0.0128188 , -0.0534618 , 0.0963305
4.8752 , 0.0231364 , -0.0173006 , 0.0515812 , -0.00724568 , -0.0512764 , 0.0843367
4.91256 , 0.0253911 , -0.013781 , 0.0466142 , -0.000957009 , -0.0494126 , 0.0704348
4.96114 , 0.0269339 , -0.0112881 , 0.0408879 , -0.00200923 , -0.045448 , 0.0589229
5.01043 , 0.0295189 , -0.00759762 , 0.0356474 , 0.00481744 , -0.0290824 , 0.0390788
5.05992 , 0.031273 , -0.0022422 , 0.0306086 , 0.0229083 , -0.00817636 , 0.0193394
5.09525 , 0.0313195 , 0.000905586 , 0.0265472 , 0.0403267 , 0.0114366 , 0.00774952
5.14229 , 0.0330752 , 0.00724119 , 0.022995 , 0.050349 , 0.0237969 , 0.00198022
5.17384 , 0.0351979 , 0.0130029 , 0.0215055 , 0.0546042 , 0.0309948 , -0.000722647
5.20865 , 0.0362597 , 0.0175326 , 0.0190637 , 0.0557147 , 0.0353035 , -0.00219079
5.23753 , 0.0369001 , 0.0217297 , 0.0163987 , 0.0547795 , 0.0365871 , -0.0040248
5.27293 , 0.0375587 , 0.0279126 , 0.0141679 , 0.0531656 , 0.0350033 , -0.00594887
5.30354 , 0.0383521 , 0.0309102 , 0.0123862 , 0.0517691 , 0.0327977 , -0.00741025
5.33866 , 0.0395343 , 0.0331622 , 0.0114494 , 0.0511378 , 0.0320559 , -0.00737921
5.37675 , 0.040229 , 0.0346545 , 0.0117689 , 0.050781 , 0.0324395 , -0.00653857
5.41556 , 0.0404479 , 0.0366372 , 0.0122369 , 0.051033 , 0.0341426 , -0.00475992
5.46293 , 0.0406917 , 0.0384167 , 0.0130455 , 0.0518741 , 0.0379155 , -0.00172974
5.50963 , 0.0405128 , 0.0402898 , 0.0134716 , 0.0532808 , 0.0417802 , 0.00176352
5.54425 , 0.0410932 , 0.0412756 , 0.0151985 , 0.0553288 , 0.0445818 , 0.00600784
5.57239 , 0.0416183 , 0.0429056 , 0.0161497 , 0.0557464 , 0.0478778 , 0.0105735
5.60526 , 0.041635 , 0.0435512 , 0.0168285 , 0.0545142 , 0.0493447 , 0.0148679
5.6406 , 0.0425929 , 0.0447933 , 0.0175012 , 0.053288 , 0.0495262 , 0.0186526
5.67425 , 0.0430898 , 0.0455987 , 0.0184451 , 0.0525626 , 0.0491293 , 0.0224616
5.70868 , 0.0438237 , 0.0470562 , 0.0189648 , 0.0520032 , 0.0497293 , 0.0264194
5.73938 , 0.0440903 , 0.0482286 , 0.0191041 , 0.0518158 , 0.0498795 , 0.0289209
5.77393 , 0.0445749 , 0.0489401 , 0.0190182 , 0.0539532 , 0.0500258 , 0.0287605
5.81348 , 0.0460159 , 0.0500486 , 0.0168204 , 0.0540064 , 0.0530729 , 0.0276329
5.84773 , 0.0464502 , 0.0516718 , 0.0160708 , 0.0546417 , 0.0532268 , 0.0272385
5.88156 , 0.0471307 , 0.0537869 , 0.0146447 , 0.0561672 , 0.0560558 , 0.0260205
5.91005 , 0.0473017 , 0.0543116 , 0.013077 , 0.0581582 , 0.0575919 , 0.0230964
5.943 , 0.0484404 , 0.0552784 , 0.0112492 , 0.0605242 , 0.0586246 , 0.0202332
5.97976 , 0.0492717 , 0.0557782 , 0.00882017 , 0.0631918 , 0.0584487 , 0.0164402
6.013 , 0.0496065 , 0.0573227 , 0.00683785 , 0.0656323 , 0.0586829 , 0.0120781
6.0475 , 0.049288 , 0.0585763 , 0.00437063 , 0.0669279 , 0.0605665 , 0.00806079
6.07745 , 0.0491131 , 0.0589124 , 0.0020597 , 0.0684694 , 0.0623069 , 0.0036026
6.11064 , 0.0487559 , 0.0589733 , -0.00103051 , 0.0840858 , 0.0753784 , -0.000815148
6.14701 , 0.0477518 , 0.0590678 , -0.00326329 , 0.120605 , 0.108319 , 0.00703478
6.1825 , 0.0481216 , 0.0588843 , -0.00820994 , 0.0964955 , 0.0947324 , 0.00216222
6.21737 , 0.04619 , 0.0590063 , -0.0103858 , 0.066424 , 0.0823467 , -0.00844249
6.25078 , 0.0480271 , 0.0590575 , -0.0156498 , 0.0446769 , 0.0808292 , -0.019209
6.28472 , 0.0481609 , 0.0590134 , -0.0197684 , 0.027732 , 0.0806476 , -0.0294553
6.33163 , 0.0462677 , 0.0580055 , -0.0219364 , 0.0122146 , 0.082288 , -0.0406217
6.37338 , 0.0456369 , 0.0560192 , -0.0252252 , -0.00124147 , 0.0838728 , -0.0510239
6.41487 , 0.0436279 , 0.0527371 , -0.0280393 , -0.0128365 , 0.0901099 , -0.0602232
6.44848 , 0.0418679 , 0.0526835 , -0.033563 , -0.022103 , 0.0939235 , -0.0725073
6.48106 , 0.0380169 , 0.0472088 , -0.0405152 , -0.0277299 , 0.0980289 , -0.0824479
6.51779 , 0.0353492 , 0.045413 , -0.0439133 , -0.0280735 , 0.0978804 , -0.0881388
6.55285 , 0.0328452 , 0.0438278 , -0.0431274 , -0.0247632 , 0.0949566 , -0.087185
6.58417 , 0.0313772 , 0.0429217 , -0.0399551 , -0.0170136 , 0.0884826 , -0.0801896
6.61561 , 0.0297848 , 0.0400228 , -0.036733 , -0.0139557 , 0.0843258 , -0.0770636
6.64846 , 0.0295966 , 0.0378253 , -0.0335488 , -0.00601751 , 0.0701942 , -0.0650811
6.68923 , 0.0294866 , 0.0356243 , -0.0289518 , 0.0123369 , 0.0463946 , -0.0435015
6.73308 , 0.0310847 , 0.0328972 , -0.0271755 , 0.03276 , 0.0252287 , -0.0245697
6.76676 , 0.0330812 , 0.0297811 , -0.0267427 , 0.044929 , 0.0127268 , -0.0113254
6.79678 , 0.0341656 , 0.0237538 , -0.0258138 , 0.0508051 , 0.00635794 , -0.00176573
6.83136 , 0.0334794 , 0.0233771 , -0.0264688 , 0.0545139 , 0.00058627 , 0.000951327
6.86562 , 0.0340596 , 0.0164598 , -0.0288713 , 0.0508065 , 0.00506067 , 0.00392587
6.89933 , 0.0314032 , 0.0139872 , -0.029025 , 0.0474741 , 0.00906563 , 0.00724555
6.93383 , 0.0315236 , 0.0103973 , -0.0280278 , 0.0451727 , 0.0109791 , 0.00907908
6.96781 , 0.0336421 , 0.00621793 , -0.0259613 , 0.0423265 , 0.0119409 , 0.00990807
7.00093 , 0.0325902 , 0.00172242 , -0.0237825 , 0.0413324 , 0.012216 , 0.0133774
7.03198 , 0.0329866 , -0.00136767 , -0.0188905 , 0.0392795 , 0.00548613 , 0.0131483
7.067 , 0.0327586 , -0.00757338 , -0.0166153 , 0.0384551 , -0.00244887 , 0.0119974
7.10139 , 0.0336117 , -0.0129593 , -0.0134577 , 0.0374133 , -0.00937727 , 0.0105401
7.13205 , 0.0341922 , -0.0171776 , -0.00915744 , 0.0365512 , -0.0156578 , 0.0087864
7.17037 , 0.0351484 , -0.0209298 , -0.00605014 , 0.03611 , -0.0197903 , 0.00712525
7.20355 , 0.0362742 , -0.0239377 , -0.00282601 , 0.0359814 , -0.0233025 , 0.00565183
7.23277 , 0.0369772 , -0.0277525 , -0.000478609 , 0.0361195 , -0.0267541 , 0.00498846
7.27087 , 0.037492 , -0.0312475 , 0.00218783 , 0.0337267 , -0.0300979 , 0.00307818
7.30137 , 0.037649 , -0.0341237 , 0.0039672 , 0.032719 , -0.0334117 , 0.00150104
7.33335 , 0.0388607 , -0.0345796 , 0.00862703 , 0.0321979 , -0.0376475 , 0.000442042
7.36889 , 0.03846 , -0.0365642 , 0.012291 , 0.0318552 , -0.0385978 , 0.00018786
7.40895 , 0.039494 , -0.0389818 , 0.016708 , 0.033136 , -0.0418601 , 0.00216651
7.43722 , 0.0379652 , -0.0404993 , 0.019007 , 0.0351177 , -0.046192 , 0.00513476
7.46762 , 0.0363189 , -0.0427836 , 0.0208909 , 0.0381347 , -0.0493392 , 0.006966
7.50117 , 0.0368589 , -0.0447057 , 0.0228971 , 0.0398959 , -0.0519016 , 0.00957568
7.53456 , 0.0381941 , -0.0466272 , 0.0241594 , 0.0409457 , -0.0530549 , 0.0147403
7.57121 , 0.0351688 , -0.0478237 , 0.0259988 , 0.0470029 , -0.05235 , 0.0204295
7.60499 , 0.0351 , -0.0475444 , 0.0319476 , 0.0511033 , -0.0534734 , 0.0241654
7.63532 , 0.0358818 , -0.0477864 , 0.0353576 , 0.052884 , -0.0538924 , 0.0294771
7.67254 , 0.0363773 , -0.0494145 , 0.0378153 , 0.0539237 , -0.0544005 , 0.036346
7.70472 , 0.0352264 , -0.0503703 , 0.0398347 , 0.055853 , -0.0543626 , 0.0445173
7.73904 , 0.034169 , -0.0507985 , 0.0447177 , 0.0570939 , -0.0546325 , 0.052116
7.77252 , 0.033934 , -0.0506812 , 0.0492479 , 0.0561794 , -0.0555138 , 0.0579426
7.80312 , 0.0328916 , -0.0513471 , 0.05483 , 0.0569554 , -0.0557558 , 0.065461
7.83819 , 0.0320323 , -0.0514204 , 0.0594204 , 0.054833 , -0.0579314 , 0.0750067
7.87186 , 0.0331324 , -0.0528886 , 0.0623565 , 0.0616992 , -0.0732334 , 0.0842149
7.90845 , 0.0315726 , -0.0532256 , 0.0631988 , 0.0685858 , -0.0919612 , 0.0842876
7.94191 , 0.0301726 , -0.0510215 , 0.0656038 , 0.0522131 , -0.0848184 , 0.0918406
7.97289 , 0.0286255 , -0.0475512 , 0.0704791 , 0.0360957 , -0.0783587 , 0.109474
8.00844 , 0.0279489 , -0.0424548 , 0.0723593 , 0.0214166 , -0.0753153 , 0.121043
8.04027 , 0.027695 , -0.0386674 , 0.0731659 , 0.00467333 , -0.0674067 , 0.12853
8.07667 , 0.0270774 , -0.0345493 , 0.0747232 , -0.0128706 , -0.0566323 , 0.130068
8.10729 , 0.0275244 , -0.0329522 , 0.0762609 , -0.0223217 , -0.0480061 , 0.127161
8.14162 , 0.0281451 , -0.0304817 , 0.0754148 , -0.0233145 , -0.0450071 , 0.120048
8.17588 , 0.0292568 , -0.027381 , 0.0705457 , -0.0212008 , -0.0442347 , 0.110503
8.20973 , 0.0301688 , -0.0239736 , 0.0634506 , -0.0136504 , -0.0428269 , 0.0956763
8.24137 , 0.0320889 , -0.0201937 , 0.053721 , -0.00263583 , -0.0417514 , 0.0796501
8.27865 , 0.0346002 , -0.0176993 , 0.0462705 , 0.0105618 , -0.0403976 , 0.0630362
8.31363 , 0.0374287 , -0.0128991 , 0.0394272 , 0.0199843 , -0.0382402 , 0.0491151
8.34732 , 0.0388881 , -0.0103751 , 0.0365796 , 0.0367147 , -0.0228864 , 0.036408
8.38254 , 0.0401691 , -0.00734662 , 0.0348857 , 0.0553484 , -0.00399491 , 0.028778
8.4255 , 0.0427844 , -0.00624865 , 0.0351932 , 0.0676613 , 0.00917396 , 0.0257573
8.45914 , 0.0443001 , -0.00291965 , 0.0360218 , 0.072756 , 0.0171138 , 0.0257311
8.49362 , 0.0464697 , 0.00140503 , 0.035121 , 0.0733848 , 0.0241895 , 0.0286152
8.5242 , 0.0477006 , 0.00680167 , 0.0355938 , 0.070764 , 0.0285612 , 0.0322233
8.55877 , 0.049032 , 0.0120554 , 0.035917 , 0.0676422 , 0.0287496 , 0.0342876
8.59332 , 0.0502183 , 0.0159782 , 0.0365067 , 0.0635232 , 0.0276637 , 0.0343995
8.62682 , 0.050251 , 0.0196769 , 0.0354131 , 0.0597649 , 0.0266685 , 0.0323782
8.66156 , 0.0490938 , 0.022645 , 0.0337979 , 0.0589872 , 0.0241084 , 0.0314438
8.69256 , 0.0492312 , 0.0236067 , 0.0335281 , 0.0589295 , 0.0246921 , 0.032041
8.72734 , 0.0494488 , 0.0264137 , 0.0333911 , 0.0594789 , 0.0269721 , 0.0332273
8.76186 , 0.0492716 , 0.0277222 , 0.0331962 , 0.0614656 , 0.0305516 , 0.0334998
8.7937 , 0.04915 , 0.0300365 , 0.0335229 , 0.06543 , 0.0340862 , 0.0354718
8.82984 , 0.0470029 , 0.0325824 , 0.0333046 , 0.0673621 , 0.0354443 , 0.0375108
8.86348 , 0.0466155 , 0.0342349 , 0.0325007 , 0.0705856 , 0.0376283 , 0.0402251
8.89449 , 0.0467118 , 0.0364621 , 0.0314902 , 0.0725255 , 0.0395603 , 0.0433009
8.92974 , 0.0530816 , 0.0357325 , 0.0282844 , 0.0738066 , 0.0423299 , 0.0431758
8.96035 , 0.0483094 , 0.0407334 , 0.0279142 , 0.0732342 , 0.0438172 , 0.0445796
8.99804 , 0.0511391 , 0.041615 , 0.0241298 , 0.0717715 , 0.0475699 , 0.0435576
9.02885 , 0.0507457 , 0.0427203 , 0.0192007 , 0.0707041 , 0.0510157 , 0.0394844
9.06312 , 0.0509158 , 0.0458909 , 0.0142249 , 0.0684598 , 0.0524856 , 0.03518
9.09594 , 0.0509678 , 0.0478023 , 0.00955214 , 0.0676984 , 0.0540199 , 0.0309723
9.13226 , 0.0511707 , 0.0507767 , 0.00769374 , 0.0669014 , 0.0557091 , 0.026922
9.16561 , 0.0525858 , 0.0517599 , 0.00450424 , 0.0672533 , 0.0568394 , 0.0219181
9.20299 , 0.0498044 , 0.0531718 , 0.00359605 , 0.0694268 , 0.0575351 , 0.0168269
9.23336 , 0.0494886 , 0.0539577 , 0.00183581 , 0.0711299 , 0.0576438 , 0.0113574
9.26353 , 0.0493251 , 0.0541155 , 0.000245345 , 0.0722796 , 0.0576848 , 0.00704072
9.30005 , 0.0479254 , 0.054039 , -0.000275486 , 0.0727011 , 0.0570686 , 0.00325126
9.33204 , 0.0492017 , 0.0533996 , -0.00234933 , 0.090386 , 0.0724434 , 0.000101447
9.36755 , 0.0489439 , 0.0539274 , -0.00503375 , 0.116808 , 0.100134 , 0.0021015
9.40489 , 0.0484668 , 0.0541462 , -0.00607106 , 0.103611 , 0.110237 , 0.00597907
9.45212 , 0.0479759 , 0.0541753 , -0.00751557 , 0.0867893 , 0.115077 , 0.000250103
9.48764 , 0.0477319 , 0.0535433 , -0.0127844 , 0.0714741 , 0.116545 , -0.0113345
9.51917 , 0.0469674 , 0.0526944 , -0.0160132 , 0.0561363 , 0.114875 , -0.0261452
9.55307 , 0.0469098 , 0.0502889 , -0.0199459 , 0.037861 , 0.110862 , -0.0415077
9.58582 , 0.0463593 , 0.0494123 , -0.0226861 , 0.0192117 , 0.108906 , -0.0581252
9.61714 , 0.0439797 , 0.0475573 , -0.0258054 , -0.000831913 , 0.10594 , -0.0732511
9.65414 , 0.0419005 , 0.0464549 , -0.0301165 , -0.0161226 , 0.0997814 , -0.0836465
9.68795 , 0.0392215 , 0.0444281 , -0.0337803 , -0.0268612 , 0.0912671 , -0.0906151
9.72009 , 0.0377053 , 0.0419721 , -0.0350362 , -0.0306599 , 0.0857894 , -0.0871635
9.75516 , 0.0360968 , 0.0387662 , -0.0322168 , -0.0249449 , 0.0844302 , -0.076354
9.79075 , 0.0366002 , 0.0367154 , -0.0291238 , -0.0147723 , 0.0836608 , -0.0610512
9.82527 , 0.0373037 , 0.0351555 , -0.0260428 , -0.00802841 , 0.0831973 , -0.0498416
9.8734 , 0.0371498 , 0.0321172 , -0.0243314 , 0.00535202 , 0.0711881 , -0.0375976
9.90847 , 0.037054 , 0.0287177 , -0.0259104 , 0.0221819 , 0.0502962 , -0.0264038
9.94225 , 0.0373938 , 0.0254227 , -0.02824 , 0.0359462 , 0.0332018 , -0.0194035
9.98586 , 0.0348438 , 0.0217385 , -0.0295152 , 0.0480281 , 0.0221362 , -0.0156916
10.0195 , 0.0353458 , 0.0163403 , -0.0305535 , 0.0506913 , 0.0139794 , -0.0123659
10.0543 , 0.035132 , 0.0136653 , -0.029639 , 0.0511692 , 0.00913719 , -0.00709407
10.0876 , 0.0332961 , 0.00730045 , -0.0282237 , 0.0502025 , 0.00801521 , -0.00169489
10.1182 , 0.0325469 , 0.00131592 , -0.0271402 , 0.0489098 , 0.00807071 , 0.00052042
10.1538 , 0.034062 , 0.000828605 , -0.0255869 , 0.0473963 , 0.00797123 , 0.00259133
10.1874 , 0.0333653 , -0.00616378 , -0.0244866 , 0.0472235 , 0.00768046 , 0.00392585
10.2217 , 0.0337038 , -0.0100445 , -0.0216897 , 0.0469288 , 0.00480857 , 0.00462441
10.2525 , 0.0343231 , -0.014353 , -0.0183916 , 0.0484384 , 0.000364724 , 0.00466941
10.2879 , 0.03748 , -0.01741 , -0.013663 , 0.0493258 , -0.00470697 , 0.00314407
10.3216 , 0.0362703 , -0.0223804 , -0.0113931 , 0.0504762 , -0.010394 , -4.09248e-05
10.353 , 0.0357986 , -0.0274304 , -0.00905863 , 0.0512519 , -0.0136587 , 0.000583083
10.3897 , 0.0383437 , -0.0294217 , -0.00637764 , 0.0515387 , -0.0201677 , -0.00104341
10.4263 , 0.0409081 , -0.0308616 , -0.00240542 , 0.0535023 , -0.022646 , -0.00029016
10.4562 , 0.040311 , -0.034402 , 0.00148721 , 0.0514967 , -0.0255936 , 0.0020672
10.4895 , 0.0404882 , -0.036764 , 0.00772531 , 0.0495057 , -0.0290902 , 0.00370268
10.5229 , 0.0414471 , -0.0394987 , 0.0111483 , 0.0460163 , -0.0336423 , 0.00461437
10.5573 , 0.0412267 , -0.0418338 , 0.0139029 , 0.045124 , -0.0374127 , 0.00460226
10.5941 , 0.036898 , -0.0461409 , 0.0139914 , 0.0476886 , -0.037204 , 0.00359185
10.6248 , 0.0376425 , -0.0455207 , 0.0180347 , 0.0458208 , -0.0381698 , 0.00262297
10.657 , 0.0396294 , -0.0456574 , 0.0202103 , 0.0444994 , -0.0413985 , 0.00143954
10.6909 , 0.0366706 , -0.0463303 , 0.0226522 , 0.0421592 , -0.0412915 , 0.0034073
10.7251 , 0.0370255 , -0.0470484 , 0.0241567 , 0.0418277 , -0.0396866 , 0.00715539
10.7623 , 0.0370154 , -0.045849 , 0.0259336 , 0.0431138 , -0.0412126 , 0.0104365
10.7956 , 0.0365923 , -0.0468907 , 0.0276401 , 0.0457542 , -0.0416205 , 0.0148658
10.8326 , 0.0353553 , -0.046714 , 0.0299429 , 0.0470443 , -0.0424579 , 0.0196144
10.8816 , 0.0363147 , -0.0470694 , 0.0321207 , 0.0474781 , -0.0429548 , 0.0247538
10.9291 , 0.0370408 , -0.0475548 , 0.0344703 , 0.0656751 , -0.0570506 , 0.0360851
10.9596 , 0.0343963 , -0.0486169 , 0.0380542 , 0.0906018 , -0.0743923 , 0.0387913
10.994 , 0.0348859 , -0.0485464 , 0.0414527 , 0.0867444 , -0.0781294 , 0.0378662
11.026 , 0.0337684 , -0.049251 , 0.0435932 , 0.0694731 , -0.0697491 , 0.0437976
11.063 , 0.0320917 , -0.0474291 , 0.0432712 , 0.0562689 , -0.0643467 , 0.0510545
11.0976 , 0.031447 , -0.0447091 , 0.0432872 , 0.0436201 , -0.0580186 , 0.0586217
11.1297 , 0.0293843 , -0.0420121 , 0.0454179 , 0.0287 , -0.0546567 , 0.0646285
11.1614 , 0.0282103 , -0.0393857 , 0.048053 , 0.0146211 , -0.0528874 , 0.0709897
11.2019 , 0.0267093 , -0.0375207 , 0.0514595 , 0.000161734 , -0.0529176 , 0.0780475
11.2466 , 0.0268213 , -0.0357717 , 0.052782 , -0.011965 , -0.0531612 , 0.084088
11.2784 , 0.0251832 , -0.03327 , 0.053813 , -0.0216836 , -0.0543525 , 0.088818
11.3143 , 0.0260497 , -0.0320421 , 0.0469416 , -0.0274339 , -0.0521804 , 0.0922708
11.3487 , 0.0268206 , -0.0301135 , 0.04422 , -0.0324834 , -0.0486667 , 0.0890112
11.3796 , 0.0267986 , -0.026503 , 0.0372945 , -0.0328643 , -0.0479062 , 0.0770784
11.4141 , 0.0249935 , -0.0226086 , 0.0303445 , -0.0262517 , -0.0419707 , 0.0611461
11.4472 , 0.0259504 , -0.0180261 , 0.022357 , -0.0266928 , -0.0348872 , 0.0472954
11.4807 , 0.0249328 , -0.0142258 , 0.0177968 , -0.0175835 , -0.0214337 , 0.0282557
11.5111 , 0.0262115 , -0.0119824 , 0.0113506 , -0.000748453 , -0.00435401 , 0.00886776
11.5468 , 0.0275107 , -0.00881906 , 0.0034435 , 0.0163484 , 0.0126854 , -0.00751032
11.5783 , 0.0273017 , -0.0062075 , 0.000768238 , 0.0363692 , 0.0247741 , -0.0217842
11.6147 , 0.0288792 , -0.00379641 , -0.00139826 , 0.0503493 , 0.0299407 , -0.0283555
11.6473 , 0.0295405 , -0.00273487 , -0.000407815 , 0.058022 , 0.0283961 , -0.0276828
11.679 , 0.0299351 , -0.000434329 , -0.000976671 , 0.0610148 , 0.0246678 , -0.0257386
11.7159 , 0.0252661 , 0.00232622 , -0.00119766 , 0.0594906 , 0.0215492 , -0.0255167
11.7501 , 0.0305995 , 0.00555975 , -0.00208756 , 0.0568062 , 0.0184972 , -0.0233943
11.7846 , 0.0328851 , 0.00684868 , -0.00257241 , 0.0529811 , 0.0152257 , -0.022638
11.8153 , 0.0323574 , 0.00959406 , -0.00366603 , 0.0489315 , 0.0141942 , -0.0212195
11.8538 , 0.0328186 , 0.00978765 , -0.00346839 , 0.0437142 , 0.01739 , -0.0212137
11.8875 , 0.0323278 , 0.0121073 , -0.00530928 , 0.0397471 , 0.0205678 , -0.023068
11.9229 , 0.0324777 , 0.0134661 , -0.00639966 , 0.0363239 , 0.0238327 , -0.0251153
11.9721 , 0.0302907 , 0.0157897 , -0.00846143 , 0.0343358 , 0.0262183 , -0.027746
12.0194 , 0.0280684 , 0.0168935 , -0.0114105 , 0.0343538 , 0.0284811 , -0.0301374
12.0537 , 0.0286832 , 0.0189024 , -0.0130641 , 0.0342592 , 0.0290541 , -0.0295412
12.0819 , 0.029676 , 0.0199652 , -0.0133527 , 0.0353657 , 0.0289137 , -0.0282082
12.1172 , 0.029945 , 0.0215959 , -0.0135586 , 0.0359 , 0.0301681 , -0.0251304
12.1477 , 0.031664 , 0.0230824 , -0.0133243 , 0.0409957 , 0.0317461 , -0.0220897
12.1864 , 0.0341644 , 0.0246372 , -0.0141811 , 0.0402059 , 0.0335788 , -0.0183143
12.2148 , 0.0335619 , 0.0248425 , -0.0142074 , 0.0411189 , 0.0365791 , -0.0132186
12.2504 , 0.0341733 , 0.0264478 , -0.0118937 , 0.0450973 , 0.0366835 , -0.011261
12.2857 , 0.0343859 , 0.0254634 , -0.0112864 , 0.0465717 , 0.0383693 , -0.00659333
12.3191 , 0.0361852 , 0.02654 , -0.00944724 , 0.048447 , 0.0381518 , -0.00450608
12.35 , 0.0365986 , 0.0268843 , -0.00776592 , 0.0518698 , 0.042321 , -0.00350573
12.3847 , 0.0357426 , 0.0257675 , -0.0084722 , 0.0518878 , 0.0439676 , -0.0028525
12.4182 , 0.0365786 , 0.0273557 , -0.00497592 , 0.0525289 , 0.0445666 , -0.00308667
12.453 , 0.0344817 , 0.0251212 , -0.00430411 , 0.0528462 , 0.0418892 , -0.00335607
12.4836 , 0.033685 , 0.0229355 , -0.00206353 , 0.0520683 , 0.0393825 , 0.000796339
12.522 , 0.0352639 , 0.0222253 , 0.000880673 , 0.0488545 , 0.0354919 , 0.00570031
12.5582 , 0.0359643 , 0.0200009 , 0.00546145 , 0.0471851 , 0.0327579 , 0.00716549
12.5897 , 0.0336923 , 0.0174051 , 0.00890948 , 0.0471495 , 0.0265548 , 0.00943064
12.6235 , 0.0338228 , 0.0164614 , 0.0101898 , 0.0495071 , 0.0200339 , 0.0122834
12.6597 , 0.0343385 , 0.0151922 , 0.0126836 , 0.0508675 , 0.0182089 , 0.0128507
12.6913 , 0.0334049 , 0.0137474 , 0.0126501 , 0.0496119 , 0.0172066 , 0.00982825
12.7236 , 0.0326167 , 0.010918 , 0.00831116 , 0.0448475 , 0.0179659 , 0.0094132
12.7574 , 0.0307044 , 0.0111143 , 0.0113815 , 0.0397627 , 0.0193647 , 0.00710156
12.7951 , 0.0289104 , 0.0117727 , 0.0110933 , 0.0350714 , 0.0221309 , 0.00420452
12.843 , 0.0269277 , 0.0132134 , 0.00815751 , 0.0314754 , 0.0249542 , 0.000489891
12.8758 , 0.0266081 , 0.0143238 , 0.00800529 , 0.029693 , 0.0260621 , -0.00289396
12.9071 , 0.0249283 , 0.0144584 , 0.00682933 , 0.027291 , 0.0253004 , -0.00591514
12.9403 , 0.0278293 , 0.0155896 , 0.00675672 , 0.0278795 , 0.0258824 , -0.00684399
12.9735 , 0.0262462 , 0.015771 , 0.00576355 , 0.027283 , 0.0249137 , -0.00606898
13.0073 , 0.0275541 , 0.0154775 , 0.00276721 , 0.0276198 , 0.0255042 , -0.00678765
13.0469 , 0.0321727 , 0.0172045 , 0.00328162 , 0.0298324 , 0.028158 , -0.00510307
13.0929 , 0.0279012 , 0.018382 , 0.000930451 , 0.0303171 , 0.0247444 , -0.00337346
13.1283 , 0.0273947 , 0.0177666 , -0.00654238 , 0.033479 , 0.0253171 , -0.00565933
13.1653 , 0.0271536 , 0.0177697 , -0.00813792 , 0.0433237 , 0.0271585 , -0.00585078
13.2117 , 0.0287611 , 0.016143 , -0.0108057 , 0.0431496 , 0.0262739 , -0.00645659
13.2479 , 0.0290378 , 0.0171384 , -0.0112182 , 0.0404948 , 0.0246999 , -0.00756221
13.2928 , 0.0280301 , 0.0155843 , -0.0119181 , 0.0386183 , 0.0231579 , -0.00878627
13.3247 , 0.0282003 , 0.0145162 , -0.0125908 , 0.0358098 , 0.018963 , -0.0118028
13.3601 , 0.0251611 , 0.0122312 , -0.0122198 , 0.0350226 , 0.0180878 , -0.0127569
13.3917 , 0.0254407 , 0.011635 , -0.0112271 , 0.0347433 , 0.0192392 , -0.0109299
13.4283 , 0.025612 , 0.0105451 , -0.0092699 , 0.0375172 , 0.0185491 , -0.0106498
13.4592 , 0.0265268 , 0.0103174 , -0.00730833 , 0.0337913 , 0.0165794 , -0.00989059
13.4926 , 0.0280571 , 0.0112162 , -0.00520764 , 0.0347995 , 0.0164109 , -0.00940206
13.5261 , 0.028794 , 0.0109549 , -0.0053483 , 0.0333775 , 0.0151252 , -0.00947094
13.5595 , 0.0275935 , 0.0105313 , -0.00650435 , 0.0332886 , 0.0150592 , -0.0092171
13.5961 , 0.0290395 , 0.0108612 , -0.00669476 , 0.0354402 , 0.0156194 , -0.0100643
13.6271 , 0.0269979 , 0.00929813 , -0.00691464 , 0.035313 , 0.0158385 , -0.00981556
13.6602 , 0.0268803 , 0.00989927 , -0.00694238 , 0.0334275 , 0.016549 , -0.00948016
13.6958 , 0.0279267 , 0.0104372 , -0.00544168 , 0.033103 , 0.0169652 , -0.00902611
13.7273 , 0.0269541 , 0.0101903 , -0.00656523 , 0.0332739 , 0.0164501 , -0.00920135
13.7639 , 0.0269489 , 0.0102698 , -0.0072779 , 0.0356283 , 0.0172125 , -0.00857479
13.7947 , 0.0286872 , 0.0118999 , -0.00659286 , 0.0347881 , 0.0161227 , -0.00929501
13.828 , 0.0286216 , 0.0125464 , -0.00690004 , 0.0355826 , 0.0188774 , -0.0102064
13.8634 , 0.029873 , 0.0123766 , -0.00747974 , 0.0364177 , 0.0176139 , -0.0121164
13.8954 , 0.0282536 , 0.0103818 , -0.00962224 , 0.0365965 , 0.0171174 , -0.0134381
13.9316 , 0.0281668 , 0.0109408 , -0.0102628 , 0.0358944 , 0.017499 , -0.0158388
13.9626 , 0.0282091 , 0.0112643 , -0.0125407 , 0.0386434 , 0.0181624 , -0.0157528
13.9958 , 0.0326678 , 0.012352 , -0.0110149 , 0.0345292 , 0.0157032 , -0.0162808
14.0313 , 0.0280721 , 0.0107016 , -0.0120341 , 0.0333183 , 0.0165944 , -0.0159083
14.0658 , 0.027973 , 0.0110747 , -0.0133589 , 0.0340519 , 0.0175147 , -0.0159529
14.097 , 0.0295767 , 0.0108883 , -0.0128352 , 0.035674 , 0.0174525 , -0.0156096
14.1302 , 0.028869 , 0.0105707 , -0.0112949 , 0.0345251 , 0.0178768 , -0.0151447
14.1652 , 0.028786 , 0.0108072 , -0.0116023 , 0.0356571 , 0.016863 , -0.0152613
14.1986 , 0.0289387 , 0.011092 , -0.0120037 , 0.0366595 , 0.0157545 , -0.0153504
14.2353 , 0.0290165 , 0.0108789 , -0.0124522 , 0.0369712 , 0.0150329 , -0.01619
14.2686 , 0.0329947 , 0.0124846 , -0.0114017 , 0.0388503 , 0.0166394 , -0.0151498
14.301 , 0.0286505 , 0.0105194 , -0.0136146 , 0.0384349 , 0.0163805 , -0.0152207
14.3337 , 0.0327876 , 0.0121587 , -0.0111931 , 0.0390204 , 0.0175419 , -0.0150183
14.3662 , 0.0323132 , 0.0122215 , -0.0116164 , 0.0405793 , 0.0180971 , -0.0132952
14.4025 , 0.0350625 , 0.012262 , -0.0117294 , 0.0422473 , 0.0182614 , -0.0129637
14.4371 , 0.0350625 , 0.012262 , -0.0117294 , 0.0413849 , 0.0189956 , -0.0138818
14.4756 , 0.0346091 , 0.0128025 , -0.0120921 , 0.0382922 , 0.0169255 , -0.0156827
14.52 , 0.0310234 , 0.0104444 , -0.0134118 , 0.0380962 , 0.0163977 , -0.0153938
14.5517 , 0.0297952 , 0.010386 , -0.0128422 , 0.0372327 , 0.0164216 , -0.0143166
14.5855 , 0.0296721 , 0.010352 , -0.0124305 , 0.0375406 , 0.0164823 , -0.0142449
14.6246 , 0.0309085 , 0.00979598 , -0.011918 , 0.0382812 , 0.0164251 , -0.0135301
14.6738 , 0.0309769 , 0.00995288 , -0.0122204 , 0.037147 , 0.0164784 , -0.013578
14.7234 , 0.0309855 , 0.00985242 , -0.0122544 , 0.0369594 , 0.0162641 , -0.0136126
14.7721 , 0.0295983 , 0.0101135 , -0.0122368 , 0.0372236 , 0.0161932 , -0.0138859
14.8111 , 0.0299424 , 0.00990017 , -0.011126 , 0.0376052 , 0.015779 , -0.0136931
14.8603 , 0.0283369 , 0.00970325 , -0.0105536 , 0.036067 , 0.0162398 , -0.0139819
14.9045 , 0.0278415 , 0.00931807 , -0.00983775 , 0.0350546 , 0.0156244 , -0.0134426
14.9385 , 0.029926 , 0.010184 , -0.0100268 , 0.0361167 , 0.0159477 , -0.0130281
14.9697 , 0.0300695 , 0.00951957 , -0.0101993 , 0.0356569 , 0.0160865 , -0.0120653
15.0024 , 0.0300912 , 0.00952689 , -0.0103889 , 0.0357763 , 0.0164441 , -0.0127115
15.0359 , 0.0299505 , 0.00986288 , -0.0101788 , 0.0365891 , 0.0163619 , -0.0117653
15.0723 , 0.0282415 , 0.00958569 , -0.00900201 , 0.0356889 , 0.0167053 , -0.0104829
15.1101 , 0.0281639 , 0.00981748 , -0.008871 , 0.0355903 , 0.0166605 , -0.0109163
15.1562 , 0.029296 , 0.00995752 , -0.00909378 , 0.0383126 , 0.0175013 , -0.0105419
15.1875 , 0.0315877 , 0.0112622 , -0.00881111 , 0.0384921 , 0.017511 , -0.0106613
15.2226 , 0.0314272 , 0.0114473 , -0.00890033 , 0.0350085 , 0.0163361 , -0.0117472
15.2543 , 0.0287506 , 0.00969899 , -0.00946952 , 0.0358596 , 0.0162333 , -0.011669
15.2897 , 0.0317206 , 0.0120844 , -0.00695626 , 0.03342 , 0.0149373 , -0.0106231
15.321 , 0.0289177 , 0.00944178 , -0.00760019 , 0.0353198 , 0.0153289 , -0.010134
15.3555 , 0.0308504 , 0.0117567 , -0.00740061 , 0.0368339 , 0.0167408 , -0.00969794
15.389 , 0.0313233 , 0.0116408 , -0.00811305 , 0.0387379 , 0.017427 , -0.00900704
15.4239 , 0.0334834 , 0.0115463 , -0.00816327 , 0.0401279 , 0.0176166 , -0.00898101
15.4553 , 0.0268232 , 0.00960881 , -0.0094494 , 0.0362449 , 0.0169268 , -0.0102866
15.4906 , 0.0274447 , 0.00924336 , -0.00914355 , 0.0350062 , 0.0156221 , -0.0112324
15.5256 , 0.0273533 , 0.00911076 , -0.00828662 , 0.0351025 , 0.0148262 , -0.0107154
15.5569 , 0.0273484 , 0.00904882 , -0.00810675 , 0.0342035 , 0.014903 , -0.010407
15.5915 , 0.0273617 , 0.00922841 , -0.00759475 , 0.0370025 , 0.0154669 , -0.0103038
15.6269 , 0.0303364 , 0.00919538 , -0.00769256 , 0.0370475 , 0.0157355 , -0.00961907
15.6608 , 0.0303032 , 0.0090521 , -0.00771435 , 0.0371139 , 0.0162445 , -0.00867676
15.692 , 0.0289473 , 0.00894163 , -0.00718248 , 0.0358517 , 0.0160845 , -0.00829935
15.7308 , 0.027571 , 0.00851263 , -0.00544937 , 0.0358667 , 0.0155812 , -0.0074113
15.7751 , 0.027517 , 0.0085075 , -0.00518598 , 0.0352947 , 0.0152182 , -0.00722893
15.8076 , 0.0275534 , 0.00836136 , -0.0049949 , 0.0349707 , 0.0148678 , -0.00641181
15.8411 , 0.0277499 , 0.00850007 , -0.00556349 , 0.0387349 , 0.0147452 , -0.00629334
15.8776 , 0.0292602 , 0.00827267 , -0.0058093 , 0.0374198 , 0.0139109 , -0.00654428
15.9116 , 0.0289867 , 0.00810674 , -0.00554063 , 0.0373827 , 0.0138265 , -0.00658421
15.9427 , 0.0289261 , 0.00807773 , -0.00543051 , 0.0373148 , 0.0134099 , -0.00692308
15.9753 , 0.0287394 , 0.00789816 , -0.00493549 , 0.0371666 , 0.0138614 , -0.00661488
16.0088 , 0.0280504 , 0.00829664 , -0.00407473 , 0.0362657 , 0.0143767 , -0.00563681
16.0455 , 0.0280957 , 0.00801742 , -0.00441331 , 0.0360157 , 0.0141118 , -0.00532665
16.0796 , 0.0367015 , 0.00973875 , -0.00388964 , 0.0368701 , 0.0144327 , -0.00511828
16.1117 , 0.032766 , 0.00964419 , -0.00401947 , 0.0340185 , 0.0142909 , -0.00459203
16.1432 , 0.0284475 , 0.00799732 , -0.00389939 , 0.0342976 , 0.0144508 , -0.00472315
16.1767 , 0.0286109 , 0.00780526 , -0.00360922 , 0.0348159 , 0.0143426 , -0.00487614
16.2132 , 0.0283486 , 0.00783305 , -0.00372396 , 0.0348637 , 0.0134945 , -0.00485595
16.2445 , 0.0281084 , 0.00755252 , -0.00349238 , 0.0361511 , 0.015159 , -0.00554719
16.2774 , 0.032215 , 0.00945159 , -0.00342792 , 0.0384151 , 0.0162612 , -0.00549605
16.3118 , 0.032805 , 0.00939117 , -0.00328397 , 0.0383681 , 0.0148113 , -0.00466015
16.3466 , 0.0310148 , 0.0083209 , -0.00357634 , 0.0371494 , 0.0147049 , -0.00404674
16.378 , 0.0299411 , 0.00922227 , -0.00255929 , 0.0369539 , 0.0150401 , -0.00301407
16.4144 , 0.0299325 , 0.00907977 , -0.00255861 , 0.0383328 , 0.0150555 , -0.00347504
16.4585 , 0.0293591 , 0.00815616 , -0.00274962 , 0.0379751 , 0.0139743 , -0.00397993
16.5073 , 0.0279224 , 0.00786108 , -0.00420408 , 0.0405006 , 0.0137274 , -0.00534155
16.557 , 0.0304799 , 0.00799781 , -0.00407294 , 0.0395929 , 0.0136517 , -0.00532466
16.5995 , 0.0305987 , 0.00785827 , -0.00406805 , 0.03962 , 0.0138275 , -0.00450935
16.636 , 0.0295607 , 0.00808823 , -0.00377167 , 0.0383739 , 0.0142915 , -0.00458645
16.6856 , 0.0295607 , 0.00808823 , -0.00377167 , 0.0376493 , 0.0141801 , -0.0049571
16.7372 , 0.0300892 , 0.00786139 , -0.00361308 , 0.0372523 , 0.0140965 , -0.00466804
16.7854 , 0.0302469 , 0.00812535 , -0.00370639 , 0.0365308 , 0.0144899 , -0.00521636
16.8232 , 0.0288063 , 0.00766289 , -0.00450275 , 0.0385283 , 0.0137855 , -0.00502805
16.8659 , 0.0308043 , 0.00904069 , -0.0037455 , 0.0376696 , 0.0137044 , -0.00495537
16.8995 , 0.0308043 , 0.00904069 , -0.0037455 , 0.0367132 , 0.0129692 , -0.00420677
16.9329 , 0.0287584 , 0.00780941 , -0.00292751 , 0.0358862 , 0.0131157 , -0.00374803
16.9713 , 0.0282031 , 0.00808314 , -0.00367957 , 0.035032 , 0.0136648 , -0.0039742
17.019 , 0.0281218 , 0.00778734 , -0.0037211 , 0.0355754 , 0.0144783 , -0.00378476
17.0555 , 0.0291167 , 0.00754453 , -0.00338062 , 0.0352454 , 0.0139539 , -0.00356958
17.1013 , 0.0285778 , 0.00759145 , -0.00275996 , 0.0354346 , 0.0139496 , -0.00327342
17.1358 , 0.0286961 , 0.00787479 , -0.00269393 , 0.0357993 , 0.0143978 , -0.00279438
17.1669 , 0.0286733 , 0.0077551 , -0.0028271 , 0.0360102 , 0.014281 , -0.00300412
17.2003 , 0.0282046 , 0.00762788 , -0.00338022 , 0.0363107 , 0.0144765 , -0.00309259
17.2335 , 0.0282046 , 0.00762788 , -0.00338022 , 0.0364617 , 0.0140498 , -0.00346798
17.2691 , 0.0282046 , 0.00762788 , -0.00338022 , 0.0372654 , 0.014641 , -0.00205982
17.304 , 0.0313447 , 0.00973429 , -0.00217262 , 0.0386264 , 0.0151438 , -0.00164956
17.3412 , 0.0318699 , 0.00962085 , -0.00199149 , 0.0401889 , 0.0158746 , -0.00230079
17.3891 , 0.0318756 , 0.00947773 , -0.00196854 , 0.0369289 , 0.0150806 , -0.00296553
17.4287 , 0.0284933 , 0.00776959 , -0.0026057 , 0.0367921 , 0.0147564 , -0.00304035
17.4714 , 0.0284933 , 0.00776959 , -0.0026057 , 0.0369704 , 0.0144772 , -0.00294883
17.5061 , 0.0284933 , 0.00776959 , -0.0026057 , 0.0369302 , 0.0141845 , -0.00289845
17.5428 , 0.0314875 , 0.00953378 , -0.0012007 , 0.0383433 , 0.0149891 , -0.00216203
17.5868 , 0.0314746 , 0.00975487 , -0.0014558 , 0.040096 , 0.015574 , -0.00138664
17.6193 , 0.0315474 , 0.00969078 , -0.00128591 , 0.039478 , 0.015599 , -0.00131369
17.653 , 0.0314553 , 0.00967707 , -0.00110453 , 0.0346816 , 0.0145876 , -0.00272941
17.6895 , 0.027603 , 0.00836901 , -0.00239989 , 0.03409 , 0.014375 , -0.00315436
17.724 , 0.027603 , 0.00836901 , -0.00239989 , 0.0343519 , 0.0143974 , -0.0030633
17.7551 , 0.0275889 , 0.00857319 , -0.0023666 , 0.0388103 , 0.0167143 , -0.00160925
17.7943 , 0.0314878 , 0.0103941 , -0.00136778 , 0.0399463 , 0.016654 , -0.00179036
17.8446 , 0.0318759 , 0.0104496 , -0.00151024 , 0.0388808 , 0.0168918 , -0.00158745
17.9101 , 0.0318759 , 0.0104496 , -0.00151024 , 0.0396361 , 0.0172199 , -0.00150316
17.9431 , 0.0302831 , 0.00963892 , -0.00292592 , 0.0362087 , 0.0172681 , -0.0020447
17.9783 , 0.0274236 , 0.00932254 , -0.00326929 , 0.0342989 , 0.0163225 , -0.00304294
18.0274 , 0.0271742 , 0.0092642 , -0.00301419 , 0.0341869 , 0.0155347 , -0.00319465
