501

0.020882 , 0.0198589 , 0.0208824 , 0.00623303 , 0.00962287 , 0.0177306 , 0.0102151
0.054045 , 0.0206599 , 0.0220303 , 0.00664112 , -0.00579062 , 0.0192428 , 0.00224755
0.087796 , 0.0211791 , 0.0229443 , 0.00701939 , 0.00598295 , 0.0242689 , 0.00835062
0.124179 , 0.0216398 , 0.0221405 , 0.00693131 , 0.0184713 , 0.0196861 , -0.00273087
0.158721 , 0.0223485 , 0.0218971 , 0.00685454 , 0.0232203 , 0.0156678 , -0.0033466
0.192861 , 0.0229638 , 0.0222196 , 0.00702768 , 0.0245658 , 0.0143211 , 0.00188561
0.225502 , 0.0229638 , 0.0222196 , 0.00702768 , 0.0235003 , 0.0133738 , 0.00417077
0.257576 , 0.0230996 , 0.0216203 , 0.0073793 , 0.0232257 , 0.01411 , 0.00346328
0.290589 , 0.0230582 , 0.0223434 , 0.00745308 , 0.0245237 , 0.0156407 , 0.00251161
0.323218 , 0.0230582 , 0.0223434 , 0.00745308 , 0.0271435 , 0.0181021 , 0.00250637
0.359751 , 0.0235972 , 0.0234597 , 0.007636 , 0.0299053 , 0.0192555 , 0.00320361
0.3983 , 0.023338 , 0.0217338 , 0.00748217 , 0.0320776 , 0.0189461 , 0.00348017
0.444617 , 0.023338 , 0.0217338 , 0.00748217 , 0.0333047 , 0.0185771 , 0.00481407
0.480799 , 0.023338 , 0.0217338 , 0.00748217 , 0.0341185 , 0.0181354 , 0.00597187
0.5301 , 0.0234977 , 0.0226353 , 0.00762356 , 0.0345902 , 0.0181353 , 0.00661102
0.573246 , 0.0234977 , 0.0226353 , 0.00762356 , 0.0339347 , 0.0176688 , 0.00687985
0.613303 , 0.0230501 , 0.0226501 , 0.00738972 , 0.0328197 , 0.0174799 , 0.00625013
0.646676 , 0.0230501 , 0.0226501 , 0.00738972 , 0.031249 , 0.0174439 , 0.00533901
0.681553 , 0.0233407 , 0.0220343 , 0.00713567 , 0.0295525 , 0.0173244 , 0.00412559
0.713328 , 0.0233407 , 0.0220343 , 0.00713567 , 0.0281033 , 0.0173599 , 0.0038388
0.750684 , 0.0227455 , 0.0227658 , 0.00708639 , 0.0268029 , 0.017819 , 0.00322161
0.795257 , 0.0225763 , 0.0232375 , 0.00713834 , 0.0256781 , 0.0183145 , 0.00271617
0.827005 , 0.0225763 , 0.0232375 , 0.00713834 , 0.0264185 , 0.0179558 , 0.00220007
0.862966 , 0.0227766 , 0.0226625 , 0.00705836 , 0.0273729 , 0.0183253 , 0.00189106
0.898545 , 0.0229528 , 0.0224469 , 0.00704087 , 0.0270212 , 0.0183487 , 0.0016079
0.936522 , 0.0226643 , 0.0222528 , 0.00696216 , 0.0265697 , 0.0180754 , 0.00134871
0.978675 , 0.0223243 , 0.0228298 , 0.00695932 , 0.0269397 , 0.0181776 , 0.0015593
1.01109 , 0.0220496 , 0.0237641 , 0.0071566 , 0.0275608 , 0.018854 , 0.0018391
1.04452 , 0.021883 , 0.0228092 , 0.00711729 , 0.027954 , 0.0186527 , 0.00191496
1.08136 , 0.0218522 , 0.0229067 , 0.00673352 , 0.0282525 , 0.018606 , 0.00120337
1.11248 , 0.0220694 , 0.0233221 , 0.0069206 , 0.0282691 , 0.0188198 , 0.00104367
1.14533 , 0.0219013 , 0.0228695 , 0.00698439 , 0.0281386 , 0.0187753 , 0.00152231
1.17887 , 0.0217781 , 0.0237499 , 0.0071531 , 0.0285525 , 0.0190177 , 0.00149575
1.2123 , 0.0209734 , 0.0232903 , 0.0070961 , 0.0283751 , 0.0186037 , 0.00134661
1.25194 , 0.020009 , 0.0316484 , 0.00497889 , 0.0273839 , 0.0244148 , 0.000541096
1.28513 , 0.0200022 , 0.0318815 , 0.00533807 , 0.02652 , 0.0263215 , -7.13722e-05
1.31885 , 0.0197616 , 0.0321108 , 0.00529736 , 0.0270207 , 0.0270863 , -0.000275754
1.35105 , 0.0197268 , 0.03307 , 0.00531231 , 0.0256073 , 0.0279049 , -0.000386846
1.38955 , 0.0190975 , 0.0328036 , 0.0046369 , 0.0248545 , 0.0277409 , -0.000693159
1.4326 , 0.0176 , 0.0325271 , 0.00484719 , 0.0244465 , 0.0279464 , -0.00075678
1.46471 , 0.0167431 , 0.0317439 , 0.00478355 , 0.0237247 , 0.0277605 , -0.000671004
1.50419 , 0.0165411 , 0.0312728 , 0.0049468 , 0.0233611 , 0.0291229 , -0.000778524
1.54988 , 0.0164602 , 0.032698 , 0.00514117 , 0.0233998 , 0.0180568 , -0.000521419
1.58424 , 0.0166874 , 0.0343691 , 0.00553534 , 0.0236308 , 0.0258607 , -0.000481932
1.61582 , 0.0169611 , 0.0346695 , 0.00549076 , 0.0236374 , 0.0286708 , -0.000374284
1.65428 , 0.0177344 , 0.0341429 , 0.00581384 , 0.0240867 , 0.0293708 , -0.000239335
1.68633 , 0.018339 , 0.0337558 , 0.0062557 , 0.0246891 , 0.0295432 , -5.81494e-05
1.71744 , 0.0190326 , 0.0342557 , 0.0063451 , 0.0254029 , 0.0188266 , 0.000174891
1.74921 , 0.0204218 , 0.025832 , 0.00765597 , 0.026232 , 0.0311329 , 0.0005995
1.78613 , 0.0203894 , 0.0357394 , 0.00683584 , 0.0269276 , 0.0305158 , 0.000375056
1.82081 , 0.0211111 , 0.0344059 , 0.0065869 , 0.0272053 , 0.0301595 , 0.000168313
1.85998 , 0.0208425 , 0.0324599 , 0.00623154 , 0.0270397 , 0.0292248 , -0.000273355
1.90423 , 0.0195167 , 0.0326047 , 0.00630667 , 0.0258419 , 0.0300098 , -0.000589397
1.93718 , 0.0183084 , 0.0323866 , 0.00639815 , 0.023777 , 0.0200281 , 0.000754475
1.96874 , 0.0164941 , 0.0347145 , 0.00682079 , 0.0221751 , 0.0150037 , 0.00116995
2.00467 , 0.0150196 , 0.0352434 , 0.00643481 , 0.0201425 , 0.0143059 , 0.00106893
2.03619 , 0.0138128 , 0.0259553 , 0.00753317 , 0.0198566 , 0.0178873 , 0.000729783
2.07236 , 0.0133515 , 0.0259734 , 0.00736453 , 0.0204409 , 0.0203322 , 0.000617455
2.10488 , 0.0130378 , 0.0262178 , 0.00748271 , 0.0205502 , 0.0216366 , 0.000740581
2.13639 , 0.0129257 , 0.0264403 , 0.00770023 , 0.0211556 , 0.0204814 , 0.00025723
2.17107 , 0.0134699 , 0.0263346 , 0.00761708 , 0.0212175 , 0.0215743 , 0.000236879
2.20886 , 0.0136292 , 0.0261889 , 0.00805783 , 0.0210971 , 0.0218952 , 0.000520272
2.26177 , 0.0147552 , 0.0257877 , 0.00783774 , 0.022163 , 0.0226144 , 0.00146
2.31021 , 0.0165408 , 0.0258316 , 0.00807946 , 0.0238279 , 0.0218426 , 0.00168553
2.35699 , 0.0182525 , 0.0260501 , 0.00922114 , 0.0253196 , 0.0194104 , 0.000847796
2.38951 , 0.0209172 , 0.0259404 , 0.00918742 , 0.0268631 , 0.0210002 , 0.00065354
2.42752 , 0.0234923 , 0.0253431 , 0.00988817 , 0.0300145 , 0.020544 , 0.00125765
2.47498 , 0.0272265 , 0.023939 , 0.00954461 , 0.0334581 , 0.019276 , 0.00166972
2.50968 , 0.0306674 , 0.0242909 , 0.0109171 , 0.0359032 , 0.020814 , 0.00196665
2.54435 , 0.0350146 , 0.0279056 , 0.0129305 , 0.0391907 , 0.0205108 , 0.00268276
2.59286 , 0.0401733 , 0.0239439 , 0.0131457 , 0.0436537 , 0.0203862 , 0.00299625
2.62801 , 0.0454063 , 0.023745 , 0.0145746 , 0.0485577 , 0.0205926 , 0.00347474
2.67492 , 0.0514257 , 0.0247466 , 0.0149541 , 0.0530697 , 0.0189886 , 0.003968
2.70612 , 0.058249 , 0.0222298 , 0.0169346 , 0.0588764 , 0.0194465 , 0.00387983
2.73899 , 0.0672076 , 0.0221388 , 0.0171977 , 0.0655246 , 0.0159803 , 0.00346485
2.77261 , 0.0753444 , 0.0235605 , 0.0209267 , 0.0724646 , 0.015416 , 0.00505097
2.80904 , 0.0851549 , 0.019734 , 0.0223875 , 0.0793043 , 0.0135272 , 0.00634382
2.84326 , 0.097268 , 0.020285 , 0.0258912 , 0.0878144 , 0.0145861 , 0.00743401
2.87412 , 0.109721 , 0.0186155 , 0.0271536 , 0.0974395 , 0.0118201 , 0.00781564
2.90701 , 0.125541 , 0.0199851 , 0.0322865 , 0.108007 , 0.00996935 , 0.00794899
2.94015 , 0.144273 , 0.0182404 , 0.0355045 , 0.120731 , 0.010314 , 0.00934976
2.99259 , 0.165792 , 0.0200365 , 0.0407799 , 0.137023 , 0.0117301 , 0.0140871
3.02402 , 0.191939 , 0.0218803 , 0.0495008 , 0.152655 , 0.014846 , 0.0177707
3.06053 , 0.221297 , 0.025063 , 0.0589238 , 0.169602 , 0.0201945 , 0.0211931
3.09508 , 0.253767 , 0.0274524 , 0.0703467 , 0.188369 , 0.0258545 , 0.0267549
3.12628 , 0.291443 , 0.0332161 , 0.0893539 , 0.207315 , 0.027004 , 0.0344325
3.15829 , 0.333066 , 0.0316226 , 0.108454 , 0.226875 , 0.0281359 , 0.0437375
3.1919 , 0.379628 , 0.0252325 , 0.12617 , 0.247643 , 0.0233158 , 0.0492781
3.22836 , 0.426987 , 0.0139093 , 0.142901 , 0.270671 , 0.0161829 , 0.0538212
3.2777 , 0.473949 , 0.00357428 , 0.152905 , 0.29441 , 0.0127374 , 0.0573542
3.30947 , 0.516137 , -0.00329744 , 0.159663 , 0.317916 , 0.0112785 , 0.0573605
3.34585 , 0.552198 , -0.00751179 , 0.163556 , 0.336772 , 0.00558569 , 0.0540978
3.37547 , 0.582666 , -0.0166119 , 0.15713 , 0.450895 , -0.00491082 , 0.0692847
3.41039 , 0.605024 , -0.0245168 , 0.148915 , 0.571279 , -0.0241583 , 0.0952069
3.44394 , 0.617685 , -0.0309125 , 0.143077 , 0.636299 , -0.0357626 , 0.119504
3.47804 , 0.622288 , -0.0355226 , 0.136337 , 0.652554 , -0.0372661 , 0.132343
3.51503 , 0.61737 , -0.0365287 , 0.135586 , 0.642388 , -0.0326134 , 0.130702
3.54855 , 0.606926 , -0.0335064 , 0.132476 , 0.619874 , -0.024171 , 0.126301
3.57841 , 0.590592 , -0.029043 , 0.133272 , 0.593449 , -0.0186393 , 0.122868
3.60919 , 0.570555 , -0.0233707 , 0.133785 , 0.565691 , -0.0109119 , 0.123483
3.64547 , 0.547514 , -0.0118175 , 0.134268 , 0.536485 , -0.00174311 , 0.12569
3.6761 , 0.521578 , 0.00103598 , 0.133367 , 0.505492 , 0.00674039 , 0.126243
3.71089 , 0.492401 , 0.0135513 , 0.131935 , 0.474085 , 0.0186557 , 0.12502
3.74329 , 0.462681 , 0.0232482 , 0.126367 , 0.441006 , 0.0322117 , 0.121785
3.78275 , 0.43096 , 0.0316962 , 0.122016 , 0.407516 , 0.0380983 , 0.11482
3.81196 , 0.398592 , 0.0421896 , 0.114979 , 0.374441 , 0.0446944 , 0.105767
3.84633 , 0.366102 , 0.0493645 , 0.105253 , 0.342162 , 0.0539222 , 0.0955417
3.87998 , 0.33399 , 0.0548065 , 0.0927678 , 0.309972 , 0.0631324 , 0.0851103
3.91437 , 0.3013 , 0.0616653 , 0.0812585 , 0.278501 , 0.0701311 , 0.0743701
3.9481 , 0.270111 , 0.0691988 , 0.0725541 , 0.248611 , 0.074777 , 0.0656223
3.97967 , 0.240683 , 0.0706906 , 0.0646131 , 0.221403 , 0.075658 , 0.0584873
4.01516 , 0.214316 , 0.0720154 , 0.0557567 , 0.196603 , 0.076464 , 0.0539671
4.05178 , 0.190276 , 0.0720195 , 0.0530941 , 0.176266 , 0.0728557 , 0.0530685
4.08235 , 0.172136 , 0.0703922 , 0.0527727 , 0.161206 , 0.0702193 , 0.05578
4.12096 , 0.157818 , 0.0674891 , 0.0521505 , 0.149851 , 0.0685747 , 0.0573687
4.16639 , 0.147269 , 0.0648977 , 0.0507607 , 0.141614 , 0.0668969 , 0.0572213
4.20721 , 0.140627 , 0.0664062 , 0.0496347 , 0.111247 , 0.0662607 , 0.0363262
4.25672 , 0.138136 , 0.0725276 , 0.04628 , 0.110497 , 0.0689797 , 0.0218717
4.30654 , 0.140081 , 0.0877939 , 0.0498441 , 0.150416 , 0.0714335 , 0.0305019
4.35656 , 0.145307 , 0.0982259 , 0.0589247 , 0.166638 , 0.0724054 , 0.0483621
4.40622 , 0.157081 , 0.100262 , 0.0626704 , 0.174861 , 0.0751941 , 0.0566239
4.45319 , 0.173853 , 0.104436 , 0.0670138 , 0.18298 , 0.0755312 , 0.0585403
4.4913 , 0.189235 , 0.103189 , 0.0653874 , 0.189178 , 0.0666446 , 0.0610747
4.53889 , 0.19757 , 0.0908294 , 0.0651708 , 0.193039 , 0.0584351 , 0.0663739
4.57005 , 0.198872 , 0.0819262 , 0.0630572 , 0.194914 , 0.0562213 , 0.0732222
4.60088 , 0.197561 , 0.0856491 , 0.0627486 , 0.19391 , 0.0561865 , 0.0801122
4.639 , 0.19317 , 0.0915466 , 0.0670981 , 0.192686 , 0.0533642 , 0.0868075
4.67786 , 0.187351 , 0.0942256 , 0.0696982 , 0.187887 , 0.050248 , 0.0906629
4.72558 , 0.179021 , 0.0949996 , 0.0686971 , 0.181382 , 0.0461136 , 0.0925957
4.77461 , 0.171283 , 0.0914165 , 0.064962 , 0.174045 , 0.0428507 , 0.0907991
4.82752 , 0.162324 , 0.0877261 , 0.0638181 , 0.165386 , 0.0402988 , 0.0870732
4.8752 , 0.153524 , 0.0854727 , 0.0616562 , 0.155189 , 0.0369537 , 0.0825068
4.91256 , 0.14433 , 0.0784455 , 0.0599501 , 0.143395 , 0.0342291 , 0.0764992
4.96114 , 0.134562 , 0.0782961 , 0.0584086 , 0.147627 , 0.0286723 , 0.0785204
5.01043 , 0.127819 , 0.0717583 , 0.0569217 , 0.148002 , 0.0389492 , 0.076867
5.05992 , 0.119371 , 0.0711727 , 0.058147 , 0.144763 , 0.048764 , 0.0677803
5.09525 , 0.116777 , 0.0733568 , 0.0544765 , 0.133026 , 0.0584662 , 0.0637607
5.14229 , 0.110289 , 0.0699487 , 0.055553 , 0.119898 , 0.0600084 , 0.0604501
5.17384 , 0.109669 , 0.0681919 , 0.0518656 , 0.108129 , 0.0608319 , 0.0578585
5.20865 , 0.102634 , 0.0687278 , 0.0534547 , 0.0986105 , 0.0583359 , 0.0549377
5.23753 , 0.0990008 , 0.0707671 , 0.0525447 , 0.0928348 , 0.0499943 , 0.0514359
5.27293 , 0.0955621 , 0.0654834 , 0.0519568 , 0.0870741 , 0.0482164 , 0.0489727
5.30354 , 0.0919335 , 0.0638005 , 0.0509748 , 0.0814205 , 0.0459549 , 0.0459877
5.33866 , 0.087612 , 0.0616774 , 0.0498623 , 0.0756626 , 0.0388617 , 0.0421901
5.37675 , 0.0818471 , 0.0577271 , 0.0484305 , 0.0704211 , 0.0353226 , 0.0390977
5.41556 , 0.0771131 , 0.0609694 , 0.0464829 , 0.0647951 , 0.0360283 , 0.0360901
5.46293 , 0.0719315 , 0.055202 , 0.0441409 , 0.0594685 , 0.0372621 , 0.034535
5.50963 , 0.0672008 , 0.0545106 , 0.043551 , 0.0526703 , 0.0437033 , 0.0339468
5.54425 , 0.0616715 , 0.0549645 , 0.0424191 , 0.0455604 , 0.0437615 , 0.0324675
5.57239 , 0.0558223 , 0.0551544 , 0.0398888 , 0.0390515 , 0.0509621 , 0.0306115
5.60526 , 0.0502576 , 0.0566814 , 0.0386966 , 0.0336303 , 0.0462522 , 0.0300139
5.6406 , 0.044467 , 0.0547256 , 0.0361806 , 0.0293385 , 0.0444651 , 0.0287183
5.67425 , 0.0397473 , 0.0585643 , 0.0343487 , 0.0254907 , 0.0452263 , 0.0266803
5.70868 , 0.0351211 , 0.0580855 , 0.031687 , 0.0219097 , 0.0463956 , 0.0244404
5.73938 , 0.0316532 , 0.0596262 , 0.0294727 , 0.0190661 , 0.048155 , 0.0222035
5.77393 , 0.0294145 , 0.0610438 , 0.0276713 , 0.0165127 , 0.0500599 , 0.020905
5.81348 , 0.0282959 , 0.0621522 , 0.0256188 , 0.0151918 , 0.0511172 , 0.020135
5.84773 , 0.0283697 , 0.0634285 , 0.0243881 , 0.014988 , 0.0522656 , 0.0192705
5.88156 , 0.0287595 , 0.0629148 , 0.0222565 , 0.0146681 , 0.0534148 , 0.0182852
5.91005 , 0.02881 , 0.0629163 , 0.0206652 , 0.0149624 , 0.0511566 , 0.017854
5.943 , 0.0299795 , 0.0606751 , 0.0197352 , 0.0153919 , 0.0510907 , 0.0171771
5.97976 , 0.0316254 , 0.0579228 , 0.0181741 , 0.0165688 , 0.0482592 , 0.017064
6.013 , 0.0338897 , 0.055436 , 0.0176084 , 0.018104 , 0.0478341 , 0.0166558
6.0475 , 0.0367454 , 0.0526897 , 0.0159789 , 0.0209501 , 0.0429748 , 0.0146042
6.07745 , 0.0414775 , 0.0499782 , 0.0149367 , 0.0261114 , 0.0417249 , 0.0130634
6.11064 , 0.0481838 , 0.0505953 , 0.0151949 , 0.0392341 , 0.0501752 , 0.00173928
6.14701 , 0.0567423 , 0.0520304 , 0.0148512 , 0.0857577 , 0.0721952 , -0.00317489
6.1825 , 0.0665436 , 0.0528397 , 0.0157146 , 0.0770948 , 0.0609427 , 6.30876e-05
6.21737 , 0.0786042 , 0.047066 , 0.0160508 , 0.0654435 , 0.0544601 , -0.00355511
6.25078 , 0.0920849 , 0.0469342 , 0.01729 , 0.067745 , 0.0479819 , -0.0107711
6.28472 , 0.109585 , 0.0447254 , 0.0179692 , 0.0733812 , 0.0463239 , -0.0184168
6.33163 , 0.131909 , 0.0425149 , 0.0171356 , 0.0777204 , 0.0486435 , -0.0217309
6.37338 , 0.15928 , 0.042382 , 0.0215518 , 0.0854396 , 0.0511952 , -0.0210565
6.41487 , 0.193467 , 0.0393875 , 0.0282371 , 0.096493 , 0.050213 , -0.0199057
6.44848 , 0.234713 , 0.0312835 , 0.0400008 , 0.114095 , 0.0447704 , -0.0190652
6.48106 , 0.283602 , 0.0307548 , 0.0567307 , 0.146742 , 0.042133 , -0.0127003
6.51779 , 0.34383 , 0.0233394 , 0.0786621 , 0.191734 , 0.0445805 , 0.00267722
6.55285 , 0.410072 , 0.0201845 , 0.105278 , 0.247387 , 0.0378835 , 0.0217471
6.58417 , 0.484521 , 0.00286265 , 0.126689 , 0.311371 , 0.0278327 , 0.0435466
6.61561 , 0.559312 , -0.0150816 , 0.144592 , 0.459306 , -0.00276061 , 0.0837321
6.64846 , 0.629494 , -0.0412498 , 0.154181 , 0.622825 , -0.0582244 , 0.13187
6.68923 , 0.692343 , -0.0654876 , 0.156256 , 0.74085 , -0.0829482 , 0.153372
6.73308 , 0.745122 , -0.0796801 , 0.152417 , 0.803281 , -0.109793 , 0.162497
6.76676 , 0.787953 , -0.104103 , 0.155344 , 0.841225 , -0.112368 , 0.158404
6.79678 , 0.824884 , -0.117379 , 0.156541 , 0.861223 , -0.114123 , 0.156024
6.83136 , 0.846986 , -0.126477 , 0.162784 , 0.870238 , -0.123204 , 0.161851
6.86562 , 0.859666 , -0.131904 , 0.174828 , 0.868646 , -0.126506 , 0.170251
6.89933 , 0.862924 , -0.132847 , 0.182402 , 0.860717 , -0.129148 , 0.177862
6.93383 , 0.857622 , -0.13223 , 0.186862 , 0.851477 , -0.129893 , 0.17199
6.96781 , 0.847454 , -0.125644 , 0.180606 , 0.832387 , -0.123257 , 0.175074
7.00093 , 0.826169 , -0.113926 , 0.180519 , 0.809823 , -0.113733 , 0.167605
7.03198 , 0.800331 , -0.104576 , 0.172325 , 0.779836 , -0.100406 , 0.171575
7.067 , 0.764546 , -0.0920112 , 0.17492 , 0.744974 , -0.0848365 , 0.17599
7.10139 , 0.722768 , -0.0743058 , 0.179219 , 0.704613 , -0.0652223 , 0.178481
7.13205 , 0.675693 , -0.053777 , 0.178274 , 0.659761 , -0.0429585 , 0.174562
7.17037 , 0.627021 , -0.0298574 , 0.171714 , 0.609609 , -0.0226623 , 0.16688
7.20355 , 0.57401 , -0.00654021 , 0.160211 , 0.556231 , -0.000783198 , 0.15553
7.23277 , 0.519344 , 0.0188294 , 0.145476 , 0.500267 , 0.0239608 , 0.141865
7.27087 , 0.46237 , 0.0432216 , 0.128338 , 0.441405 , 0.0499345 , 0.129619
7.30137 , 0.404693 , 0.0665669 , 0.109609 , 0.382777 , 0.0733213 , 0.114095
7.33335 , 0.348353 , 0.0860959 , 0.0909626 , 0.325151 , 0.0917337 , 0.0983225
7.36889 , 0.293837 , 0.0999771 , 0.0734158 , 0.270496 , 0.106602 , 0.0831929
7.40895 , 0.242776 , 0.11009 , 0.0602387 , 0.220493 , 0.112277 , 0.0716676
7.43722 , 0.19577 , 0.11418 , 0.0506276 , 0.175051 , 0.112162 , 0.0617646
7.46762 , 0.154581 , 0.111534 , 0.0416295 , 0.134411 , 0.112137 , 0.0539836
7.50117 , 0.118614 , 0.107597 , 0.0392044 , 0.0999258 , 0.110754 , 0.0486852
7.53456 , 0.0907408 , 0.104483 , 0.0348765 , 0.0719971 , 0.101457 , 0.0447475
7.57121 , 0.0699296 , 0.0971253 , 0.0309913 , 0.0522041 , 0.0938669 , 0.0412496
7.60499 , 0.0558432 , 0.0874758 , 0.0312476 , 0.0391401 , 0.0896515 , 0.0376831
7.63532 , 0.0462145 , 0.0849629 , 0.031235 , 0.0295116 , 0.0860759 , 0.0341792
7.67254 , 0.0393116 , 0.0824622 , 0.0312829 , 0.0224018 , 0.0857105 , 0.033225
7.70472 , 0.0373049 , 0.080994 , 0.0323469 , 0.0183249 , 0.0807562 , 0.0324871
7.73904 , 0.0357209 , 0.0775293 , 0.0322398 , 0.016846 , 0.0793524 , 0.0335799
7.77252 , 0.0352984 , 0.076176 , 0.0319687 , 0.0166405 , 0.080063 , 0.0313817
7.80312 , 0.0361508 , 0.0730386 , 0.0269207 , 0.0154477 , 0.0773419 , 0.0269774
7.83819 , 0.0295881 , 0.0773624 , 0.0222456 , 0.00719439 , 0.0776331 , 0.0230549
7.87186 , 0.0183514 , 0.0830005 , 0.0215075 , -0.0174479 , 0.0598016 , 0.00474669
7.90845 , 0.013512 , 0.0970426 , 0.0298658 , -0.00622716 , 0.055494 , -0.00169145
7.94191 , 0.0243803 , 0.106379 , 0.035153 , 0.0267047 , 0.0643728 , 0.0180191
7.97289 , 0.0436068 , 0.11485 , 0.0449563 , 0.0392837 , 0.0663787 , 0.0257472
8.00844 , 0.0626588 , 0.111103 , 0.0494003 , 0.0270695 , 0.0646765 , 0.0126035
8.04027 , 0.0764107 , 0.104855 , 0.0500344 , 0.014173 , 0.0594943 , -0.0013432
8.07667 , 0.0836016 , 0.0973157 , 0.0515409 , 0.0288003 , 0.052289 , 0.0153295
8.10729 , 0.0844244 , 0.094401 , 0.0504766 , 0.0542864 , 0.0488786 , 0.046808
8.14162 , 0.0804519 , 0.0929441 , 0.0497296 , 0.0659754 , 0.0446276 , 0.0634415
8.17588 , 0.0772269 , 0.0898854 , 0.0478993 , 0.0691764 , 0.0407402 , 0.0661525
8.20973 , 0.0734997 , 0.088754 , 0.0468225 , 0.0679935 , 0.0349902 , 0.0627251
8.24137 , 0.0728151 , 0.0814137 , 0.047357 , 0.0669735 , 0.0305447 , 0.0581546
8.27865 , 0.0720425 , 0.076082 , 0.0491211 , 0.0675642 , 0.0262472 , 0.0540971
8.31363 , 0.0739534 , 0.0747339 , 0.0491121 , 0.0756294 , 0.0199525 , 0.0551295
8.34732 , 0.0746003 , 0.0715001 , 0.0522302 , 0.0819171 , 0.028847 , 0.0546367
8.38254 , 0.075818 , 0.0708839 , 0.0491848 , 0.0857116 , 0.0407262 , 0.0582397
8.4255 , 0.0756938 , 0.0724375 , 0.0458606 , 0.0846255 , 0.0472574 , 0.0585163
8.45914 , 0.0779814 , 0.0719429 , 0.042926 , 0.074472 , 0.0588342 , 0.0611938
8.49362 , 0.0774923 , 0.0666905 , 0.036691 , 0.0687035 , 0.0616441 , 0.0568468
8.5242 , 0.0703241 , 0.0732918 , 0.0452982 , 0.0581639 , 0.0556487 , 0.0531284
8.55877 , 0.0695151 , 0.0695369 , 0.0437115 , 0.0495287 , 0.049722 , 0.0511571
8.59332 , 0.0688047 , 0.0701542 , 0.0426885 , 0.0491692 , 0.038085 , 0.0453865
8.62682 , 0.0667977 , 0.0690659 , 0.044003 , 0.0459967 , 0.031822 , 0.0427877
8.66156 , 0.0635571 , 0.0694585 , 0.0411781 , 0.0382284 , 0.0368646 , 0.0426403
8.69256 , 0.0575485 , 0.0650943 , 0.0396421 , 0.0310012 , 0.0358531 , 0.0422841
8.72734 , 0.0523073 , 0.0626727 , 0.038235 , 0.0266239 , 0.0476394 , 0.0412691
8.76186 , 0.0455262 , 0.0679381 , 0.0363638 , 0.0232052 , 0.0401636 , 0.0391791
8.7937 , 0.0400006 , 0.0671895 , 0.0349541 , 0.0202948 , 0.0394611 , 0.0366672
8.82984 , 0.0393448 , 0.064883 , 0.0344055 , 0.0153568 , 0.0416749 , 0.0350095
8.86348 , 0.0340229 , 0.0678709 , 0.0319182 , 0.0102264 , 0.044066 , 0.0332813
8.89449 , 0.0305916 , 0.068734 , 0.02933 , 0.00587514 , 0.0463347 , 0.0298264
8.92974 , 0.0296727 , 0.066807 , 0.0250898 , 0.00453507 , 0.0473898 , 0.0267079
8.96035 , 0.0282825 , 0.0682393 , 0.0234757 , 0.00364767 , 0.0487015 , 0.025171
8.99804 , 0.0298652 , 0.0724389 , 0.0199148 , 0.00289546 , 0.0455941 , 0.0254153
9.02885 , 0.0305612 , 0.0650726 , 0.0188329 , 0.00335175 , 0.0458957 , 0.0264977
9.06312 , 0.0317764 , 0.0636166 , 0.0189596 , 0.00256712 , 0.0454842 , 0.0273526
9.09594 , 0.0319505 , 0.0612695 , 0.0176322 , 0.00264878 , 0.0428712 , 0.0267762
9.13226 , 0.0333699 , 0.0631113 , 0.0183134 , 0.00401053 , 0.0382916 , 0.0260643
9.16561 , 0.0355117 , 0.0596036 , 0.0180619 , 0.00591329 , 0.0382638 , 0.025717
9.20299 , 0.0389547 , 0.0618351 , 0.0191163 , 0.00763967 , 0.0415214 , 0.0254318
9.23336 , 0.0417064 , 0.0583706 , 0.0188989 , 0.0103827 , 0.0395523 , 0.0255614
9.26353 , 0.0461877 , 0.0538521 , 0.0207319 , 0.0135337 , 0.0356557 , 0.0253832
9.30005 , 0.052406 , 0.0487511 , 0.0203135 , 0.0177316 , 0.0362597 , 0.0233358
9.33204 , 0.059847 , 0.0524148 , 0.0191653 , 0.0315225 , 0.0493095 , 0.0112793
9.36755 , 0.0703326 , 0.0560254 , 0.0191904 , 0.0510949 , 0.0644669 , 0.00299154
9.40489 , 0.0836186 , 0.0546824 , 0.0179868 , 0.0586966 , 0.0652743 , 0.00182776
9.45212 , 0.102535 , 0.0512631 , 0.0184395 , 0.0634774 , 0.0658573 , -0.00633873
9.48764 , 0.123638 , 0.0521591 , 0.0212952 , 0.0685388 , 0.0621183 , -0.0125696
9.51917 , 0.151845 , 0.0505194 , 0.0252376 , 0.0777256 , 0.0625848 , -0.0172929
9.55307 , 0.186811 , 0.0571102 , 0.0319004 , 0.092242 , 0.0765627 , -0.0198055
9.58582 , 0.230677 , 0.0484065 , 0.0443597 , 0.115723 , 0.064181 , -0.0136895
9.61714 , 0.280108 , 0.0435743 , 0.0620453 , 0.148188 , 0.059892 , -0.0012056
9.65414 , 0.340263 , 0.0473248 , 0.0877566 , 0.19253 , 0.0597794 , 0.0175773
9.68795 , 0.405518 , 0.0413491 , 0.115965 , 0.247942 , 0.0454922 , 0.0366656
9.72009 , 0.472694 , 0.020826 , 0.133709 , 0.311987 , 0.0366084 , 0.0568784
9.75516 , 0.545557 , 0.00025326 , 0.150642 , 0.37794 , 0.0127754 , 0.0711146
9.79075 , 0.619479 , -0.0235877 , 0.154626 , 0.439054 , -0.00929477 , 0.084202
9.82527 , 0.683535 , -0.0522198 , 0.154821 , 0.584538 , -0.0415791 , 0.10709
9.8734 , 0.739488 , -0.0782271 , 0.154353 , 0.730753 , -0.0759587 , 0.133919
9.90847 , 0.791495 , -0.104654 , 0.154069 , 0.829129 , -0.0940976 , 0.142418
9.94225 , 0.835057 , -0.117712 , 0.140001 , 0.886495 , -0.113156 , 0.139568
9.98586 , 0.866385 , -0.127356 , 0.135454 , 0.917044 , -0.123425 , 0.13434
10.0195 , 0.884649 , -0.132069 , 0.139082 , 0.923894 , -0.12503 , 0.13502
10.0543 , 0.89468 , -0.142576 , 0.137935 , 0.91693 , -0.130508 , 0.134819
10.0876 , 0.89042 , -0.141247 , 0.142455 , 0.901048 , -0.129433 , 0.138039
10.1182 , 0.879989 , -0.136126 , 0.14615 , 0.87601 , -0.127668 , 0.143656
10.1538 , 0.8597 , -0.1318 , 0.145584 , 0.846107 , -0.118864 , 0.151194
10.1874 , 0.832014 , -0.117641 , 0.152677 , 0.811266 , -0.112051 , 0.153589
10.2217 , 0.794409 , -0.101518 , 0.155072 , 0.770218 , -0.0929153 , 0.157487
10.2525 , 0.749698 , -0.0820059 , 0.156524 , 0.721628 , -0.0755745 , 0.155752
10.2879 , 0.699225 , -0.0619152 , 0.147864 , 0.668677 , -0.0524453 , 0.152103
10.3216 , 0.643724 , -0.0371769 , 0.145992 , 0.61093 , -0.0304162 , 0.144199
10.353 , 0.579828 , -0.0150063 , 0.136 , 0.54952 , -0.00368105 , 0.132691
10.3897 , 0.517909 , 0.0127404 , 0.121141 , 0.483835 , 0.0193321 , 0.118745
10.4263 , 0.450078 , 0.0385649 , 0.101473 , 0.418943 , 0.0430238 , 0.100079
10.4562 , 0.384453 , 0.0647511 , 0.0820178 , 0.352906 , 0.0679235 , 0.084804
10.4895 , 0.317143 , 0.0857496 , 0.0654807 , 0.28766 , 0.0875864 , 0.0707477
10.5229 , 0.254323 , 0.0998178 , 0.0502662 , 0.224719 , 0.101329 , 0.0595879
10.5573 , 0.190753 , 0.110997 , 0.0389148 , 0.167058 , 0.111516 , 0.0507768
10.5941 , 0.134605 , 0.122226 , 0.0316054 , 0.113398 , 0.115563 , 0.0452981
10.6248 , 0.0905641 , 0.120655 , 0.0256131 , 0.0698549 , 0.117104 , 0.041989
10.657 , 0.0598211 , 0.113973 , 0.0212007 , 0.0371829 , 0.112339 , 0.0382285
10.6909 , 0.0345089 , 0.10331 , 0.021752 , 0.0166127 , 0.102986 , 0.0328801
10.7251 , 0.0195151 , 0.0972905 , 0.0187607 , 0.00118951 , 0.0950467 , 0.031168
10.7623 , 0.00580078 , 0.087647 , 0.0174394 , -0.0099763 , 0.092339 , 0.0290563
10.7956 , -0.00248471 , 0.0842554 , 0.0160292 , -0.018716 , 0.0894375 , 0.0264333
10.8326 , -0.00864827 , 0.082868 , 0.0135025 , -0.0239677 , 0.0868718 , 0.0232506
10.8816 , -0.0128565 , 0.0829933 , 0.0113668 , -0.0260639 , 0.0821062 , 0.0190789
10.9291 , -0.0154548 , 0.0853433 , 0.0100821 , 0.00191084 , 0.0655699 , 0.000435445
10.9596 , -0.0157481 , 0.0941158 , 0.00419636 , 0.0060762 , 0.04172 , -0.0080646
10.994 , -0.0220264 , 0.0976136 , 0.00567892 , 0.0172117 , 0.0386832 , 0.00544004
11.026 , -0.0222195 , 0.0973553 , 0.00952546 , 0.0264489 , 0.0467041 , 0.0153038
11.063 , -0.0104326 , 0.0999003 , 0.0144851 , 0.0264749 , 0.0560267 , 0.0223271
11.0976 , 0.00310825 , 0.100314 , 0.0215069 , 0.03242 , 0.0576361 , 0.027579
11.1297 , 0.0136197 , 0.10004 , 0.0328066 , 0.0387671 , 0.050683 , 0.0353494
11.1614 , 0.0212611 , 0.0925647 , 0.035196 , 0.040014 , 0.0449881 , 0.0433688
11.2019 , 0.0251562 , 0.0904273 , 0.0353614 , 0.0384033 , 0.0394933 , 0.0419452
11.2466 , 0.0234454 , 0.0882867 , 0.0327014 , 0.03217 , 0.0318374 , 0.0449113
11.2784 , 0.0247406 , 0.0642106 , 0.0170115 , 0.0290164 , 0.038059 , 0.0546032
11.3143 , 0.0141978 , 0.141394 , 0.0466966 , 0.0302403 , -0.00900398 , 0.0429788
11.3487 , 0.0206513 , 0.0766532 , 0.016435 , 0.0286341 , 0.0157222 , 0.0388911
11.3796 , 0.0140773 , 0.0823812 , 0.0227673 , 0.027968 , 0.0198579 , 0.0452945
11.4141 , 0.0170002 , 0.080123 , 0.022032 , 0.0277357 , 0.0270564 , 0.0508862
11.4472 , 0.0209073 , 0.0757985 , 0.025966 , 0.0369681 , 0.0886903 , 0.0739921
11.4807 , 0.0320826 , 0.0600649 , 0.0152324 , 0.034283 , 0.0686645 , 0.0775036
11.5111 , 0.0232982 , 0.0740256 , 0.025306 , 0.0344105 , 0.054109 , 0.0582054
11.5468 , 0.0262229 , 0.0699181 , 0.0223564 , 0.0389913 , 0.0515281 , 0.0380437
11.5783 , 0.0337072 , 0.06823 , 0.0248909 , 0.0415501 , 0.0522483 , 0.0270966
11.6147 , 0.0379845 , 0.071081 , 0.0278627 , 0.0422112 , 0.0563842 , 0.0309477
11.6473 , 0.0443382 , 0.0727691 , 0.0313652 , 0.0442078 , 0.0529895 , 0.0362221
11.679 , 0.046942 , 0.0760676 , 0.0321368 , 0.048598 , 0.0506087 , 0.0374568
11.7159 , 0.0522986 , 0.0740192 , 0.0306014 , 0.0548279 , 0.0468394 , 0.0398756
11.7501 , 0.0566813 , 0.0737388 , 0.0303808 , 0.0558293 , 0.0426516 , 0.0423043
11.7846 , 0.0591725 , 0.0756289 , 0.0277545 , 0.0556421 , 0.0416224 , 0.0405397
11.8153 , 0.0625394 , 0.0763791 , 0.029293 , 0.0540969 , 0.0499194 , 0.0415265
11.8538 , 0.0635037 , 0.0726707 , 0.0302428 , 0.0529574 , 0.0473055 , 0.0375143
11.8875 , 0.0634271 , 0.0725308 , 0.0263959 , 0.052178 , 0.0444235 , 0.0326092
11.9229 , 0.0607951 , 0.0665987 , 0.0244894 , 0.0503817 , 0.0459941 , 0.0290901
11.9721 , 0.0588915 , 0.0631323 , 0.0247178 , 0.0473089 , 0.0416179 , 0.0262822
12.0194 , 0.0529428 , 0.0616397 , 0.0251413 , 0.0436598 , 0.040766 , 0.0223905
12.0537 , 0.0495486 , 0.0630643 , 0.0257867 , 0.0403421 , 0.0421396 , 0.0197199
12.0819 , 0.0467573 , 0.0652819 , 0.0266087 , 0.0348982 , 0.0415892 , 0.0233788
12.1172 , 0.0463179 , 0.065796 , 0.0255941 , 0.0300416 , 0.0422285 , 0.0265088
12.1477 , 0.0449736 , 0.0642376 , 0.0241811 , 0.0279066 , 0.0429271 , 0.0242662
12.1864 , 0.0443745 , 0.0652659 , 0.0211653 , 0.029683 , 0.0407006 , 0.0226299
12.2148 , 0.047053 , 0.0655018 , 0.019627 , 0.0333953 , 0.0392617 , 0.0219612
12.2504 , 0.0512883 , 0.0652374 , 0.018823 , 0.0359601 , 0.0416653 , 0.0191541
12.2857 , 0.0552301 , 0.0672287 , 0.0167852 , 0.0409408 , 0.0443487 , 0.020061
12.3191 , 0.0630776 , 0.0674293 , 0.019108 , 0.0469642 , 0.0455901 , 0.020556
12.35 , 0.0676996 , 0.0675457 , 0.0188979 , 0.0568976 , 0.0444175 , 0.0206372
12.3847 , 0.0766683 , 0.065759 , 0.0190441 , 0.0686578 , 0.0417416 , 0.0225212
12.4182 , 0.0844452 , 0.0613237 , 0.0200832 , 0.0778599 , 0.0404941 , 0.0230127
12.453 , 0.0894213 , 0.0565961 , 0.0208893 , 0.0847627 , 0.039742 , 0.0248021
12.4836 , 0.0979865 , 0.0538512 , 0.0207216 , 0.0924308 , 0.0354098 , 0.0257429
12.522 , 0.102619 , 0.0503845 , 0.0208708 , 0.0972866 , 0.0277275 , 0.0293844
12.5582 , 0.106404 , 0.0269516 , 0.0203953 , 0.101311 , 0.0327925 , 0.0329538
12.5897 , 0.110049 , 0.0343119 , 0.0244781 , 0.0924479 , 0.0213216 , 0.0217881
12.6235 , 0.109724 , 0.0304072 , 0.0246552 , 0.0880246 , 0.00732432 , 0.00809342
12.6597 , 0.109472 , 0.0244248 , 0.0225711 , 0.0859017 , 0.000667905 , 0.00157579
12.6913 , 0.108695 , 0.0196791 , 0.0215396 , 0.0817925 , 0.0120013 , 0.000361699
12.7236 , 0.106219 , 0.0108476 , 0.0227494 , 0.0754229 , -0.0016515 , 0.000963477
12.7574 , 0.103704 , 0.00335986 , 0.0224047 , 0.0704849 , -0.00858982 , 0.00175072
12.7951 , 0.100788 , 0.00424699 , 0.0223609 , 0.0693118 , -0.010955 , 0.00033551
12.843 , 0.0968118 , 0.00441279 , 0.0230345 , 0.0696823 , -0.013056 , -0.00180704
12.8758 , 0.0933999 , 0.00375316 , 0.0214083 , 0.0674489 , -0.0310303 , -0.00527115
12.9071 , 0.089273 , -0.0109382 , 0.0195513 , 0.0655369 , -0.00754685 , -0.00481082
12.9403 , 0.0852345 , 0.00543798 , 0.0190607 , 0.0626087 , -0.00661195 , -0.00442529
12.9735 , 0.0776216 , 0.00738938 , 0.0163553 , 0.0589768 , -0.00706947 , -0.00454823
13.0073 , 0.0732369 , 0.00563684 , 0.0127435 , 0.0561056 , -0.0129149 , -0.00413
13.0469 , 0.0680646 , 0.0074242 , 0.00833323 , 0.0554409 , -0.00715675 , -0.00703192
13.0929 , 0.0624648 , 0.0264776 , 0.00395448 , 0.05376 , 0.00512941 , -0.0122511
13.1283 , 0.0563119 , 0.0101828 , 0.00627858 , 0.0480542 , -0.0023223 , -0.0116838
13.1653 , 0.0528663 , 0.0112436 , 0.00365382 , 0.0442999 , -0.0014267 , -0.010444
13.2117 , 0.0449228 , 0.0141219 , 0.00447894 , 0.038604 , -0.00367321 , -0.00929205
13.2479 , 0.040528 , 0.0120832 , 0.00415339 , 0.0340325 , -0.00345891 , -0.00789361
13.2928 , 0.038032 , 0.0123382 , 0.00315889 , 0.0322466 , -0.00292341 , -0.00928383
13.3247 , 0.0347679 , 0.0129796 , 0.00270743 , 0.0295793 , -0.00388317 , -0.0126438
13.3601 , 0.0303347 , 0.0111534 , 0.00197997 , 0.027768 , -0.00455519 , -0.0128196
13.3917 , 0.0288073 , 0.0107614 , 0.0016773 , 0.0292743 , -0.0043014 , -0.0155283
13.4283 , 0.0282557 , 0.0120344 , 0.000802331 , 0.0281842 , -0.00313851 , -0.0162433
13.4592 , 0.0263489 , 0.0122737 , 0.000268608 , 0.0277636 , -0.00327514 , -0.0162439
13.4926 , 0.0248852 , 0.0121439 , -0.000299341 , 0.0274459 , -0.00613751 , -0.0155059
13.5261 , 0.0237123 , 0.0104661 , -0.000566853 , 0.0262446 , -0.00565583 , -0.0149662
13.5595 , 0.0202016 , 0.00897131 , -7.92984e-05 , 0.0250704 , -0.000960417 , -0.0173674
13.5961 , 0.0171055 , 0.0168591 , 0.000146607 , 0.02259 , -0.00827006 , -0.0160533
13.6271 , 0.0187608 , 0.0115475 , 0.000190147 , 0.019798 , -0.00583277 , -0.014658
13.6602 , 0.0180062 , 0.00943805 , 0.000170984 , 0.0179544 , -0.00880908 , -0.013277
13.6958 , 0.015518 , 0.00991837 , -0.000555339 , 0.0179187 , -0.00636035 , -0.0127436
13.7273 , 0.0147211 , 0.00819589 , -0.000614876 , 0.0191765 , -0.00453342 , -0.0136564
13.7639 , 0.0141613 , 0.00748401 , -0.000890579 , 0.0182065 , -0.0058595 , -0.0146316
13.7947 , 0.0125985 , 0.00663324 , -0.0020575 , 0.016891 , -0.00758508 , -0.0150576
13.828 , 0.0124252 , 0.00461195 , -0.00208633 , 0.0159303 , -0.00903347 , -0.015894
13.8634 , 0.0103579 , 0.00420995 , -0.00213764 , 0.0156344 , -0.00961604 , -0.0155312
13.8954 , 0.00825156 , 0.00475563 , -0.00208571 , 0.0139503 , -0.0107972 , -0.0146394
13.9316 , 0.0073445 , 0.00277871 , -0.00231816 , 0.0125827 , -0.0102198 , -0.0139045
13.9626 , 0.00737263 , 0.00229477 , -0.00203387 , 0.0133361 , -0.0108627 , -0.0141511
13.9958 , 0.00572944 , 0.00277781 , -0.00162834 , 0.0116574 , -0.010856 , -0.0132492
14.0313 , 0.00802273 , 0.00173015 , -0.00270608 , 0.0119001 , -0.0126989 , -0.0138756
14.0658 , 0.00731393 , 0.00136386 , -0.00273351 , 0.0124732 , -0.0137176 , -0.0147731
14.097 , 0.00729152 , -0.00141132 , -0.00230005 , 0.0122535 , -0.0144962 , -0.0149752
14.1302 , 0.00714465 , -0.00147752 , -0.00331146 , 0.0140086 , -0.0142388 , -0.0149101
14.1652 , 0.00730174 , -0.00204673 , -0.00313381 , 0.0151907 , -0.015862 , -0.0144935
14.1986 , 0.00783434 , -0.00320161 , -0.00291032 , 0.0146665 , -0.0164352 , -0.014711
14.2353 , 0.0080624 , -0.00335996 , -0.00296689 , 0.013102 , -0.0176581 , -0.0152438
14.2686 , 0.00871161 , -0.00505677 , -0.00328524 , 0.0121425 , -0.0197714 , -0.0162383
14.301 , 0.00819883 , -0.00456872 , -0.00217368 , 0.0122566 , -0.0187714 , -0.0161448
14.3337 , 0.0087981 , -0.00404328 , -0.00161974 , 0.0134641 , -0.0180437 , -0.0139979
14.3662 , 0.00915935 , -0.00340274 , -0.00169997 , 0.0140488 , -0.0174041 , -0.0133771
14.4025 , 0.00918764 , -0.00517962 , -0.00164242 , 0.013094 , -0.0182538 , -0.0134708
14.4371 , 0.00918764 , -0.00517962 , -0.00164242 , 0.0139686 , -0.0192117 , -0.0133841
14.4756 , 0.00950341 , -0.00560574 , -0.00160993 , 0.0155528 , -0.0184477 , -0.0135396
14.52 , 0.010994 , -0.00408022 , -0.000947512 , 0.0156644 , -0.0182356 , -0.0136469
14.5517 , 0.0112113 , -0.00223679 , -0.000264845 , 0.0160777 , -0.0169936 , -0.0130697
14.5855 , 0.0110892 , -0.00474108 , -0.000537226 , 0.0155401 , -0.0180791 , -0.0123687
14.6246 , 0.0113662 , -0.00350418 , -0.000743341 , 0.01405 , -0.017581 , -0.0123825
14.6738 , 0.0117203 , -0.00169069 , -0.000445036 , 0.0144718 , -0.0161808 , -0.0119525
14.7234 , 0.0121355 , -0.0023963 , -0.000191542 , 0.0163634 , -0.0161353 , -0.0117081
14.7721 , 0.0119069 , -0.00221075 , -0.000590699 , 0.0177148 , -0.0148075 , -0.01168
14.8111 , 0.0112471 , -0.00331581 , -0.00229441 , 0.0175321 , -0.0171993 , -0.0130649
14.8603 , 0.0112392 , -0.00162787 , -0.00193158 , 0.0177225 , -0.0134233 , -0.0113782
14.9045 , 0.0129875 , 0.00192316 , -0.000366193 , 0.0179862 , -0.0126958 , -0.01019
14.9385 , 0.0129905 , 0.00120318 , -0.00012481 , 0.0165676 , -0.0130452 , -0.0105204
14.9697 , 0.0125586 , 0.00187772 , -0.000446037 , 0.0160779 , -0.0122834 , -0.0119185
15.0024 , 0.0121979 , 0.00121759 , -0.000332361 , 0.0162948 , -0.0127031 , -0.0117415
15.0359 , 0.0109967 , 0.00194651 , -0.000163089 , 0.016405 , -0.0125641 , -0.0115728
15.0723 , 0.0108707 , 0.000604601 , -0.000578182 , 0.0164419 , -0.0130723 , -0.0116903
15.1101 , 0.0108996 , 0.00121174 , -0.000191299 , 0.0155124 , -0.0111895 , -0.0105028
15.1562 , 0.0112076 , 0.00250295 , -1.96562e-05 , 0.0151842 , -0.0120634 , -0.00994456
15.1875 , 0.0118835 , 0.00242599 , -6.04219e-05 , 0.0169685 , -0.0110497 , -0.0105019
15.2226 , 0.0116496 , 0.00323223 , -5.295e-05 , 0.0174324 , -0.0117484 , -0.0107855
15.2543 , 0.0116242 , 0.00275792 , -0.000227799 , 0.0154478 , -0.0116908 , -0.0113668
15.2897 , 0.0119519 , 0.000330549 , -0.00138963 , 0.0157152 , -0.0130713 , -0.012898
15.321 , 0.012294 , 0.00247676 , 0.000107313 , 0.0169183 , -0.0123957 , -0.012256
15.3555 , 0.0110891 , 0.00338137 , -0.000194599 , 0.0174169 , -0.0115767 , -0.0110744
15.389 , 0.0112119 , 0.00283378 , -0.000296132 , 0.0172233 , -0.0116019 , -0.010746
15.4239 , 0.00905882 , 0.00453 , 0.000968578 , 0.0163144 , -0.0110883 , -0.0123986
15.4553 , 0.010361 , 0.00429322 , -0.000475041 , 0.0158214 , -0.0115577 , -0.0127029
15.4906 , 0.0104881 , 0.00232219 , -0.00015802 , 0.0157003 , -0.0136002 , -0.011382
15.5256 , 0.01037 , 0.00119147 , -0.000295899 , 0.0160757 , -0.0138003 , -0.0109791
15.5569 , 0.0102171 , 0.00095091 , -0.000154225 , 0.0156044 , -0.0118192 , -0.0108371
15.5915 , 0.00969736 , 0.00330237 , -0.000220414 , 0.0150565 , -0.0113868 , -0.0110843
15.6269 , 0.00787854 , 0.00270272 , 0.000209442 , 0.0136116 , -0.0112508 , -0.00966325
15.6608 , 0.00929685 , 0.00378717 , 0.000102938 , 0.0133704 , -0.00984494 , -0.00941785
15.692 , 0.00947709 , 0.00246934 , 7.72659e-05 , 0.0148922 , -0.0107789 , -0.0106276
15.7308 , 0.011534 , 0.00157276 , 0.000195632 , 0.0154424 , -0.0153684 , -0.0131912
15.7751 , 0.0095896 , -0.000526192 , -0.00111092 , 0.0154239 , -0.0144174 , -0.0117972
15.8076 , 0.0103616 , -3.9233e-05 , -0.000399094 , 0.0161221 , -0.0146054 , -0.0103766
15.8411 , 0.00968961 , 0.0032251 , -0.000424089 , 0.0169055 , -0.0125039 , -0.00967249
15.8776 , 0.00945036 , 0.00269174 , -0.000478529 , 0.0171868 , -0.0120873 , -0.0104753
15.9116 , 0.00956531 , 0.00174158 , -0.000294625 , 0.0163897 , -0.0130434 , -0.0116195
15.9427 , 0.00959564 , 0.00141824 , -0.000292861 , 0.0156691 , -0.0144208 , -0.0116564
15.9753 , 0.0100626 , 0.000298418 , -0.00038438 , 0.0166008 , -0.0134967 , -0.0110639
16.0088 , 0.0115129 , 0.000894647 , 0.000223038 , 0.0165814 , -0.0162372 , -0.0109669
16.0455 , 0.0103923 , 0.00123239 , -0.000531981 , 0.0155277 , -0.0144781 , -0.0113196
16.0796 , 0.0103324 , 0.00121907 , -0.000323895 , 0.0121775 , -0.0113228 , -0.00833998
16.1117 , 0.00845852 , 0.0019017 , 0.000200021 , 0.0138877 , -0.0135862 , -0.0103608
16.1432 , 0.0108098 , -0.00020301 , -0.000458698 , 0.0153757 , -0.0141077 , -0.0128962
16.1767 , 0.0124003 , 0.00068179 , -4.7078e-06 , 0.0148811 , -0.0187969 , -0.0151218
16.2132 , 0.0115543 , -0.00104637 , -0.00128192 , 0.0135961 , -0.0160636 , -0.0119955
16.2445 , 0.00970876 , -0.00047559 , 0.000426178 , 0.0149994 , -0.0154511 , -0.0107101
16.2774 , 0.0117 , 2.06578e-05 , 8.57892e-05 , 0.0141846 , -0.0127585 , -0.00842766
16.3118 , 0.0113293 , 0.00108095 , 7.03951e-05 , 0.0119421 , -0.0122934 , -0.00538838
16.3466 , 0.00915454 , 0.00118359 , 0.000343391 , 0.014012 , -0.0141641 , -0.00908639
16.378 , 0.0127699 , -0.000455098 , 6.64101e-05 , 0.0170796 , -0.0204647 , -0.0154025
16.4144 , 0.0108754 , -0.00391139 , -0.00152579 , 0.0181108 , -0.0164826 , -0.0140464
16.4585 , 0.0118533 , -0.00173837 , -0.000496576 , 0.0172641 , -0.0159994 , -0.0113732
16.5073 , 0.0113073 , 0.000219481 , -0.000603543 , 0.0165201 , -0.0155113 , -0.0112673
16.557 , 0.00941425 , -9.0058e-05 , 0.000160195 , 0.0151137 , -0.0145724 , -0.0101693
16.5995 , 0.0108517 , 0.000975033 , -0.00010937 , 0.0151729 , -0.0136467 , -0.0101341
16.636 , 0.0111603 , 2.7973e-05 , -0.000591899 , 0.0159673 , -0.0137237 , -0.0108078
16.6856 , 0.0111603 , 2.7973e-05 , -0.000591899 , 0.016124 , -0.0140192 , -0.0112389
16.7372 , 0.0128104 , -8.69676e-05 , -0.000550231 , 0.0169866 , -0.0141005 , -0.0119164
16.7854 , 0.0100966 , -0.00249162 , -0.000201141 , 0.0182439 , -0.0132317 , -0.0132301
16.8232 , 0.0115629 , 0.000747316 , -0.000725868 , 0.017876 , -0.0139499 , -0.0136107
16.8659 , 0.0120323 , 0.00127342 , -0.000343365 , 0.0183264 , -0.0135735 , -0.0119342
16.8995 , 0.0120323 , 0.00127342 , -0.000343365 , 0.018006 , -0.0146561 , -0.0110261
16.9329 , 0.0122885 , -0.000285691 , -0.000943994 , 0.0165895 , -0.0147827 , -0.0113244
16.9713 , 0.0130112 , -0.00149412 , -0.000937236 , 0.017729 , -0.0155519 , -0.0121747
17.019 , 0.0131977 , -1.69038e-05 , -0.000446615 , 0.0184448 , -0.0129706 , -0.0116143
17.0555 , 0.0134026 , 0.000392611 , -0.000203153 , 0.0161838 , -0.0126121 , -0.0113742
17.1013 , 0.0128416 , 0.00128642 , -0.000476855 , 0.0157554 , -0.0123166 , -0.0116756
17.1358 , 0.0131096 , 0.0016896 , -0.000263728 , 0.0167507 , -0.0125274 , -0.0113842
17.1669 , 0.0131241 , 0.00135897 , -0.000281288 , 0.0180085 , -0.0151736 , -0.011797
17.2003 , 0.013789 , 0.000337171 , -0.000535077 , 0.0188008 , -0.0143999 , -0.011967
17.2335 , 0.013789 , 0.000337171 , -0.000535077 , 0.0187448 , -0.0142962 , -0.0118167
17.2691 , 0.013789 , 0.000337171 , -0.000535077 , 0.0182244 , -0.0152029 , -0.0118046
17.304 , 0.0134755 , 0.00144282 , -0.000157755 , 0.0170652 , -0.0142269 , -0.0114301
17.3412 , 0.0137325 , 0.00252164 , 9.30112e-05 , 0.0179352 , -0.0125858 , -0.0115166
17.3891 , 0.0137275 , 0.00272275 , 0.00019663 , 0.0184651 , -0.0121731 , -0.0117125
17.4287 , 0.0134579 , 0.00121474 , 2.2038e-06 , 0.0182343 , -0.0127241 , -0.0116773
17.4714 , 0.0134579 , 0.00121474 , 2.2038e-06 , 0.0181848 , -0.0130276 , -0.0114956
17.5061 , 0.0134579 , 0.00121474 , 2.2038e-06 , 0.0182592 , -0.0132186 , -0.0113906
17.5428 , 0.0136593 , 0.00143579 , 0.000789082 , 0.0190035 , -0.0131186 , -0.0109178
17.5868 , 0.0130361 , 0.00289889 , 0.000436596 , 0.0182938 , -0.0119297 , -0.0108373
17.6193 , 0.0131286 , 0.00235037 , 0.000492345 , 0.0172769 , -0.0102051 , -0.0104608
17.653 , 0.014218 , 0.00311576 , 0.00108128 , 0.0174398 , -0.0129059 , -0.0105632
17.6895 , 0.0128298 , 0.00293179 , 8.3845e-05 , 0.0173822 , -0.0122584 , -0.0111485
17.724 , 0.0128298 , 0.00293179 , 8.3845e-05 , 0.017375 , -0.0119266 , -0.0114259
17.7551 , 0.0111971 , 0.000888902 , 0.000411284 , 0.0186502 , -0.012283 , -0.012372
17.7943 , 0.0130266 , 0.00199621 , 0.000613034 , 0.0185032 , -0.0125699 , -0.0121192
17.8446 , 0.0129045 , 0.0026139 , 0.000679871 , 0.0186892 , -0.0119529 , -0.0108821
17.9101 , 0.0129045 , 0.0026139 , 0.000679871 , 0.0183756 , -0.0117059 , -0.00997249
17.9431 , 0.0131842 , 0.000860207 , -1.31083e-06 , 0.0175559 , -0.00806451 , -0.00990444
17.9783 , 0.0133595 , 0.00203513 , 1.33746e-05 , 0.0172 , -0.0098644 , -0.00996149
18.0274 , 0.011101 , 0.00208334 , 0.000784822 , 0.018918 , -0.0105403 , -0.0112859
