501

0.020882 , -0.000604128 , -0.0225427 , -0.000916587 , 0.00895874 , -0.0226836 , 0.00717013
0.054045 , -7.18335e-05 , -0.0235568 , -0.000842982 , 0.00197005 , -0.0234395 , 0.0268466
0.087796 , 0.000453289 , -0.0243242 , -0.000634476 , -0.00531474 , -0.0238469 , 0.0339787
0.124179 , 0.00048942 , -0.0237217 , -0.00111053 , 0.000877122 , -0.0276372 , 0.0175448
0.158721 , 0.00105473 , -0.0232059 , -0.00081167 , 0.00547284 , -0.0312219 , 0.00164792
0.192861 , 0.0013746 , -0.0231317 , -0.000779921 , 0.00513048 , -0.0325941 , -0.000361425
0.225502 , 0.0013746 , -0.0231317 , -0.000779921 , 0.00401897 , -0.032927 , 0.00238574
0.257576 , 0.00116618 , -0.0231566 , -0.000996584 , 0.00473031 , -0.0322621 , 0.00396778
0.290589 , 0.00120941 , -0.0224968 , -0.000775715 , 0.00756864 , -0.0307341 , 0.00409603
0.323218 , 0.00120941 , -0.0224968 , -0.000775715 , 0.0116328 , -0.0297929 , 0.00396586
0.359751 , 0.00159615 , -0.0237916 , -0.000361844 , 0.0155238 , -0.029174 , 0.00409018
0.3983 , 0.0013342 , -0.0223981 , -0.00079085 , 0.0181705 , -0.0279095 , 0.00415858
0.444617 , 0.0013342 , -0.0223981 , -0.00079085 , 0.0197429 , -0.0276485 , 0.0051775
0.480799 , 0.0013342 , -0.0223981 , -0.00079085 , 0.0200359 , -0.0278401 , 0.00579145
0.5301 , 0.00206881 , -0.0238476 , -0.000426128 , 0.0195483 , -0.0290807 , 0.005605
0.573246 , 0.00206881 , -0.0238476 , -0.000426128 , 0.0185969 , -0.029501 , 0.00564783
0.613303 , 0.00172043 , -0.0236386 , -0.00084983 , 0.0174679 , -0.0299627 , 0.00547917
0.646676 , 0.00172043 , -0.0236386 , -0.00084983 , 0.0159809 , -0.0301049 , 0.00514504
0.681553 , 0.00223119 , -0.0232053 , -0.000810976 , 0.014119 , -0.0298431 , 0.00432846
0.713328 , 0.00223119 , -0.0232053 , -0.000810976 , 0.0134765 , -0.0296828 , 0.00441131
0.750684 , 0.00243909 , -0.0231723 , -0.000812556 , 0.0127125 , -0.0293689 , 0.00379837
0.795257 , 0.00240927 , -0.0235182 , -0.000757546 , 0.0122797 , -0.029362 , 0.00333453
0.827005 , 0.00240927 , -0.0235182 , -0.000757546 , 0.0131828 , -0.0293071 , 0.00283456
0.862966 , 0.00261591 , -0.0242426 , -0.000705109 , 0.0140831 , -0.029652 , 0.00247396
0.898545 , 0.00239851 , -0.0239703 , -0.00107897 , 0.0135199 , -0.0296006 , 0.00216549
0.936522 , 0.00276618 , -0.0231749 , -0.000872477 , 0.0132388 , -0.0292103 , 0.00212709
0.978675 , 0.00277454 , -0.0235088 , -0.000872123 , 0.0138753 , -0.0293333 , 0.00228216
1.01109 , 0.00274604 , -0.0242766 , -0.000516898 , 0.0144674 , -0.0297896 , 0.00224767
1.04452 , 0.00284299 , -0.0236427 , -0.000307466 , 0.015225 , -0.0295163 , 0.00241334
1.08136 , 0.00238425 , -0.0235236 , -0.000965021 , 0.0154983 , -0.0294168 , 0.00208541
1.11248 , 0.00215995 , -0.0242654 , -0.00128236 , 0.0150467 , -0.0299295 , 0.00188974
1.14533 , 0.00224038 , -0.0231673 , -0.000802672 , 0.0147896 , -0.0295198 , 0.00203339
1.17887 , 0.00215341 , -0.0236538 , -0.000523643 , 0.0151886 , -0.0295801 , 0.00195692
1.2123 , 0.00222082 , -0.02339 , -0.000563321 , 0.0154309 , -0.0292931 , 0.00186377
1.25194 , 0.0014342 , -0.0249756 , -0.000954344 , 0.0149969 , -0.0297026 , 0.00173054
1.28513 , 0.00144064 , -0.0249642 , -0.000520803 , 0.0143283 , -0.0274062 , 0.00171457
1.31885 , 0.00160465 , -0.0253559 , -0.000587914 , 0.0144631 , -0.0294078 , 0.00166978
1.35105 , 0.0015632 , -0.0240268 , -0.000681765 , 0.0141782 , -0.0286146 , 0.00167476
1.38955 , 0.00123613 , -0.0238791 , -0.000978944 , 0.0139721 , -0.0297799 , 0.00138408
1.4326 , 0.00111734 , -0.0244731 , -0.000625552 , 0.0141691 , -0.0299665 , 0.00125771
1.46471 , 0.000940652 , -0.0249705 , -0.0004206 , 0.0141826 , -0.0292478 , 0.00154211
1.50419 , 0.00104976 , -0.0246893 , -0.000127217 , 0.0141765 , -0.0299234 , 0.00162021
1.54988 , 0.000726813 , -0.0244546 , -0.000529107 , 0.0139648 , -0.0282718 , 0.00146503
1.58424 , 0.000538242 , -0.0228457 , -0.000767064 , 0.013937 , -0.0284812 , 0.000928344
1.61582 , 1.7588e-05 , -0.0237376 , -0.000634347 , 0.0138016 , -0.0292733 , 0.000885272
1.65428 , 0.000187792 , -0.0242311 , -0.000251755 , 0.0136116 , -0.0306844 , 0.00136791
1.68633 , -0.000155114 , -0.0243582 , 0.000235521 , 0.013514 , -0.0305035 , 0.00171141
1.71744 , -0.000887998 , -0.0251617 , 0.000467928 , 0.0129628 , -0.0300581 , 0.00164486
1.74921 , -0.000956049 , -0.0239503 , 0.000636621 , 0.0128421 , -0.0300363 , 0.00156992
1.78613 , -0.000857383 , -0.0246262 , 0.00060056 , 0.0128021 , -0.0298351 , 0.000865418
1.82081 , -0.000939364 , -0.0241695 , -1.93003e-05 , 0.0134446 , -0.0299172 , 0.000669397
1.85998 , -0.000764408 , -0.0232445 , 0.000335361 , 0.0136213 , -0.0301949 , 0.00108985
1.90423 , -0.00100687 , -0.0247107 , 0.000633021 , 0.0135133 , -0.029934 , 0.00120435
1.93718 , -0.000783472 , -0.0249081 , 0.000931571 , 0.0136035 , -0.029254 , 0.00158924
1.96874 , -0.000440005 , -0.023202 , 0.000596111 , 0.0138607 , -0.0289238 , 0.00108371
2.00467 , 5.2833e-05 , -0.0223133 , 0.00038361 , 0.0138316 , -0.0274744 , 0.00136657
2.03619 , 8.74327e-05 , -0.0214611 , 0.000712864 , 0.0139626 , -0.0279356 , 0.00160953
2.07236 , 0.00105113 , -0.0220192 , 0.000504369 , 0.01414 , -0.0278638 , 0.00149548
2.10488 , 0.00247456 , -0.0215095 , 0.000812617 , 0.0155005 , -0.0288056 , 0.00113492
2.13639 , 0.00342087 , -0.0216416 , 0.000466962 , 0.0169366 , -0.028035 , 0.000604441
2.17107 , 0.00299796 , -0.0223359 , -7.81113e-05 , 0.0169403 , -0.0278018 , 0.000595947
2.20886 , 0.00273123 , -0.0225751 , 8.5465e-05 , 0.0166916 , -0.0280728 , 0.000402686
2.26177 , 0.00297472 , -0.0217505 , 0.000183936 , 0.0164493 , -0.0272052 , 0.000958926
2.31021 , 0.0028776 , -0.0220076 , 0.000393295 , 0.0163968 , -0.025118 , 0.0018783
2.35699 , 0.00299024 , -0.020984 , 0.00112868 , 0.0169374 , -0.0265098 , 0.00178227
2.38951 , 0.00303404 , -0.0200682 , -1.62334e-05 , 0.0170322 , -0.0281449 , 0.00111544
2.42752 , 0.00321355 , -0.0224147 , -0.000304523 , 0.0168649 , -0.0289894 , 0.00126464
2.47498 , 0.00415549 , -0.0240445 , -0.000323684 , 0.0174203 , -0.0287907 , 0.00150208
2.50968 , 0.00463815 , -0.0243713 , -0.000435323 , 0.0180716 , -0.0300583 , 0.000719759
2.54435 , 0.00501439 , -0.0256007 , -0.000517655 , 0.0183535 , -0.0320445 , 0.000475817
2.59286 , 0.00533583 , -0.0270692 , -0.000537698 , 0.0190619 , -0.0341719 , -4.80157e-05
2.62801 , 0.00602021 , -0.0279971 , -7.57879e-05 , 0.0194083 , -0.0343039 , -0.000236721
2.67492 , 0.00682889 , -0.0285127 , -0.000663647 , 0.0197506 , -0.0335541 , 0.000437806
2.70612 , 0.00664049 , -0.0305258 , -0.000428271 , 0.0196396 , -0.0377093 , -0.000290526
2.73899 , 0.0062133 , -0.0341538 , -0.00128372 , 0.0199613 , -0.0398575 , -0.000995859
2.77261 , 0.00718766 , -0.0327136 , -0.000253257 , 0.0201472 , -0.0389134 , -9.24173e-05
2.80904 , 0.00425122 , -0.0395902 , -0.00278168 , 0.0198281 , -0.0427021 , -0.00150712
2.84326 , 0.00576952 , -0.0423302 , -0.00229739 , 0.0199004 , -0.0416141 , -0.00207309
2.87412 , 0.00786671 , -0.0392463 , -0.000372866 , 0.0212144 , -0.0419558 , -0.000777943
2.90701 , 0.0077616 , -0.0464412 , -0.000185139 , 0.0224384 , -0.0439184 , -0.000277014
2.94015 , 0.00907557 , -0.0456088 , -0.000210939 , 0.0221346 , -0.0445018 , -0.000649446
2.99259 , 0.010065 , -0.0489856 , -0.000619061 , 0.0244422 , -0.0520979 , -0.0019664
3.02402 , 0.0105136 , -0.0523632 , -0.00250166 , 0.0232123 , -0.0518854 , -0.00461021
3.06053 , 0.00954876 , -0.054802 , -0.00201982 , 0.0236752 , -0.0528278 , -0.00773111
3.09508 , 0.0111005 , -0.0520265 , -0.00447174 , 0.023608 , -0.0563063 , -0.0099854
3.12628 , 0.0096162 , -0.0609567 , -0.00634199 , 0.0229643 , -0.052957 , -0.0124395
3.15829 , 0.0080421 , -0.0635498 , -0.00681933 , 0.0224945 , -0.052086 , -0.0162826
3.1919 , 0.00761541 , -0.061518 , -0.00792147 , 0.0220897 , -0.0547419 , -0.0207624
3.22836 , 0.00686335 , -0.0581106 , -0.00951284 , 0.0216289 , -0.0563178 , -0.0256622
3.2777 , 0.00640643 , -0.0617568 , -0.0107363 , 0.0215208 , -0.0556981 , -0.0297141
3.30947 , 0.00748838 , -0.0612124 , -0.0129966 , 0.0208696 , -0.0533347 , -0.0319027
3.34585 , 0.00618182 , -0.0611004 , -0.0130695 , 0.0208397 , -0.0531585 , -0.0355834
3.37547 , 0.00468059 , -0.0612648 , -0.0137337 , 0.0203914 , -0.0477704 , -0.0469401
3.41039 , 0.00667372 , -0.0620756 , -0.0148293 , 0.0142756 , -0.0472412 , -0.0583093
3.44394 , 0.00777536 , -0.0614373 , -0.0142266 , 0.0133063 , -0.050755 , -0.0629278
3.47804 , 0.00901766 , -0.0641436 , -0.0136022 , 0.0133552 , -0.0575948 , -0.0590991
3.51503 , 0.00971613 , -0.0654346 , -0.012781 , 0.0114123 , -0.0662534 , -0.0504971
3.54855 , 0.0119426 , -0.0642854 , -0.0133693 , 0.0108501 , -0.0667706 , -0.0424626
3.57841 , 0.0123938 , -0.0653675 , -0.0122512 , 0.0106459 , -0.0697905 , -0.03603
3.60919 , 0.0127016 , -0.0657521 , -0.011374 , 0.0112057 , -0.0682764 , -0.0322498
3.64547 , 0.0154598 , -0.0648113 , -0.012136 , 0.0130567 , -0.0657659 , -0.0314569
3.6761 , 0.0152976 , -0.0639303 , -0.0132732 , 0.0152828 , -0.0587068 , -0.0325396
3.71089 , 0.0153043 , -0.0594426 , -0.0141483 , 0.0170042 , -0.0561947 , -0.0327917
3.74329 , 0.015643 , -0.0615971 , -0.012349 , 0.0173913 , -0.0556748 , -0.0316164
3.78275 , 0.0151272 , -0.0616644 , -0.0116891 , 0.0165694 , -0.0565071 , -0.0309645
3.81196 , 0.0148534 , -0.0621962 , -0.0120011 , 0.0136778 , -0.0536418 , -0.0326072
3.84633 , 0.0153195 , -0.0595905 , -0.0125664 , 0.011851 , -0.0546226 , -0.034109
3.87998 , 0.0160913 , -0.0569417 , -0.0128554 , 0.011751 , -0.0581198 , -0.0354966
3.91437 , 0.017265 , -0.0583735 , -0.0138637 , 0.0121293 , -0.0598508 , -0.036905
3.9481 , 0.0181392 , -0.0593425 , -0.0142676 , 0.0131775 , -0.0613593 , -0.0370361
3.97967 , 0.0187209 , -0.0594894 , -0.0144428 , 0.0141294 , -0.0607666 , -0.0364482
4.01516 , 0.0198907 , -0.0579493 , -0.0142341 , 0.0149638 , -0.0643438 , -0.0364713
4.05178 , 0.0213817 , -0.0589298 , -0.0160147 , 0.015948 , -0.0621036 , -0.0368898
4.08235 , 0.0233224 , -0.0627053 , -0.0166799 , 0.0178093 , -0.0620473 , -0.0377625
4.12096 , 0.0264338 , -0.0630461 , -0.0186441 , 0.0206579 , -0.0670204 , -0.0391279
4.16639 , 0.0298139 , -0.0667401 , -0.0197642 , 0.0235787 , -0.0688464 , -0.0403232
4.20721 , 0.0332672 , -0.0688931 , -0.0202834 , 0.0253761 , -0.0764944 , -0.0369565
4.25672 , 0.0378585 , -0.0698521 , -0.0210032 , 0.0296354 , -0.0862168 , -0.0335675
4.30654 , 0.0427953 , -0.0695198 , -0.0210711 , 0.0343663 , -0.0875079 , -0.0358456
4.35656 , 0.0498055 , -0.070341 , -0.0201302 , 0.0414207 , -0.0900822 , -0.0300983
4.40622 , 0.0582776 , -0.0690305 , -0.0171685 , 0.0501229 , -0.0894285 , -0.0194875
4.45319 , 0.0687587 , -0.0655779 , -0.0125017 , 0.0541702 , -0.0877562 , -0.00789949
4.4913 , 0.0807688 , -0.0628804 , -0.00904215 , 0.058961 , -0.0860496 , 0.000816262
4.53889 , 0.0984378 , -0.0637769 , -0.00740951 , 0.0688819 , -0.0899511 , 0.00878109
4.57005 , 0.119139 , -0.0716305 , -0.00538939 , 0.0767013 , -0.0878108 , 0.0119332
4.60088 , 0.150302 , -0.0712262 , -0.00946847 , 0.0854607 , -0.102428 , 0.0157382
4.639 , 0.185276 , -0.0848514 , -0.0140235 , 0.101872 , -0.107371 , 0.016069
4.67786 , 0.227076 , -0.088937 , -0.0185259 , 0.128427 , -0.114403 , 0.00868804
4.72558 , 0.278463 , -0.0997274 , -0.0290123 , 0.164315 , -0.123661 , 0.0011646
4.77461 , 0.337864 , -0.109822 , -0.0420996 , 0.209537 , -0.137072 , -0.0111757
4.82752 , 0.40458 , -0.115031 , -0.0572128 , 0.26212 , -0.139173 , -0.0254767
4.8752 , 0.476412 , -0.118469 , -0.068022 , 0.317305 , -0.147137 , -0.0364506
4.91256 , 0.548284 , -0.12283 , -0.0752048 , 0.372311 , -0.159112 , -0.0438654
4.96114 , 0.619566 , -0.128572 , -0.0786498 , 0.522424 , -0.156289 , -0.0719008
5.01043 , 0.686629 , -0.131003 , -0.0799185 , 0.698821 , -0.133565 , -0.100863
5.05992 , 0.747797 , -0.131511 , -0.0792495 , 0.815873 , -0.116752 , -0.0974425
5.09525 , 0.799852 , -0.126248 , -0.0714041 , 0.879243 , -0.106707 , -0.0799925
5.14229 , 0.842394 , -0.114962 , -0.0621995 , 0.912784 , -0.104371 , -0.0616616
5.17384 , 0.876206 , -0.100892 , -0.0478049 , 0.929441 , -0.0974384 , -0.0450253
5.20865 , 0.899395 , -0.0871657 , -0.0379246 , 0.936921 , -0.0833672 , -0.0334005
5.23753 , 0.913659 , -0.0741913 , -0.028841 , 0.939127 , -0.0742369 , -0.0282732
5.27293 , 0.918541 , -0.0677094 , -0.0294727 , 0.935019 , -0.0710466 , -0.029506
5.30354 , 0.914088 , -0.0717895 , -0.0353203 , 0.923479 , -0.074239 , -0.03669
5.33866 , 0.900542 , -0.0742614 , -0.040165 , 0.903549 , -0.0763519 , -0.0445389
5.37675 , 0.877863 , -0.0805843 , -0.0478208 , 0.875881 , -0.077567 , -0.0527287
5.41556 , 0.847118 , -0.0868724 , -0.0563844 , 0.841294 , -0.0835276 , -0.0606814
5.46293 , 0.80851 , -0.0984316 , -0.0661508 , 0.800616 , -0.0908972 , -0.0685013
5.50963 , 0.762443 , -0.10138 , -0.0704011 , 0.753006 , -0.10045 , -0.0763111
5.54425 , 0.709983 , -0.108743 , -0.0751086 , 0.699494 , -0.110945 , -0.0793512
5.57239 , 0.652407 , -0.115947 , -0.0756909 , 0.640702 , -0.118993 , -0.0822313
5.60526 , 0.591006 , -0.125534 , -0.0762673 , 0.577984 , -0.13144 , -0.0835988
5.6406 , 0.527275 , -0.142657 , -0.0762275 , 0.513477 , -0.14576 , -0.0809381
5.67425 , 0.464286 , -0.159602 , -0.0726286 , 0.449096 , -0.16248 , -0.0764728
5.70868 , 0.402659 , -0.174967 , -0.0661063 , 0.386823 , -0.177735 , -0.071491
5.73938 , 0.342901 , -0.186785 , -0.0596659 , 0.327181 , -0.188413 , -0.0646934
5.77393 , 0.285586 , -0.195953 , -0.0533786 , 0.270962 , -0.194573 , -0.0588972
5.81348 , 0.231778 , -0.200988 , -0.0466438 , 0.217962 , -0.203567 , -0.0523175
5.84773 , 0.181718 , -0.205378 , -0.0394676 , 0.168624 , -0.206829 , -0.0444244
5.88156 , 0.135898 , -0.207534 , -0.0327948 , 0.124144 , -0.207 , -0.0367705
5.91005 , 0.0950695 , -0.205761 , -0.026822 , 0.0839564 , -0.207129 , -0.0294201
5.943 , 0.0598427 , -0.202661 , -0.0202739 , 0.0499152 , -0.202672 , -0.0220834
5.97976 , 0.030699 , -0.200083 , -0.0122329 , 0.0223751 , -0.199155 , -0.0140991
6.013 , 0.00880693 , -0.19609 , -0.00557894 , 0.00173508 , -0.195452 , -0.00673776
6.0475 , -0.00547172 , -0.191428 , -0.000966775 , -0.0127109 , -0.187431 , -0.00107795
6.07745 , -0.0133529 , -0.184043 , 0.000954018 , -0.0228671 , -0.184421 , 0.00345345
6.11064 , -0.0137868 , -0.176626 , 0.000799024 , 0.044034 , -0.166207 , -0.000139243
6.14701 , -0.0100538 , -0.170986 , 0.00147635 , 0.0617483 , -0.166827 , 0.018726
6.1825 , -0.00784818 , -0.168038 , 0.00274548 , 0.0431553 , -0.166572 , 0.0417568
6.21737 , -0.0160044 , -0.168272 , 0.0033786 , 0.0190766 , -0.169093 , 0.0336507
6.25078 , -0.0281787 , -0.164256 , 0.00699107 , 0.00249433 , -0.171066 , 0.0200175
6.28472 , -0.0295834 , -0.161024 , 0.00641169 , -0.00227883 , -0.166616 , 0.00747362
6.33163 , -0.0248238 , -0.164539 , 0.00181727 , -0.00152983 , -0.163816 , -0.000440053
6.37338 , -0.0214039 , -0.157815 , 0.00103449 , 0.000728848 , -0.146825 , -0.00632789
6.41487 , -0.0200153 , -0.149386 , -0.000779775 , 0.00157819 , -0.135951 , -0.0107288
6.44848 , -0.0218798 , -0.139068 , -0.00413422 , -0.00147544 , -0.126803 , -0.0142431
6.48106 , -0.0250406 , -0.133764 , -0.00536407 , -0.00586613 , -0.120444 , -0.020133
6.51779 , -0.0322742 , -0.128756 , -0.00722571 , -0.0117881 , -0.120017 , -0.0249465
6.55285 , -0.0387596 , -0.130545 , -0.0082315 , -0.016863 , -0.114013 , -0.0270971
6.58417 , -0.0421392 , -0.127876 , -0.0101818 , -0.015873 , -0.118611 , -0.0262983
6.61561 , -0.0426268 , -0.12851 , -0.0106643 , -0.0139161 , -0.122297 , -0.0289388
6.64846 , -0.0398423 , -0.13239 , -0.0112128 , -0.0166762 , -0.12786 , -0.0266631
6.68923 , -0.0371774 , -0.136792 , -0.0131035 , -0.0152651 , -0.13496 , -0.0224005
6.73308 , -0.0299038 , -0.130131 , -0.0128617 , -0.0124772 , -0.143209 , -0.0174765
6.76676 , -0.0240116 , -0.129288 , -0.0142001 , -0.011102 , -0.152312 , -0.0141731
6.79678 , -0.0200908 , -0.130478 , -0.0132221 , -0.00939036 , -0.150674 , -0.0131932
6.83136 , -0.0180913 , -0.130465 , -0.0151248 , -0.00786708 , -0.143078 , -0.0106997
6.86562 , -0.0166692 , -0.128078 , -0.0152901 , -0.0102519 , -0.141778 , -0.00866148
6.89933 , -0.01678 , -0.12931 , -0.0140381 , -0.0110547 , -0.140335 , -0.00763144
6.93383 , -0.0157817 , -0.127324 , -0.0146914 , -0.0115673 , -0.130212 , -0.00698504
6.96781 , -0.0129766 , -0.117488 , -0.0155147 , -0.0132809 , -0.131777 , -0.00627414
7.00093 , -0.0129293 , -0.119837 , -0.0163371 , -0.0100278 , -0.12446 , -0.00854303
7.03198 , -0.00915876 , -0.112673 , -0.0205204 , -0.00881764 , -0.118405 , -0.0108946
7.067 , -0.0085084 , -0.110442 , -0.0228698 , -0.00814382 , -0.120561 , -0.0132182
7.10139 , -0.00724131 , -0.109 , -0.0256415 , -0.00876893 , -0.117665 , -0.015869
7.13205 , -0.00642032 , -0.107473 , -0.0265053 , -0.00926334 , -0.117157 , -0.0181225
7.17037 , -0.00533433 , -0.105668 , -0.0295414 , -0.00898574 , -0.115534 , -0.0205159
7.20355 , -0.00580874 , -0.103533 , -0.0305467 , -0.00960539 , -0.111559 , -0.0215777
7.23277 , -0.0057865 , -0.0991735 , -0.0313357 , -0.0108553 , -0.110176 , -0.0221089
7.27087 , -0.00649895 , -0.0979147 , -0.0327794 , -0.0118129 , -0.106983 , -0.0220991
7.30137 , -0.00622475 , -0.0962464 , -0.0335504 , -0.0123629 , -0.104305 , -0.0225904
7.33335 , -0.00634306 , -0.0949913 , -0.0344292 , -0.0127429 , -0.105047 , -0.0235652
7.36889 , -0.00565138 , -0.0925349 , -0.0360465 , -0.0131065 , -0.104287 , -0.0245035
7.40895 , -0.00491425 , -0.0926425 , -0.0366827 , -0.0129893 , -0.0998325 , -0.0239293
7.43722 , -0.00332715 , -0.0897493 , -0.0376773 , -0.0121724 , -0.101141 , -0.0236314
7.46762 , -0.00221857 , -0.0875362 , -0.038108 , -0.0112849 , -0.100337 , -0.0252106
7.50117 , -0.000782652 , -0.0871299 , -0.0392614 , -0.0108121 , -0.0976083 , -0.0278183
7.53456 , 0.0010493 , -0.0899024 , -0.0390557 , -0.00906646 , -0.100888 , -0.0307642
7.57121 , 0.0038944 , -0.0902089 , -0.0412968 , -0.00720511 , -0.0973607 , -0.0331261
7.60499 , 0.00760301 , -0.0828257 , -0.0423171 , -0.00619851 , -0.0999027 , -0.0324481
7.63532 , 0.0127912 , -0.0775286 , -0.0438623 , -0.00280229 , -0.0957331 , -0.0336915
7.67254 , 0.0177641 , -0.0753967 , -0.0450091 , 0.00300577 , -0.0913052 , -0.0369499
7.70472 , 0.0202154 , -0.0691026 , -0.043366 , 0.00781107 , -0.0923141 , -0.0405939
7.73904 , 0.02846 , -0.0703893 , -0.0484402 , 0.0115479 , -0.0944813 , -0.0398568
7.77252 , 0.035234 , -0.0721853 , -0.0490805 , 0.0180765 , -0.0874364 , -0.0402952
7.80312 , 0.0461827 , -0.0675606 , -0.052355 , 0.0220842 , -0.0929318 , -0.0380725
7.83819 , 0.0578055 , -0.0670892 , -0.0534895 , 0.0307977 , -0.0905423 , -0.0365195
7.87186 , 0.06956 , -0.0672395 , -0.0510861 , 0.0384968 , -0.107444 , -0.0293816
7.90845 , 0.08391 , -0.0704548 , -0.0497025 , 0.057327 , -0.111022 , -0.0220811
7.94191 , 0.104762 , -0.0681694 , -0.0477508 , 0.0654255 , -0.108616 , -0.0151723
7.97289 , 0.12903 , -0.0613506 , -0.0442006 , 0.074363 , -0.116388 , -0.00864857
8.00844 , 0.163567 , -0.0731396 , -0.0486255 , 0.0893663 , -0.122323 , 0.00381982
8.04027 , 0.197608 , -0.0793557 , -0.0475896 , 0.112749 , -0.122414 , 0.0115801
8.07667 , 0.242153 , -0.0821767 , -0.0524444 , 0.140796 , -0.126464 , 0.005565
8.10729 , 0.294313 , -0.0926616 , -0.0620447 , 0.175026 , -0.138279 , -0.0120766
8.14162 , 0.357005 , -0.103386 , -0.077864 , 0.221671 , -0.150798 , -0.0320666
8.17588 , 0.425061 , -0.110446 , -0.098825 , 0.279763 , -0.159177 , -0.0487814
8.20973 , 0.496996 , -0.110389 , -0.116079 , 0.347419 , -0.166046 , -0.0642355
8.24137 , 0.572391 , -0.113172 , -0.131524 , 0.420145 , -0.169579 , -0.0782162
8.27865 , 0.648121 , -0.115248 , -0.141125 , 0.495077 , -0.174325 , -0.0912496
8.31363 , 0.721255 , -0.118408 , -0.144518 , 0.6591 , -0.142805 , -0.0988719
8.34732 , 0.785862 , -0.117459 , -0.13758 , 0.815246 , -0.121191 , -0.120359
8.38254 , 0.838828 , -0.114045 , -0.126651 , 0.909741 , -0.103043 , -0.119062
8.4255 , 0.883757 , -0.107365 , -0.105262 , 0.965727 , -0.0972877 , -0.101703
8.45914 , 0.919041 , -0.0979853 , -0.0827129 , 0.994173 , -0.0957478 , -0.0791048
8.49362 , 0.942649 , -0.0889862 , -0.0651163 , 1.00159 , -0.0955583 , -0.0641828
8.5242 , 0.953596 , -0.0795688 , -0.0544325 , 0.996726 , -0.0920339 , -0.0463408
8.55877 , 0.955125 , -0.0781765 , -0.0442506 , 0.983001 , -0.0902259 , -0.0368039
8.59332 , 0.94458 , -0.0786916 , -0.0391369 , 0.961708 , -0.0844886 , -0.031989
8.62682 , 0.925924 , -0.0757359 , -0.0365567 , 0.934338 , -0.0835001 , -0.0338785
8.66156 , 0.898681 , -0.0779013 , -0.0418239 , 0.899859 , -0.0851369 , -0.0403157
8.69256 , 0.860838 , -0.0845415 , -0.0491938 , 0.86385 , -0.0929582 , -0.0535282
8.72734 , 0.815423 , -0.0919671 , -0.0577662 , 0.822821 , -0.0942222 , -0.0653688
8.76186 , 0.760766 , -0.0976345 , -0.0677109 , 0.769795 , -0.0978782 , -0.0756747
8.7937 , 0.698009 , -0.104432 , -0.0723869 , 0.703595 , -0.105015 , -0.0804282
8.82984 , 0.62856 , -0.113015 , -0.0724898 , 0.628208 , -0.120745 , -0.0823263
8.86348 , 0.557188 , -0.131354 , -0.072758 , 0.545831 , -0.137415 , -0.0789612
8.89449 , 0.48218 , -0.152106 , -0.0699842 , 0.464464 , -0.157671 , -0.0731852
8.92974 , 0.408762 , -0.16684 , -0.0629878 , 0.38763 , -0.177863 , -0.0639534
8.96035 , 0.32961 , -0.188643 , -0.0520673 , 0.308518 , -0.194964 , -0.0533323
8.99804 , 0.254315 , -0.203856 , -0.0453829 , 0.232142 , -0.213467 , -0.0430063
9.02885 , 0.182213 , -0.216965 , -0.0345537 , 0.159625 , -0.222166 , -0.0313907
9.06312 , 0.114811 , -0.221891 , -0.0251532 , 0.0930996 , -0.223514 , -0.0193049
9.09594 , 0.0550217 , -0.215523 , -0.0150251 , 0.0350952 , -0.21477 , -0.00738908
9.13226 , 0.00559026 , -0.203088 , -0.00298594 , -0.0129945 , -0.203966 , 0.00362763
9.16561 , -0.0334956 , -0.189891 , 0.00607615 , -0.0498148 , -0.188169 , 0.0133597
9.20299 , -0.0627193 , -0.17877 , 0.0147793 , -0.0760931 , -0.17413 , 0.0205609
9.23336 , -0.0806086 , -0.164816 , 0.0193256 , -0.0894803 , -0.160387 , 0.025276
9.26353 , -0.0842771 , -0.150777 , 0.022266 , -0.0906667 , -0.149888 , 0.0287608
9.30005 , -0.077116 , -0.141974 , 0.0247151 , -0.0828839 , -0.150116 , 0.0300944
9.33204 , -0.0690145 , -0.147121 , 0.0249066 , -0.0286009 , -0.160904 , 0.00840117
9.36755 , -0.0712748 , -0.143306 , 0.0248802 , -0.0244471 , -0.179177 , 0.0287571
9.40489 , -0.0780432 , -0.149314 , 0.0255405 , -0.0181083 , -0.177994 , 0.0588309
9.45212 , -0.0778527 , -0.154777 , 0.0256467 , -0.0228837 , -0.179383 , 0.0572543
9.48764 , -0.0707998 , -0.159393 , 0.0225542 , -0.0209204 , -0.180659 , 0.0414078
9.51917 , -0.0629764 , -0.16687 , 0.0203232 , -0.0165185 , -0.178863 , 0.0252341
9.55307 , -0.0553186 , -0.162077 , 0.0200741 , -0.0139107 , -0.168703 , 0.0114502
9.58582 , -0.0495714 , -0.149774 , 0.0183422 , -0.021184 , -0.156416 , 0.00616018
9.61714 , -0.0439844 , -0.141894 , 0.0169816 , -0.0197975 , -0.15353 , -0.00322466
9.65414 , -0.0415342 , -0.138869 , 0.0168174 , -0.0203782 , -0.153258 , -0.00806381
9.68795 , -0.0411914 , -0.141424 , 0.0160184 , -0.0209535 , -0.162262 , -0.00953717
9.72009 , -0.0377993 , -0.143581 , 0.0145748 , -0.0189957 , -0.163208 , -0.00944213
9.75516 , -0.0343387 , -0.142979 , 0.0128616 , -0.0156 , -0.15674 , -0.00991405
9.79075 , -0.0286439 , -0.136325 , 0.0100877 , -0.00995241 , -0.14574 , -0.0111305
9.82527 , -0.0235612 , -0.127382 , 0.00694094 , -0.00154275 , -0.138819 , -0.0143365
9.8734 , -0.018774 , -0.123044 , 0.00387266 , 0.00342531 , -0.132649 , -0.0139172
9.90847 , -0.0154867 , -0.115097 , 0.00166804 , 0.00582837 , -0.142644 , -0.0139056
9.94225 , -0.01544 , -0.11141 , 0.00120814 , 0.00286872 , -0.15062 , -0.011532
9.98586 , -0.0137745 , -0.117641 , -0.00130481 , -0.00427 , -0.151184 , -0.00328999
10.0195 , -0.0178021 , -0.120128 , -0.000480427 , -0.0137916 , -0.156454 , 0.000872242
10.0543 , -0.0193684 , -0.117265 , 0.00137021 , -0.0183715 , -0.151902 , 0.00243517
10.0876 , -0.0210167 , -0.119823 , 0.000431462 , -0.0203897 , -0.148799 , 0.00334453
10.1182 , -0.0215983 , -0.117795 , -0.00151048 , -0.0217111 , -0.142303 , 0.00316548
10.1538 , -0.0191648 , -0.117258 , -0.00135994 , -0.0198475 , -0.137315 , 0.00219746
10.1874 , -0.0159442 , -0.115244 , -0.00430363 , -0.0161656 , -0.138296 , 0.000714707
10.2217 , -0.0144726 , -0.114313 , -0.00639366 , -0.0121686 , -0.135547 , -0.00126879
10.2525 , -0.0114174 , -0.113352 , -0.00713986 , -0.00965765 , -0.134054 , -0.00414029
10.2879 , -0.00547976 , -0.111643 , -0.00977047 , -0.00889841 , -0.133368 , -0.00617355
10.3216 , -0.00606309 , -0.110012 , -0.0114931 , -0.00901813 , -0.127776 , -0.00511024
10.353 , -0.00664119 , -0.106254 , -0.012835 , -0.00891095 , -0.128038 , -0.00625855
10.3897 , -0.00588789 , -0.102993 , -0.0148477 , -0.0100865 , -0.126158 , -0.00875722
10.4263 , -0.0056056 , -0.100891 , -0.0166924 , -0.0120422 , -0.126427 , -0.0103536
10.4562 , -0.00557265 , -0.101241 , -0.0182551 , -0.0119364 , -0.122956 , -0.0118065
10.4895 , -0.00524502 , -0.0967159 , -0.0194887 , -0.0103261 , -0.119372 , -0.0131668
10.5229 , -0.00303189 , -0.0933211 , -0.0212915 , -0.00930888 , -0.117329 , -0.0143902
10.5573 , -0.00275831 , -0.0911395 , -0.023456 , -0.0083882 , -0.117367 , -0.0162689
10.5941 , -0.0011009 , -0.0902856 , -0.025767 , -0.00786103 , -0.114751 , -0.0183524
10.6248 , -0.000446374 , -0.0875326 , -0.0268998 , -0.00975427 , -0.110496 , -0.0193835
10.657 , -0.00255612 , -0.0833174 , -0.0267267 , -0.00911083 , -0.108225 , -0.0231943
10.6909 , 0.000715213 , -0.0806338 , -0.0290518 , -0.00696103 , -0.1065 , -0.0262587
10.7251 , 0.00428535 , -0.0787094 , -0.0306351 , -0.00495096 , -0.101929 , -0.0281841
10.7623 , 0.00683836 , -0.0749115 , -0.0329023 , -0.00278412 , -0.0986028 , -0.0297175
10.7956 , 0.00974074 , -0.072452 , -0.0338924 , -0.000271227 , -0.0950849 , -0.0308745
10.8326 , 0.0125014 , -0.0688956 , -0.0350301 , 0.00232418 , -0.0945227 , -0.031922
10.8816 , 0.0163757 , -0.0674798 , -0.0364695 , 0.00558652 , -0.0929297 , -0.0322409
10.9291 , 0.0209739 , -0.064351 , -0.0382224 , 0.018292 , -0.108406 , -0.0280167
10.9596 , 0.0263837 , -0.0675436 , -0.0406462 , 0.022215 , -0.115453 , -0.0278245
10.994 , 0.031502 , -0.0668914 , -0.0426606 , 0.017475 , -0.114247 , -0.0348372
11.026 , 0.038761 , -0.061435 , -0.0413048 , 0.0262425 , -0.109271 , -0.0358344
11.063 , 0.0480526 , -0.0600379 , -0.0399398 , 0.036677 , -0.106857 , -0.0239044
11.0976 , 0.0576844 , -0.0586953 , -0.0384093 , 0.0450407 , -0.105902 , -0.0121003
11.1297 , 0.0716678 , -0.0594892 , -0.0373423 , 0.0508457 , -0.109897 , -0.00503399
11.1614 , 0.0908194 , -0.0624908 , -0.0364956 , 0.0565752 , -0.116272 , -0.0026134
11.2019 , 0.115276 , -0.0683556 , -0.0388395 , 0.0664607 , -0.123948 , -0.000538841
11.2466 , 0.145288 , -0.0760614 , -0.0419377 , 0.0784273 , -0.132577 , 0.00095399
11.2784 , 0.179727 , -0.0808338 , -0.0491463 , 0.094296 , -0.143484 , -0.000532008
11.3143 , 0.222848 , -0.0836541 , -0.0564803 , 0.114213 , -0.153752 , -0.00486554
11.3487 , 0.266462 , -0.0994791 , -0.0687497 , 0.147149 , -0.164073 , -0.0122846
11.3796 , 0.313394 , -0.113816 , -0.0873969 , 0.189993 , -0.180729 , -0.0306094
11.4141 , 0.372341 , -0.126116 , -0.111408 , 0.23386 , -0.191024 , -0.0550869
11.4472 , 0.430851 , -0.129232 , -0.134293 , 0.34712 , -0.160751 , -0.0949506
11.4807 , 0.49595 , -0.132368 , -0.157567 , 0.489159 , -0.125044 , -0.147175
11.5111 , 0.56346 , -0.125585 , -0.175998 , 0.612338 , -0.101229 , -0.189868
11.5468 , 0.623578 , -0.12178 , -0.180557 , 0.707039 , -0.0859382 , -0.20951
11.5783 , 0.678073 , -0.114444 , -0.185081 , 0.767913 , -0.0809583 , -0.207406
11.6147 , 0.724168 , -0.105654 , -0.172726 , 0.796148 , -0.0813928 , -0.183676
11.6473 , 0.756951 , -0.0967994 , -0.151092 , 0.811897 , -0.087092 , -0.151427
11.679 , 0.779292 , -0.0916173 , -0.128737 , 0.813802 , -0.0836429 , -0.126411
11.7159 , 0.786881 , -0.0851056 , -0.115563 , 0.805176 , -0.0844878 , -0.115651
11.7501 , 0.784032 , -0.0869576 , -0.103626 , 0.792439 , -0.0879845 , -0.107336
11.7846 , 0.767136 , -0.0902229 , -0.0968125 , 0.773787 , -0.0970418 , -0.103634
11.8153 , 0.743618 , -0.101627 , -0.0983008 , 0.744211 , -0.107181 , -0.102775
11.8538 , 0.708747 , -0.113415 , -0.0992311 , 0.706295 , -0.1156 , -0.100706
11.8875 , 0.66207 , -0.123024 , -0.0978292 , 0.661818 , -0.126791 , -0.100888
11.9229 , 0.611942 , -0.133616 , -0.0990864 , 0.607457 , -0.133426 , -0.0996325
11.9721 , 0.555731 , -0.142134 , -0.099534 , 0.544686 , -0.146865 , -0.100232
12.0194 , 0.491294 , -0.154802 , -0.098407 , 0.475922 , -0.15993 , -0.100567
12.0537 , 0.429147 , -0.168266 , -0.0980838 , 0.406174 , -0.173195 , -0.0970728
12.0819 , 0.362975 , -0.184144 , -0.0933907 , 0.342082 , -0.186385 , -0.0914882
12.1172 , 0.302213 , -0.19416 , -0.0848205 , 0.281345 , -0.198096 , -0.083703
12.1477 , 0.244658 , -0.203708 , -0.073562 , 0.224497 , -0.199609 , -0.0732219
12.1864 , 0.193346 , -0.203321 , -0.060417 , 0.177525 , -0.200516 , -0.0617069
12.2148 , 0.156488 , -0.198302 , -0.0498265 , 0.140557 , -0.193954 , -0.0484716
12.2504 , 0.12645 , -0.188643 , -0.0396602 , 0.113553 , -0.184848 , -0.0400013
12.2857 , 0.108093 , -0.181476 , -0.0343115 , 0.0983917 , -0.182436 , -0.0345929
12.3191 , 0.0989183 , -0.176658 , -0.0345754 , 0.0917609 , -0.173495 , -0.0332457
12.35 , 0.0937653 , -0.169007 , -0.0323916 , 0.0826147 , -0.159595 , -0.0298213
12.3847 , 0.0782004 , -0.14878 , -0.0259791 , 0.069856 , -0.142566 , -0.0219039
12.4182 , 0.0619394 , -0.126443 , -0.0198623 , 0.0571642 , -0.119616 , -0.0172401
12.453 , 0.0501963 , -0.112895 , -0.0193288 , 0.0457484 , -0.107835 , -0.0171782
12.4836 , 0.0374524 , -0.105252 , -0.0193745 , 0.0358828 , -0.102456 , -0.0164744
12.522 , 0.0248626 , -0.0993899 , -0.0196416 , 0.0268907 , -0.0974557 , -0.0170115
12.5582 , 0.0181983 , -0.0925689 , -0.0196634 , 0.015288 , -0.0875341 , -0.0176469
12.5897 , 0.00437944 , -0.0840563 , -0.0180938 , -0.00272524 , -0.0841341 , -0.0130857
12.6235 , -0.00989179 , -0.0794898 , -0.0168801 , -0.0104695 , -0.0824193 , -0.00396895
12.6597 , -0.0201516 , -0.0755872 , -0.0142239 , -0.0177429 , -0.0781228 , 0.000972609
12.6913 , -0.0327161 , -0.067647 , -0.0121714 , -0.0247253 , -0.0824813 , 0.0020432
12.7236 , -0.0392852 , -0.0713364 , -0.00802985 , -0.0222061 , -0.0748735 , -0.00266299
12.7574 , -0.035616 , -0.0729993 , -0.010939 , -0.0181804 , -0.0758602 , -0.00630373
12.7951 , -0.0298028 , -0.0754648 , -0.0113052 , -0.0128837 , -0.0769302 , -0.00870368
12.843 , -0.0247789 , -0.0716389 , -0.0121853 , -0.0027922 , -0.0732458 , -0.0103231
12.8758 , -0.0193609 , -0.0723064 , -0.0130969 , 0.00268471 , -0.0708429 , -0.0113028
12.9071 , -0.0168482 , -0.0690973 , -0.014949 , 0.00214513 , -0.067845 , -0.013075
12.9403 , -0.0166699 , -0.068947 , -0.0148641 , 0.00212912 , -0.0673336 , -0.0157207
12.9735 , -0.0146821 , -0.0655548 , -0.015607 , 0.000279552 , -0.0647906 , -0.0156989
13.0073 , -0.0164827 , -0.0626025 , -0.014145 , -0.00202022 , -0.0584978 , -0.0127032
13.0469 , -0.0186677 , -0.0561441 , -0.0137933 , -0.00334009 , -0.0553122 , -0.0104155
13.0929 , -0.0208299 , -0.0534241 , -0.0132563 , -0.00345226 , -0.0527101 , -0.00740937
13.1283 , -0.0240208 , -0.0486432 , -0.0125997 , -0.00385433 , -0.0464322 , -0.00418837
13.1653 , -0.0266732 , -0.0448738 , -0.0123378 , -0.006694 , -0.0416977 , -0.00447122
13.2117 , -0.0275651 , -0.0413974 , -0.0117655 , -0.00611942 , -0.0407255 , -0.00646393
13.2479 , -0.0239267 , -0.0391994 , -0.0104109 , -0.00429884 , -0.0389683 , -0.00694948
13.2928 , -0.0247863 , -0.0386846 , -0.00975767 , 0.00148114 , -0.0369045 , -0.00613585
13.3247 , -0.0270548 , -0.0404457 , -0.0099645 , 0.00550241 , -0.0355003 , -0.00506988
13.3601 , -0.0193272 , -0.038101 , -0.0100957 , 0.00247105 , -0.0358365 , -0.00497034
13.3917 , -0.019332 , -0.036711 , -0.00991877 , -0.000525387 , -0.0331821 , -0.00586022
13.4283 , -0.0191181 , -0.0357896 , -0.00982177 , -0.00114705 , -0.032282 , -0.00513705
13.4592 , -0.0196636 , -0.0356595 , -0.00989995 , 6.15686e-05 , -0.0337949 , -0.00544009
13.4926 , -0.019298 , -0.0347285 , -0.00987475 , -0.000169244 , -0.033127 , -0.00601324
13.5261 , -0.0205957 , -0.0321983 , -0.0100765 , -0.000321514 , -0.0334796 , -0.00600285
13.5595 , -0.0192213 , -0.032073 , -0.01016 , -0.00203791 , -0.0326875 , -0.00654668
13.5961 , -0.0256313 , -0.0331566 , -0.00985938 , -0.00500888 , -0.0302966 , -0.00566798
13.6271 , -0.0258446 , -0.0312517 , -0.00943954 , -0.00978856 , -0.0261036 , -0.00588061
13.6602 , -0.0266678 , -0.0275524 , -0.0093571 , -0.0045756 , -0.0282853 , -0.00677998
13.6958 , -0.021696 , -0.0284408 , -0.00887845 , -0.00449095 , -0.0273904 , -0.00524309
13.7273 , -0.0269721 , -0.0279023 , -0.00852027 , -0.00635276 , -0.0257701 , -0.00398533
13.7639 , -0.0266858 , -0.0280244 , -0.00827477 , -0.00300949 , -0.0252698 , -0.00398351
13.7947 , -0.0213843 , -0.0281806 , -0.00838399 , -0.00204409 , -0.0264117 , -0.00447544
13.828 , -0.0206607 , -0.0285452 , -0.00860178 , -0.00208822 , -0.0253047 , -0.00552991
13.8634 , -0.0200776 , -0.0286787 , -0.00842723 , 0.00035276 , -0.0285787 , -0.00704092
13.8954 , -0.0182053 , -0.0315571 , -0.00870166 , -0.000692465 , -0.0245395 , -0.00583834
13.9316 , -0.0196653 , -0.0293422 , -0.00841865 , -0.00586755 , -0.0266388 , -0.00328129
13.9626 , -0.0250875 , -0.0286825 , -0.00831788 , -0.0073846 , -0.0259139 , -0.00329731
13.9958 , -0.0158384 , -0.0307805 , -0.0089127 , -0.00484621 , -0.0280074 , -0.00271174
14.0313 , -0.0187833 , -0.0307602 , -0.00869865 , -0.00182776 , -0.0279706 , -0.00318264
14.0658 , -0.025898 , -0.0318213 , -0.00831574 , -0.00371174 , -0.0287797 , -0.00357232
14.097 , -0.0251341 , -0.0315058 , -0.00822355 , -0.00736971 , -0.0277829 , -0.00339426
14.1302 , -0.0165224 , -0.0311271 , -0.0087762 , -0.00334221 , -0.028304 , -0.00387699
14.1652 , -0.0176318 , -0.0318571 , -0.00888248 , 0.00193165 , -0.0278605 , -0.00418558
14.1986 , -0.0168587 , -0.0320209 , -0.00892072 , 0.00152892 , -0.0288757 , -0.00469896
14.2353 , -0.0167432 , -0.0324284 , -0.00886543 , 0.000242143 , -0.0290478 , -0.00499474
14.2686 , -0.0160132 , -0.0316147 , -0.00922635 , -0.000362803 , -0.0292643 , -0.00514681
14.301 , -0.0243828 , -0.0312733 , -0.00830518 , -0.00454442 , -0.0287151 , -0.004864
14.3337 , -0.0234031 , -0.0319042 , -0.00850191 , -0.00686019 , -0.0287886 , -0.00347832
14.3662 , -0.0237914 , -0.0320128 , -0.00833071 , -0.00672925 , -0.028966 , -0.00334747
14.4025 , -0.0237414 , -0.031819 , -0.00846992 , -0.0071802 , -0.0290665 , -0.00328124
14.4371 , -0.0237414 , -0.031819 , -0.00846992 , -0.00606547 , -0.0273396 , -0.00255013
14.4756 , -0.0237776 , -0.0302787 , -0.00819822 , -0.00588982 , -0.0300366 , -0.00241336
14.52 , -0.0239669 , -0.0323111 , -0.00798824 , -0.00657504 , -0.0298818 , -0.00295008
14.5517 , -0.0234026 , -0.0309815 , -0.00797464 , -0.00623765 , -0.0289846 , -0.00308232
14.5855 , -0.0230093 , -0.0304165 , -0.00791021 , -0.00603802 , -0.0284075 , -0.0026608
14.6246 , -0.0230564 , -0.0305906 , -0.00740231 , -0.00719196 , -0.0281298 , -0.00229438
14.6738 , -0.0230509 , -0.0304507 , -0.0075205 , -0.00682022 , -0.0279455 , -0.00172852
14.7234 , -0.0222801 , -0.0308265 , -0.00769069 , -0.00512807 , -0.028205 , -0.00189537
14.7721 , -0.0217199 , -0.0293649 , -0.00781773 , -0.00361666 , -0.0276727 , -0.00254135
14.8111 , -0.0208944 , -0.0287947 , -0.00847006 , -0.00322559 , -0.0268813 , -0.00264202
14.8603 , -0.0211223 , -0.0288675 , -0.00823854 , -0.00350879 , -0.0279738 , -0.00358087
14.9045 , -0.0207908 , -0.0293526 , -0.00833567 , -0.00361327 , -0.0264365 , -0.00426804
14.9385 , -0.0216479 , -0.0302991 , -0.00777326 , -0.00517808 , -0.0277553 , -0.00304291
14.9697 , -0.0204827 , -0.0287424 , -0.00825272 , -0.00535501 , -0.0270038 , -0.00258937
15.0024 , -0.0205369 , -0.0289255 , -0.00814903 , -0.00381513 , -0.0270142 , -0.00207363
15.0359 , -0.0209669 , -0.0295936 , -0.00753405 , -0.00381464 , -0.0272722 , -0.00224521
15.0723 , -0.0202002 , -0.029086 , -0.00828769 , -0.00320784 , -0.0261966 , -0.00237932
15.1101 , -0.0203998 , -0.027998 , -0.00787822 , -0.00321729 , -0.0255408 , -0.00175461
15.1562 , -0.020131 , -0.0281638 , -0.00750435 , -0.00376623 , -0.0265104 , -0.00209997
15.1875 , -0.0197864 , -0.028551 , -0.0074787 , -0.00250012 , -0.0262351 , -0.0026699
15.2226 , -0.0196551 , -0.0286602 , -0.00733949 , -0.00205081 , -0.0266577 , -0.00254015
15.2543 , -0.0190645 , -0.028302 , -0.00734594 , -0.00383203 , -0.026452 , -0.00246344
15.2897 , -0.0192924 , -0.0283086 , -0.00728243 , -0.00304385 , -0.0268322 , -0.00219081
15.321 , -0.0192974 , -0.0278273 , -0.00700986 , -0.00227814 , -0.0262836 , -0.00135367
15.3555 , -0.0191424 , -0.0275503 , -0.00689267 , -0.00180615 , -0.0259822 , -0.00127502
15.389 , -0.0186842 , -0.0269768 , -0.00722478 , -0.00178154 , -0.0254978 , -0.00179334
15.4239 , -0.0185215 , -0.0271864 , -0.00694944 , -0.00307236 , -0.0251749 , -0.00202008
15.4553 , -0.0187678 , -0.0279964 , -0.00721291 , -0.00293986 , -0.024729 , -0.00185725
15.4906 , -0.0186699 , -0.0271888 , -0.00700973 , -0.00225987 , -0.0251866 , -0.00157014
15.5256 , -0.0171579 , -0.0285494 , -0.00691221 , -0.00330582 , -0.0239091 , -0.000722875
15.5569 , -0.018866 , -0.0265714 , -0.00661949 , -0.00356646 , -0.0251961 , -0.000320938
15.5915 , -0.0190324 , -0.0258429 , -0.00620922 , -0.00292097 , -0.0242724 , -0.000985617
15.6269 , -0.019188 , -0.0263525 , -0.00609044 , -0.00217838 , -0.0246382 , -0.00146443
15.6608 , -0.0189863 , -0.0268481 , -0.00592464 , -0.00266601 , -0.0247029 , -0.00187798
15.692 , -0.0193352 , -0.0271332 , -0.0058901 , -0.00205758 , -0.0248016 , -0.00181792
15.7308 , -0.0190563 , -0.0260905 , -0.00641265 , -0.0022731 , -0.0232526 , -0.00131779
15.7751 , -0.0194562 , -0.0252178 , -0.00595906 , -0.00332448 , -0.0241604 , 6.39899e-05
15.8076 , -0.019466 , -0.0257991 , -0.00572575 , -0.00314676 , -0.0242574 , -0.000184875
15.8411 , -0.0190071 , -0.0274992 , -0.00559777 , -0.00409992 , -0.0242777 , -0.00116228
15.8776 , -0.0201175 , -0.0263355 , -0.00512567 , -0.00362096 , -0.0246354 , -0.00148732
15.9116 , -0.0202091 , -0.0253277 , -0.00524256 , -0.00318016 , -0.0242551 , -0.00126309
15.9427 , -0.0201662 , -0.0255928 , -0.00560343 , -0.00352004 , -0.0241335 , -0.000939052
15.9753 , -0.0201404 , -0.0255861 , -0.00568323 , -0.00379367 , -0.024477 , -0.00106039
16.0088 , -0.020383 , -0.0261737 , -0.00588476 , -0.00389174 , -0.0252614 , -0.00085362
16.0455 , -0.0185008 , -0.0268399 , -0.00549941 , -0.00309874 , -0.0251872 , -3.34013e-06
16.0796 , -0.0187179 , -0.0263035 , -0.00520218 , -0.00400568 , -0.0256828 , -0.000436243
16.1117 , -0.0201189 , -0.0261301 , -0.00540669 , -0.00477037 , -0.0246432 , -0.00200567
16.1432 , -0.0183376 , -0.0271119 , -0.00538584 , -0.00511655 , -0.023252 , -0.00183365
16.1767 , -0.0197095 , -0.0259752 , -0.00576795 , -0.0045606 , -0.0239983 , -0.00112162
16.2132 , -0.0197479 , -0.0255138 , -0.00582571 , 0.000163546 , -0.026577 , -0.00143809
16.2445 , -0.0167193 , -0.0283124 , -0.00533862 , -0.00140201 , -0.023758 , -0.00142115
16.2774 , -0.0178594 , -0.0265482 , -0.00566233 , -0.00298329 , -0.0243259 , -0.00108809
16.3118 , -0.0195828 , -0.0264135 , -0.00549796 , -0.00445538 , -0.0248669 , -0.00186595
16.3466 , -0.0195579 , -0.0267664 , -0.00560205 , -0.00474934 , -0.0252856 , -0.00221316
16.378 , -0.0194748 , -0.0263792 , -0.00611355 , -0.00314456 , -0.0248516 , -0.00169912
16.4144 , -0.0192418 , -0.0258549 , -0.0057681 , -0.00260646 , -0.0255781 , -0.000303986
16.4585 , -0.0195063 , -0.0271377 , -0.00563409 , -0.00311437 , -0.0256099 , -0.000315049
16.5073 , -0.019152 , -0.0262681 , -0.00568994 , -0.00322529 , -0.0250116 , -0.00112567
16.557 , -0.0192015 , -0.0265333 , -0.00556338 , -0.00265649 , -0.0251542 , -0.00143837
16.5995 , -0.0189426 , -0.0264445 , -0.00579348 , -0.00261697 , -0.0245576 , -0.00185701
16.636 , -0.0168425 , -0.0261576 , -0.00540093 , -0.00177457 , -0.0241531 , -0.00161397
16.6856 , -0.0168425 , -0.0261576 , -0.00540093 , -0.000883925 , -0.0242667 , -0.00115042
16.7372 , -0.0168258 , -0.0259597 , -0.00559943 , -0.00105827 , -0.0241063 , -0.00147958
16.7854 , -0.0166056 , -0.0258839 , -0.00557186 , -0.00234114 , -0.0244482 , -0.00114062
16.8232 , -0.0171794 , -0.0278412 , -0.00586982 , -0.0023575 , -0.025377 , -0.000572236
16.8659 , -0.0183461 , -0.0261496 , -0.0058352 , -0.0010128 , -0.0250141 , -0.0005433
16.8995 , -0.0183461 , -0.0261496 , -0.0058352 , 0.000190482 , -0.0237096 , -0.00131277
16.9329 , -0.0160677 , -0.0251987 , -0.00555619 , -0.000535452 , -0.0238304 , -0.00155701
16.9713 , -0.0182356 , -0.0269036 , -0.00643734 , -0.00106935 , -0.0247258 , -0.00189817
17.019 , -0.016767 , -0.0272767 , -0.00590494 , 3.64693e-05 , -0.0245591 , -0.000902107
17.0555 , -0.018219 , -0.0265076 , -0.00573269 , 2.4882e-05 , -0.0239449 , -0.000340433
17.1013 , -0.0159925 , -0.0257888 , -0.00548065 , -0.000736416 , -0.0237545 , -0.00101715
17.1358 , -0.0151524 , -0.0260977 , -0.00551653 , -0.000652238 , -0.0243365 , -0.00161219
17.1669 , -0.0160701 , -0.0251324 , -0.00550874 , -0.00194218 , -0.0247895 , -0.00205649
17.2003 , -0.0180863 , -0.0261022 , -0.00606593 , -0.00218951 , -0.0243983 , -0.00196363
17.2335 , -0.0180863 , -0.0261022 , -0.00606593 , -0.00186403 , -0.0244681 , -0.00177451
17.2691 , -0.0180863 , -0.0261022 , -0.00606593 , 0.00318774 , -0.0236044 , -0.00265886
17.304 , -0.0181559 , -0.0263984 , -0.00603618 , 0.00232068 , -0.0240121 , -0.00232882
17.3412 , -0.0175083 , -0.0256758 , -0.00579758 , -0.00121007 , -0.0237819 , -0.00171864
17.3891 , -0.01751 , -0.0255078 , -0.00560956 , -0.00155311 , -0.0235477 , -0.00137857
17.4287 , -0.0181122 , -0.0260522 , -0.00574818 , -0.00150131 , -0.0240657 , -0.00137859
17.4714 , -0.0181122 , -0.0260522 , -0.00574818 , -0.00184306 , -0.0243626 , -0.00152498
17.5061 , -0.0181122 , -0.0260522 , -0.00574818 , -0.00209006 , -0.0245491 , -0.00159212
17.5428 , -0.0175048 , -0.0246774 , -0.00564056 , -0.00122792 , -0.0236801 , -0.00119109
17.5868 , -0.0165446 , -0.0262218 , -0.00566677 , -0.00193364 , -0.0228022 , -0.00150455
17.6193 , -0.0165738 , -0.025158 , -0.00556505 , -0.00321885 , -0.0230907 , -0.00185702
17.653 , -0.0177253 , -0.0243075 , -0.00566464 , -0.00336472 , -0.0245046 , -0.001432
17.6895 , -0.0182563 , -0.0256119 , -0.00542842 , -0.00296263 , -0.0244304 , -0.00104272
17.724 , -0.0182563 , -0.0256119 , -0.00542842 , -0.0027335 , -0.024336 , -0.000983085
17.7551 , -0.0180737 , -0.0245127 , -0.00554699 , -0.00197514 , -0.0229405 , -0.00101199
17.7943 , -0.0158527 , -0.0250357 , -0.00572185 , -0.00118412 , -0.0222062 , 0.000614757
17.8446 , -0.0178336 , -0.0245168 , -0.0057841 , -0.000612746 , -0.0225969 , 0.000592557
17.9101 , -0.0178336 , -0.0245168 , -0.0057841 , -0.000783272 , -0.0226872 , -0.000866211
17.9431 , -0.0178707 , -0.0244535 , -0.00548678 , -0.0025222 , -0.0224736 , -0.00159638
17.9783 , -0.0176574 , -0.0241818 , -0.00582764 , -0.00220745 , -0.0227305 , -0.00131248
18.0274 , -0.0175456 , -0.0243332 , -0.0058688 , -4.50855e-05 , -0.0261724 , -0.00261874
