501

0.020882 , -0.255861 , 0.115211 , 0.0998359 , -0.253934 , 0.119404 , 0.100952
0.054045 , -0.256909 , 0.118638 , 0.100351 , -0.258693 , 0.118499 , 0.102517
0.087796 , -0.257323 , 0.118091 , 0.101275 , -0.257733 , 0.115451 , 0.0922525
0.124179 , -0.257505 , 0.117348 , 0.101804 , -0.262718 , 0.115357 , 0.0934998
0.158721 , -0.25735 , 0.115127 , 0.10067 , -0.264022 , 0.113802 , 0.0925631
0.192861 , -0.257719 , 0.113671 , 0.100564 , -0.264173 , 0.112765 , 0.093699
0.225502 , -0.257719 , 0.113671 , 0.100564 , -0.26304 , 0.117142 , 0.0950523
0.257576 , -0.257199 , 0.11729 , 0.0997135 , -0.262047 , 0.115214 , 0.0975563
0.290589 , -0.257514 , 0.11571 , 0.0999594 , -0.260991 , 0.115701 , 0.0997667
0.323218 , -0.257514 , 0.11571 , 0.0999594 , -0.260026 , 0.116087 , 0.101069
0.359751 , -0.257139 , 0.113486 , 0.100311 , -0.258643 , 0.114918 , 0.102212
0.3983 , -0.256822 , 0.114315 , 0.0997946 , -0.257348 , 0.114896 , 0.102071
0.444617 , -0.256822 , 0.114315 , 0.0997946 , -0.256242 , 0.114712 , 0.10132
0.480799 , -0.256822 , 0.114315 , 0.0997946 , -0.25541 , 0.114436 , 0.100242
0.5301 , -0.25573 , 0.114558 , 0.0995268 , -0.254135 , 0.11431 , 0.099022
0.573246 , -0.25573 , 0.114558 , 0.0995268 , -0.253976 , 0.115703 , 0.0989863
0.613303 , -0.256157 , 0.116027 , 0.100637 , -0.254446 , 0.11562 , 0.0989252
0.646676 , -0.256157 , 0.116027 , 0.100637 , -0.255025 , 0.11562 , 0.0990072
0.681553 , -0.25632 , 0.112904 , 0.100011 , -0.255107 , 0.114779 , 0.0984191
0.713328 , -0.25632 , 0.112904 , 0.100011 , -0.255468 , 0.114562 , 0.0981002
0.750684 , -0.256797 , 0.115048 , 0.0997009 , -0.256696 , 0.114812 , 0.0989146
0.795257 , -0.257197 , 0.115697 , 0.100108 , -0.257692 , 0.115022 , 0.0993461
0.827005 , -0.257197 , 0.115697 , 0.100108 , -0.258994 , 0.115587 , 0.0997183
0.862966 , -0.257762 , 0.115802 , 0.100186 , -0.259267 , 0.115749 , 0.100129
0.898545 , -0.258634 , 0.115274 , 0.0998161 , -0.259855 , 0.115678 , 0.100217
0.936522 , -0.259616 , 0.118168 , 0.0989168 , -0.260287 , 0.115897 , 0.100193
0.978675 , -0.260537 , 0.120105 , 0.0984828 , -0.260588 , 0.11841 , 0.0989833
1.01109 , -0.261463 , 0.124016 , 0.0980399 , -0.261077 , 0.121733 , 0.098077
1.04452 , -0.261796 , 0.125511 , 0.0983725 , -0.261551 , 0.123662 , 0.0978687
1.08136 , -0.263688 , 0.118377 , 0.0999892 , -0.262897 , 0.120346 , 0.098784
1.11248 , -0.265627 , 0.117264 , 0.0979512 , -0.264589 , 0.11839 , 0.0979551
1.14533 , -0.265498 , 0.119507 , 0.0973732 , -0.265576 , 0.117338 , 0.0974137
1.17887 , -0.266019 , 0.116823 , 0.097963 , -0.266161 , 0.117797 , 0.0973729
1.2123 , -0.267416 , 0.114114 , 0.0995442 , -0.267012 , 0.115504 , 0.0985101
1.25194 , -0.267598 , 0.114424 , 0.0998198 , -0.268174 , 0.114451 , 0.0989669
1.28513 , -0.268664 , 0.113979 , 0.100155 , -0.269011 , 0.115527 , 0.0991649
1.31885 , -0.269016 , 0.116364 , 0.100185 , -0.267199 , 0.117827 , 0.101493
1.35105 , -0.267603 , 0.119602 , 0.100947 , -0.267567 , 0.119805 , 0.1006
1.38955 , -0.26755 , 0.119854 , 0.100063 , -0.267766 , 0.11974 , 0.100361
1.4326 , -0.268388 , 0.120026 , 0.100597 , -0.268861 , 0.118199 , 0.100572
1.46471 , -0.268881 , 0.11872 , 0.101461 , -0.270967 , 0.116405 , 0.100643
1.50419 , -0.270605 , 0.117405 , 0.101003 , -0.270985 , 0.117979 , 0.100262
1.54988 , -0.269946 , 0.116287 , 0.100738 , -0.271053 , 0.116574 , 0.10029
1.58424 , -0.269465 , 0.115861 , 0.0996751 , -0.270214 , 0.116758 , 0.0996246
1.61582 , -0.268155 , 0.1134 , 0.101048 , -0.269523 , 0.118067 , 0.0999193
1.65428 , -0.268823 , 0.116388 , 0.100812 , -0.269338 , 0.117747 , 0.100714
1.68633 , -0.268585 , 0.120309 , 0.100556 , -0.26851 , 0.120847 , 0.0996144
1.71744 , -0.267514 , 0.122891 , 0.10084 , -0.267678 , 0.121989 , 0.0989107
1.74921 , -0.267993 , 0.121933 , 0.100002 , -0.269056 , 0.119823 , 0.099375
1.78613 , -0.268904 , 0.120151 , 0.100096 , -0.269603 , 0.118188 , 0.100007
1.82081 , -0.270046 , 0.117593 , 0.101056 , -0.270507 , 0.1172 , 0.100721
1.85998 , -0.270301 , 0.114733 , 0.10208 , -0.269509 , 0.119631 , 0.100941
1.90423 , -0.269956 , 0.11485 , 0.102367 , -0.270111 , 0.119272 , 0.101798
1.93718 , -0.269487 , 0.117939 , 0.1007 , -0.270966 , 0.117226 , 0.100943
1.96874 , -0.269926 , 0.116916 , 0.100182 , -0.271287 , 0.116589 , 0.100895
2.00467 , -0.269832 , 0.113831 , 0.100974 , -0.272577 , 0.113877 , 0.101462
2.03619 , -0.270508 , 0.113158 , 0.101295 , -0.27234 , 0.113383 , 0.101477
2.07236 , -0.270233 , 0.114372 , 0.100748 , -0.271594 , 0.114135 , 0.100726
2.10488 , -0.269892 , 0.121449 , 0.0999511 , -0.269448 , 0.120394 , 0.101328
2.13639 , -0.268386 , 0.124174 , 0.100193 , -0.267765 , 0.126909 , 0.0986679
2.17107 , -0.269791 , 0.132487 , 0.0940208 , -0.267083 , 0.113032 , 0.101054
2.20886 , -0.267883 , 0.114681 , 0.102688 , -0.266434 , 0.116457 , 0.101046
2.26177 , -0.268728 , 0.119343 , 0.102181 , -0.267517 , 0.113083 , 0.103996
2.31021 , -0.2689 , 0.119221 , 0.103864 , -0.268317 , 0.12286 , 0.103177
2.35699 , -0.268298 , 0.126504 , 0.104191 , -0.267368 , 0.126591 , 0.103462
2.38951 , -0.267982 , 0.127821 , 0.104512 , -0.269226 , 0.127637 , 0.104593
2.42752 , -0.267145 , 0.134064 , 0.104159 , -0.268059 , 0.131533 , 0.104254
2.47498 , -0.268798 , 0.12922 , 0.106111 , -0.267348 , 0.137193 , 0.104489
2.50968 , -0.271168 , 0.136685 , 0.105235 , -0.268653 , 0.122352 , 0.109788
2.54435 , -0.269875 , 0.129845 , 0.109339 , -0.268472 , 0.131729 , 0.109142
2.59286 , -0.26882 , 0.133722 , 0.109147 , -0.268443 , 0.131826 , 0.108847
2.62801 , -0.269106 , 0.136098 , 0.109197 , -0.268191 , 0.139729 , 0.107733
2.67492 , -0.26839 , 0.147981 , 0.105538 , -0.270449 , 0.134468 , 0.109434
2.70612 , -0.269256 , 0.151178 , 0.105362 , -0.270866 , 0.145188 , 0.10476
2.73899 , -0.270723 , 0.158084 , 0.101102 , -0.270094 , 0.143521 , 0.108481
2.77261 , -0.271713 , 0.141341 , 0.108796 , -0.271677 , 0.1462 , 0.108761
2.80904 , -0.272655 , 0.144384 , 0.109968 , -0.274332 , 0.146514 , 0.110601
2.84326 , -0.273095 , 0.144495 , 0.109771 , -0.274331 , 0.15307 , 0.108392
2.87412 , -0.27312 , 0.162705 , 0.104649 , -0.273486 , 0.146939 , 0.111178
2.90701 , -0.272569 , 0.147041 , 0.110868 , -0.275046 , 0.163998 , 0.107384
2.94015 , -0.273336 , 0.150982 , 0.108584 , -0.276177 , 0.162709 , 0.106392
2.99259 , -0.275077 , 0.156234 , 0.107611 , -0.279129 , 0.158008 , 0.100855
3.02402 , -0.277325 , 0.14506 , 0.108149 , -0.277995 , 0.154239 , 0.105931
3.06053 , -0.273765 , 0.140043 , 0.112533 , -0.279088 , 0.158829 , 0.104046
3.09508 , -0.275312 , 0.152382 , 0.106122 , -0.279597 , 0.153317 , 0.104372
3.12628 , -0.274635 , 0.148967 , 0.107704 , -0.279069 , 0.152391 , 0.106317
3.15829 , -0.273886 , 0.153941 , 0.106501 , -0.278735 , 0.147501 , 0.105429
3.1919 , -0.273855 , 0.159506 , 0.104175 , -0.27891 , 0.145003 , 0.106278
3.22836 , -0.27496 , 0.15898 , 0.103698 , -0.278121 , 0.142849 , 0.106669
3.2777 , -0.275767 , 0.144816 , 0.107144 , -0.278552 , 0.141886 , 0.106885
3.30947 , -0.273035 , 0.15162 , 0.109064 , -0.275384 , 0.134139 , 0.109431
3.34585 , -0.270344 , 0.149687 , 0.110423 , -0.274646 , 0.144736 , 0.110429
3.37547 , -0.267711 , 0.150653 , 0.111703 , -0.271146 , 0.147687 , 0.111577
3.41039 , -0.264931 , 0.150696 , 0.112346 , -0.269933 , 0.147607 , 0.109525
3.44394 , -0.2615 , 0.154225 , 0.113434 , -0.269531 , 0.141094 , 0.108921
3.47804 , -0.258082 , 0.148287 , 0.115216 , -0.265281 , 0.155723 , 0.109091
3.51503 , -0.254451 , 0.159943 , 0.115223 , -0.257668 , 0.149906 , 0.114816
3.54855 , -0.249898 , 0.154286 , 0.119085 , -0.249403 , 0.155945 , 0.120264
3.57841 , -0.248483 , 0.139197 , 0.126232 , -0.241034 , 0.167942 , 0.122207
3.60919 , -0.244133 , 0.158158 , 0.12318 , -0.234178 , 0.163284 , 0.127763
3.64547 , -0.240815 , 0.166779 , 0.124146 , -0.230611 , 0.154732 , 0.133908
3.6761 , -0.237441 , 0.160176 , 0.125992 , -0.230414 , 0.161174 , 0.133262
3.71089 , -0.235113 , 0.156686 , 0.128981 , -0.230336 , 0.159164 , 0.13287
3.74329 , -0.231348 , 0.177097 , 0.124623 , -0.226829 , 0.160681 , 0.132489
3.78275 , -0.230821 , 0.155384 , 0.128108 , -0.223159 , 0.163786 , 0.132515
3.81196 , -0.223965 , 0.183047 , 0.125435 , -0.226949 , 0.145041 , 0.134808
3.84633 , -0.223692 , 0.169016 , 0.128028 , -0.219437 , 0.167836 , 0.131422
3.87998 , -0.221501 , 0.182787 , 0.126439 , -0.219088 , 0.148212 , 0.13966
3.91437 , -0.220735 , 0.170797 , 0.131116 , -0.214664 , 0.177811 , 0.134049
3.9481 , -0.217684 , 0.196315 , 0.126522 , -0.216157 , 0.164824 , 0.138624
3.97967 , -0.218096 , 0.174962 , 0.133603 , -0.213234 , 0.184274 , 0.135528
4.01516 , -0.21785 , 0.194898 , 0.128148 , -0.213358 , 0.182194 , 0.137163
4.05178 , -0.216966 , 0.197444 , 0.127808 , -0.214247 , 0.189103 , 0.134535
4.08235 , -0.215348 , 0.194881 , 0.13186 , -0.214374 , 0.198208 , 0.131908
4.12096 , -0.216037 , 0.207888 , 0.128692 , -0.214385 , 0.197915 , 0.131374
4.16639 , -0.214731 , 0.207246 , 0.129453 , -0.211327 , 0.194773 , 0.133476
4.20721 , -0.212322 , 0.198015 , 0.130589 , -0.209355 , 0.187679 , 0.135476
4.25672 , -0.211492 , 0.21118 , 0.12858 , -0.207202 , 0.188551 , 0.133506
4.30654 , -0.20857 , 0.201093 , 0.129522 , -0.198828 , 0.200444 , 0.129366
4.35656 , -0.202774 , 0.195511 , 0.128642 , -0.193519 , 0.19873 , 0.129081
4.40622 , -0.198097 , 0.190014 , 0.129172 , -0.189786 , 0.200718 , 0.130256
4.45319 , -0.190907 , 0.194926 , 0.130926 , -0.189434 , 0.206753 , 0.127452
4.4913 , -0.187969 , 0.20602 , 0.131204 , -0.18713 , 0.206225 , 0.127871
4.53889 , -0.188159 , 0.20952 , 0.130854 , -0.185935 , 0.192067 , 0.132666
4.57005 , -0.185814 , 0.20821 , 0.135102 , -0.184766 , 0.197686 , 0.134988
4.60088 , -0.184717 , 0.215572 , 0.134869 , -0.186444 , 0.197111 , 0.137496
4.639 , -0.187051 , 0.216313 , 0.13619 , -0.190456 , 0.190944 , 0.13897
4.67786 , -0.191097 , 0.204884 , 0.137329 , -0.195512 , 0.20934 , 0.137451
4.72558 , -0.196328 , 0.20391 , 0.13925 , -0.200655 , 0.21148 , 0.139939
4.77461 , -0.202036 , 0.205931 , 0.14175 , -0.206219 , 0.208033 , 0.145012
4.82752 , -0.206801 , 0.203939 , 0.148303 , -0.210812 , 0.203333 , 0.151472
4.8752 , -0.212639 , 0.20806 , 0.152499 , -0.21558 , 0.205889 , 0.156476
4.91256 , -0.220148 , 0.205936 , 0.158474 , -0.222411 , 0.202997 , 0.162861
4.96114 , -0.22885 , 0.207522 , 0.160383 , -0.230137 , 0.206649 , 0.164788
5.01043 , -0.238892 , 0.201568 , 0.16295 , -0.237631 , 0.212708 , 0.16957
5.05992 , -0.249245 , 0.20561 , 0.165867 , -0.246853 , 0.209385 , 0.171146
5.09525 , -0.255401 , 0.206903 , 0.167852 , -0.257375 , 0.206949 , 0.16849
5.14229 , -0.262594 , 0.205271 , 0.167865 , -0.265486 , 0.2106 , 0.165177
5.17384 , -0.270464 , 0.20797 , 0.167569 , -0.271414 , 0.207537 , 0.163794
5.20865 , -0.276551 , 0.210395 , 0.165652 , -0.277908 , 0.196639 , 0.164266
5.23753 , -0.284455 , 0.201467 , 0.168361 , -0.286684 , 0.198214 , 0.163463
5.27293 , -0.294591 , 0.202405 , 0.166517 , -0.295987 , 0.200945 , 0.163481
5.30354 , -0.30388 , 0.197445 , 0.168537 , -0.3047 , 0.190496 , 0.166533
5.33866 , -0.31194 , 0.197435 , 0.166095 , -0.313092 , 0.19469 , 0.163183
5.37675 , -0.320202 , 0.197102 , 0.164192 , -0.322996 , 0.194707 , 0.162783
5.41556 , -0.329055 , 0.197148 , 0.163815 , -0.331829 , 0.192712 , 0.16219
5.46293 , -0.339917 , 0.190946 , 0.163935 , -0.344817 , 0.192611 , 0.162445
5.50963 , -0.352642 , 0.188264 , 0.164183 , -0.357113 , 0.181257 , 0.163335
5.54425 , -0.365903 , 0.183113 , 0.162326 , -0.370903 , 0.175454 , 0.162366
5.57239 , -0.380562 , 0.178095 , 0.161518 , -0.386283 , 0.169507 , 0.162116
5.60526 , -0.39596 , 0.172544 , 0.160902 , -0.401157 , 0.156101 , 0.164731
5.6406 , -0.411507 , 0.162477 , 0.162229 , -0.418851 , 0.156962 , 0.162882
5.67425 , -0.42714 , 0.146615 , 0.166529 , -0.433188 , 0.154479 , 0.163801
5.70868 , -0.443217 , 0.14281 , 0.168303 , -0.450053 , 0.144485 , 0.166865
5.73938 , -0.459381 , 0.139587 , 0.167853 , -0.465211 , 0.145678 , 0.165753
5.77393 , -0.473401 , 0.131031 , 0.170605 , -0.480016 , 0.129808 , 0.170376
5.81348 , -0.487747 , 0.127231 , 0.169996 , -0.491912 , 0.132168 , 0.170324
5.84773 , -0.497016 , 0.129606 , 0.170879 , -0.498917 , 0.144507 , 0.165513
5.88156 , -0.50463 , 0.12119 , 0.176253 , -0.506025 , 0.129915 , 0.173004
5.91005 , -0.50989 , 0.121839 , 0.179009 , -0.511111 , 0.130318 , 0.175245
5.943 , -0.514052 , 0.12368 , 0.179652 , -0.514408 , 0.132357 , 0.176368
5.97976 , -0.515384 , 0.141557 , 0.172318 , -0.514796 , 0.125875 , 0.181651
6.013 , -0.514816 , 0.137011 , 0.176842 , -0.513891 , 0.126382 , 0.183148
6.0475 , -0.512877 , 0.135482 , 0.179808 , -0.511743 , 0.136074 , 0.179671
6.07745 , -0.51013 , 0.138198 , 0.179351 , -0.50755 , 0.1305 , 0.182068
6.11064 , -0.507461 , 0.12765 , 0.181099 , -0.505995 , 0.135951 , 0.179726
6.14701 , -0.503756 , 0.129377 , 0.179575 , -0.502259 , 0.133333 , 0.174571
6.1825 , -0.498744 , 0.131633 , 0.175457 , -0.495371 , 0.143128 , 0.172011
6.21737 , -0.489185 , 0.137722 , 0.175085 , -0.482454 , 0.140548 , 0.176515
6.25078 , -0.477917 , 0.150074 , 0.168698 , -0.468388 , 0.151817 , 0.172834
6.28472 , -0.463633 , 0.138755 , 0.173092 , -0.457023 , 0.145346 , 0.171417
6.33163 , -0.447739 , 0.136555 , 0.171174 , -0.4488 , 0.140189 , 0.166293
6.37338 , -0.431196 , 0.132472 , 0.167774 , -0.437123 , 0.140393 , 0.163434
6.41487 , -0.412014 , 0.136302 , 0.165254 , -0.423234 , 0.133865 , 0.16429
6.44848 , -0.394346 , 0.141181 , 0.163175 , -0.407 , 0.137587 , 0.161287
6.48106 , -0.378137 , 0.128098 , 0.160937 , -0.391938 , 0.144744 , 0.161304
6.51779 , -0.362278 , 0.134794 , 0.159492 , -0.376252 , 0.137703 , 0.1615
6.55285 , -0.348969 , 0.129818 , 0.162587 , -0.360885 , 0.12969 , 0.163359
6.58417 , -0.338495 , 0.132496 , 0.165997 , -0.346319 , 0.125507 , 0.166391
6.61561 , -0.328075 , 0.138274 , 0.166943 , -0.330524 , 0.125148 , 0.167454
6.64846 , -0.316427 , 0.135999 , 0.169613 , -0.316814 , 0.131207 , 0.167636
6.68923 , -0.305229 , 0.13421 , 0.171536 , -0.302987 , 0.134798 , 0.16592
6.73308 , -0.293167 , 0.131594 , 0.168485 , -0.28767 , 0.131008 , 0.167032
6.76676 , -0.279672 , 0.140596 , 0.163602 , -0.267949 , 0.132586 , 0.167671
6.79678 , -0.267984 , 0.124333 , 0.159056 , -0.249446 , 0.133743 , 0.163683
6.83136 , -0.249301 , 0.132337 , 0.158544 , -0.243098 , 0.117473 , 0.15632
6.86562 , -0.23881 , 0.122997 , 0.152565 , -0.226982 , 0.123291 , 0.157559
6.89933 , -0.2249 , 0.12441 , 0.153597 , -0.219298 , 0.119113 , 0.156034
6.93383 , -0.216337 , 0.121011 , 0.151725 , -0.215561 , 0.119006 , 0.15054
6.96781 , -0.209616 , 0.121996 , 0.148524 , -0.207601 , 0.11468 , 0.154076
7.00093 , -0.201093 , 0.121496 , 0.151577 , -0.204676 , 0.12919 , 0.147599
7.03198 , -0.19685 , 0.138537 , 0.148317 , -0.197386 , 0.134729 , 0.151197
7.067 , -0.19184 , 0.137407 , 0.151907 , -0.194205 , 0.138396 , 0.152828
7.10139 , -0.190412 , 0.136741 , 0.153873 , -0.191886 , 0.120547 , 0.155578
7.13205 , -0.188798 , 0.132442 , 0.152527 , -0.18764 , 0.130799 , 0.152724
7.17037 , -0.185801 , 0.134568 , 0.1493 , -0.186039 , 0.13059 , 0.148725
7.20355 , -0.184742 , 0.131525 , 0.146921 , -0.184463 , 0.129956 , 0.146788
7.23277 , -0.182762 , 0.129517 , 0.146386 , -0.184523 , 0.129711 , 0.142276
7.27087 , -0.181728 , 0.129793 , 0.144134 , -0.182292 , 0.12986 , 0.141531
7.30137 , -0.180393 , 0.128921 , 0.142966 , -0.182424 , 0.127186 , 0.139822
7.33335 , -0.181186 , 0.129137 , 0.141222 , -0.179247 , 0.127805 , 0.141843
7.36889 , -0.181184 , 0.13224 , 0.139241 , -0.178059 , 0.121156 , 0.144176
7.40895 , -0.180164 , 0.13544 , 0.140287 , -0.179144 , 0.123724 , 0.144041
7.43722 , -0.179495 , 0.13972 , 0.142435 , -0.17853 , 0.129571 , 0.144934
7.46762 , -0.179211 , 0.140828 , 0.145043 , -0.178464 , 0.13523 , 0.145786
7.50117 , -0.178621 , 0.137937 , 0.148518 , -0.178383 , 0.138817 , 0.14798
7.53456 , -0.178874 , 0.142616 , 0.148364 , -0.17736 , 0.14147 , 0.151156
7.57121 , -0.176024 , 0.143424 , 0.152724 , -0.177251 , 0.149472 , 0.149431
7.60499 , -0.17708 , 0.150588 , 0.15117 , -0.175044 , 0.150814 , 0.151368
7.63532 , -0.17604 , 0.151374 , 0.152706 , -0.175831 , 0.145082 , 0.151529
7.67254 , -0.176655 , 0.149345 , 0.150772 , -0.176688 , 0.145798 , 0.152123
7.70472 , -0.175408 , 0.147137 , 0.151634 , -0.176903 , 0.151962 , 0.15028
7.73904 , -0.176354 , 0.148424 , 0.15097 , -0.175029 , 0.151273 , 0.14889
7.77252 , -0.17636 , 0.145654 , 0.14804 , -0.173007 , 0.146347 , 0.148184
7.80312 , -0.176648 , 0.149091 , 0.145887 , -0.175805 , 0.140655 , 0.145262
7.83819 , -0.176835 , 0.14013 , 0.144484 , -0.176605 , 0.137207 , 0.141399
7.87186 , -0.177552 , 0.136706 , 0.138559 , -0.174379 , 0.136763 , 0.140385
7.90845 , -0.174336 , 0.129764 , 0.135422 , -0.165347 , 0.133121 , 0.137008
7.94191 , -0.170427 , 0.130959 , 0.134769 , -0.158833 , 0.135662 , 0.135944
7.97289 , -0.168551 , 0.135627 , 0.131787 , -0.159144 , 0.134327 , 0.132892
8.00844 , -0.168427 , 0.13256 , 0.132404 , -0.164554 , 0.131866 , 0.132561
8.04027 , -0.170072 , 0.132812 , 0.134239 , -0.17108 , 0.135019 , 0.133612
8.07667 , -0.173243 , 0.133688 , 0.132906 , -0.178661 , 0.137589 , 0.134908
8.10729 , -0.178422 , 0.135933 , 0.134806 , -0.18942 , 0.136375 , 0.137446
8.14162 , -0.187288 , 0.132508 , 0.136604 , -0.199685 , 0.1339 , 0.137946
8.17588 , -0.196647 , 0.132118 , 0.138173 , -0.211303 , 0.129961 , 0.139404
8.20973 , -0.209983 , 0.129202 , 0.140358 , -0.220826 , 0.131082 , 0.142621
8.24137 , -0.22308 , 0.128338 , 0.14299 , -0.232802 , 0.131654 , 0.144996
8.27865 , -0.240686 , 0.124711 , 0.143819 , -0.24805 , 0.109357 , 0.151018
8.31363 , -0.257813 , 0.117869 , 0.146282 , -0.260093 , 0.118615 , 0.150704
8.34732 , -0.277023 , 0.114677 , 0.146438 , -0.278027 , 0.121269 , 0.149162
8.38254 , -0.29684 , 0.119492 , 0.145352 , -0.30178 , 0.117803 , 0.147088
8.4255 , -0.318727 , 0.118244 , 0.143822 , -0.323906 , 0.120689 , 0.139939
8.45914 , -0.338043 , 0.11959 , 0.140834 , -0.341679 , 0.117925 , 0.13795
8.49362 , -0.354295 , 0.119491 , 0.139396 , -0.357533 , 0.114887 , 0.133177
8.5242 , -0.368829 , 0.120926 , 0.13367 , -0.37178 , 0.117074 , 0.131579
8.55877 , -0.381838 , 0.116975 , 0.133498 , -0.388162 , 0.117303 , 0.129593
8.59332 , -0.398279 , 0.11465 , 0.131636 , -0.407066 , 0.119127 , 0.129002
8.62682 , -0.416119 , 0.112971 , 0.131285 , -0.42442 , 0.120597 , 0.128639
8.66156 , -0.433224 , 0.117401 , 0.130199 , -0.438963 , 0.109932 , 0.130724
8.69256 , -0.448847 , 0.111311 , 0.129574 , -0.455342 , 0.106099 , 0.129652
8.72734 , -0.46433 , 0.106694 , 0.128262 , -0.469261 , 0.105356 , 0.128575
8.76186 , -0.478755 , 0.0980458 , 0.129815 , -0.483171 , 0.107203 , 0.124559
8.7937 , -0.493876 , 0.101467 , 0.125419 , -0.498888 , 0.106258 , 0.121868
8.82984 , -0.509662 , 0.104953 , 0.121996 , -0.512877 , 0.103797 , 0.122673
8.86348 , -0.522933 , 0.103846 , 0.120984 , -0.525507 , 0.106138 , 0.121944
8.89449 , -0.535791 , 0.100923 , 0.123236 , -0.537717 , 0.108491 , 0.121229
8.92974 , -0.546554 , 0.117752 , 0.121604 , -0.549803 , 0.111945 , 0.125276
8.96035 , -0.560255 , 0.115492 , 0.124981 , -0.566323 , 0.10842 , 0.129723
8.99804 , -0.575674 , 0.112341 , 0.124731 , -0.577328 , 0.119049 , 0.128725
9.02885 , -0.587162 , 0.117463 , 0.129966 , -0.589104 , 0.120007 , 0.136158
9.06312 , -0.597591 , 0.127709 , 0.132604 , -0.5976 , 0.134782 , 0.135026
9.09594 , -0.605875 , 0.131177 , 0.136798 , -0.60496 , 0.141725 , 0.135487
9.13226 , -0.612909 , 0.127593 , 0.142227 , -0.609936 , 0.144195 , 0.136144
9.16561 , -0.61698 , 0.128587 , 0.143965 , -0.613545 , 0.149012 , 0.136522
9.20299 , -0.617625 , 0.137755 , 0.144823 , -0.616093 , 0.14655 , 0.143066
9.23336 , -0.617244 , 0.144424 , 0.146922 , -0.614909 , 0.149653 , 0.14589
9.26353 , -0.613471 , 0.149881 , 0.147427 , -0.611411 , 0.147335 , 0.14913
9.30005 , -0.606837 , 0.1535 , 0.146712 , -0.606059 , 0.149848 , 0.149113
9.33204 , -0.601802 , 0.150997 , 0.146909 , -0.59774 , 0.154913 , 0.147082
9.36755 , -0.591268 , 0.153406 , 0.143676 , -0.586932 , 0.15367 , 0.143598
9.40489 , -0.57694 , 0.150438 , 0.140763 , -0.570992 , 0.156228 , 0.137638
9.45212 , -0.559329 , 0.153077 , 0.138401 , -0.553857 , 0.158914 , 0.139008
9.48764 , -0.5403 , 0.149039 , 0.138494 , -0.535007 , 0.15519 , 0.141062
9.51917 , -0.516969 , 0.149336 , 0.136447 , -0.515492 , 0.149002 , 0.140783
9.55307 , -0.492873 , 0.141893 , 0.13612 , -0.492427 , 0.152367 , 0.137917
9.58582 , -0.465688 , 0.145175 , 0.134646 , -0.470641 , 0.142231 , 0.138564
9.61714 , -0.438428 , 0.150127 , 0.133382 , -0.446211 , 0.144085 , 0.136464
9.65414 , -0.41396 , 0.1436 , 0.139053 , -0.424744 , 0.143765 , 0.136296
9.68795 , -0.393678 , 0.145045 , 0.140911 , -0.405158 , 0.143911 , 0.133477
9.72009 , -0.375466 , 0.149721 , 0.140231 , -0.385696 , 0.147354 , 0.135543
9.75516 , -0.358372 , 0.15254 , 0.143974 , -0.366393 , 0.15406 , 0.141043
9.79075 , -0.34174 , 0.159865 , 0.145819 , -0.348073 , 0.161468 , 0.147333
9.82527 , -0.324984 , 0.169171 , 0.148295 , -0.32974 , 0.167817 , 0.148782
9.8734 , -0.310623 , 0.166931 , 0.151026 , -0.31307 , 0.169746 , 0.151094
9.90847 , -0.296055 , 0.168943 , 0.151096 , -0.293929 , 0.178981 , 0.151576
9.94225 , -0.283829 , 0.159457 , 0.151044 , -0.275287 , 0.176243 , 0.152024
9.98586 , -0.268785 , 0.165312 , 0.150444 , -0.264322 , 0.153735 , 0.149595
10.0195 , -0.258113 , 0.158634 , 0.146777 , -0.248904 , 0.155512 , 0.151234
10.0543 , -0.252463 , 0.145855 , 0.14555 , -0.238678 , 0.157484 , 0.149359
10.0876 , -0.240605 , 0.147844 , 0.147956 , -0.234175 , 0.14983 , 0.150085
10.1182 , -0.232896 , 0.152008 , 0.148893 , -0.228793 , 0.151416 , 0.152115
10.1538 , -0.232502 , 0.148904 , 0.147408 , -0.225375 , 0.154209 , 0.152736
10.1874 , -0.224145 , 0.158692 , 0.151016 , -0.222929 , 0.153677 , 0.155014
10.2217 , -0.219998 , 0.161262 , 0.15306 , -0.219771 , 0.159839 , 0.154278
10.2525 , -0.21609 , 0.165266 , 0.152609 , -0.216076 , 0.161644 , 0.152189
10.2879 , -0.214691 , 0.168407 , 0.148195 , -0.211592 , 0.164203 , 0.152158
10.3216 , -0.208102 , 0.168141 , 0.149791 , -0.208099 , 0.164318 , 0.149954
10.353 , -0.204877 , 0.17137 , 0.147874 , -0.205769 , 0.172183 , 0.147064
10.3897 , -0.201883 , 0.172485 , 0.148889 , -0.199972 , 0.171618 , 0.14698
10.4263 , -0.201218 , 0.175491 , 0.144844 , -0.199434 , 0.174352 , 0.145336
10.4562 , -0.19904 , 0.169935 , 0.147301 , -0.199575 , 0.176686 , 0.145551
10.4895 , -0.19931 , 0.174391 , 0.146064 , -0.197959 , 0.179197 , 0.14584
10.5229 , -0.197532 , 0.179046 , 0.146662 , -0.198362 , 0.181093 , 0.146064
10.5573 , -0.197461 , 0.180083 , 0.148856 , -0.195647 , 0.181332 , 0.149599
10.5941 , -0.195808 , 0.175012 , 0.153682 , -0.197872 , 0.187882 , 0.15033
10.6248 , -0.193434 , 0.185835 , 0.157898 , -0.19524 , 0.188717 , 0.156505
10.657 , -0.19539 , 0.185694 , 0.157743 , -0.194915 , 0.186598 , 0.159181
10.6909 , -0.193142 , 0.190094 , 0.159538 , -0.193898 , 0.187456 , 0.159215
10.7251 , -0.190835 , 0.186745 , 0.163038 , -0.192193 , 0.190176 , 0.159493
10.7623 , -0.188191 , 0.191871 , 0.162504 , -0.189272 , 0.188401 , 0.16006
10.7956 , -0.185348 , 0.19235 , 0.162572 , -0.186391 , 0.194904 , 0.159681
10.8326 , -0.182593 , 0.193725 , 0.162772 , -0.18493 , 0.191726 , 0.159959
10.8816 , -0.182452 , 0.18791 , 0.162164 , -0.180843 , 0.18816 , 0.160965
10.9291 , -0.182737 , 0.187475 , 0.15909 , -0.182759 , 0.188981 , 0.160954
10.9596 , -0.18162 , 0.183303 , 0.159768 , -0.178882 , 0.190091 , 0.157637
10.994 , -0.179881 , 0.181413 , 0.156192 , -0.167722 , 0.192156 , 0.155199
11.026 , -0.177813 , 0.180716 , 0.152106 , -0.16036 , 0.187258 , 0.154129
11.063 , -0.175249 , 0.173326 , 0.150804 , -0.163655 , 0.178595 , 0.153701
11.0976 , -0.174446 , 0.175166 , 0.150031 , -0.168837 , 0.177905 , 0.150329
11.1297 , -0.175078 , 0.176586 , 0.148019 , -0.173253 , 0.173884 , 0.148415
11.1614 , -0.176738 , 0.176181 , 0.145456 , -0.179119 , 0.168355 , 0.147083
11.2019 , -0.180148 , 0.174869 , 0.14461 , -0.185249 , 0.161569 , 0.146219
11.2466 , -0.185273 , 0.16669 , 0.146777 , -0.193432 , 0.15922 , 0.147408
11.2784 , -0.191939 , 0.179195 , 0.145189 , -0.202836 , 0.156134 , 0.149292
11.3143 , -0.200523 , 0.177167 , 0.149723 , -0.21371 , 0.156813 , 0.150243
11.3487 , -0.211791 , 0.165151 , 0.152254 , -0.220825 , 0.167314 , 0.153438
11.3796 , -0.222894 , 0.158862 , 0.155562 , -0.230273 , 0.158121 , 0.161017
11.4141 , -0.23555 , 0.156363 , 0.158168 , -0.243775 , 0.156259 , 0.162954
11.4472 , -0.252401 , 0.156725 , 0.157849 , -0.254572 , 0.155998 , 0.168089
11.4807 , -0.268868 , 0.167369 , 0.160689 , -0.273037 , 0.15996 , 0.170372
11.5111 , -0.287967 , 0.170889 , 0.16341 , -0.292047 , 0.166504 , 0.175501
11.5468 , -0.307234 , 0.168639 , 0.168161 , -0.314667 , 0.16912 , 0.175375
11.5783 , -0.329503 , 0.164661 , 0.166061 , -0.334724 , 0.166574 , 0.17418
11.6147 , -0.349021 , 0.171933 , 0.160604 , -0.355726 , 0.151961 , 0.167211
11.6473 , -0.369668 , 0.156953 , 0.159197 , -0.376577 , 0.157812 , 0.153285
11.679 , -0.387855 , 0.157125 , 0.153725 , -0.393904 , 0.157277 , 0.145207
11.7159 , -0.401242 , 0.157622 , 0.151317 , -0.410507 , 0.146985 , 0.146005
11.7501 , -0.421551 , 0.156465 , 0.145571 , -0.425493 , 0.144966 , 0.146323
11.7846 , -0.435864 , 0.147792 , 0.14754 , -0.441161 , 0.142162 , 0.146945
11.8153 , -0.452204 , 0.145325 , 0.146828 , -0.451849 , 0.128442 , 0.152624
11.8538 , -0.464656 , 0.140548 , 0.147932 , -0.467398 , 0.133695 , 0.150469
11.8875 , -0.475298 , 0.138688 , 0.149981 , -0.480132 , 0.140217 , 0.149523
11.9229 , -0.48582 , 0.136836 , 0.15424 , -0.494146 , 0.146508 , 0.150832
11.9721 , -0.497663 , 0.145767 , 0.155118 , -0.50432 , 0.147166 , 0.154702
12.0194 , -0.507586 , 0.148476 , 0.158372 , -0.515401 , 0.1484 , 0.157977
12.0537 , -0.51987 , 0.151058 , 0.160905 , -0.525669 , 0.146762 , 0.161607
12.0819 , -0.530905 , 0.145898 , 0.164831 , -0.536335 , 0.144586 , 0.165183
12.1172 , -0.541111 , 0.145536 , 0.167015 , -0.546556 , 0.138048 , 0.167481
12.1477 , -0.550955 , 0.141068 , 0.169315 , -0.554642 , 0.131613 , 0.171821
12.1864 , -0.556981 , 0.142039 , 0.170724 , -0.55897 , 0.13632 , 0.17289
12.2148 , -0.559692 , 0.138836 , 0.17461 , -0.564924 , 0.137736 , 0.17037
12.2504 , -0.56172 , 0.140782 , 0.170946 , -0.564635 , 0.129121 , 0.173563
12.2857 , -0.562493 , 0.135594 , 0.169632 , -0.565572 , 0.132443 , 0.171508
12.3191 , -0.56248 , 0.138282 , 0.166849 , -0.562109 , 0.130672 , 0.169221
12.35 , -0.559018 , 0.138305 , 0.16396 , -0.559133 , 0.137195 , 0.165536
12.3847 , -0.556844 , 0.128765 , 0.163229 , -0.556439 , 0.136712 , 0.159413
12.4182 , -0.555183 , 0.129116 , 0.158928 , -0.555504 , 0.122209 , 0.155431
12.453 , -0.551835 , 0.122013 , 0.151949 , -0.553663 , 0.110267 , 0.146912
12.4836 , -0.54897 , 0.109655 , 0.143484 , -0.550823 , 0.106393 , 0.137298
12.522 , -0.544129 , 0.0989811 , 0.132515 , -0.5391 , 0.0914721 , 0.128426
12.5582 , -0.534194 , 0.0870775 , 0.118144 , -0.527468 , 0.0650611 , 0.120694
12.5897 , -0.516353 , 0.061441 , 0.115765 , -0.510569 , 0.0637725 , 0.109466
12.6235 , -0.498112 , 0.0519524 , 0.101254 , -0.48951 , 0.0531305 , 0.104317
12.6597 , -0.476228 , 0.0485039 , 0.0990231 , -0.466652 , 0.0498345 , 0.0990185
12.6913 , -0.452131 , 0.0433662 , 0.099221 , -0.442321 , 0.0470457 , 0.0969073
12.7236 , -0.429775 , 0.0332902 , 0.0924246 , -0.419426 , 0.0429992 , 0.0920845
12.7574 , -0.406607 , 0.0367922 , 0.0896632 , -0.395635 , 0.0427849 , 0.0941975
12.7951 , -0.382152 , 0.0413856 , 0.0937341 , -0.372981 , 0.0491269 , 0.0957564
12.843 , -0.358828 , 0.050886 , 0.0964075 , -0.354167 , 0.0536784 , 0.0978068
12.8758 , -0.340772 , 0.0554472 , 0.0977957 , -0.336092 , 0.0541366 , 0.0964602
12.9071 , -0.324308 , 0.0542455 , 0.0965312 , -0.322115 , 0.0566433 , 0.0974777
12.9403 , -0.311291 , 0.0588721 , 0.0999612 , -0.30757 , 0.0585817 , 0.101277
12.9735 , -0.29705 , 0.0623736 , 0.100515 , -0.294725 , 0.0634864 , 0.100565
13.0073 , -0.284737 , 0.064101 , 0.101571 , -0.283272 , 0.0687094 , 0.104712
13.0469 , -0.27649 , 0.071856 , 0.105152 , -0.27366 , 0.0732955 , 0.10836
13.0929 , -0.266978 , 0.0809036 , 0.108268 , -0.266862 , 0.0748357 , 0.10704
13.1283 , -0.260884 , 0.0770645 , 0.108455 , -0.260118 , 0.0911545 , 0.107008
13.1653 , -0.257321 , 0.0917951 , 0.106441 , -0.260874 , 0.0898296 , 0.106274
13.2117 , -0.2595 , 0.0890172 , 0.104887 , -0.260116 , 0.0954396 , 0.107503
13.2479 , -0.259416 , 0.094971 , 0.105047 , -0.261217 , 0.0953234 , 0.107621
13.2928 , -0.262697 , 0.0958698 , 0.107041 , -0.266447 , 0.0901954 , 0.108576
13.3247 , -0.268611 , 0.0934079 , 0.107628 , -0.271644 , 0.0881841 , 0.107805
13.3601 , -0.274073 , 0.091765 , 0.106854 , -0.279288 , 0.0885858 , 0.107293
13.3917 , -0.281217 , 0.0893444 , 0.105562 , -0.285182 , 0.0861944 , 0.104614
13.4283 , -0.287561 , 0.0868508 , 0.102843 , -0.293394 , 0.0844879 , 0.0994994
13.4592 , -0.292647 , 0.084642 , 0.099919 , -0.294704 , 0.0825737 , 0.0990787
13.4926 , -0.298416 , 0.0828369 , 0.0987452 , -0.297157 , 0.0826743 , 0.0991149
13.5261 , -0.297589 , 0.0837568 , 0.0971994 , -0.296718 , 0.079233 , 0.0995272
13.5595 , -0.296938 , 0.0851043 , 0.0974133 , -0.296819 , 0.0828221 , 0.0986517
13.5961 , -0.296573 , 0.0807817 , 0.0980847 , -0.29709 , 0.0817788 , 0.0990395
13.6271 , -0.296077 , 0.0773671 , 0.0943579 , -0.296036 , 0.0795178 , 0.0962544
13.6602 , -0.294763 , 0.0792776 , 0.0931647 , -0.295648 , 0.0772343 , 0.0952932
13.6958 , -0.295522 , 0.0774183 , 0.0931041 , -0.296288 , 0.0769309 , 0.0942602
13.7273 , -0.294258 , 0.0740098 , 0.093113 , -0.295341 , 0.0758495 , 0.0933022
13.7639 , -0.292821 , 0.0725097 , 0.0927467 , -0.294355 , 0.0738544 , 0.0931236
13.7947 , -0.292564 , 0.0737993 , 0.0916085 , -0.293268 , 0.0744892 , 0.0921251
13.828 , -0.291324 , 0.0749684 , 0.0908733 , -0.292068 , 0.0716632 , 0.0900537
13.8634 , -0.290489 , 0.069859 , 0.0875918 , -0.292192 , 0.067336 , 0.0875791
13.8954 , -0.288338 , 0.0648012 , 0.0860333 , -0.290827 , 0.0662331 , 0.0867469
13.9316 , -0.287344 , 0.06443 , 0.0854441 , -0.287682 , 0.0652526 , 0.0857542
13.9626 , -0.285728 , 0.0639896 , 0.0845182 , -0.288775 , 0.0624343 , 0.0842304
13.9958 , -0.285833 , 0.0626816 , 0.0827471 , -0.286727 , 0.0607909 , 0.0825454
14.0313 , -0.283884 , 0.0608439 , 0.0801957 , -0.284218 , 0.0617496 , 0.0811024
14.0658 , -0.282595 , 0.0607977 , 0.0790289 , -0.283043 , 0.060263 , 0.0797692
14.097 , -0.282824 , 0.0584752 , 0.0769902 , -0.283395 , 0.0600408 , 0.0781788
14.1302 , -0.281219 , 0.0594674 , 0.077227 , -0.282051 , 0.0615505 , 0.0772742
14.1652 , -0.280539 , 0.0616597 , 0.0772 , -0.280723 , 0.0543904 , 0.0782892
14.1986 , -0.27943 , 0.0554899 , 0.0781254 , -0.280319 , 0.0545452 , 0.077793
14.2353 , -0.278406 , 0.0546814 , 0.0770547 , -0.27975 , 0.0547015 , 0.077699
14.2686 , -0.278764 , 0.0521448 , 0.075051 , -0.278743 , 0.0538176 , 0.0761773
14.301 , -0.276423 , 0.0486952 , 0.0744294 , -0.277441 , 0.0522027 , 0.0745168
14.3337 , -0.277562 , 0.0518848 , 0.0728943 , -0.277755 , 0.0520976 , 0.0738129
14.3662 , -0.277132 , 0.0521493 , 0.0733094 , -0.277628 , 0.0521705 , 0.0736304
14.4025 , -0.278729 , 0.0507051 , 0.0721826 , -0.278303 , 0.0518002 , 0.0735483
14.4371 , -0.278729 , 0.0507051 , 0.0721826 , -0.278331 , 0.0524171 , 0.0736342
14.4756 , -0.27809 , 0.0516864 , 0.0725976 , -0.278428 , 0.0493418 , 0.070922
14.52 , -0.278156 , 0.0475705 , 0.0710502 , -0.278788 , 0.0482791 , 0.071036
14.5517 , -0.276532 , 0.047722 , 0.0702645 , -0.277864 , 0.0479804 , 0.0707033
14.5855 , -0.277035 , 0.0479221 , 0.070243 , -0.277952 , 0.0480553 , 0.0708444
14.6246 , -0.27847 , 0.044661 , 0.0702036 , -0.278549 , 0.046095 , 0.0708172
14.6738 , -0.278444 , 0.047181 , 0.0709113 , -0.278937 , 0.0462141 , 0.0711823
14.7234 , -0.278133 , 0.0492808 , 0.0711256 , -0.278981 , 0.0481298 , 0.0713398
14.7721 , -0.275664 , 0.0513713 , 0.0713679 , -0.279034 , 0.0485158 , 0.0713571
14.8111 , -0.2769 , 0.0471763 , 0.0705004 , -0.277238 , 0.0488267 , 0.0708599
14.8603 , -0.275903 , 0.0483985 , 0.0697322 , -0.277783 , 0.045762 , 0.0714449
14.9045 , -0.275772 , 0.0464658 , 0.0723911 , -0.276832 , 0.0469611 , 0.0723719
14.9385 , -0.27626 , 0.0491314 , 0.0734197 , -0.276794 , 0.0483104 , 0.0731193
14.9697 , -0.275081 , 0.0486943 , 0.0739826 , -0.275443 , 0.0501107 , 0.0735226
15.0024 , -0.274683 , 0.0505297 , 0.0737792 , -0.274716 , 0.0509927 , 0.0718022
15.0359 , -0.273943 , 0.0512961 , 0.0720055 , -0.274837 , 0.0511605 , 0.0718887
15.0723 , -0.272993 , 0.0491279 , 0.0718371 , -0.274259 , 0.0529609 , 0.0719055
15.1101 , -0.272737 , 0.0509667 , 0.0719901 , -0.274805 , 0.0499027 , 0.0729215
15.1562 , -0.273022 , 0.0503873 , 0.0725216 , -0.274492 , 0.0524812 , 0.0732907
15.1875 , -0.272286 , 0.054303 , 0.0729773 , -0.273431 , 0.0545211 , 0.0732232
15.2226 , -0.271683 , 0.0543623 , 0.0732737 , -0.272323 , 0.0552388 , 0.0726474
15.2543 , -0.272051 , 0.0523945 , 0.0708232 , -0.272236 , 0.0535452 , 0.0716528
15.2897 , -0.273438 , 0.0510554 , 0.0709901 , -0.271326 , 0.0542238 , 0.0704194
15.321 , -0.272506 , 0.0500071 , 0.0708261 , -0.272681 , 0.0519729 , 0.0707349
15.3555 , -0.27305 , 0.0519913 , 0.072977 , -0.273685 , 0.052014 , 0.0722352
15.389 , -0.272527 , 0.0546561 , 0.0734898 , -0.273566 , 0.0536489 , 0.0730923
15.4239 , -0.272951 , 0.0577004 , 0.0719694 , -0.273617 , 0.0575744 , 0.0724867
15.4553 , -0.271992 , 0.0550645 , 0.0717802 , -0.273552 , 0.0541339 , 0.071969
15.4906 , -0.285714 , -0.0275672 , 0.0945911 , -0.283328 , 0.0141527 , 0.0839635
15.5256 , -0.287769 , -0.0214407 , 0.0933192 , -0.286517 , -0.00743105 , 0.0896667
15.5569 , -0.287817 , -0.0214548 , 0.0933558 , -0.274433 , 0.0721144 , 0.0674317
15.5915 , -0.272612 , 0.0541746 , 0.0704813 , -0.273793 , 0.0611206 , 0.0687682
15.6269 , -0.272349 , 0.0552007 , 0.0694254 , -0.273448 , 0.0575297 , 0.069185
15.6608 , -0.272046 , 0.0560937 , 0.0693945 , -0.273249 , 0.0574263 , 0.0691012
15.692 , -0.270165 , 0.0584295 , 0.0693097 , -0.272094 , 0.0581003 , 0.0694765
15.7308 , -0.270558 , 0.0551099 , 0.0692154 , -0.272044 , 0.0564254 , 0.0700722
15.7751 , -0.270416 , 0.0545795 , 0.0697268 , -0.27128 , 0.0543133 , 0.0697953
15.8076 , -0.270295 , 0.0536942 , 0.0698648 , -0.271058 , 0.0539229 , 0.0697605
15.8411 , -0.269783 , 0.0578951 , 0.0697857 , -0.27285 , 0.0553121 , 0.0695354
15.8776 , -0.269619 , 0.060289 , 0.0698284 , -0.271593 , 0.0583293 , 0.0696827
15.9116 , -0.27025 , 0.0583254 , 0.0703682 , -0.271294 , 0.058339 , 0.0701745
15.9427 , -0.270542 , 0.0581796 , 0.0706775 , -0.272861 , 0.0567453 , 0.0715226
15.9753 , -0.271342 , 0.0556426 , 0.0707654 , -0.274417 , 0.0558935 , 0.0697466
16.0088 , -0.272972 , 0.0554658 , 0.0696294 , -0.273301 , 0.0583539 , 0.0699355
16.0455 , -0.272944 , 0.0582232 , 0.0694002 , -0.273659 , 0.0582991 , 0.0697456
16.0796 , -0.273845 , 0.0589403 , 0.0722564 , -0.273007 , 0.0581846 , 0.0749026
16.1117 , -0.272856 , 0.0606108 , 0.0750511 , -0.272631 , 0.0608791 , 0.0746263
16.1432 , -0.273253 , 0.0581553 , 0.071548 , -0.273012 , 0.0592571 , 0.0731895
16.1767 , -0.27348 , 0.0553535 , 0.0720444 , -0.273432 , 0.0593951 , 0.0719918
16.2132 , -0.273536 , 0.0545887 , 0.070979 , -0.273688 , 0.0548228 , 0.0718426
16.2445 , -0.272288 , 0.0540894 , 0.0708982 , -0.272861 , 0.0551644 , 0.0736509
16.2774 , -0.271665 , 0.0576197 , 0.0747945 , -0.271899 , 0.0597058 , 0.0754374
16.3118 , -0.271301 , 0.0578216 , 0.0755491 , -0.270516 , 0.0591891 , 0.0748028
16.3466 , -0.270048 , 0.0583377 , 0.0749306 , -0.271272 , 0.0573139 , 0.0727006
16.378 , -0.270675 , 0.055136 , 0.0724214 , -0.271963 , 0.0574369 , 0.0729006
16.4144 , -0.271032 , 0.0563468 , 0.072603 , -0.271991 , 0.0533937 , 0.0730445
16.4585 , -0.270547 , 0.0533949 , 0.0721194 , -0.271264 , 0.0532604 , 0.0740673
16.5073 , -0.27058 , 0.055649 , 0.0729377 , -0.272733 , 0.0568284 , 0.0722758
16.557 , -0.270963 , 0.0568133 , 0.0721991 , -0.272005 , 0.0568459 , 0.0723065
16.5995 , -0.270615 , 0.0568711 , 0.071959 , -0.270894 , 0.0571674 , 0.0722147
16.636 , -0.270401 , 0.0564072 , 0.0718643 , -0.271056 , 0.0567122 , 0.0720327
16.6856 , -0.270401 , 0.0564072 , 0.0718643 , -0.271176 , 0.0565475 , 0.0720172
16.7372 , -0.271589 , 0.0529123 , 0.071531 , -0.271911 , 0.0546466 , 0.0717684
16.7854 , -0.271285 , 0.0559059 , 0.0708912 , -0.272059 , 0.0552643 , 0.0717739
16.8232 , -0.269288 , 0.0548173 , 0.0714984 , -0.272676 , 0.0558248 , 0.0707384
16.8659 , -0.270705 , 0.0579075 , 0.0706085 , -0.272052 , 0.0570465 , 0.0705247
16.8995 , -0.270705 , 0.0579075 , 0.0706085 , -0.27174 , 0.0533319 , 0.0700034
16.9329 , -0.270705 , 0.0543057 , 0.0702651 , -0.2713 , 0.0539256 , 0.0701503
16.9713 , -0.269287 , 0.0522547 , 0.0714507 , -0.270454 , 0.0529261 , 0.071018
17.019 , -0.269097 , 0.0517768 , 0.0709641 , -0.270245 , 0.0539432 , 0.0714729
17.0555 , -0.270163 , 0.0529052 , 0.0709847 , -0.271509 , 0.05382 , 0.0722209
17.1013 , -0.269161 , 0.0545758 , 0.0716153 , -0.270517 , 0.0553286 , 0.0717601
17.1358 , -0.2687 , 0.054449 , 0.0716456 , -0.27055 , 0.0550334 , 0.0716884
17.1669 , -0.268771 , 0.0545362 , 0.071821 , -0.27 , 0.0548733 , 0.0717551
17.2003 , -0.268575 , 0.054542 , 0.0722056 , -0.270358 , 0.0548174 , 0.07188
17.2335 , -0.268575 , 0.054542 , 0.0722056 , -0.270402 , 0.0547642 , 0.0720753
17.2691 , -0.268575 , 0.054542 , 0.0722056 , -0.270374 , 0.0605345 , 0.0723324
17.304 , -0.267775 , 0.059781 , 0.0745467 , -0.26967 , 0.0602525 , 0.0731866
17.3412 , -0.2682 , 0.0600602 , 0.0742325 , -0.270348 , 0.0603186 , 0.0734149
17.3891 , -0.268389 , 0.0590533 , 0.0745486 , -0.26886 , 0.0609829 , 0.0742618
17.4287 , -0.266944 , 0.0592155 , 0.0741786 , -0.268068 , 0.0599373 , 0.0743104
17.4714 , -0.266944 , 0.0592155 , 0.0741786 , -0.267746 , 0.0595183 , 0.0742984
17.5061 , -0.266944 , 0.0592155 , 0.0741786 , -0.267745 , 0.0593895 , 0.0743241
17.5428 , -0.267306 , 0.0613344 , 0.0758032 , -0.268455 , 0.0595968 , 0.0747385
17.5868 , -0.267524 , 0.0633843 , 0.07582 , -0.268678 , 0.0613304 , 0.0753163
17.6193 , -0.267175 , 0.0624638 , 0.0762445 , -0.268245 , 0.0620421 , 0.0763624
17.653 , -0.267588 , 0.0617144 , 0.0770901 , -0.268106 , 0.0574059 , 0.078547
17.6895 , -0.266769 , 0.0586125 , 0.079112 , -0.26849 , 0.0575619 , 0.0787611
17.724 , -0.266769 , 0.0586125 , 0.079112 , -0.26864 , 0.0578425 , 0.0788323
17.7551 , -0.266349 , 0.0603239 , 0.0780884 , -0.267931 , 0.0609383 , 0.0773383
17.7943 , -0.266558 , 0.0624209 , 0.0779384 , -0.267844 , 0.0601756 , 0.077942
17.8446 , -0.266202 , 0.0643806 , 0.0790819 , -0.267399 , 0.0627047 , 0.0785262
17.9101 , -0.266202 , 0.0643806 , 0.0790819 , -0.267413 , 0.0634484 , 0.0788351
17.9431 , -0.266472 , 0.0630046 , 0.0808406 , -0.265903 , 0.0645792 , 0.079499
17.9783 , -0.265984 , 0.0631147 , 0.0798034 , -0.266084 , 0.0659023 , 0.0794891
18.0274 , -0.265541 , 0.0585516 , 0.0801425 , -0.266273 , 0.061441 , 0.0799363
