501

0.020882 , -0.129586 , -0.187871 , -0.0856133 , -0.122462 , -0.178437 , -0.0896848
0.054045 , -0.128447 , -0.179708 , -0.0879161 , -0.122389 , -0.173695 , -0.0901148
0.087796 , -0.127487 , -0.174733 , -0.0891444 , -0.12327 , -0.176418 , -0.0802392
0.124179 , -0.124069 , -0.177991 , -0.0936296 , -0.126199 , -0.176218 , -0.0783961
0.158721 , -0.125276 , -0.178107 , -0.090211 , -0.130926 , -0.176437 , -0.0779355
0.192861 , -0.127123 , -0.180566 , -0.0881167 , -0.134328 , -0.178639 , -0.081735
0.225502 , -0.127123 , -0.180566 , -0.0881167 , -0.133978 , -0.18175 , -0.0880203
0.257576 , -0.127118 , -0.181975 , -0.0881064 , -0.131485 , -0.179838 , -0.0932032
0.290589 , -0.126843 , -0.179659 , -0.0881538 , -0.128706 , -0.180549 , -0.0966439
0.323218 , -0.126843 , -0.179659 , -0.0881538 , -0.126113 , -0.174329 , -0.0987368
0.359751 , -0.126339 , -0.173071 , -0.0889248 , -0.12446 , -0.174163 , -0.0976396
0.3983 , -0.127278 , -0.178199 , -0.0885922 , -0.124177 , -0.177007 , -0.0952838
0.444617 , -0.127278 , -0.178199 , -0.0885922 , -0.124151 , -0.17787 , -0.0923472
0.480799 , -0.127278 , -0.178199 , -0.0885922 , -0.124376 , -0.17802 , -0.0896567
0.5301 , -0.126159 , -0.173235 , -0.0887514 , -0.12407 , -0.174919 , -0.0875285
0.573246 , -0.126159 , -0.173235 , -0.0887514 , -0.122743 , -0.178409 , -0.0904442
0.613303 , -0.124846 , -0.177292 , -0.0920103 , -0.12349 , -0.177523 , -0.0896569
0.646676 , -0.124846 , -0.177292 , -0.0920103 , -0.124121 , -0.177212 , -0.0896523
0.681553 , -0.127568 , -0.172883 , -0.0893008 , -0.126099 , -0.174478 , -0.0885704
0.713328 , -0.127568 , -0.172883 , -0.0893008 , -0.126665 , -0.173986 , -0.0883639
0.750684 , -0.128489 , -0.173689 , -0.088916 , -0.127867 , -0.173859 , -0.0891388
0.795257 , -0.128418 , -0.17699 , -0.087936 , -0.128322 , -0.175881 , -0.0893386
0.827005 , -0.128418 , -0.17699 , -0.087936 , -0.128059 , -0.164873 , -0.0905198
0.862966 , -0.127859 , -0.167006 , -0.0892751 , -0.128251 , -0.165776 , -0.0911999
0.898545 , -0.128346 , -0.183095 , -0.0867531 , -0.12828 , -0.176433 , -0.0894596
0.936522 , -0.128836 , -0.184945 , -0.0864365 , -0.128361 , -0.181684 , -0.0882698
0.978675 , -0.128288 , -0.181869 , -0.0871504 , -0.127976 , -0.181801 , -0.0881541
1.01109 , -0.126778 , -0.178816 , -0.0875771 , -0.127222 , -0.180815 , -0.0878453
1.04452 , -0.124471 , -0.180024 , -0.0932368 , -0.125272 , -0.180332 , -0.0910974
1.08136 , -0.124962 , -0.183423 , -0.0939691 , -0.124767 , -0.182213 , -0.0928469
1.11248 , -0.125687 , -0.188368 , -0.09225 , -0.124955 , -0.185944 , -0.0924064
1.14533 , -0.126091 , -0.18518 , -0.09273 , -0.124327 , -0.185894 , -0.0922937
1.17887 , -0.12626 , -0.184535 , -0.0931388 , -0.124395 , -0.184249 , -0.0925928
1.2123 , -0.125664 , -0.183232 , -0.0940225 , -0.124989 , -0.184127 , -0.0934021
1.25194 , -0.125597 , -0.183722 , -0.0948959 , -0.12573 , -0.184084 , -0.0941755
1.28513 , -0.128495 , -0.181359 , -0.0895367 , -0.126964 , -0.181834 , -0.0918624
1.31885 , -0.128812 , -0.17656 , -0.0901343 , -0.128874 , -0.174387 , -0.0916614
1.35105 , -0.129675 , -0.175105 , -0.0894163 , -0.129058 , -0.177335 , -0.0904299
1.38955 , -0.129712 , -0.169693 , -0.0916046 , -0.129442 , -0.176096 , -0.0906578
1.4326 , -0.129342 , -0.169707 , -0.0911435 , -0.129113 , -0.173862 , -0.0909262
1.46471 , -0.127027 , -0.168843 , -0.0949467 , -0.129038 , -0.172378 , -0.0894063
1.50419 , -0.128236 , -0.168755 , -0.0910624 , -0.127332 , -0.17955 , -0.0921432
1.54988 , -0.127248 , -0.177592 , -0.092193 , -0.128974 , -0.180974 , -0.0886978
1.58424 , -0.129216 , -0.180125 , -0.0882351 , -0.12931 , -0.179931 , -0.0881881
1.61582 , -0.129207 , -0.178394 , -0.0875964 , -0.129629 , -0.178788 , -0.0875934
1.65428 , -0.129476 , -0.178671 , -0.0868854 , -0.128725 , -0.179906 , -0.0869859
1.68633 , -0.129362 , -0.179561 , -0.0859074 , -0.128498 , -0.177716 , -0.0871211
1.71744 , -0.127721 , -0.177942 , -0.0905627 , -0.127179 , -0.177235 , -0.0901161
1.74921 , -0.127283 , -0.176153 , -0.0917553 , -0.129397 , -0.179506 , -0.0861441
1.78613 , -0.129777 , -0.178554 , -0.0873151 , -0.13038 , -0.173841 , -0.0870309
1.82081 , -0.130644 , -0.174225 , -0.0877278 , -0.130548 , -0.172742 , -0.087367
1.85998 , -0.131523 , -0.176971 , -0.0879763 , -0.129326 , -0.174208 , -0.091695
1.90423 , -0.129441 , -0.178398 , -0.0914078 , -0.129141 , -0.175909 , -0.0919198
1.93718 , -0.128879 , -0.177232 , -0.0915521 , -0.12863 , -0.175775 , -0.0918422
1.96874 , -0.127305 , -0.171272 , -0.0949019 , -0.127595 , -0.174103 , -0.0941787
2.00467 , -0.127743 , -0.17155 , -0.0950301 , -0.128136 , -0.17388 , -0.0936134
2.03619 , -0.131102 , -0.168777 , -0.090992 , -0.130085 , -0.170936 , -0.0922219
2.07236 , -0.132493 , -0.177764 , -0.0884423 , -0.13188 , -0.174595 , -0.0898197
2.10488 , -0.13149 , -0.177833 , -0.0902948 , -0.127689 , -0.18299 , -0.095645
2.13639 , -0.128786 , -0.179551 , -0.0932034 , -0.127341 , -0.169922 , -0.0980845
2.17107 , -0.12899 , -0.170544 , -0.0956161 , -0.129931 , -0.183773 , -0.0918676
2.20886 , -0.131154 , -0.178574 , -0.0913999 , -0.130586 , -0.183047 , -0.0915492
2.26177 , -0.130902 , -0.177927 , -0.091386 , -0.129271 , -0.147393 , -0.0980839
2.31021 , -0.130838 , -0.182814 , -0.0897698 , -0.129738 , -0.162679 , -0.0940131
2.35699 , -0.129048 , -0.150805 , -0.100827 , -0.130382 , -0.18939 , -0.0885686
2.38951 , -0.131093 , -0.180713 , -0.0894664 , -0.130384 , -0.185596 , -0.0895254
2.42752 , -0.129893 , -0.152312 , -0.100193 , -0.130305 , -0.161086 , -0.0986613
2.47498 , -0.133215 , -0.18249 , -0.0909932 , -0.133997 , -0.173875 , -0.0911955
2.50968 , -0.133291 , -0.149199 , -0.101181 , -0.139388 , -0.196805 , -0.0789224
2.54435 , -0.137355 , -0.181399 , -0.0892935 , -0.133904 , -0.15387 , -0.098342
2.59286 , -0.134104 , -0.156079 , -0.0987444 , -0.137105 , -0.188023 , -0.0896542
2.62801 , -0.138787 , -0.178691 , -0.0895095 , -0.135798 , -0.146903 , -0.101755
2.67492 , -0.13969 , -0.180344 , -0.0883589 , -0.139637 , -0.164105 , -0.0948428
2.70612 , -0.14212 , -0.178613 , -0.0891094 , -0.136826 , -0.135502 , -0.104916
2.73899 , -0.143236 , -0.179918 , -0.0883875 , -0.141959 , -0.160045 , -0.0954029
2.77261 , -0.145377 , -0.178945 , -0.0885958 , -0.14423 , -0.171496 , -0.0910218
2.80904 , -0.144658 , -0.150771 , -0.101527 , -0.14925 , -0.193079 , -0.0841001
2.84326 , -0.149643 , -0.18017 , -0.0893167 , -0.14908 , -0.148801 , -0.0989786
2.87412 , -0.153142 , -0.180477 , -0.0908424 , -0.15333 , -0.168746 , -0.0928272
2.90701 , -0.156929 , -0.184667 , -0.0886663 , -0.154852 , -0.136511 , -0.105613
2.94015 , -0.157523 , -0.148918 , -0.105858 , -0.160248 , -0.140085 , -0.10483
2.99259 , -0.166961 , -0.179327 , -0.0916207 , -0.168061 , -0.155368 , -0.0968252
3.02402 , -0.173602 , -0.172503 , -0.091914 , -0.170791 , -0.130382 , -0.108971
3.06053 , -0.178059 , -0.168335 , -0.0970479 , -0.18037 , -0.15543 , -0.0982813
3.09508 , -0.187146 , -0.167848 , -0.0954552 , -0.191631 , -0.163931 , -0.0857161
3.12628 , -0.19542 , -0.165588 , -0.0899191 , -0.198766 , -0.168631 , -0.0929517
3.15829 , -0.202063 , -0.16562 , -0.0996937 , -0.208108 , -0.169892 , -0.094559
3.1919 , -0.21223 , -0.165445 , -0.100926 , -0.219733 , -0.165585 , -0.0964998
3.22836 , -0.225599 , -0.160672 , -0.102477 , -0.231845 , -0.164357 , -0.0978565
3.2777 , -0.239268 , -0.155699 , -0.103877 , -0.246462 , -0.166648 , -0.0977592
3.30947 , -0.254344 , -0.156167 , -0.10341 , -0.259256 , -0.157847 , -0.106285
3.34585 , -0.268373 , -0.148998 , -0.110707 , -0.273728 , -0.156099 , -0.108373
3.37547 , -0.281737 , -0.15502 , -0.110799 , -0.285943 , -0.147542 , -0.112131
3.41039 , -0.295395 , -0.153536 , -0.111061 , -0.297246 , -0.151676 , -0.113717
3.44394 , -0.304909 , -0.122976 , -0.132442 , -0.313183 , -0.170132 , -0.107277
3.47804 , -0.322501 , -0.148204 , -0.118361 , -0.326257 , -0.159951 , -0.11633
3.51503 , -0.334105 , -0.118698 , -0.135132 , -0.341838 , -0.173589 , -0.112042
3.54855 , -0.351917 , -0.13781 , -0.120422 , -0.356408 , -0.161924 , -0.117515
3.57841 , -0.362994 , -0.120996 , -0.134122 , -0.370448 , -0.159079 , -0.113899
3.60919 , -0.376798 , -0.12296 , -0.135054 , -0.387189 , -0.152545 , -0.106544
3.64547 , -0.393892 , -0.136662 , -0.121278 , -0.39387 , -0.106224 , -0.137863
3.6761 , -0.406741 , -0.132158 , -0.128488 , -0.406272 , -0.121225 , -0.129408
3.71089 , -0.41819 , -0.130623 , -0.128015 , -0.419311 , -0.123036 , -0.1276
3.74329 , -0.43064 , -0.1273 , -0.129349 , -0.430812 , -0.123798 , -0.128495
3.78275 , -0.443822 , -0.121451 , -0.131457 , -0.439879 , -0.125224 , -0.130138
3.81196 , -0.450785 , -0.125388 , -0.133235 , -0.452183 , -0.117735 , -0.129049
3.84633 , -0.459577 , -0.122565 , -0.135035 , -0.456694 , -0.0954386 , -0.150979
3.87998 , -0.4655 , -0.12223 , -0.135477 , -0.461625 , -0.110164 , -0.145384
3.91437 , -0.471418 , -0.125406 , -0.130138 , -0.465948 , -0.119791 , -0.142125
3.9481 , -0.473334 , -0.122431 , -0.138207 , -0.469192 , -0.126924 , -0.138528
3.97967 , -0.472079 , -0.121261 , -0.142973 , -0.469558 , -0.113654 , -0.153778
4.01516 , -0.473547 , -0.126626 , -0.142099 , -0.470625 , -0.100942 , -0.161827
4.05178 , -0.474167 , -0.130404 , -0.136821 , -0.469323 , -0.0867078 , -0.17054
4.08235 , -0.471234 , -0.129145 , -0.137451 , -0.46865 , -0.116444 , -0.150937
4.12096 , -0.467794 , -0.134069 , -0.136228 , -0.46524 , -0.130758 , -0.140652
4.16639 , -0.464857 , -0.132389 , -0.133812 , -0.461271 , -0.137404 , -0.135685
4.20721 , -0.459484 , -0.134743 , -0.132339 , -0.456894 , -0.137042 , -0.134867
4.25672 , -0.451721 , -0.132276 , -0.13361 , -0.450279 , -0.113282 , -0.149837
4.30654 , -0.439854 , -0.115035 , -0.149276 , -0.440491 , -0.1546 , -0.121528
4.35656 , -0.430418 , -0.145896 , -0.124803 , -0.425923 , -0.118953 , -0.134997
4.40622 , -0.417042 , -0.134524 , -0.123783 , -0.412769 , -0.123539 , -0.123138
4.45319 , -0.40417 , -0.124605 , -0.11836 , -0.403807 , -0.109404 , -0.120409
4.4913 , -0.392149 , -0.0960733 , -0.124345 , -0.394085 , -0.130499 , -0.0989838
4.53889 , -0.378236 , -0.113014 , -0.115033 , -0.381809 , -0.128826 , -0.09131
4.57005 , -0.363237 , -0.0870878 , -0.121055 , -0.364957 , -0.0998779 , -0.114873
4.60088 , -0.348886 , -0.0816255 , -0.121388 , -0.348698 , -0.0894462 , -0.121769
4.639 , -0.334071 , -0.108786 , -0.103157 , -0.336688 , -0.0745466 , -0.120239
4.67786 , -0.318146 , -0.106179 , -0.105216 , -0.325179 , -0.0958534 , -0.101986
4.72558 , -0.304298 , -0.0836556 , -0.113187 , -0.311815 , -0.119843 , -0.0912865
4.77461 , -0.290401 , -0.0884816 , -0.108007 , -0.298856 , -0.103571 , -0.0959786
4.82752 , -0.278352 , -0.0981546 , -0.100392 , -0.287118 , -0.0941116 , -0.0966944
4.8752 , -0.268809 , -0.0935363 , -0.097598 , -0.27479 , -0.0944894 , -0.0953524
4.91256 , -0.260071 , -0.113642 , -0.0837411 , -0.259278 , -0.080984 , -0.102962
4.96114 , -0.249065 , -0.0816638 , -0.0966699 , -0.250606 , -0.0738607 , -0.0992617
5.01043 , -0.240111 , -0.0764487 , -0.0958127 , -0.243281 , -0.0643716 , -0.0930855
5.05992 , -0.232937 , -0.0720524 , -0.0935831 , -0.234258 , -0.0622685 , -0.0932751
5.09525 , -0.225477 , -0.0734422 , -0.0914248 , -0.222393 , -0.068255 , -0.0949879
5.14229 , -0.220079 , -0.0986019 , -0.0778802 , -0.213144 , -0.0846637 , -0.0878106
5.17384 , -0.21594 , -0.0540837 , -0.0941227 , -0.202729 , -0.0747785 , -0.0913286
5.20865 , -0.210117 , -0.0654422 , -0.0894249 , -0.197608 , -0.0698896 , -0.090217
5.23753 , -0.205603 , -0.0865055 , -0.078228 , -0.19588 , -0.0837267 , -0.0852532
5.27293 , -0.201028 , -0.0892007 , -0.0802441 , -0.196615 , -0.0869555 , -0.0845912
5.30354 , -0.196953 , -0.0897708 , -0.0818884 , -0.194129 , -0.0870651 , -0.082904
5.33866 , -0.19176 , -0.0906889 , -0.0818902 , -0.190648 , -0.0862731 , -0.0821215
5.37675 , -0.187306 , -0.084435 , -0.0837833 , -0.189549 , -0.0811669 , -0.0858647
5.41556 , -0.183539 , -0.0946928 , -0.0841215 , -0.183328 , -0.0903764 , -0.0856315
5.46293 , -0.178782 , -0.0944874 , -0.0848345 , -0.177312 , -0.0894035 , -0.0868836
5.50963 , -0.173259 , -0.0947142 , -0.0856167 , -0.17247 , -0.0877791 , -0.0858681
5.54425 , -0.168833 , -0.0962278 , -0.0848095 , -0.168248 , -0.0850361 , -0.0854054
5.57239 , -0.165154 , -0.0947487 , -0.0844802 , -0.163474 , -0.0868429 , -0.0858622
5.60526 , -0.161762 , -0.095458 , -0.084878 , -0.160006 , -0.0924214 , -0.0847458
5.6406 , -0.160986 , -0.0946305 , -0.0844831 , -0.15793 , -0.0908898 , -0.0847889
5.67425 , -0.16071 , -0.0938282 , -0.0859382 , -0.158992 , -0.0912716 , -0.0840183
5.70868 , -0.162238 , -0.0876915 , -0.0844866 , -0.161428 , -0.0864022 , -0.0858334
5.73938 , -0.164588 , -0.0825253 , -0.0853398 , -0.164347 , -0.0852873 , -0.0833196
5.77393 , -0.16754 , -0.0830756 , -0.0839959 , -0.17003 , -0.0886227 , -0.0806537
5.81348 , -0.172212 , -0.0716026 , -0.0871142 , -0.173211 , -0.0726748 , -0.08428
5.84773 , -0.177182 , -0.0653253 , -0.0884211 , -0.179068 , -0.0612763 , -0.0882003
5.88156 , -0.182635 , -0.0583915 , -0.0898744 , -0.183888 , -0.0571533 , -0.0907674
5.91005 , -0.188112 , -0.0548632 , -0.0916654 , -0.18816 , -0.0499866 , -0.0926567
5.943 , -0.191647 , -0.0492173 , -0.0925297 , -0.189892 , -0.0494086 , -0.0947966
5.97976 , -0.193974 , -0.0478878 , -0.0922473 , -0.193065 , -0.04507 , -0.0952248
6.013 , -0.195663 , -0.0484437 , -0.0935065 , -0.19521 , -0.0491841 , -0.0952106
6.0475 , -0.196553 , -0.0505078 , -0.0949618 , -0.195463 , -0.0526978 , -0.0960328
6.07745 , -0.196967 , -0.052671 , -0.0956818 , -0.195927 , -0.0519719 , -0.0954031
6.11064 , -0.198681 , -0.0519385 , -0.0936864 , -0.196581 , -0.0563281 , -0.0950503
6.14701 , -0.1971 , -0.0529208 , -0.0923507 , -0.191101 , -0.0579283 , -0.0928839
6.1825 , -0.196528 , -0.0576238 , -0.0912963 , -0.177227 , -0.0592156 , -0.094163
6.21737 , -0.190601 , -0.0611263 , -0.0916193 , -0.169805 , -0.0654071 , -0.0928369
6.25078 , -0.183047 , -0.0697683 , -0.090053 , -0.168482 , -0.0750774 , -0.0906923
6.28472 , -0.173528 , -0.0860066 , -0.088399 , -0.168018 , -0.082394 , -0.0872876
6.33163 , -0.163617 , -0.0927853 , -0.0851895 , -0.1646 , -0.0910301 , -0.0860759
6.37338 , -0.153987 , -0.0928291 , -0.085613 , -0.157535 , -0.0943581 , -0.0830692
6.41487 , -0.144712 , -0.0922755 , -0.0841495 , -0.146494 , -0.10323 , -0.0813506
6.44848 , -0.13266 , -0.100281 , -0.0847686 , -0.137947 , -0.108389 , -0.0803673
6.48106 , -0.123991 , -0.105242 , -0.0898102 , -0.132859 , -0.106437 , -0.0807951
6.51779 , -0.122222 , -0.107402 , -0.0925012 , -0.133087 , -0.107777 , -0.0837831
6.55285 , -0.126477 , -0.105023 , -0.0944279 , -0.134428 , -0.111316 , -0.0896284
6.58417 , -0.133015 , -0.104248 , -0.096707 , -0.134954 , -0.103214 , -0.0952109
6.61561 , -0.137011 , -0.0941369 , -0.104853 , -0.137634 , -0.102173 , -0.105998
6.64846 , -0.143115 , -0.0980188 , -0.110528 , -0.144249 , -0.102462 , -0.116054
6.68923 , -0.149855 , -0.103746 , -0.114116 , -0.153048 , -0.103461 , -0.122672
6.73308 , -0.157103 , -0.101225 , -0.124973 , -0.157654 , -0.108142 , -0.129064
6.76676 , -0.167529 , -0.108348 , -0.118096 , -0.16725 , -0.111587 , -0.120909
6.79678 , -0.172408 , -0.109743 , -0.121202 , -0.177282 , -0.116634 , -0.114816
6.83136 , -0.176726 , -0.120011 , -0.119205 , -0.177135 , -0.126681 , -0.120798
6.86562 , -0.182512 , -0.12854 , -0.117022 , -0.184021 , -0.135545 , -0.107805
6.89933 , -0.18961 , -0.131891 , -0.110637 , -0.190961 , -0.135357 , -0.102743
6.93383 , -0.195959 , -0.135334 , -0.106574 , -0.194835 , -0.136391 , -0.104189
6.96781 , -0.205272 , -0.133919 , -0.105801 , -0.205246 , -0.134943 , -0.106862
7.00093 , -0.215332 , -0.136438 , -0.108162 , -0.217939 , -0.137607 , -0.100876
7.03198 , -0.229797 , -0.13298 , -0.105449 , -0.23164 , -0.1312 , -0.105269
7.067 , -0.242816 , -0.123929 , -0.107258 , -0.246305 , -0.120032 , -0.108561
7.10139 , -0.256659 , -0.121371 , -0.11073 , -0.260804 , -0.110347 , -0.110893
7.13205 , -0.27147 , -0.106019 , -0.118984 , -0.276749 , -0.1041 , -0.113915
7.17037 , -0.28592 , -0.108077 , -0.119815 , -0.291951 , -0.108839 , -0.116179
7.20355 , -0.301555 , -0.110407 , -0.119966 , -0.306558 , -0.105695 , -0.122401
7.23277 , -0.31614 , -0.105307 , -0.126532 , -0.325787 , -0.112363 , -0.116316
7.27087 , -0.330692 , -0.111613 , -0.123308 , -0.338938 , -0.112474 , -0.118539
7.30137 , -0.346375 , -0.103817 , -0.128696 , -0.352417 , -0.121576 , -0.121785
7.33335 , -0.359657 , -0.101198 , -0.131206 , -0.363285 , -0.11976 , -0.126506
7.36889 , -0.37199 , -0.111932 , -0.129389 , -0.374393 , -0.119349 , -0.129857
7.40895 , -0.384288 , -0.117502 , -0.127297 , -0.388056 , -0.100553 , -0.138735
7.43722 , -0.395036 , -0.110638 , -0.131694 , -0.401385 , -0.135994 , -0.116954
7.46762 , -0.401214 , -0.109131 , -0.137537 , -0.407766 , -0.152098 , -0.108036
7.50117 , -0.407497 , -0.109964 , -0.133563 , -0.410103 , -0.120632 , -0.126803
7.53456 , -0.41033 , -0.106343 , -0.136215 , -0.412846 , -0.126916 , -0.120394
7.57121 , -0.409689 , -0.120797 , -0.127842 , -0.410016 , -0.123648 , -0.128568
7.60499 , -0.407775 , -0.12175 , -0.130604 , -0.406945 , -0.125678 , -0.129443
7.63532 , -0.402803 , -0.120847 , -0.133264 , -0.4026 , -0.110378 , -0.135854
7.67254 , -0.395919 , -0.121795 , -0.129474 , -0.39436 , -0.118363 , -0.132836
7.70472 , -0.38783 , -0.122285 , -0.129025 , -0.385443 , -0.131013 , -0.125033
7.73904 , -0.376883 , -0.118502 , -0.130435 , -0.370658 , -0.127961 , -0.123894
7.77252 , -0.362979 , -0.126804 , -0.123663 , -0.357513 , -0.0901817 , -0.140867
7.80312 , -0.347769 , -0.13064 , -0.120175 , -0.34041 , -0.111471 , -0.131873
7.83819 , -0.326761 , -0.131042 , -0.121588 , -0.323843 , -0.120819 , -0.121268
7.87186 , -0.305712 , -0.145192 , -0.115841 , -0.305091 , -0.138409 , -0.115466
7.90845 , -0.280316 , -0.151599 , -0.116057 , -0.279233 , -0.161368 , -0.106264
7.94191 , -0.2605 , -0.149332 , -0.107993 , -0.263312 , -0.156195 , -0.0984339
7.97289 , -0.244033 , -0.154994 , -0.0945054 , -0.239829 , -0.143073 , -0.0919335
8.00844 , -0.227132 , -0.135655 , -0.0905313 , -0.227617 , -0.129296 , -0.0879519
8.04027 , -0.21212 , -0.114408 , -0.0884084 , -0.218232 , -0.137934 , -0.0780361
8.07667 , -0.196957 , -0.113701 , -0.0860638 , -0.2063 , -0.127496 , -0.0752827
8.10729 , -0.183683 , -0.102911 , -0.0879963 , -0.190908 , -0.116447 , -0.0785947
8.14162 , -0.171425 , -0.100912 , -0.0875125 , -0.180329 , -0.110651 , -0.0831326
8.17588 , -0.161749 , -0.105767 , -0.0880988 , -0.17397 , -0.0926567 , -0.0894026
8.20973 , -0.157131 , -0.100128 , -0.0924945 , -0.164893 , -0.107823 , -0.0927323
8.24137 , -0.151171 , -0.114994 , -0.0945043 , -0.162025 , -0.126556 , -0.0914019
8.27865 , -0.150249 , -0.120972 , -0.0959723 , -0.158767 , -0.149417 , -0.0904138
8.31363 , -0.148501 , -0.131505 , -0.0977449 , -0.156521 , -0.142411 , -0.0952118
8.34732 , -0.150764 , -0.145034 , -0.0984147 , -0.156249 , -0.121663 , -0.0985603
8.38254 , -0.152604 , -0.138959 , -0.0980405 , -0.154312 , -0.127189 , -0.101288
8.4255 , -0.155466 , -0.134502 , -0.0988637 , -0.151399 , -0.129349 , -0.101245
8.45914 , -0.15888 , -0.124945 , -0.0975889 , -0.149672 , -0.128221 , -0.101745
8.49362 , -0.164447 , -0.114759 , -0.0979909 , -0.154577 , -0.104867 , -0.10479
8.5242 , -0.170451 , -0.0909907 , -0.100787 , -0.164234 , -0.0854683 , -0.103969
8.55877 , -0.174725 , -0.0966634 , -0.0957998 , -0.171009 , -0.0824574 , -0.103537
8.59332 , -0.177929 , -0.0923076 , -0.0961572 , -0.178167 , -0.0796367 , -0.0988992
8.62682 , -0.185489 , -0.085729 , -0.096544 , -0.186088 , -0.0847847 , -0.0979435
8.66156 , -0.190207 , -0.0875745 , -0.0982859 , -0.194349 , -0.0815368 , -0.0964735
8.69256 , -0.196181 , -0.0872322 , -0.0971558 , -0.198957 , -0.0889505 , -0.0961681
8.72734 , -0.199862 , -0.089317 , -0.0982106 , -0.20042 , -0.0846111 , -0.099024
8.76186 , -0.204056 , -0.0834171 , -0.0964442 , -0.203385 , -0.0898577 , -0.0978267
8.7937 , -0.208067 , -0.0824289 , -0.0960046 , -0.203644 , -0.0943578 , -0.0939424
8.82984 , -0.208067 , -0.0892456 , -0.0956214 , -0.206551 , -0.0857211 , -0.0965694
8.86348 , -0.211293 , -0.0836701 , -0.0948045 , -0.207518 , -0.0811213 , -0.0962689
8.89449 , -0.212995 , -0.0779766 , -0.0953651 , -0.208194 , -0.0756301 , -0.092132
8.92974 , -0.214838 , -0.0730754 , -0.0924777 , -0.221417 , -0.0748187 , -0.0971245
8.96035 , -0.219022 , -0.0725463 , -0.0937283 , -0.218218 , -0.0689817 , -0.0932201
8.99804 , -0.221646 , -0.0813679 , -0.0938678 , -0.216784 , -0.0705233 , -0.095399
9.02885 , -0.223218 , -0.0803591 , -0.0958875 , -0.218571 , -0.0700103 , -0.0954325
9.06312 , -0.224493 , -0.0814045 , -0.0949934 , -0.220555 , -0.0732287 , -0.0962391
9.09594 , -0.225745 , -0.0857415 , -0.0942776 , -0.222952 , -0.0706358 , -0.0980794
9.13226 , -0.22897 , -0.0795059 , -0.0944862 , -0.2243 , -0.070205 , -0.0986688
9.16561 , -0.232422 , -0.0738182 , -0.0968037 , -0.225901 , -0.0758809 , -0.0984012
9.20299 , -0.228458 , -0.0735843 , -0.097851 , -0.225958 , -0.0754119 , -0.0967691
9.23336 , -0.227059 , -0.0738535 , -0.0967704 , -0.226608 , -0.07415 , -0.0984684
9.26353 , -0.22731 , -0.0762511 , -0.0966715 , -0.22633 , -0.0697526 , -0.0991614
9.30005 , -0.226061 , -0.0780311 , -0.0954086 , -0.225484 , -0.0693851 , -0.0982153
9.33204 , -0.226792 , -0.0720272 , -0.0951217 , -0.223893 , -0.0716597 , -0.0973588
9.36755 , -0.221342 , -0.0730748 , -0.0955225 , -0.212183 , -0.0809663 , -0.0938772
9.40489 , -0.213582 , -0.0822753 , -0.0919075 , -0.195863 , -0.0774722 , -0.0957772
9.45212 , -0.20739 , -0.0843547 , -0.090523 , -0.187245 , -0.0797161 , -0.0927487
9.48764 , -0.200504 , -0.087309 , -0.0876144 , -0.186818 , -0.0466825 , -0.0977998
9.51917 , -0.196174 , -0.0690975 , -0.0881404 , -0.184961 , -0.0688197 , -0.085376
9.55307 , -0.188513 , -0.0904559 , -0.0816102 , -0.181299 , -0.0840904 , -0.0824361
9.58582 , -0.180161 , -0.103973 , -0.080352 , -0.175214 , -0.100528 , -0.0815188
9.61714 , -0.171958 , -0.104563 , -0.0866408 , -0.170349 , -0.104986 , -0.0820585
9.65414 , -0.165778 , -0.119775 , -0.0843907 , -0.16854 , -0.102981 , -0.0901991
9.68795 , -0.1646 , -0.110472 , -0.0925545 , -0.171693 , -0.122074 , -0.0925678
9.72009 , -0.168817 , -0.111833 , -0.0959495 , -0.174973 , -0.115999 , -0.0991301
9.75516 , -0.175005 , -0.115677 , -0.0976108 , -0.180265 , -0.11221 , -0.104692
9.79075 , -0.181142 , -0.115514 , -0.103142 , -0.184639 , -0.112086 , -0.106833
9.82527 , -0.186658 , -0.114987 , -0.103861 , -0.184501 , -0.117847 , -0.108932
9.8734 , -0.187906 , -0.119689 , -0.106656 , -0.185616 , -0.123804 , -0.108635
9.90847 , -0.191835 , -0.112955 , -0.109738 , -0.188339 , -0.124073 , -0.105337
9.94225 , -0.193433 , -0.129754 , -0.101229 , -0.188591 , -0.128957 , -0.0985145
9.98586 , -0.192093 , -0.137164 , -0.093361 , -0.186943 , -0.131667 , -0.0982851
10.0195 , -0.191776 , -0.137274 , -0.0894611 , -0.186758 , -0.134638 , -0.0879496
10.0543 , -0.185852 , -0.139839 , -0.0887803 , -0.186383 , -0.13954 , -0.0814781
10.0876 , -0.185009 , -0.141597 , -0.0860146 , -0.184573 , -0.138246 , -0.0775275
10.1182 , -0.188456 , -0.132927 , -0.0815288 , -0.185949 , -0.131534 , -0.0756051
10.1538 , -0.184066 , -0.132373 , -0.0816401 , -0.189676 , -0.127935 , -0.0746873
10.1874 , -0.195078 , -0.12521 , -0.0789841 , -0.194592 , -0.117832 , -0.0766111
10.2217 , -0.20093 , -0.120182 , -0.0815385 , -0.201664 , -0.119116 , -0.0787399
10.2525 , -0.208086 , -0.122031 , -0.0825073 , -0.208864 , -0.119344 , -0.0819494
10.2879 , -0.215307 , -0.128283 , -0.0840677 , -0.214922 , -0.12973 , -0.0837003
10.3216 , -0.222447 , -0.129698 , -0.0866669 , -0.226356 , -0.120699 , -0.0894453
10.353 , -0.235256 , -0.120105 , -0.0947828 , -0.239024 , -0.122616 , -0.0919928
10.3897 , -0.245599 , -0.131454 , -0.0951542 , -0.2495 , -0.118837 , -0.0983897
10.4263 , -0.260199 , -0.128583 , -0.0977548 , -0.261134 , -0.125326 , -0.100202
10.4562 , -0.271655 , -0.129317 , -0.102081 , -0.27262 , -0.121882 , -0.101514
10.4895 , -0.281183 , -0.128404 , -0.104077 , -0.288541 , -0.121918 , -0.107773
10.5229 , -0.293094 , -0.135436 , -0.112661 , -0.300581 , -0.120875 , -0.113181
10.5573 , -0.305656 , -0.131437 , -0.116482 , -0.309491 , -0.129256 , -0.11357
10.5941 , -0.315893 , -0.131707 , -0.121034 , -0.318352 , -0.136117 , -0.113311
10.6248 , -0.32546 , -0.129073 , -0.121942 , -0.326397 , -0.133326 , -0.11694
10.657 , -0.331871 , -0.13668 , -0.122124 , -0.33369 , -0.128597 , -0.123018
10.6909 , -0.338115 , -0.142035 , -0.120041 , -0.337247 , -0.139416 , -0.119043
10.7251 , -0.339527 , -0.154931 , -0.113373 , -0.341158 , -0.149557 , -0.113699
10.7623 , -0.344994 , -0.133607 , -0.119099 , -0.341029 , -0.163359 , -0.108448
10.7956 , -0.345933 , -0.140147 , -0.117242 , -0.344947 , -0.145563 , -0.116879
10.8326 , -0.347193 , -0.126864 , -0.123071 , -0.345861 , -0.139501 , -0.120193
10.8816 , -0.346587 , -0.131132 , -0.124608 , -0.345332 , -0.134597 , -0.119285
10.9291 , -0.34822 , -0.134696 , -0.117608 , -0.344585 , -0.139888 , -0.11442
10.9596 , -0.342864 , -0.139864 , -0.117314 , -0.34401 , -0.142778 , -0.114003
10.994 , -0.33935 , -0.14213 , -0.119235 , -0.338315 , -0.150132 , -0.111781
11.026 , -0.332153 , -0.151243 , -0.117888 , -0.327445 , -0.149963 , -0.113382
11.063 , -0.325208 , -0.146537 , -0.114822 , -0.324429 , -0.147232 , -0.106285
11.0976 , -0.321526 , -0.13928 , -0.108968 , -0.318877 , -0.138554 , -0.103683
11.1297 , -0.317665 , -0.130872 , -0.102641 , -0.313584 , -0.130283 , -0.10273
11.1614 , -0.310134 , -0.123218 , -0.103111 , -0.310174 , -0.125701 , -0.10209
11.2019 , -0.301457 , -0.122637 , -0.101645 , -0.305358 , -0.119529 , -0.100729
11.2466 , -0.29289 , -0.112425 , -0.103774 , -0.302012 , -0.112428 , -0.0995424
11.2784 , -0.28818 , -0.102292 , -0.101738 , -0.297985 , -0.090361 , -0.102273
11.3143 , -0.281111 , -0.0952538 , -0.100519 , -0.292144 , -0.0923968 , -0.102971
11.3487 , -0.273452 , -0.0986439 , -0.103064 , -0.285087 , -0.0992109 , -0.0975115
11.3796 , -0.265866 , -0.104035 , -0.102703 , -0.274459 , -0.106276 , -0.0950999
11.4141 , -0.256947 , -0.105562 , -0.0999464 , -0.264739 , -0.118408 , -0.0937024
11.4472 , -0.250764 , -0.115283 , -0.097648 , -0.257657 , -0.121329 , -0.0892282
11.4807 , -0.246476 , -0.113111 , -0.0932423 , -0.252027 , -0.11038 , -0.0876151
11.5111 , -0.243521 , -0.0940189 , -0.0947184 , -0.244646 , -0.0994291 , -0.0862129
11.5468 , -0.241924 , -0.0865104 , -0.0883613 , -0.236234 , -0.0893672 , -0.0853217
11.5783 , -0.237762 , -0.0824124 , -0.0836557 , -0.230263 , -0.081553 , -0.0810279
11.6147 , -0.234167 , -0.0747592 , -0.0785318 , -0.222722 , -0.0719659 , -0.0837559
11.6473 , -0.227504 , -0.0679838 , -0.0758498 , -0.215173 , -0.0651806 , -0.0828683
11.679 , -0.220352 , -0.0660566 , -0.0699135 , -0.211509 , -0.0545183 , -0.0815456
11.7159 , -0.212584 , -0.0477552 , -0.0730408 , -0.208007 , -0.0491187 , -0.0750756
11.7501 , -0.211253 , -0.0415671 , -0.0709121 , -0.203565 , -0.0493509 , -0.0702933
11.7846 , -0.207004 , -0.0372938 , -0.0715698 , -0.20004 , -0.0439913 , -0.0690068
11.8153 , -0.201499 , -0.0435839 , -0.0695041 , -0.19853 , -0.042058 , -0.0654753
11.8538 , -0.199023 , -0.0457447 , -0.0676228 , -0.195073 , -0.0420539 , -0.0656065
11.8875 , -0.196759 , -0.0499049 , -0.0679835 , -0.195597 , -0.0518633 , -0.0661311
11.9229 , -0.197465 , -0.0492613 , -0.0671243 , -0.194383 , -0.0573239 , -0.0661172
11.9721 , -0.196188 , -0.0521142 , -0.0674153 , -0.195166 , -0.0567949 , -0.0656116
12.0194 , -0.195438 , -0.0547034 , -0.0637801 , -0.195466 , -0.0460519 , -0.067207
12.0537 , -0.196462 , -0.0440925 , -0.0643566 , -0.19247 , -0.0484726 , -0.062752
12.0819 , -0.194616 , -0.0489742 , -0.0579899 , -0.196193 , -0.0471138 , -0.0627645
12.1172 , -0.197623 , -0.0427864 , -0.0597725 , -0.196386 , -0.0433615 , -0.0636924
12.1477 , -0.19765 , -0.0464531 , -0.0543239 , -0.198139 , -0.0353668 , -0.0579128
12.1864 , -0.201075 , -0.031018 , -0.0585719 , -0.201169 , -0.0333515 , -0.0608487
12.2148 , -0.203219 , -0.0294512 , -0.060693 , -0.203879 , -0.0289033 , -0.0591995
12.2504 , -0.204642 , -0.0308301 , -0.0626999 , -0.209255 , -0.0357264 , -0.0579177
12.2857 , -0.206202 , -0.0392473 , -0.0613019 , -0.210574 , -0.0278282 , -0.061347
12.3191 , -0.211994 , -0.0361927 , -0.0619712 , -0.214542 , -0.038651 , -0.057979
12.35 , -0.219098 , -0.0411916 , -0.0625385 , -0.220084 , -0.0347689 , -0.0634574
12.3847 , -0.226941 , -0.0418595 , -0.0674948 , -0.225088 , -0.0350105 , -0.0720973
12.4182 , -0.23319 , -0.0416202 , -0.0694223 , -0.226263 , -0.044515 , -0.0728419
12.453 , -0.232659 , -0.0475631 , -0.0746016 , -0.227365 , -0.0534536 , -0.0718993
12.4836 , -0.23614 , -0.0505208 , -0.0770796 , -0.233753 , -0.0439782 , -0.0794626
12.522 , -0.234775 , -0.069116 , -0.0724729 , -0.231283 , -0.0592524 , -0.0798442
12.5582 , -0.233361 , -0.0811624 , -0.0741308 , -0.229083 , -0.0685637 , -0.0825492
12.5897 , -0.231764 , -0.0764255 , -0.0809591 , -0.230377 , -0.0713467 , -0.0837702
12.6235 , -0.232453 , -0.0708029 , -0.0867609 , -0.231702 , -0.0741468 , -0.082757
12.6597 , -0.235523 , -0.0732804 , -0.0822983 , -0.2366 , -0.0733319 , -0.0841789
12.6913 , -0.242258 , -0.0728528 , -0.0819998 , -0.242554 , -0.0782194 , -0.0811299
12.7236 , -0.249288 , -0.0822332 , -0.0824891 , -0.245931 , -0.0845036 , -0.0820806
12.7574 , -0.254196 , -0.0856146 , -0.0799837 , -0.25022 , -0.0816785 , -0.0821862
12.7951 , -0.25762 , -0.0885639 , -0.0740662 , -0.257301 , -0.0692405 , -0.0842565
12.843 , -0.264868 , -0.0744709 , -0.0821154 , -0.265848 , -0.0678686 , -0.0825865
12.8758 , -0.271086 , -0.0750608 , -0.0812206 , -0.272175 , -0.074603 , -0.0812562
12.9071 , -0.275823 , -0.071368 , -0.0820795 , -0.277229 , -0.0680729 , -0.0814896
12.9403 , -0.281907 , -0.0612643 , -0.0825098 , -0.281107 , -0.0745979 , -0.0764859
12.9735 , -0.281998 , -0.0686485 , -0.0760858 , -0.285183 , -0.0696783 , -0.0807465
13.0073 , -0.287051 , -0.0708561 , -0.0765184 , -0.285791 , -0.0695529 , -0.0735556
13.0469 , -0.288106 , -0.060831 , -0.0744803 , -0.291191 , -0.0542733 , -0.0781315
13.0929 , -0.290024 , -0.0541471 , -0.075004 , -0.288948 , -0.0528203 , -0.0765504
13.1283 , -0.284569 , -0.0524568 , -0.0792388 , -0.284705 , -0.0560431 , -0.0752251
13.1653 , -0.280681 , -0.0436448 , -0.078858 , -0.280625 , -0.061345 , -0.0669527
13.2117 , -0.275603 , -0.0574374 , -0.0720425 , -0.271089 , -0.0628996 , -0.0632881
13.2479 , -0.266004 , -0.0624817 , -0.0632764 , -0.263474 , -0.0583804 , -0.0622019
13.2928 , -0.259733 , -0.0580626 , -0.0657943 , -0.254884 , -0.0537756 , -0.0598169
13.3247 , -0.250329 , -0.0527063 , -0.0647177 , -0.248916 , -0.0445978 , -0.0697081
13.3601 , -0.244647 , -0.0501679 , -0.0704898 , -0.240187 , -0.0453079 , -0.0676009
13.3917 , -0.235573 , -0.0506091 , -0.0679905 , -0.231515 , -0.0523141 , -0.0678472
13.4283 , -0.226502 , -0.0597855 , -0.0676553 , -0.22513 , -0.0658927 , -0.062754
13.4592 , -0.219151 , -0.0661645 , -0.066257 , -0.2167 , -0.0777882 , -0.0606708
13.4926 , -0.213672 , -0.0718549 , -0.0632534 , -0.2108 , -0.069245 , -0.0651695
13.5261 , -0.208602 , -0.0665108 , -0.0648359 , -0.206301 , -0.0739066 , -0.0674265
13.5595 , -0.205192 , -0.0689437 , -0.0662014 , -0.20129 , -0.0752163 , -0.0664767
13.5961 , -0.200192 , -0.0762801 , -0.0632186 , -0.197731 , -0.0743367 , -0.0642398
13.6271 , -0.195363 , -0.0795246 , -0.0618032 , -0.193341 , -0.0764954 , -0.0627684
13.6602 , -0.191944 , -0.0782946 , -0.0623288 , -0.189171 , -0.0812091 , -0.0620635
13.6958 , -0.189256 , -0.0794921 , -0.0620088 , -0.188737 , -0.0768003 , -0.061061
13.7273 , -0.189956 , -0.0726142 , -0.0625617 , -0.191242 , -0.0683937 , -0.0653394
13.7639 , -0.191501 , -0.0654256 , -0.0664596 , -0.192488 , -0.0622645 , -0.0646746
13.7947 , -0.192002 , -0.0658332 , -0.0643046 , -0.191745 , -0.0644528 , -0.0637974
13.828 , -0.191782 , -0.0676424 , -0.0644025 , -0.191313 , -0.0657578 , -0.06379
13.8634 , -0.19162 , -0.0685972 , -0.0625056 , -0.189099 , -0.0695524 , -0.0621528
13.8954 , -0.191475 , -0.0699331 , -0.0640432 , -0.190828 , -0.0710236 , -0.0629771
13.9316 , -0.19074 , -0.0711278 , -0.0645898 , -0.190584 , -0.0682015 , -0.065761
13.9626 , -0.19054 , -0.0686345 , -0.0662895 , -0.192841 , -0.0651456 , -0.0608946
13.9958 , -0.192319 , -0.0656941 , -0.0635056 , -0.190229 , -0.0675379 , -0.06496
14.0313 , -0.190469 , -0.0680405 , -0.0655654 , -0.190085 , -0.069663 , -0.0650197
14.0658 , -0.189939 , -0.0719819 , -0.0640612 , -0.189918 , -0.0727914 , -0.0641719
14.097 , -0.191194 , -0.0797701 , -0.06164 , -0.189531 , -0.076 , -0.0613496
14.1302 , -0.190984 , -0.0781453 , -0.0620535 , -0.190536 , -0.0760166 , -0.061382
14.1652 , -0.191188 , -0.0771524 , -0.0621924 , -0.191182 , -0.0712484 , -0.0596617
14.1986 , -0.191392 , -0.072548 , -0.0608841 , -0.192387 , -0.0697448 , -0.0609496
14.2353 , -0.192393 , -0.0706608 , -0.0616474 , -0.192608 , -0.0737604 , -0.0629608
14.2686 , -0.194309 , -0.071606 , -0.0612063 , -0.193154 , -0.0735655 , -0.0629043
14.301 , -0.194893 , -0.0754777 , -0.061939 , -0.193582 , -0.0769916 , -0.0616616
14.3337 , -0.194725 , -0.0708181 , -0.0626863 , -0.193565 , -0.0731538 , -0.0619161
14.3662 , -0.192937 , -0.0695379 , -0.061709 , -0.192723 , -0.0709238 , -0.0616026
14.4025 , -0.194405 , -0.0728396 , -0.0599256 , -0.193144 , -0.0720345 , -0.0603071
14.4371 , -0.194405 , -0.0728396 , -0.0599256 , -0.191923 , -0.0730098 , -0.0592596
14.4756 , -0.192865 , -0.0733237 , -0.059616 , -0.19118 , -0.0752336 , -0.0605635
14.52 , -0.192245 , -0.0748225 , -0.0605873 , -0.190911 , -0.0750208 , -0.0602329
14.5517 , -0.190824 , -0.0751637 , -0.0609153 , -0.190382 , -0.0750604 , -0.0603997
14.5855 , -0.192676 , -0.0746727 , -0.0639334 , -0.191303 , -0.0747841 , -0.0623372
14.6246 , -0.193891 , -0.0754956 , -0.0591906 , -0.192309 , -0.0751844 , -0.0602377
14.6738 , -0.194865 , -0.0567731 , -0.0630611 , -0.193197 , -0.0639068 , -0.0615863
14.7234 , -0.195676 , -0.0584393 , -0.0632372 , -0.194324 , -0.0605335 , -0.0623293
14.7721 , -0.194552 , -0.0727615 , -0.0619373 , -0.194259 , -0.0679561 , -0.0619653
14.8111 , -0.195472 , -0.0738122 , -0.0624398 , -0.192757 , -0.0689847 , -0.0635125
14.8603 , -0.193815 , -0.0716862 , -0.0635273 , -0.196586 , -0.0756966 , -0.064146
14.9045 , -0.197052 , -0.0728242 , -0.0648279 , -0.194909 , -0.0712749 , -0.0624608
14.9385 , -0.199283 , -0.0666333 , -0.0651578 , -0.196914 , -0.0684509 , -0.0640863
14.9697 , -0.199629 , -0.0712467 , -0.0629223 , -0.197925 , -0.0686611 , -0.0625838
15.0024 , -0.199696 , -0.0706303 , -0.0612229 , -0.19651 , -0.0674218 , -0.0596202
15.0359 , -0.198211 , -0.0690535 , -0.0596538 , -0.197217 , -0.0683392 , -0.0592902
15.0723 , -0.195912 , -0.0755181 , -0.0614341 , -0.197243 , -0.0745371 , -0.061579
15.1101 , -0.196995 , -0.073946 , -0.0643505 , -0.198273 , -0.0752299 , -0.0625382
15.1562 , -0.198715 , -0.072267 , -0.0632804 , -0.198658 , -0.0666516 , -0.0633485
15.1875 , -0.198302 , -0.0684784 , -0.0619191 , -0.197227 , -0.060392 , -0.0637407
15.2226 , -0.197554 , -0.062277 , -0.0633711 , -0.196265 , -0.062266 , -0.0657033
15.2543 , -0.197069 , -0.0672188 , -0.0623548 , -0.196024 , -0.0652831 , -0.0637592
15.2897 , -0.194545 , -0.0760843 , -0.0600573 , -0.19301 , -0.0741716 , -0.0637658
15.321 , -0.194143 , -0.0785363 , -0.0620087 , -0.19304 , -0.076801 , -0.0626511
15.3555 , -0.196911 , -0.0710445 , -0.0607194 , -0.19506 , -0.0732566 , -0.0612344
15.389 , -0.196951 , -0.0691456 , -0.0601611 , -0.196044 , -0.0707461 , -0.0604392
15.4239 , -0.198215 , -0.0666257 , -0.0610776 , -0.196467 , -0.0713457 , -0.0602425
15.4553 , -0.196636 , -0.0713448 , -0.0627984 , -0.196285 , -0.0744545 , -0.0603258
15.4906 , -0.197416 , -0.0732601 , -0.0624296 , -0.195565 , -0.074277 , -0.0616937
15.5256 , -0.19603 , -0.0732449 , -0.0634025 , -0.195387 , -0.0712632 , -0.0638293
15.5569 , -0.196054 , -0.0712784 , -0.0645113 , -0.194221 , -0.076308 , -0.0631251
15.5915 , -0.195449 , -0.0722256 , -0.064892 , -0.197617 , -0.0765196 , -0.0618618
15.6269 , -0.197413 , -0.0733925 , -0.064099 , -0.197232 , -0.0745992 , -0.0631609
15.6608 , -0.197042 , -0.0774266 , -0.0624902 , -0.196574 , -0.0753202 , -0.0630225
15.692 , -0.194955 , -0.0781626 , -0.0644689 , -0.195126 , -0.0769951 , -0.0636315
15.7308 , -0.193111 , -0.082025 , -0.0661586 , -0.193441 , -0.0816499 , -0.0645975
15.7751 , -0.192691 , -0.0854013 , -0.0656706 , -0.192449 , -0.0818634 , -0.0650622
15.8076 , -0.192794 , -0.0836312 , -0.0654882 , -0.192225 , -0.0829609 , -0.0654655
15.8411 , -0.192022 , -0.0767914 , -0.0647971 , -0.193881 , -0.0793578 , -0.0647286
15.8776 , -0.192358 , -0.078184 , -0.0642495 , -0.192566 , -0.0786288 , -0.0642074
15.9116 , -0.192195 , -0.0796982 , -0.0644788 , -0.192107 , -0.0794403 , -0.0642436
15.9427 , -0.192491 , -0.0805467 , -0.0645844 , -0.191709 , -0.0793604 , -0.0658961
15.9753 , -0.192371 , -0.0799797 , -0.0660223 , -0.191552 , -0.0768178 , -0.0667862
16.0088 , -0.192384 , -0.0775484 , -0.0669245 , -0.19127 , -0.0751597 , -0.0657865
16.0455 , -0.192556 , -0.0747243 , -0.0658255 , -0.191016 , -0.0750869 , -0.0657144
16.0796 , -0.195108 , -0.0755292 , -0.0623422 , -0.191712 , -0.0686895 , -0.0666928
16.1117 , -0.194256 , -0.0744598 , -0.0630691 , -0.191346 , -0.0719737 , -0.0687668
16.1432 , -0.193533 , -0.078239 , -0.0655825 , -0.19251 , -0.0798715 , -0.0646214
16.1767 , -0.194121 , -0.0795778 , -0.066354 , -0.192542 , -0.0805225 , -0.0650222
16.2132 , -0.193906 , -0.0802485 , -0.066409 , -0.193052 , -0.0816091 , -0.0651553
16.2445 , -0.193383 , -0.0790953 , -0.0651325 , -0.193844 , -0.0767069 , -0.065917
16.2774 , -0.195018 , -0.0751021 , -0.0629147 , -0.19371 , -0.0725307 , -0.0649295
16.3118 , -0.19532 , -0.0736743 , -0.062995 , -0.193215 , -0.0805929 , -0.0657926
16.3466 , -0.194399 , -0.0799387 , -0.0644694 , -0.19319 , -0.0778829 , -0.0650893
16.378 , -0.194051 , -0.079389 , -0.0657436 , -0.193437 , -0.0787443 , -0.0651619
16.4144 , -0.193929 , -0.0796138 , -0.065861 , -0.19272 , -0.0784581 , -0.0657253
16.4585 , -0.193288 , -0.0789562 , -0.0661649 , -0.192038 , -0.0782106 , -0.0658607
16.5073 , -0.194015 , -0.0777647 , -0.0656452 , -0.194656 , -0.0771599 , -0.0645226
16.557 , -0.194411 , -0.0790048 , -0.0655919 , -0.193999 , -0.0777692 , -0.0647703
16.5995 , -0.194024 , -0.0794663 , -0.0652979 , -0.192386 , -0.0759473 , -0.064584
16.636 , -0.192582 , -0.0805505 , -0.0656225 , -0.191992 , -0.0787072 , -0.0650198
16.6856 , -0.192582 , -0.0805505 , -0.0656225 , -0.191808 , -0.0797556 , -0.0653104
16.7372 , -0.193911 , -0.0799686 , -0.065364 , -0.192584 , -0.079869 , -0.0652464
16.7854 , -0.193544 , -0.0783281 , -0.0646545 , -0.191301 , -0.0777217 , -0.0652966
16.8232 , -0.190405 , -0.0778601 , -0.0623352 , -0.193726 , -0.0795722 , -0.064302
16.8659 , -0.191735 , -0.0732522 , -0.0646917 , -0.192058 , -0.0757052 , -0.0644145
16.8995 , -0.191735 , -0.0732522 , -0.0646917 , -0.189609 , -0.0828671 , -0.0622565
16.9329 , -0.190105 , -0.0805313 , -0.062539 , -0.188856 , -0.0819976 , -0.0623583
16.9713 , -0.190878 , -0.0811137 , -0.066215 , -0.189592 , -0.0814557 , -0.0646754
17.019 , -0.189323 , -0.0788227 , -0.0647145 , -0.189076 , -0.0824194 , -0.0648259
17.0555 , -0.190249 , -0.0820442 , -0.0635858 , -0.189725 , -0.0831437 , -0.0625251
17.1013 , -0.190025 , -0.0818601 , -0.0624549 , -0.189544 , -0.0811021 , -0.0619266
17.1358 , -0.191076 , -0.0825591 , -0.0630198 , -0.189798 , -0.078819 , -0.0618267
17.1669 , -0.190865 , -0.0798984 , -0.0626587 , -0.188277 , -0.0803499 , -0.0614138
17.2003 , -0.189394 , -0.0806805 , -0.0621943 , -0.188465 , -0.080496 , -0.0616201
17.2335 , -0.189394 , -0.0806805 , -0.0621943 , -0.18855 , -0.0805737 , -0.0617785
17.2691 , -0.189394 , -0.0806805 , -0.0621943 , -0.189548 , -0.0758894 , -0.0606378
17.304 , -0.190042 , -0.0646881 , -0.0638062 , -0.188975 , -0.0857734 , -0.0587913
17.3412 , -0.189444 , -0.0787609 , -0.0601616 , -0.188188 , -0.0803666 , -0.0596687
17.3891 , -0.18883 , -0.0774901 , -0.060181 , -0.186121 , -0.0837601 , -0.0620081
17.4287 , -0.187164 , -0.0818811 , -0.0617925 , -0.185564 , -0.0830105 , -0.0618442
17.4714 , -0.187164 , -0.0818811 , -0.0617925 , -0.185319 , -0.082603 , -0.0616794
17.5061 , -0.187164 , -0.0818811 , -0.0617925 , -0.185219 , -0.082319 , -0.0615661
17.5428 , -0.190396 , -0.0622784 , -0.0660452 , -0.187866 , -0.0700875 , -0.0640767
17.5868 , -0.190243 , -0.0660332 , -0.0643581 , -0.189053 , -0.0676269 , -0.0641975
17.6193 , -0.189137 , -0.0769452 , -0.0627989 , -0.188779 , -0.0762009 , -0.0625847
17.653 , -0.189254 , -0.0794123 , -0.0621654 , -0.186948 , -0.0802943 , -0.0645755
17.6895 , -0.187629 , -0.0812853 , -0.0641043 , -0.186767 , -0.0808402 , -0.0640879
17.724 , -0.187629 , -0.0812853 , -0.0641043 , -0.186815 , -0.0810805 , -0.063913
17.7551 , -0.187865 , -0.0839484 , -0.0636599 , -0.188928 , -0.0841368 , -0.0586525
17.7943 , -0.188983 , -0.0852718 , -0.0595672 , -0.189093 , -0.0793728 , -0.0604343
17.8446 , -0.188383 , -0.0796639 , -0.0612118 , -0.18817 , -0.0795214 , -0.060777
17.9101 , -0.188383 , -0.0796639 , -0.0612118 , -0.187808 , -0.0795937 , -0.0609643
17.9431 , -0.188669 , -0.083928 , -0.0626353 , -0.186418 , -0.0801879 , -0.0637605
17.9783 , -0.188295 , -0.0860284 , -0.0633236 , -0.187379 , -0.0816928 , -0.0643208
18.0274 , -0.18865 , -0.0832977 , -0.0637009 , -0.187469 , -0.0850775 , -0.0627072
