627

0.026277 , -0.197053 , 0.0448575 , -0.261757 , -0.156793 , 0.0440131 , -0.278907
0.06183 , -0.197098 , 0.0441612 , -0.261704 , -0.159733 , 0.0416662 , -0.281738
0.098736 , -0.19716 , 0.0435742 , -0.261661 , -0.205714 , 0.0421377 , -0.270438
0.144522 , -0.197233 , 0.0430722 , -0.261629 , -0.243091 , 0.0407259 , -0.265129
0.184999 , -0.197317 , 0.0426608 , -0.26161 , -0.246814 , 0.0405833 , -0.262379
0.231934 , -0.197408 , 0.0423274 , -0.261601 , -0.227036 , 0.0417852 , -0.259524
0.282304 , -0.197506 , 0.0420482 , -0.261605 , -0.204222 , 0.0433256 , -0.256335
0.334268 , -0.197527 , 0.0419945 , -0.26161 , -0.190286 , 0.0440919 , -0.254479
0.384166 , -0.197529 , 0.041994 , -0.26161 , -0.185602 , 0.0439262 , -0.255075
0.427998 , -0.197548 , 0.0419676 , -0.261618 , -0.185915 , 0.0431616 , -0.25777
0.46486 , -0.197548 , 0.0419676 , -0.261618 , -0.187639 , 0.04226 , -0.261466
0.499438 , -0.197548 , 0.0419676 , -0.261618 , -0.189119 , 0.0415 , -0.264743
0.546162 , -0.197548 , 0.0419676 , -0.261618 , -0.190698 , 0.0410407 , -0.266593
0.583012 , -0.197548 , 0.0419676 , -0.261618 , -0.192443 , 0.0409156 , -0.266911
0.629967 , -0.197548 , 0.0419676 , -0.261618 , -0.194481 , 0.0411255 , -0.265646
0.663016 , -0.197548 , 0.0419676 , -0.261618 , -0.196669 , 0.0415878 , -0.263282
0.69503 , -0.197548 , 0.0419676 , -0.261618 , -0.198897 , 0.0421138 , -0.260849
0.72971 , -0.197548 , 0.0419676 , -0.261618 , -0.200588 , 0.0426405 , -0.25826
0.763473 , -0.197548 , 0.0419676 , -0.261618 , -0.201228 , 0.0430429 , -0.256559
0.798211 , -0.197548 , 0.0419676 , -0.261618 , -0.201005 , 0.0431922 , -0.256039
0.829942 , -0.197548 , 0.0419676 , -0.261618 , -0.199971 , 0.0430879 , -0.256603
0.861793 , -0.197548 , 0.0419676 , -0.261618 , -0.198484 , 0.04281 , -0.257929
0.895382 , -0.197548 , 0.0419676 , -0.261618 , -0.19708 , 0.0424801 , -0.259591
0.930903 , -0.197548 , 0.0419676 , -0.261618 , -0.195692 , 0.042277 , -0.260503
0.96961 , -0.197548 , 0.0419676 , -0.261618 , -0.194604 , 0.0421204 , -0.261336
1.0149 , -0.197548 , 0.0419676 , -0.261618 , -0.194333 , 0.0420006 , -0.261927
1.04648 , -0.197548 , 0.0419676 , -0.261618 , -0.194638 , 0.0419579 , -0.262035
1.08114 , -0.197549 , 0.0419674 , -0.261619 , -0.195201 , 0.0419831 , -0.261739
1.11479 , -0.208183 , 0.0462424 , -0.270508 , -0.196148 , 0.0486229 , -0.260508
1.14946 , -0.208183 , 0.0462424 , -0.270508 , -0.200143 , 0.0480812 , -0.264871
1.18052 , -0.207723 , 0.0454444 , -0.270047 , -0.208629 , 0.0464505 , -0.2686
1.21819 , -0.207131 , 0.0469401 , -0.269943 , -0.213554 , 0.0464628 , -0.270942
1.25031 , -0.207094 , 0.0469143 , -0.269889 , -0.213943 , 0.0461174 , -0.272277
1.28194 , -0.207094 , 0.0469143 , -0.269889 , -0.21176 , 0.0466393 , -0.272454
1.31469 , -0.206631 , 0.0481085 , -0.269613 , -0.208537 , 0.0474305 , -0.271583
1.34984 , -0.206386 , 0.0483571 , -0.269624 , -0.205759 , 0.0477918 , -0.270116
1.38591 , -0.205911 , 0.0480422 , -0.269372 , -0.204321 , 0.048551 , -0.26846
1.42357 , -0.205013 , 0.0472924 , -0.268984 , -0.20333 , 0.0480373 , -0.267154
1.4693 , -0.2043 , 0.0480153 , -0.269002 , -0.202578 , 0.0484729 , -0.266898
1.50454 , -0.203843 , 0.0485637 , -0.269009 , -0.20228 , 0.0489583 , -0.266928
1.53782 , -0.203387 , 0.0488053 , -0.269012 , -0.20254 , 0.0491757 , -0.267189
1.57035 , -0.202909 , 0.0488641 , -0.268871 , -0.203068 , 0.049202 , -0.26738
1.60467 , -0.202337 , 0.0485375 , -0.268694 , -0.203083 , 0.048911 , -0.267297
1.63912 , -0.202162 , 0.0485402 , -0.268628 , -0.202811 , 0.0490906 , -0.266974
1.67336 , -0.20144 , 0.0483109 , -0.2685 , -0.202408 , 0.048987 , -0.266509
1.70741 , -0.201003 , 0.0492006 , -0.268894 , -0.200753 , 0.0489721 , -0.266755
1.75217 , -0.200614 , 0.0490823 , -0.268853 , -0.19974 , 0.0490767 , -0.266632
1.78466 , -0.200517 , 0.0495931 , -0.269179 , -0.199283 , 0.0502222 , -0.267051
1.81816 , -0.200295 , 0.0494894 , -0.269298 , -0.198921 , 0.0499387 , -0.267785
1.8547 , -0.20029 , 0.0494382 , -0.269773 , -0.198932 , 0.049851 , -0.268678
1.88958 , -0.200279 , 0.0494005 , -0.269769 , -0.19972 , 0.0498106 , -0.269304
1.92168 , -0.200252 , 0.0482717 , -0.270353 , -0.200154 , 0.0488083 , -0.269277
1.95552 , -0.200362 , 0.048371 , -0.270858 , -0.199972 , 0.048736 , -0.269497
1.98751 , -0.200687 , 0.0492764 , -0.271567 , -0.199764 , 0.0493464 , -0.270697
2.02246 , -0.200848 , 0.0492644 , -0.272305 , -0.200522 , 0.0495512 , -0.271194
2.06342 , -0.201278 , 0.0492697 , -0.27273 , -0.201184 , 0.049402 , -0.271071
2.10621 , -0.201507 , 0.0485069 , -0.273183 , -0.201196 , 0.0496761 , -0.271756
2.13725 , -0.201877 , 0.0482056 , -0.273924 , -0.201701 , 0.0486146 , -0.272123
2.17148 , -0.202499 , 0.0482348 , -0.274612 , -0.202031 , 0.0480051 , -0.272976
2.20919 , -0.203376 , 0.0477154 , -0.275159 , -0.202873 , 0.0473506 , -0.273096
2.24109 , -0.20397 , 0.0476525 , -0.275943 , -0.203675 , 0.0478706 , -0.274166
2.27746 , -0.204376 , 0.0481914 , -0.276919 , -0.204581 , 0.0480695 , -0.275281
2.32979 , -0.204932 , 0.0487757 , -0.277684 , -0.204759 , 0.049822 , -0.27693
2.37802 , -0.205 , 0.0501993 , -0.279114 , -0.204669 , 0.0483396 , -0.278838
2.42319 , -0.205058 , 0.0488537 , -0.280604 , -0.20458 , 0.0473668 , -0.280617
2.45558 , -0.205235 , 0.0479764 , -0.28245 , -0.205886 , 0.0481412 , -0.282511
2.49119 , -0.205812 , 0.0477623 , -0.283906 , -0.207188 , 0.0490879 , -0.283689
2.52279 , -0.203592 , 0.0465351 , -0.286063 , -0.206677 , 0.0482039 , -0.285784
2.55927 , -0.206609 , 0.0465402 , -0.286781 , -0.207973 , 0.0454761 , -0.286624
2.594 , -0.205145 , 0.0471263 , -0.288088 , -0.207608 , 0.0474711 , -0.287468
2.62522 , -0.205202 , 0.0453357 , -0.290286 , -0.208183 , 0.046986 , -0.289131
2.657 , -0.210395 , 0.0458149 , -0.292505 , -0.210582 , 0.042897 , -0.292393
2.69339 , -0.213604 , 0.0455484 , -0.296265 , -0.214588 , 0.0432687 , -0.29541
2.72799 , -0.217749 , 0.0450282 , -0.300188 , -0.219092 , 0.0440339 , -0.299569
2.76223 , -0.223618 , 0.0425997 , -0.303733 , -0.223774 , 0.045851 , -0.303015
2.7943 , -0.229495 , 0.0461853 , -0.307496 , -0.230867 , 0.043487 , -0.307201
2.8259 , -0.235704 , 0.046177 , -0.312839 , -0.238872 , 0.0475858 , -0.312617
2.86119 , -0.243901 , 0.0472185 , -0.318337 , -0.248016 , 0.0487382 , -0.318265
2.89266 , -0.252563 , 0.0481125 , -0.322787 , -0.256883 , 0.0485585 , -0.323118
2.92562 , -0.261939 , 0.0475904 , -0.328985 , -0.266989 , 0.0487478 , -0.329026
2.9595 , -0.270075 , 0.0473959 , -0.334701 , -0.276669 , 0.0503262 , -0.335609
2.99668 , -0.280185 , 0.0496367 , -0.340461 , -0.285325 , 0.0516263 , -0.34185
3.03554 , -0.28912 , 0.0517725 , -0.347258 , -0.29223 , 0.0535322 , -0.347705
3.0784 , -0.299438 , 0.0565601 , -0.354735 , -0.29812 , 0.054092 , -0.354275
3.11008 , -0.308892 , 0.0556004 , -0.360332 , -0.303687 , 0.0583747 , -0.361594
3.1419 , -0.31745 , 0.0557054 , -0.367029 , -0.305589 , 0.058119 , -0.367139
3.17613 , -0.326684 , 0.0548175 , -0.374338 , -0.312865 , 0.0578844 , -0.376329
3.21035 , -0.335933 , 0.0551017 , -0.382509 , -0.326136 , 0.0599043 , -0.385768
3.24492 , -0.343516 , 0.0576387 , -0.391176 , -0.340914 , 0.0591592 , -0.394272
3.27824 , -0.349755 , 0.061932 , -0.401042 , -0.355473 , 0.0609239 , -0.402444
3.30887 , -0.357624 , 0.0621877 , -0.411883 , -0.365136 , 0.0642127 , -0.412315
3.34338 , -0.365227 , 0.0609114 , -0.422489 , -0.369271 , 0.0639577 , -0.42191
3.37789 , -0.373853 , 0.0609852 , -0.434256 , -0.371329 , 0.0637095 , -0.433252
3.41243 , -0.382448 , 0.0604457 , -0.445255 , -0.373822 , 0.0621456 , -0.444285
3.44609 , -0.390733 , 0.0584804 , -0.455532 , -0.378713 , 0.0611161 , -0.455917
3.4766 , -0.399064 , 0.0562193 , -0.464978 , -0.385599 , 0.0563716 , -0.466338
3.51613 , -0.407475 , 0.0538735 , -0.474208 , -0.395475 , 0.0544764 , -0.476624
3.55294 , -0.414586 , 0.0537639 , -0.483064 , -0.405452 , 0.0516981 , -0.485969
3.60027 , -0.420778 , 0.0545955 , -0.493747 , -0.41884 , 0.0523377 , -0.495039
3.6294 , -0.426215 , 0.0542585 , -0.500468 , -0.430082 , 0.0542316 , -0.505514
3.66601 , -0.430062 , 0.0547598 , -0.508633 , -0.437528 , 0.0570475 , -0.513518
3.69474 , -0.431314 , 0.0570761 , -0.517307 , -0.442017 , 0.0586535 , -0.52155
3.73151 , -0.433627 , 0.0646146 , -0.526424 , -0.444241 , 0.0630352 , -0.529109
3.76326 , -0.433143 , 0.0696616 , -0.533321 , -0.443884 , 0.0653076 , -0.533491
3.79723 , -0.431945 , 0.0688739 , -0.536656 , -0.441279 , 0.0728102 , -0.53946
3.83218 , -0.429109 , 0.0733148 , -0.540805 , -0.436753 , 0.0756956 , -0.546193
3.86552 , -0.425683 , 0.0798813 , -0.546656 , -0.431489 , 0.079989 , -0.552179
3.89603 , -0.422853 , 0.0824626 , -0.55058 , -0.426856 , 0.0841631 , -0.55789
3.93166 , -0.419036 , 0.0886846 , -0.552197 , -0.422636 , 0.0822084 , -0.559453
3.96545 , -0.414908 , 0.0887169 , -0.556155 , -0.419126 , 0.0839044 , -0.562946
3.99967 , -0.411369 , 0.0870595 , -0.557386 , -0.416397 , 0.0840766 , -0.56535
4.03323 , -0.407974 , 0.089738 , -0.559795 , -0.411722 , 0.0852961 , -0.566569
4.06387 , -0.402433 , 0.0911573 , -0.56031 , -0.406298 , 0.0881766 , -0.566637
4.09928 , -0.395659 , 0.0946029 , -0.560124 , -0.398618 , 0.0939993 , -0.565679
4.13283 , -0.387026 , 0.0983623 , -0.55866 , -0.389844 , 0.0944625 , -0.561221
4.16744 , -0.377598 , 0.0986861 , -0.554006 , -0.381201 , 0.0962754 , -0.555396
4.20164 , -0.367912 , 0.0955807 , -0.547116 , -0.370787 , 0.0874552 , -0.546107
4.23155 , -0.354532 , 0.0977318 , -0.539509 , -0.358177 , 0.0949081 , -0.540272
4.2671 , -0.34158 , 0.100111 , -0.531575 , -0.343275 , 0.0969015 , -0.530843
4.30051 , -0.326573 , 0.101952 , -0.522122 , -0.326473 , 0.102672 , -0.520334
4.33501 , -0.309046 , 0.105451 , -0.511956 , -0.307425 , 0.105792 , -0.509291
4.36577 , -0.291913 , 0.105369 , -0.501161 , -0.289799 , 0.104786 , -0.496485
4.40034 , -0.275812 , 0.106857 , -0.489365 , -0.271401 , 0.105398 , -0.483682
4.4349 , -0.25754 , 0.104623 , -0.476349 , -0.253049 , 0.104993 , -0.470823
4.46836 , -0.239332 , 0.105327 , -0.464233 , -0.235495 , 0.104371 , -0.458149
4.50293 , -0.221371 , 0.10375 , -0.451917 , -0.218663 , 0.104426 , -0.445666
4.53346 , -0.203833 , 0.102555 , -0.439973 , -0.201786 , 0.106698 , -0.435407
4.56806 , -0.186975 , 0.1029 , -0.429378 , -0.185252 , 0.10446 , -0.423892
4.60258 , -0.169972 , 0.099493 , -0.417691 , -0.169162 , 0.101334 , -0.411457
4.63618 , -0.151501 , 0.100707 , -0.406428 , -0.152167 , 0.0973993 , -0.399945
4.67067 , -0.135187 , 0.0989981 , -0.395858 , -0.134369 , 0.0955938 , -0.388363
4.70129 , -0.116781 , 0.0921301 , -0.383291 , -0.117146 , 0.09367 , -0.380547
4.73587 , -0.099774 , 0.0918141 , -0.371012 , -0.099656 , 0.0932407 , -0.369567
4.77025 , -0.084379 , 0.0929292 , -0.361085 , -0.0821903 , 0.0935134 , -0.359596
4.80401 , -0.0651639 , 0.0877261 , -0.349283 , -0.0631395 , 0.0910765 , -0.348543
4.83851 , -0.0457113 , 0.092125 , -0.338377 , -0.0411953 , 0.0852828 , -0.337193
4.86893 , -0.0229495 , 0.0841889 , -0.327845 , -0.0172431 , 0.0841965 , -0.326817
4.90613 , -0.00123762 , 0.0806247 , -0.31765 , 0.00520847 , 0.0834261 , -0.318664
4.94324 , 0.0188069 , 0.0804003 , -0.309237 , 0.0266427 , 0.0798048 , -0.311294
4.97962 , 0.0387146 , 0.0767665 , -0.301452 , 0.0468909 , 0.0771833 , -0.305771
5.02209 , 0.0584258 , 0.0774733 , -0.290567 , 0.0668966 , 0.0746635 , -0.300168
5.05647 , 0.0732988 , 0.0736188 , -0.284666 , 0.0843091 , 0.0771133 , -0.2909
5.08999 , 0.0900037 , 0.0792282 , -0.274965 , 0.101289 , 0.0755322 , -0.282361
5.12089 , 0.103789 , 0.0728465 , -0.268367 , 0.116121 , 0.0740123 , -0.274335
5.15526 , 0.115191 , 0.0709333 , -0.262222 , 0.129164 , 0.0745869 , -0.267771
5.18979 , 0.124088 , 0.070397 , -0.256548 , 0.138991 , 0.0733659 , -0.262806
5.22447 , 0.130812 , 0.070231 , -0.253586 , 0.146651 , 0.0699559 , -0.259339
5.25794 , 0.136817 , 0.0680727 , -0.249268 , 0.151102 , 0.0702408 , -0.255522
5.28847 , 0.140724 , 0.0662061 , -0.246258 , 0.154176 , 0.0703731 , -0.251202
5.32326 , 0.148588 , 0.0680107 , -0.240576 , 0.158369 , 0.0674612 , -0.245501
5.35755 , 0.154083 , 0.0678246 , -0.237014 , 0.162544 , 0.0657551 , -0.239126
5.39201 , 0.158001 , 0.0635773 , -0.233555 , 0.167506 , 0.0616323 , -0.232482
5.42467 , 0.160959 , 0.0621411 , -0.229062 , 0.172051 , 0.0610579 , -0.225908
5.45881 , 0.16324 , 0.057387 , -0.225984 , 0.173275 , 0.054869 , -0.221846
5.48968 , 0.164891 , 0.0532616 , -0.22315 , 0.174487 , 0.0521143 , -0.217469
5.52527 , 0.169128 , 0.0521374 , -0.216984 , 0.176618 , 0.0502552 , -0.212682
5.55989 , 0.166416 , 0.0521101 , -0.215584 , 0.180048 , 0.0537381 , -0.209134
5.59344 , 0.166644 , 0.0553945 , -0.212727 , 0.175287 , 0.054393 , -0.209211
5.62399 , 0.159252 , 0.0555476 , -0.213845 , 0.166846 , 0.0552928 , -0.211072
5.65953 , 0.15138 , 0.057953 , -0.215544 , 0.156764 , 0.05679 , -0.214819
5.69315 , 0.141626 , 0.0626889 , -0.21954 , 0.145576 , 0.0624008 , -0.219956
5.7246 , 0.130988 , 0.0678177 , -0.224777 , 0.134427 , 0.0679262 , -0.226044
5.76122 , 0.118828 , 0.071528 , -0.230747 , 0.123263 , 0.0712759 , -0.233172
5.79167 , 0.105866 , 0.0761541 , -0.237638 , 0.111842 , 0.0715763 , -0.241619
5.82721 , 0.091794 , 0.0780223 , -0.246296 , 0.0993913 , 0.074691 , -0.24862
5.86071 , 0.0744146 , 0.0782123 , -0.259485 , 0.0847693 , 0.07738 , -0.257558
5.89531 , 0.0564685 , 0.072923 , -0.273441 , 0.067302 , 0.0791741 , -0.269397
5.92883 , 0.0388343 , 0.0824848 , -0.278554 , 0.0472643 , 0.0791999 , -0.283907
5.95943 , 0.0176803 , 0.0846054 , -0.290478 , 0.0266247 , 0.076717 , -0.296005
5.99933 , -0.00320993 , 0.0876269 , -0.30145 , 0.00363344 , 0.0780458 , -0.30809
6.03674 , -0.0271345 , 0.0893694 , -0.313458 , -0.0216211 , 0.0800387 , -0.320633
6.08054 , -0.0520318 , 0.0887131 , -0.326598 , -0.050087 , 0.0828595 , -0.332557
6.11418 , -0.0775514 , 0.089991 , -0.338332 , -0.0785149 , 0.0873459 , -0.346629
6.14822 , -0.102956 , 0.0926363 , -0.352695 , -0.109789 , 0.0897144 , -0.36082
6.18052 , -0.129657 , 0.0974001 , -0.366321 , -0.141452 , 0.0929 , -0.376573
6.21122 , -0.156154 , 0.0959903 , -0.381588 , -0.170802 , 0.0995444 , -0.392019
6.24487 , -0.181156 , 0.0991191 , -0.395535 , -0.197548 , 0.105154 , -0.406022
6.28031 , -0.204179 , 0.102084 , -0.413515 , -0.223823 , 0.102053 , -0.422174
6.31487 , -0.226904 , 0.101636 , -0.430558 , -0.247353 , 0.101211 , -0.439062
6.34876 , -0.247914 , 0.102218 , -0.448097 , -0.268497 , 0.10267 , -0.457196
6.38293 , -0.267191 , 0.102754 , -0.467245 , -0.286555 , 0.101189 , -0.476396
6.41258 , -0.284453 , 0.107211 , -0.487991 , -0.300561 , 0.0984162 , -0.497995
6.44928 , -0.29976 , 0.100394 , -0.507415 , -0.311507 , 0.0934593 , -0.518499
6.48319 , -0.313745 , 0.100287 , -0.527419 , -0.320705 , 0.093687 , -0.538204
6.51513 , -0.325531 , 0.0981134 , -0.547686 , -0.328924 , 0.0930488 , -0.557567
6.54854 , -0.337166 , 0.0959032 , -0.567907 , -0.336127 , 0.0928995 , -0.579274
6.58313 , -0.346802 , 0.0895965 , -0.59086 , -0.344145 , 0.0913827 , -0.602354
6.61384 , -0.356018 , 0.0933288 , -0.61407 , -0.350982 , 0.0879003 , -0.625581
6.65027 , -0.364256 , 0.0892904 , -0.634438 , -0.358506 , 0.0804806 , -0.646227
6.68084 , -0.373021 , 0.0838213 , -0.653225 , -0.365592 , 0.0752169 , -0.669364
6.71557 , -0.380921 , 0.0802095 , -0.672202 , -0.374254 , 0.0696871 , -0.690097
6.74995 , -0.390378 , 0.0765081 , -0.691997 , -0.38392 , 0.0658669 , -0.710294
6.78441 , -0.399555 , 0.0765858 , -0.711125 , -0.393698 , 0.0651812 , -0.730774
6.81799 , -0.409522 , 0.0733516 , -0.727474 , -0.40628 , 0.0644922 , -0.74844
6.84869 , -0.4201 , 0.0733355 , -0.743866 , -0.419693 , 0.0610147 , -0.762517
6.88321 , -0.431903 , 0.0671814 , -0.756778 , -0.431598 , 0.055428 , -0.774122
6.9176 , -0.439103 , 0.0595158 , -0.766917 , -0.444757 , 0.0472268 , -0.782746
6.95224 , -0.449205 , 0.05074 , -0.774912 , -0.453266 , 0.0360144 , -0.78885
6.98466 , -0.452629 , 0.0481284 , -0.784924 , -0.45903 , 0.0401258 , -0.800672
7.01735 , -0.457221 , 0.0556364 , -0.795048 , -0.464116 , 0.0441956 , -0.808862
7.05103 , -0.459938 , 0.0548803 , -0.800547 , -0.466754 , 0.0453037 , -0.813583
7.08565 , -0.460727 , 0.0541976 , -0.803564 , -0.468338 , 0.0446423 , -0.815831
7.12143 , -0.461404 , 0.052229 , -0.804287 , -0.469226 , 0.0426891 , -0.81654
7.15087 , -0.460219 , 0.0518405 , -0.805638 , -0.464458 , 0.0395184 , -0.815434
7.18517 , -0.458507 , 0.053023 , -0.806437 , -0.462643 , 0.0425256 , -0.81567
7.21964 , -0.452459 , 0.0606009 , -0.8023 , -0.459473 , 0.0525582 , -0.816293
7.25319 , -0.447246 , 0.0597393 , -0.803655 , -0.455307 , 0.0525891 , -0.813511
7.28772 , -0.440298 , 0.0545598 , -0.799985 , -0.443573 , 0.0479111 , -0.806423
7.32135 , -0.432609 , 0.0543368 , -0.795272 , -0.435064 , 0.0482057 , -0.800601
7.35727 , -0.419863 , 0.0539091 , -0.789906 , -0.430139 , 0.0416288 , -0.79227
7.3922 , -0.418283 , 0.0463073 , -0.782232 , -0.421949 , 0.0389487 , -0.787537
7.42329 , -0.404357 , 0.0539598 , -0.773404 , -0.411505 , 0.0396159 , -0.783186
7.45803 , -0.391076 , 0.0458968 , -0.769147 , -0.398702 , 0.0397741 , -0.775536
7.4871 , -0.375476 , 0.0390689 , -0.758448 , -0.380757 , 0.0384545 , -0.764533
7.52558 , -0.359309 , 0.0411553 , -0.748445 , -0.359609 , 0.0364295 , -0.752731
7.56009 , -0.339774 , 0.0399803 , -0.736288 , -0.338911 , 0.0373036 , -0.740925
7.59212 , -0.3178 , 0.0435396 , -0.722884 , -0.316974 , 0.0402868 , -0.728012
7.62112 , -0.295608 , 0.0431889 , -0.709265 , -0.293431 , 0.0387711 , -0.712874
7.65701 , -0.272934 , 0.0420894 , -0.695344 , -0.270186 , 0.038013 , -0.697744
7.69234 , -0.249606 , 0.0401205 , -0.680916 , -0.246236 , 0.0364187 , -0.68207
7.72111 , -0.225633 , 0.0364288 , -0.666521 , -0.221422 , 0.0373214 , -0.665783
7.7576 , -0.200667 , 0.0390082 , -0.65055 , -0.195241 , 0.0346016 , -0.647725
7.79094 , -0.17281 , 0.036646 , -0.632997 , -0.167423 , 0.0381933 , -0.628099
7.82453 , -0.143258 , 0.0424803 , -0.611079 , -0.137817 , 0.042412 , -0.606707
7.85636 , -0.11236 , 0.0464143 , -0.587688 , -0.106541 , 0.0458299 , -0.58323
7.89203 , -0.0828058 , 0.050634 , -0.560224 , -0.0751329 , 0.050573 , -0.555305
7.92502 , -0.0514844 , 0.0463975 , -0.53196 , -0.0433669 , 0.0505321 , -0.526332
7.96115 , -0.0206495 , 0.0508088 , -0.499374 , -0.0131829 , 0.0519036 , -0.494977
7.99187 , 0.00553111 , 0.0535328 , -0.467364 , 0.0129655 , 0.0560067 , -0.463082
8.02554 , 0.0291882 , 0.0572207 , -0.435428 , 0.0361688 , 0.0548329 , -0.433666
8.06014 , 0.0484017 , 0.0546354 , -0.408368 , 0.0574037 , 0.0562157 , -0.405684
8.09228 , 0.0672948 , 0.0568569 , -0.381863 , 0.078277 , 0.0563764 , -0.379374
8.12669 , 0.0863315 , 0.0594374 , -0.356884 , 0.0980679 , 0.0579263 , -0.354789
8.16315 , 0.102119 , 0.0560404 , -0.33349 , 0.116398 , 0.0589751 , -0.331887
8.1941 , 0.120846 , 0.0591662 , -0.312229 , 0.135865 , 0.0611427 , -0.309545
8.22644 , 0.139577 , 0.0583726 , -0.290654 , 0.156147 , 0.0596486 , -0.288347
8.26095 , 0.158987 , 0.0543159 , -0.268882 , 0.177081 , 0.0539592 , -0.268292
8.29481 , 0.176789 , 0.0481553 , -0.248565 , 0.196719 , 0.0493655 , -0.24877
8.32496 , 0.19284 , 0.037787 , -0.233104 , 0.214569 , 0.0455378 , -0.228703
8.35954 , 0.210947 , 0.0381267 , -0.205865 , 0.231345 , 0.0359849 , -0.21202
8.39403 , 0.224946 , 0.0291671 , -0.189571 , 0.247243 , 0.0366595 , -0.188257
8.42865 , 0.23762 , 0.0245465 , -0.173805 , 0.260187 , 0.0273106 , -0.16905
8.46207 , 0.248478 , 0.0174167 , -0.157278 , 0.272031 , 0.0229578 , -0.148535
8.49886 , 0.258491 , 0.0136246 , -0.141399 , 0.281791 , 0.0183602 , -0.128809
8.53321 , 0.26647 , 0.0107921 , -0.126343 , 0.288553 , 0.0133481 , -0.111631
8.56925 , 0.271407 , 0.00505834 , -0.114289 , 0.292318 , 0.00175674 , -0.101876
8.61244 , 0.276003 , 0.00503796 , -0.104052 , 0.293934 , 0.000594222 , -0.0918038
8.64762 , 0.276258 , 0.00363753 , -0.0988141 , 0.291889 , 0.000906575 , -0.0855985
8.68193 , 0.273297 , 0.00718077 , -0.0953555 , 0.286297 , 0.00347493 , -0.083575
8.71272 , 0.267353 , 0.00830821 , -0.0959239 , 0.277182 , 0.00983593 , -0.0853406
8.74705 , 0.258199 , 0.0151956 , -0.0970586 , 0.265987 , 0.0157133 , -0.0903279
8.78377 , 0.246136 , 0.0224359 , -0.100949 , 0.253372 , 0.0231994 , -0.097807
8.82017 , 0.231654 , 0.0274632 , -0.10746 , 0.238668 , 0.0285078 , -0.107279
8.86312 , 0.214198 , 0.0327063 , -0.11551 , 0.221915 , 0.0337809 , -0.117602
8.89742 , 0.194305 , 0.0345813 , -0.127465 , 0.202665 , 0.0415858 , -0.128391
8.9319 , 0.173536 , 0.0411826 , -0.137695 , 0.181545 , 0.0420586 , -0.141158
8.96545 , 0.14957 , 0.0460306 , -0.150057 , 0.160247 , 0.047471 , -0.154006
8.99681 , 0.124622 , 0.0571851 , -0.161272 , 0.134008 , 0.0586896 , -0.162957
9.0316 , 0.0931936 , 0.0572763 , -0.177781 , 0.101738 , 0.0576373 , -0.179622
9.06328 , 0.0608169 , 0.0572767 , -0.195316 , 0.0667563 , 0.0620862 , -0.199481
9.09981 , 0.0264756 , 0.063546 , -0.210182 , 0.0292624 , 0.0563901 , -0.220773
9.1352 , -0.00871847 , 0.0560208 , -0.234116 , -0.0118482 , 0.064746 , -0.237013
9.16501 , -0.0517356 , 0.0539318 , -0.248632 , -0.0572149 , 0.0521345 , -0.260748
9.1994 , -0.0943021 , 0.0572717 , -0.270667 , -0.10881 , 0.0483937 , -0.284039
9.23283 , -0.14334 , 0.0410542 , -0.293212 , -0.163518 , 0.0433636 , -0.30414
9.2674 , -0.191845 , 0.0334245 , -0.306861 , -0.218465 , 0.0334486 , -0.320332
9.30096 , -0.2404 , 0.0247069 , -0.324669 , -0.271864 , 0.0270682 , -0.340742
9.33146 , -0.286995 , 0.0208184 , -0.345957 , -0.324665 , 0.0210419 , -0.354703
9.36703 , -0.338991 , 0.0118141 , -0.359918 , -0.377461 , 0.0176911 , -0.365845
9.40063 , -0.387022 , 0.0129883 , -0.373246 , -0.42701 , 0.012505 , -0.376056
9.43521 , -0.432513 , 0.00912514 , -0.38204 , -0.472008 , 0.012525 , -0.383153
9.46837 , -0.474944 , 0.00687658 , -0.401427 , -0.512786 , 0.0170012 , -0.397938
9.49941 , -0.515377 , 0.0137762 , -0.416226 , -0.548722 , 0.021 , -0.413753
9.53483 , -0.553195 , 0.0155779 , -0.431636 , -0.580308 , 0.0266714 , -0.429697
9.56837 , -0.586433 , 0.0149372 , -0.448013 , -0.606443 , 0.0243528 , -0.445005
9.60287 , -0.613773 , 0.017869 , -0.465073 , -0.626399 , 0.0244666 , -0.46387
9.63375 , -0.634701 , 0.01656 , -0.48259 , -0.640696 , 0.019764 , -0.481672
9.66803 , -0.650436 , 0.0136203 , -0.499719 , -0.649991 , 0.0173846 , -0.502065
9.7026 , -0.66313 , 0.0144523 , -0.519836 , -0.657401 , 0.0141401 , -0.525032
9.73905 , -0.672318 , 0.0114866 , -0.543905 , -0.663249 , 0.00692293 , -0.54938
9.76769 , -0.675247 , 0.00149395 , -0.563968 , -0.667003 , -0.00345202 , -0.575511
9.8022 , -0.672619 , 0.00180414 , -0.590391 , -0.666175 , -0.0146846 , -0.604365
9.83881 , -0.665927 , -0.00942819 , -0.613807 , -0.662467 , -0.0257508 , -0.632163
9.86839 , -0.657407 , -0.0169372 , -0.640057 , -0.655065 , -0.0350936 , -0.660378
9.90399 , -0.647808 , -0.024273 , -0.668174 , -0.645279 , -0.0393214 , -0.690044
9.93847 , -0.639107 , -0.0342779 , -0.694837 , -0.636584 , -0.0484054 , -0.718236
9.9691 , -0.629245 , -0.0415315 , -0.723507 , -0.629633 , -0.0562103 , -0.746193
10.0043 , -0.620046 , -0.0481649 , -0.751017 , -0.62386 , -0.0644001 , -0.772685
10.0383 , -0.61137 , -0.0557068 , -0.777638 , -0.618576 , -0.0704709 , -0.79877
10.0728 , -0.603854 , -0.0635214 , -0.801983 , -0.614265 , -0.0747038 , -0.822477
10.1062 , -0.596525 , -0.064973 , -0.825057 , -0.60779 , -0.076726 , -0.843641
10.1369 , -0.58713 , -0.0633399 , -0.843016 , -0.599241 , -0.0752035 , -0.861693
10.1716 , -0.576303 , -0.0608894 , -0.856836 , -0.58767 , -0.081524 , -0.868319
10.2061 , -0.563614 , -0.0577539 , -0.864017 , -0.574269 , -0.069173 , -0.878034
10.2404 , -0.549808 , -0.0613224 , -0.862786 , -0.556852 , -0.0581945 , -0.879514
10.2711 , -0.524783 , -0.0358696 , -0.868613 , -0.533252 , -0.0496935 , -0.876232
10.3056 , -0.502843 , -0.0284371 , -0.859715 , -0.504754 , -0.0244045 , -0.873588
10.3393 , -0.470335 , 0.00356115 , -0.858057 , -0.475314 , -0.00387571 , -0.863569
10.3736 , -0.44332 , 0.0182325 , -0.844841 , -0.444594 , 0.0178369 , -0.849193
10.4082 , -0.409357 , 0.0508863 , -0.834346 , -0.41119 , 0.0430733 , -0.832826
10.4418 , -0.37659 , 0.0735022 , -0.816222 , -0.378197 , 0.0663854 , -0.812903
10.4723 , -0.344106 , 0.0973502 , -0.796191 , -0.344049 , 0.0893345 , -0.790583
10.5079 , -0.311185 , 0.117405 , -0.770921 , -0.312 , 0.1103 , -0.765103
10.5414 , -0.280195 , 0.13118 , -0.743556 , -0.27784 , 0.131378 , -0.73774
10.5758 , -0.250451 , 0.142898 , -0.713452 , -0.248051 , 0.141206 , -0.706945
10.6095 , -0.221906 , 0.151023 , -0.683657 , -0.217709 , 0.151857 , -0.67753
10.6404 , -0.194117 , 0.157081 , -0.652746 , -0.190694 , 0.159766 , -0.647229
10.6756 , -0.169972 , 0.161227 , -0.62358 , -0.16334 , 0.161539 , -0.616268
10.709 , -0.144819 , 0.160836 , -0.596042 , -0.138077 , 0.158132 , -0.586101
10.7437 , -0.121473 , 0.150041 , -0.568772 , -0.11304 , 0.145384 , -0.558471
10.7822 , -0.0969864 , 0.135611 , -0.545378 , -0.0898894 , 0.139761 , -0.534489
10.83 , -0.0743892 , 0.132171 , -0.522698 , -0.0690834 , 0.13312 , -0.51255
10.87 , -0.052089 , 0.127716 , -0.502063 , -0.0487207 , 0.123262 , -0.492749
10.9101 , -0.0299027 , 0.118707 , -0.484187 , -0.0291176 , 0.112811 , -0.475644
10.9467 , -0.00982345 , 0.108024 , -0.469874 , -0.0113708 , 0.102547 , -0.461426
10.9779 , 0.00823707 , 0.0968823 , -0.45764 , 0.00619941 , 0.0972038 , -0.449303
11.0193 , 0.0255017 , 0.0879089 , -0.445867 , 0.0224234 , 0.0874674 , -0.439619
11.0625 , 0.0421529 , 0.0830807 , -0.434425 , 0.0400979 , 0.0839289 , -0.427831
11.0968 , 0.0594591 , 0.0811505 , -0.421828 , 0.057232 , 0.0788257 , -0.417894
11.1309 , 0.0773822 , 0.0770669 , -0.410754 , 0.0762643 , 0.0749314 , -0.408337
11.1618 , 0.0959331 , 0.0723158 , -0.400716 , 0.0967717 , 0.0728309 , -0.399515
11.1954 , 0.113662 , 0.0715173 , -0.38904 , 0.119042 , 0.0732862 , -0.389745
11.2301 , 0.132952 , 0.0710057 , -0.376515 , 0.140687 , 0.0745474 , -0.378087
11.2644 , 0.151541 , 0.0718567 , -0.361384 , 0.16226 , 0.0752994 , -0.366022
11.2973 , 0.168707 , 0.0722173 , -0.345645 , 0.180125 , 0.0823375 , -0.349246
11.328 , 0.185006 , 0.0770556 , -0.329366 , 0.1959 , 0.0792989 , -0.335644
11.3615 , 0.197101 , 0.074499 , -0.315051 , 0.210204 , 0.0817176 , -0.321218
11.3959 , 0.207122 , 0.0751464 , -0.299911 , 0.222491 , 0.0793056 , -0.30933
11.4307 , 0.217029 , 0.0742774 , -0.285388 , 0.23278 , 0.0763538 , -0.296687
11.4643 , 0.222798 , 0.0716938 , -0.273606 , 0.241588 , 0.0724723 , -0.286925
11.4988 , 0.227143 , 0.0732319 , -0.263561 , 0.248046 , 0.0712761 , -0.274042
11.5296 , 0.229891 , 0.0686275 , -0.258582 , 0.251112 , 0.0694379 , -0.262254
11.5638 , 0.231864 , 0.0665953 , -0.252214 , 0.251516 , 0.0721524 , -0.24542
11.5983 , 0.233317 , 0.0680158 , -0.24176 , 0.252524 , 0.0702424 , -0.23208
11.6319 , 0.235896 , 0.0676253 , -0.233941 , 0.252797 , 0.0636061 , -0.225119
11.6663 , 0.239055 , 0.0697738 , -0.225236 , 0.25241 , 0.0653545 , -0.217337
11.7037 , 0.238434 , 0.069833 , -0.222763 , 0.251139 , 0.0698439 , -0.212116
11.7382 , 0.237659 , 0.0752175 , -0.218996 , 0.248129 , 0.0753324 , -0.211058
11.7712 , 0.23498 , 0.0804459 , -0.216182 , 0.243044 , 0.0803023 , -0.21131
11.8018 , 0.229107 , 0.0858096 , -0.213332 , 0.236576 , 0.0859722 , -0.212554
11.8346 , 0.220638 , 0.0913669 , -0.21133 , 0.228918 , 0.0926723 , -0.212614
11.8669 , 0.211097 , 0.0992821 , -0.210854 , 0.220156 , 0.101777 , -0.213505
11.8993 , 0.199544 , 0.104248 , -0.21293 , 0.208897 , 0.108848 , -0.216169
11.9339 , 0.184288 , 0.113821 , -0.218747 , 0.193845 , 0.118199 , -0.222629
11.9684 , 0.1681 , 0.120292 , -0.224524 , 0.17482 , 0.121231 , -0.232929
12.0026 , 0.147604 , 0.128542 , -0.231748 , 0.154159 , 0.127184 , -0.240849
12.0375 , 0.123783 , 0.128155 , -0.244959 , 0.132322 , 0.128772 , -0.248342
12.0669 , 0.102224 , 0.128963 , -0.257284 , 0.110744 , 0.127785 , -0.255033
12.102 , 0.0802937 , 0.128932 , -0.267503 , 0.089039 , 0.128631 , -0.261456
12.1381 , 0.0552628 , 0.128706 , -0.2773 , 0.0635014 , 0.127156 , -0.272138
12.1685 , 0.0282639 , 0.125768 , -0.291699 , 0.035107 , 0.123579 , -0.289067
12.2028 , -0.000206745 , 0.125323 , -0.303686 , 0.00176626 , 0.124004 , -0.30805
12.2372 , -0.0321686 , 0.119602 , -0.322371 , -0.0355256 , 0.120583 , -0.328735
12.2708 , -0.0643586 , 0.117521 , -0.339863 , -0.0763887 , 0.119181 , -0.350532
12.3053 , -0.100118 , 0.114652 , -0.358399 , -0.119252 , 0.108837 , -0.373845
12.3392 , -0.135605 , 0.11189 , -0.374323 , -0.16152 , 0.111805 , -0.393085
12.3714 , -0.174279 , 0.116605 , -0.397752 , -0.205917 , 0.105603 , -0.416894
12.4015 , -0.214847 , 0.109668 , -0.42285 , -0.249258 , 0.106128 , -0.435672
12.4375 , -0.254454 , 0.105882 , -0.438755 , -0.293343 , 0.0988584 , -0.454076
12.4731 , -0.296582 , 0.0983421 , -0.461501 , -0.33205 , 0.0988351 , -0.468245
12.5036 , -0.334503 , 0.0905453 , -0.477358 , -0.366623 , 0.0946719 , -0.483239
12.5385 , -0.372477 , 0.0821686 , -0.501623 , -0.396029 , 0.083874 , -0.498287
12.5713 , -0.404701 , 0.0762293 , -0.517696 , -0.424917 , 0.0769468 , -0.518209
12.6056 , -0.438078 , 0.0617859 , -0.538135 , -0.45136 , 0.0647457 , -0.536487
12.6407 , -0.469344 , 0.0506013 , -0.556166 , -0.475537 , 0.0537323 , -0.555728
12.6738 , -0.494565 , 0.0375694 , -0.574316 , -0.496657 , 0.0397723 , -0.576382
12.7037 , -0.522892 , 0.0339172 , -0.594812 , -0.517467 , 0.0325479 , -0.599615
12.7391 , -0.544086 , 0.028091 , -0.611078 , -0.536762 , 0.0241425 , -0.622291
12.7725 , -0.562151 , 0.024319 , -0.629865 , -0.551728 , 0.0178319 , -0.646675
12.807 , -0.574657 , 0.023642 , -0.64827 , -0.567294 , 0.01109 , -0.669212
12.8377 , -0.585678 , 0.0208697 , -0.669635 , -0.580813 , 0.00733957 , -0.69038
12.8722 , -0.595405 , 0.0202745 , -0.689106 , -0.592744 , 0.00491116 , -0.709947
12.9068 , -0.604385 , 0.0172898 , -0.707538 , -0.603622 , 0.00339524 , -0.727989
12.9403 , -0.612328 , 0.017144 , -0.725448 , -0.613894 , 0.00167906 , -0.744557
12.9749 , -0.617648 , 0.0155158 , -0.740052 , -0.621872 , -0.00106776 , -0.759419
13.0075 , -0.621891 , 0.0133182 , -0.753639 , -0.629072 , -6.15269e-05 , -0.774524
13.0405 , -0.623544 , 0.0202593 , -0.769066 , -0.634133 , 0.00416165 , -0.788228
13.0746 , -0.622091 , 0.0215961 , -0.779586 , -0.635656 , 0.00796341 , -0.797789
13.1081 , -0.618551 , 0.0289337 , -0.789302 , -0.632715 , 0.0168848 , -0.806418
13.1427 , -0.612315 , 0.0354053 , -0.794401 , -0.626131 , 0.0259254 , -0.811331
13.1738 , -0.603119 , 0.0426169 , -0.796888 , -0.616394 , 0.0356929 , -0.811538
13.2078 , -0.593793 , 0.0506392 , -0.796273 , -0.605258 , 0.041935 , -0.804553
13.2423 , -0.577406 , 0.0596738 , -0.792933 , -0.588479 , 0.0538501 , -0.798102
13.2759 , -0.562103 , 0.057966 , -0.781602 , -0.569427 , 0.0546911 , -0.784969
13.3103 , -0.540613 , 0.0661379 , -0.770128 , -0.537687 , 0.0808163 , -0.781073
13.341 , -0.503987 , 0.0926885 , -0.762629 , -0.513194 , 0.103263 , -0.768817
13.3757 , -0.487404 , 0.114713 , -0.749311 , -0.485627 , 0.117505 , -0.751296
13.412 , -0.458941 , 0.131661 , -0.732292 , -0.456372 , 0.132356 , -0.733231
13.4453 , -0.430249 , 0.147283 , -0.711842 , -0.425354 , 0.144471 , -0.712584
13.4782 , -0.399996 , 0.158851 , -0.689688 , -0.392327 , 0.163091 , -0.69175
13.5089 , -0.369329 , 0.176812 , -0.668592 , -0.35816 , 0.17713 , -0.667447
13.5433 , -0.336022 , 0.189767 , -0.644622 , -0.324728 , 0.186954 , -0.641573
13.5779 , -0.306657 , 0.196185 , -0.62043 , -0.29479 , 0.19246 , -0.615101
13.6123 , -0.279041 , 0.193828 , -0.595077 , -0.267527 , 0.188748 , -0.587663
13.6459 , -0.252368 , 0.184605 , -0.571196 , -0.242947 , 0.179504 , -0.561911
13.6802 , -0.228414 , 0.171123 , -0.549075 , -0.218689 , 0.165435 , -0.53789
13.7102 , -0.203476 , 0.151669 , -0.525334 , -0.198169 , 0.145494 , -0.515475
13.7457 , -0.181423 , 0.133539 , -0.506473 , -0.17569 , 0.128259 , -0.497162
13.7802 , -0.158781 , 0.118784 , -0.492031 , -0.154323 , 0.111737 , -0.481534
13.8137 , -0.138842 , 0.105812 , -0.477285 , -0.136471 , 0.0928124 , -0.468975
13.8444 , -0.119053 , 0.0839145 , -0.46411 , -0.117744 , 0.0794538 , -0.45533
13.8828 , -0.0980173 , 0.0727821 , -0.450722 , -0.0985954 , 0.0690245 , -0.443773
13.9115 , -0.0787863 , 0.0591511 , -0.43968 , -0.0803649 , 0.0562556 , -0.433639
13.9485 , -0.0581875 , 0.0513924 , -0.430491 , -0.0619646 , 0.0489893 , -0.427047
13.9836 , -0.0392085 , 0.0457376 , -0.420902 , -0.0446409 , 0.0441022 , -0.421787
14.0135 , -0.0210004 , 0.0441592 , -0.410059 , -0.0262741 , 0.0446829 , -0.415759
14.0476 , -0.00095878 , 0.0448737 , -0.401339 , -0.00725348 , 0.0450765 , -0.408096
14.0792 , 0.0188946 , 0.0474756 , -0.391885 , 0.013639 , 0.0470198 , -0.40201
14.1157 , 0.0393932 , 0.0442698 , -0.386651 , 0.0356394 , 0.0473232 , -0.398056
14.1462 , 0.0545079 , 0.0436477 , -0.380614 , 0.059384 , 0.0487072 , -0.392489
14.1799 , 0.0744238 , 0.0487671 , -0.373167 , 0.0832705 , 0.051482 , -0.386427
14.2154 , 0.0924204 , 0.0528797 , -0.365598 , 0.104915 , 0.055754 , -0.379144
14.247 , 0.110674 , 0.0569716 , -0.356961 , 0.124843 , 0.061282 , -0.370146
14.2834 , 0.127372 , 0.0604677 , -0.346129 , 0.143294 , 0.0677692 , -0.359257
14.317 , 0.144609 , 0.0669023 , -0.330959 , 0.16013 , 0.0669367 , -0.349188
14.3516 , 0.157424 , 0.0669876 , -0.321246 , 0.176037 , 0.0743921 , -0.332847
14.3886 , 0.169482 , 0.0674465 , -0.307684 , 0.186961 , 0.077425 , -0.319966
14.4179 , 0.179392 , 0.0745613 , -0.292626 , 0.198151 , 0.0785058 , -0.305313
14.451 , 0.187338 , 0.0739417 , -0.278517 , 0.206815 , 0.0753581 , -0.291202
14.4818 , 0.191484 , 0.0670749 , -0.269671 , 0.210693 , 0.0709845 , -0.275166
14.5164 , 0.193117 , 0.0656609 , -0.258389 , 0.214799 , 0.0725945 , -0.257842
14.5509 , 0.195959 , 0.0656566 , -0.24671 , 0.215555 , 0.0631541 , -0.243829
14.588 , 0.196122 , 0.0603011 , -0.238572 , 0.21447 , 0.0609572 , -0.22908
14.6192 , 0.195181 , 0.0606136 , -0.229897 , 0.212017 , 0.0559634 , -0.217106
14.6495 , 0.195529 , 0.0613797 , -0.220276 , 0.207816 , 0.0579252 , -0.207827
14.6841 , 0.191432 , 0.059388 , -0.217551 , 0.201197 , 0.0557007 , -0.204247
14.7184 , 0.190766 , 0.0636252 , -0.212328 , 0.194981 , 0.0609676 , -0.20022
14.7521 , 0.183507 , 0.0653656 , -0.210962 , 0.187741 , 0.0615139 , -0.202711
14.7899 , 0.175234 , 0.0657209 , -0.211923 , 0.178639 , 0.0698551 , -0.205841
14.8263 , 0.166682 , 0.0736283 , -0.212939 , 0.169738 , 0.0755344 , -0.210214
14.8706 , 0.158125 , 0.0795636 , -0.214601 , 0.161535 , 0.080015 , -0.214733
14.9012 , 0.149124 , 0.0836225 , -0.217583 , 0.153452 , 0.0845072 , -0.218549
14.9357 , 0.139145 , 0.0884152 , -0.22055 , 0.144882 , 0.088968 , -0.222447
14.9702 , 0.12786 , 0.0913299 , -0.225915 , 0.134812 , 0.0921128 , -0.228179
15.004 , 0.11534 , 0.0977182 , -0.232681 , 0.124659 , 0.0996604 , -0.234242
15.0384 , 0.103211 , 0.103515 , -0.242315 , 0.113763 , 0.106552 , -0.242662
15.0691 , 0.0890025 , 0.110218 , -0.252968 , 0.10032 , 0.111147 , -0.254656
15.1035 , 0.0730118 , 0.114402 , -0.266515 , 0.0831558 , 0.116198 , -0.269978
15.1381 , 0.0518874 , 0.117909 , -0.283381 , 0.0632613 , 0.119261 , -0.285981
15.1724 , 0.0297774 , 0.114499 , -0.301853 , 0.0404096 , 0.122683 , -0.304024
15.206 , 0.00533097 , 0.123113 , -0.317071 , 0.0146832 , 0.116647 , -0.325961
15.2367 , -0.0203717 , 0.120985 , -0.337081 , -0.0139266 , 0.118077 , -0.347597
15.2712 , -0.0473945 , 0.122573 , -0.356256 , -0.0467122 , 0.114762 , -0.369493
15.3058 , -0.076663 , 0.116677 , -0.37685 , -0.0835275 , 0.120255 , -0.389371
15.3403 , -0.108582 , 0.114317 , -0.394906 , -0.123926 , 0.113388 , -0.409282
15.3709 , -0.1394 , 0.110376 , -0.414409 , -0.162219 , 0.113053 , -0.430627
15.4055 , -0.170449 , 0.110971 , -0.433668 , -0.199283 , 0.112217 , -0.449161
15.4392 , -0.201045 , 0.107306 , -0.454233 , -0.233274 , 0.112997 , -0.466591
15.4741 , -0.23035 , 0.107456 , -0.473591 , -0.264977 , 0.108005 , -0.484161
15.5079 , -0.258105 , 0.0988867 , -0.493767 , -0.291278 , 0.105524 , -0.500926
15.5465 , -0.284579 , 0.0876431 , -0.512178 , -0.31525 , 0.100355 , -0.517226
15.5788 , -0.309358 , 0.084363 , -0.532605 , -0.334437 , 0.0913967 , -0.535224
15.6138 , -0.332708 , 0.0833918 , -0.554011 , -0.349056 , 0.0850111 , -0.556911
15.6437 , -0.352493 , 0.076635 , -0.57571 , -0.362253 , 0.0788437 , -0.579377
15.6761 , -0.372075 , 0.0705377 , -0.596431 , -0.371464 , 0.0696008 , -0.603706
15.7094 , -0.388625 , 0.0689899 , -0.61942 , -0.382193 , 0.064733 , -0.630501
15.74 , -0.403578 , 0.0596394 , -0.643301 , -0.392115 , 0.0568086 , -0.656383
15.7754 , -0.416951 , 0.0541891 , -0.667507 , -0.403173 , 0.0463408 , -0.685447
15.8149 , -0.430613 , 0.0435674 , -0.693733 , -0.415263 , 0.0314654 , -0.714293
15.8462 , -0.444157 , 0.0337291 , -0.720207 , -0.4297 , 0.0192351 , -0.743408
15.8777 , -0.457395 , 0.0240054 , -0.746387 , -0.446636 , 0.0075901 , -0.773163
15.9116 , -0.471279 , 0.0134641 , -0.772971 , -0.464005 , -0.00709701 , -0.802033
15.9441 , -0.486714 , -0.000523567 , -0.799784 , -0.485163 , -0.0236767 , -0.828318
15.9797 , -0.501158 , -0.0208958 , -0.821951 , -0.505432 , -0.0418894 , -0.850697
16.0137 , -0.516258 , -0.0381379 , -0.844312 , -0.521571 , -0.0599064 , -0.870052
16.0455 , -0.526936 , -0.0526817 , -0.865826 , -0.534181 , -0.0728604 , -0.888714
16.082 , -0.537151 , -0.0641843 , -0.882663 , -0.545754 , -0.0837471 , -0.904459
16.1123 , -0.543462 , -0.0769503 , -0.897733 , -0.55452 , -0.0932144 , -0.917913
16.1523 , -0.545619 , -0.0860285 , -0.908891 , -0.558612 , -0.101651 , -0.928056
16.1957 , -0.544971 , -0.0925586 , -0.918564 , -0.559155 , -0.10783 , -0.936374
16.2286 , -0.543024 , -0.0974372 , -0.924107 , -0.556688 , -0.114699 , -0.94165
16.2646 , -0.536865 , -0.105102 , -0.927496 , -0.550853 , -0.11863 , -0.943352
16.2962 , -0.526499 , -0.113025 , -0.925625 , -0.54145 , -0.120473 , -0.945827
16.3327 , -0.515238 , -0.112041 , -0.931221 , -0.529005 , -0.122817 , -0.946711
16.3638 , -0.499536 , -0.113847 , -0.934828 , -0.511804 , -0.122696 , -0.94918
16.402 , -0.478522 , -0.113358 , -0.937835 , -0.490474 , -0.122666 , -0.949826
16.4334 , -0.45574 , -0.115254 , -0.933648 , -0.467066 , -0.120008 , -0.947689
16.462 , -0.432145 , -0.110837 , -0.930336 , -0.43899 , -0.11304 , -0.94462
16.4965 , -0.402568 , -0.0995763 , -0.926169 , -0.408703 , -0.10646 , -0.937572
16.5321 , -0.374776 , -0.0926413 , -0.918012 , -0.377256 , -0.0970276 , -0.927301
16.5651 , -0.344749 , -0.0812863 , -0.906376 , -0.343224 , -0.0845998 , -0.913892
16.6002 , -0.315017 , -0.0693502 , -0.890966 , -0.311156 , -0.0703866 , -0.895918
16.6337 , -0.28756 , -0.0539822 , -0.870908 , -0.280562 , -0.0519179 , -0.875034
16.6646 , -0.261262 , -0.0398023 , -0.849929 , -0.252249 , -0.0364249 , -0.849737
16.6999 , -0.237096 , -0.0228714 , -0.825671 , -0.22608 , -0.0235919 , -0.822957
16.7343 , -0.213843 , -0.0129797 , -0.800175 , -0.202672 , -0.00668925 , -0.796132
16.7644 , -0.192877 , -0.000231646 , -0.775674 , -0.180875 , 0.0073331 , -0.766785
16.7979 , -0.171619 , 0.0108756 , -0.749539 , -0.161074 , 0.0150251 , -0.737229
16.8315 , -0.150792 , 0.0162188 , -0.723114 , -0.143571 , 0.0238373 , -0.708144
16.8659 , -0.131471 , 0.0288318 , -0.695559 , -0.124524 , 0.0366814 , -0.678252
16.9004 , -0.111502 , 0.0417978 , -0.669432 , -0.103409 , 0.0500314 , -0.650192
16.9348 , -0.0894815 , 0.0551241 , -0.641617 , -0.0825335 , 0.0628103 , -0.623372
16.9651 , -0.0664471 , 0.0689752 , -0.615461 , -0.0634076 , 0.0735865 , -0.599714
16.9993 , -0.0460523 , 0.0796738 , -0.590872 , -0.04381 , 0.0865948 , -0.575037
17.0339 , -0.0244702 , 0.0916725 , -0.564711 , -0.0218336 , 0.0960477 , -0.552031
17.0682 , -0.000320584 , 0.103172 , -0.539307 , 0.00351068 , 0.105077 , -0.530698
17.1018 , 0.0227675 , 0.109513 , -0.517457 , 0.0300437 , 0.110758 , -0.511856
17.139 , 0.0443541 , 0.113924 , -0.496975 , 0.0551241 , 0.114486 , -0.494486
17.1742 , 0.0649449 , 0.114952 , -0.475021 , 0.0790507 , 0.120604 , -0.475689
17.2035 , 0.0846324 , 0.119631 , -0.452238 , 0.0988016 , 0.122714 , -0.457672
17.2363 , 0.101207 , 0.122919 , -0.430036 , 0.117536 , 0.120811 , -0.438929
17.2696 , 0.117011 , 0.124122 , -0.407498 , 0.133111 , 0.125967 , -0.420423
17.3012 , 0.12934 , 0.123363 , -0.389243 , 0.146399 , 0.129354 , -0.403503
17.3357 , 0.141854 , 0.126467 , -0.371574 , 0.158626 , 0.12479 , -0.38764
17.3695 , 0.151302 , 0.122338 , -0.357465 , 0.170056 , 0.123552 , -0.370156
17.4009 , 0.158666 , 0.119613 , -0.342976 , 0.179433 , 0.118986 , -0.356184
17.4373 , 0.164602 , 0.114093 , -0.331381 , 0.184917 , 0.123419 , -0.337799
17.468 , 0.169965 , 0.111855 , -0.318068 , 0.19093 , 0.120843 , -0.318944
17.5036 , 0.17387 , 0.108778 , -0.305716 , 0.195724 , 0.108328 , -0.299688
17.5369 , 0.179788 , 0.10701 , -0.291182 , 0.199643 , 0.101136 , -0.281893
17.5715 , 0.181027 , 0.0976942 , -0.282596 , 0.200363 , 0.0994025 , -0.267931
17.6053 , 0.181825 , 0.094143 , -0.273434 , 0.19541 , 0.0906311 , -0.25949
17.6357 , 0.17953 , 0.0895876 , -0.265164 , 0.190788 , 0.0889987 , -0.255311
17.6728 , 0.174822 , 0.0858158 , -0.262228 , 0.182132 , 0.0863974 , -0.251878
17.7063 , 0.167933 , 0.0884471 , -0.256384 , 0.172431 , 0.0850381 , -0.250485
17.7408 , 0.158218 , 0.0900239 , -0.255106 , 0.160426 , 0.0774595 , -0.254855
17.7737 , 0.146068 , 0.0838053 , -0.258211 , 0.147318 , 0.0849234 , -0.255042
17.8035 , 0.135271 , 0.0895793 , -0.25718 , 0.134276 , 0.0920448 , -0.254981
17.8394 , 0.122911 , 0.0952497 , -0.259362 , 0.121226 , 0.0955793 , -0.256437
17.8725 , 0.110453 , 0.0986334 , -0.263299 , 0.108 , 0.100088 , -0.26028
17.9071 , 0.0979953 , 0.103491 , -0.268973 , 0.0953558 , 0.102406 , -0.266362
17.9379 , 0.0860327 , 0.105018 , -0.275727 , 0.0842488 , 0.10498 , -0.273238
17.9722 , 0.0748031 , 0.108339 , -0.283148 , 0.0746354 , 0.108269 , -0.280678
18.0049 , 0.0641151 , 0.110321 , -0.291768 , 0.0659268 , 0.110772 , -0.289119
18.041 , 0.0531219 , 0.1134 , -0.30153 , 0.0575982 , 0.114275 , -0.299436
18.0721 , 0.041193 , 0.117603 , -0.312196 , 0.0483913 , 0.11711 , -0.31081
18.1065 , 0.0275378 , 0.120744 , -0.324685 , 0.0383084 , 0.117482 , -0.322513
18.1402 , 0.016456 , 0.122427 , -0.335179 , 0.0285389 , 0.120888 , -0.335253
18.1747 , 0.00759056 , 0.117447 , -0.344944 , 0.0169828 , 0.126092 , -0.348762
18.2081 , -0.00398989 , 0.121717 , -0.358684 , 0.00458852 , 0.127876 , -0.364676
18.2425 , -0.0155221 , 0.121859 , -0.37321 , -0.00989249 , 0.129703 , -0.38287
18.2732 , -0.0308103 , 0.130686 , -0.389365 , -0.0268801 , 0.130621 , -0.402144
18.3077 , -0.0458309 , 0.128842 , -0.407064 , -0.0455523 , 0.1304 , -0.423546
18.3441 , -0.0614132 , 0.130352 , -0.424327 , -0.0655254 , 0.129545 , -0.442983
18.3783 , -0.0791414 , 0.126554 , -0.44287 , -0.0878042 , 0.127362 , -0.460657
18.4121 , -0.0973805 , 0.12597 , -0.46129 , -0.112178 , 0.127763 , -0.478213
18.4426 , -0.11789 , 0.123126 , -0.478046 , -0.137972 , 0.121439 , -0.494786
18.4775 , -0.137977 , 0.120149 , -0.495406 , -0.160593 , 0.115143 , -0.509721
18.5115 , -0.157674 , 0.113365 , -0.511016 , -0.179669 , 0.110929 , -0.524246
18.5456 , -0.176343 , 0.106328 , -0.525659 , -0.196862 , 0.106853 , -0.536475
18.5754 , -0.192529 , 0.101122 , -0.540015 , -0.210397 , 0.10203 , -0.547716
18.6088 , -0.209516 , 0.0941789 , -0.554116 , -0.221599 , 0.0949965 , -0.557856
18.6433 , -0.224625 , 0.0896179 , -0.565959 , -0.231848 , 0.0873735 , -0.567018
18.6779 , -0.239589 , 0.0855855 , -0.579047 , -0.240655 , 0.0856555 , -0.581204
18.7125 , -0.250988 , 0.0814472 , -0.591872 , -0.247791 , 0.0802205 , -0.596858
18.7461 , -0.259504 , 0.0783068 , -0.605178 , -0.253929 , 0.0780213 , -0.612838
18.7764 , -0.266311 , 0.0732683 , -0.618869 , -0.258719 , 0.0755039 , -0.630252
18.8168 , -0.273302 , 0.0762516 , -0.635521 , -0.26382 , 0.0698085 , -0.648338
18.8517 , -0.279693 , 0.0653073 , -0.649194 , -0.268368 , 0.0684964 , -0.667715
18.8831 , -0.286468 , 0.0747076 , -0.666844 , -0.274298 , 0.0665653 , -0.68515
18.914 , -0.293656 , 0.0737995 , -0.681625 , -0.281493 , 0.0651112 , -0.701715
18.9478 , -0.299091 , 0.0719139 , -0.695139 , -0.287169 , 0.063026 , -0.716339
18.9834 , -0.301331 , 0.0704571 , -0.707956 , -0.290872 , 0.0608347 , -0.729562
19.0167 , -0.300509 , 0.0703524 , -0.718967 , -0.292579 , 0.0615302 , -0.74106
19.0538 , -0.299123 , 0.0708822 , -0.729317 , -0.292848 , 0.0600718 , -0.749559
19.1005 , -0.296833 , 0.0687323 , -0.737928 , -0.29243 , 0.0572981 , -0.756884
19.1349 , -0.294514 , 0.0644126 , -0.744715 , -0.293758 , 0.0569957 , -0.763069
19.1676 , -0.293392 , 0.0634183 , -0.750274 , -0.294405 , 0.0553569 , -0.767162
19.1962 , -0.292234 , 0.0637453 , -0.755937 , -0.296453 , 0.0553385 , -0.76985
19.2313 , -0.291943 , 0.0619002 , -0.760677 , -0.299689 , 0.0561571 , -0.773924
19.2629 , -0.293327 , 0.0613139 , -0.763307 , -0.30142 , 0.0533382 , -0.776217
19.2994 , -0.293463 , 0.0575335 , -0.764057 , -0.302098 , 0.0489968 , -0.776184
19.3387 , -0.292074 , 0.052484 , -0.762239 , -0.301056 , 0.0443182 , -0.773689
19.3883 , -0.288935 , 0.0487994 , -0.758331 , -0.297719 , 0.0415596 , -0.768918
19.4253 , -0.283983 , 0.0473804 , -0.752299 , -0.291926 , 0.0409627 , -0.761858
19.4665 , -0.27765 , 0.0492772 , -0.743457 , -0.28622 , 0.0439535 , -0.752529
19.4979 , -0.269516 , 0.0509807 , -0.731933 , -0.278493 , 0.0469214 , -0.74055
19.5325 , -0.26252 , 0.0524336 , -0.71851 , -0.269932 , 0.0492834 , -0.72407
19.5671 , -0.255278 , 0.0567265 , -0.701943 , -0.260627 , 0.0535127 , -0.705453
19.6005 , -0.248326 , 0.0599437 , -0.683124 , -0.25069 , 0.0576539 , -0.684538
19.6367 , -0.240622 , 0.0635936 , -0.664268 , -0.241403 , 0.0624731 , -0.662975
19.6673 , -0.234399 , 0.0673909 , -0.644751 , -0.233625 , 0.0648252 , -0.640644
19.7009 , -0.227736 , 0.0625051 , -0.624228 , -0.225934 , 0.0620159 , -0.617841
19.7342 , -0.221878 , 0.0584351 , -0.60403 , -0.218374 , 0.0600151 , -0.594683
19.7699 , -0.215963 , 0.058153 , -0.581088 , -0.212956 , 0.0580763 , -0.570898
19.8044 , -0.212265 , 0.0553943 , -0.556799 , -0.205408 , 0.0546212 , -0.546744
19.8351 , -0.207482 , 0.0520554 , -0.533921 , -0.201438 , 0.0524477 , -0.523483
19.8689 , -0.204063 , 0.0488207 , -0.510901 , -0.198243 , 0.047583 , -0.499101
19.9044 , -0.199112 , 0.0478619 , -0.488908 , -0.194827 , 0.0457283 , -0.4771
19.9354 , -0.194648 , 0.045609 , -0.466773 , -0.19229 , 0.0440933 , -0.457556
19.9722 , -0.192549 , 0.0409178 , -0.448515 , -0.190673 , 0.0409317 , -0.439042
20.0036 , -0.188327 , 0.036554 , -0.432445 , -0.190574 , 0.0381739 , -0.421211
20.0375 , -0.190266 , 0.0331203 , -0.417135 , -0.190298 , 0.035933 , -0.404971
20.0729 , -0.189329 , 0.0330512 , -0.403341 , -0.190408 , 0.0363324 , -0.391727
20.1065 , -0.188187 , 0.0344646 , -0.391234 , -0.19076 , 0.0345676 , -0.380472
20.1402 , -0.186 , 0.0314288 , -0.379592 , -0.189427 , 0.0345963 , -0.371116
20.1698 , -0.181872 , 0.0302277 , -0.369559 , -0.185465 , 0.0342553 , -0.363324
20.2056 , -0.176339 , 0.0296289 , -0.360269 , -0.176553 , 0.0333871 , -0.355924
20.2363 , -0.168051 , 0.0316504 , -0.350567 , -0.163487 , 0.0316776 , -0.347224
20.2725 , -0.158341 , 0.0305986 , -0.340136 , -0.149349 , 0.0298548 , -0.338813
20.3062 , -0.147665 , 0.0310777 , -0.331282 , -0.135814 , 0.0312841 , -0.331422
20.3387 , -0.135203 , 0.0314416 , -0.323354 , -0.128967 , 0.0323552 , -0.324846
20.3725 , -0.121425 , 0.0346451 , -0.315863 , -0.113617 , 0.0350665 , -0.318509
20.408 , -0.107558 , 0.0373342 , -0.309646 , -0.0911746 , 0.0351234 , -0.309736
20.4396 , -0.0938828 , 0.035848 , -0.303459 , -0.0718541 , 0.0359202 , -0.298861
20.4762 , -0.0802049 , 0.03546 , -0.297958 , -0.0601469 , 0.0342035 , -0.288875
20.5103 , -0.0719431 , 0.0295276 , -0.292263 , -0.0564843 , 0.0277608 , -0.283439
20.5414 , -0.0595561 , 0.0274394 , -0.28686 , -0.0543052 , 0.0296944 , -0.278331
20.5745 , -0.0482237 , 0.0325097 , -0.280252 , -0.0515309 , 0.0314862 , -0.274995
20.6103 , -0.0405846 , 0.0325489 , -0.274649 , -0.0518953 , 0.0263799 , -0.274357
20.6466 , -0.036677 , 0.0247966 , -0.271655 , -0.0493509 , 0.0271604 , -0.270419
20.6814 , -0.0312958 , 0.0287613 , -0.264406 , -0.0483145 , 0.0223477 , -0.265807
20.7282 , -0.0321235 , 0.0232205 , -0.262578 , -0.044623 , 0.0227663 , -0.259086
20.7595 , -0.0324191 , 0.0261967 , -0.257665 , -0.0411292 , 0.0255064 , -0.252905
20.7941 , -0.0362845 , 0.0246174 , -0.257178 , -0.0412135 , 0.0269255 , -0.250843
20.8257 , -0.0415594 , 0.02432 , -0.255136 , -0.041868 , 0.0253575 , -0.251515
20.862 , -0.0469424 , 0.0242024 , -0.254464 , -0.0444545 , 0.0236737 , -0.253927
20.8967 , -0.0517569 , 0.024382 , -0.253735 , -0.0485639 , 0.0226623 , -0.256275
20.9279 , -0.0564296 , 0.0233421 , -0.252488 , -0.0574774 , 0.022451 , -0.259647
20.9601 , -0.063169 , 0.022731 , -0.252341 , -0.0691554 , 0.022501 , -0.261575
20.9953 , -0.0708455 , 0.0228952 , -0.251939 , -0.0804959 , 0.0231165 , -0.260668
21.0308 , -0.0790064 , 0.0237019 , -0.251765 , -0.0908514 , 0.0217691 , -0.258193
21.0623 , -0.0841791 , 0.0236207 , -0.251939 , -0.0972936 , 0.0196688 , -0.255643
21.0939 , -0.0898752 , 0.0200905 , -0.24893 , -0.10115 , 0.0172246 , -0.252822
21.1274 , -0.0947883 , 0.0171229 , -0.247565 , -0.105104 , 0.0161607 , -0.24934
21.1607 , -0.100172 , 0.0166898 , -0.246165 , -0.108347 , 0.0169352 , -0.247623
21.1971 , -0.104056 , 0.0174088 , -0.245201 , -0.110579 , 0.0174871 , -0.248605
21.2319 , -0.107076 , 0.0189149 , -0.245974 , -0.112245 , 0.0225588 , -0.252025
21.2661 , -0.110495 , 0.0211642 , -0.247788 , -0.115485 , 0.020799 , -0.255234
21.2973 , -0.112602 , 0.0198996 , -0.250444 , -0.11834 , 0.0201477 , -0.258872
21.3289 , -0.11471 , 0.021267 , -0.251539 , -0.120187 , 0.0194169 , -0.261593
21.3653 , -0.11706 , 0.0206729 , -0.253321 , -0.122582 , 0.0179573 , -0.263004
21.3961 , -0.119003 , 0.0204414 , -0.256257 , -0.125034 , 0.0193491 , -0.265796
21.438 , -0.122188 , 0.0211423 , -0.259482 , -0.126972 , 0.0200556 , -0.26907
21.4809 , -0.124395 , 0.0218371 , -0.263592 , -0.128856 , 0.0210081 , -0.271803
21.5144 , -0.127403 , 0.0205525 , -0.265548 , -0.131459 , 0.0201423 , -0.272942
21.5506 , -0.130449 , 0.0213563 , -0.267113 , -0.134117 , 0.0208771 , -0.273776
