627

0.026277 , -0.0343331 , 0.0821522 , 0.0709826 , -0.0250607 , 0.0821619 , 0.0703194
0.06183 , -0.0342305 , 0.0820975 , 0.0710213 , -0.0492688 , 0.0840073 , 0.068058
0.098736 , -0.0341439 , 0.0820063 , 0.0710907 , -0.0501759 , 0.08354 , 0.0686926
0.144522 , -0.03406 , 0.0817863 , 0.071277 , -0.0275059 , 0.0809999 , 0.0661979
0.184999 , -0.0339838 , 0.081685 , 0.0713463 , -0.0175053 , 0.0801735 , 0.069364
0.231934 , -0.0338951 , 0.0816261 , 0.0713616 , -0.023988 , 0.0811333 , 0.0716306
0.282304 , -0.0337932 , 0.0814743 , 0.0714501 , -0.0335028 , 0.0819652 , 0.0714082
0.334268 , -0.0337673 , 0.0813931 , 0.0715084 , -0.0382836 , 0.0819188 , 0.0708121
0.384166 , -0.0337693 , 0.0813933 , 0.0715083 , -0.0380095 , 0.0814524 , 0.0707608
0.427998 , -0.0337609 , 0.0813501 , 0.0715416 , -0.0357795 , 0.0811229 , 0.0708664
0.46486 , -0.0337589 , 0.08135 , 0.0715417 , -0.0347267 , 0.0808227 , 0.0702234
0.499438 , -0.0337589 , 0.08135 , 0.0715417 , -0.0328358 , 0.080731 , 0.0692069
0.546162 , -0.0337589 , 0.08135 , 0.0715417 , -0.0318105 , 0.0812498 , 0.0699374
0.583012 , -0.0337589 , 0.08135 , 0.0715417 , -0.0315328 , 0.0814021 , 0.0704122
0.629967 , -0.0337589 , 0.08135 , 0.0715417 , -0.0316114 , 0.0813917 , 0.070386
0.663016 , -0.0337589 , 0.08135 , 0.0715417 , -0.0317426 , 0.0813451 , 0.070285
0.69503 , -0.0337589 , 0.08135 , 0.0715417 , -0.031847 , 0.0813685 , 0.070075
0.72971 , -0.0337589 , 0.08135 , 0.0715417 , -0.0318086 , 0.0812669 , 0.0701886
0.763473 , -0.0337589 , 0.08135 , 0.0715417 , -0.0318469 , 0.0812103 , 0.0702481
0.798211 , -0.0337589 , 0.08135 , 0.0715417 , -0.0319343 , 0.0812303 , 0.0702825
0.829942 , -0.0337589 , 0.08135 , 0.0715417 , -0.0319487 , 0.0812468 , 0.0703658
0.861793 , -0.0337589 , 0.08135 , 0.0715417 , -0.0320925 , 0.0812625 , 0.070454
0.895382 , -0.0337589 , 0.08135 , 0.0715417 , -0.0321318 , 0.0813155 , 0.0704085
0.930903 , -0.0337589 , 0.08135 , 0.0715417 , -0.0318849 , 0.0813311 , 0.0705087
0.96961 , -0.0337589 , 0.08135 , 0.0715417 , -0.031709 , 0.0813107 , 0.0703109
1.0149 , -0.0337589 , 0.08135 , 0.0715417 , -0.0317077 , 0.0813304 , 0.0702606
1.04648 , -0.0337589 , 0.08135 , 0.0715417 , -0.0316569 , 0.0813277 , 0.0703736
1.08114 , -0.0337591 , 0.08135 , 0.0715416 , -0.0315912 , 0.081254 , 0.070626
1.11479 , -0.0323113 , 0.0749684 , 0.0720683 , -0.0293996 , 0.0753204 , 0.0708889
1.14946 , -0.0323113 , 0.0749684 , 0.0720683 , -0.0376266 , 0.0749362 , 0.0720498
1.18052 , -0.0321248 , 0.0740952 , 0.0720107 , -0.0323581 , 0.0748199 , 0.0728669
1.21819 , -0.0321316 , 0.0743202 , 0.073044 , -0.0283808 , 0.0746865 , 0.0731074
1.25031 , -0.0321057 , 0.0740256 , 0.072961 , -0.0294202 , 0.074072 , 0.0733652
1.28194 , -0.0321057 , 0.0740256 , 0.072961 , -0.0314501 , 0.072743 , 0.0722567
1.31469 , -0.0316225 , 0.0727127 , 0.0716702 , -0.0327638 , 0.0739096 , 0.072068
1.34984 , -0.0322845 , 0.0743456 , 0.0722229 , -0.0316661 , 0.0730355 , 0.0721465
1.38591 , -0.0311565 , 0.0729865 , 0.0722345 , -0.0310145 , 0.0727481 , 0.0718942
1.42357 , -0.0311327 , 0.0725791 , 0.0720307 , -0.0305423 , 0.0726057 , 0.0715767
1.4693 , -0.0302077 , 0.0711276 , 0.0713043 , -0.0300415 , 0.0716267 , 0.0710127
1.50454 , -0.030809 , 0.0729908 , 0.071525 , -0.0301053 , 0.0726576 , 0.0710928
1.53782 , -0.0302906 , 0.0736157 , 0.0715713 , -0.0304235 , 0.0728194 , 0.0711748
1.57035 , -0.0298506 , 0.0733296 , 0.0719357 , -0.0303014 , 0.0727995 , 0.0711385
1.60467 , -0.0293947 , 0.0735364 , 0.0720987 , -0.0292584 , 0.0732673 , 0.0718103
1.63912 , -0.0294985 , 0.0734782 , 0.0721256 , -0.0285347 , 0.0741521 , 0.0724391
1.67336 , -0.0290198 , 0.0742686 , 0.0724231 , -0.0280292 , 0.0731811 , 0.0717054
1.70741 , -0.0284566 , 0.0738073 , 0.0719084 , -0.0271564 , 0.0731502 , 0.0709205
1.75217 , -0.0282811 , 0.0737344 , 0.071638 , -0.0266711 , 0.0733917 , 0.0706452
1.78466 , -0.0277453 , 0.0736147 , 0.0714903 , -0.0264213 , 0.0727489 , 0.0705471
1.81816 , -0.0272689 , 0.0730607 , 0.0708854 , -0.0267585 , 0.0729473 , 0.0705992
1.8547 , -0.0270621 , 0.0735067 , 0.0709998 , -0.0267874 , 0.0735892 , 0.0709926
1.88958 , -0.0271131 , 0.0735279 , 0.071125 , -0.027073 , 0.073926 , 0.0713615
1.92168 , -0.0275849 , 0.0770955 , 0.0711127 , -0.026833 , 0.0763648 , 0.0712884
1.95552 , -0.0264824 , 0.0750246 , 0.0709495 , -0.0263077 , 0.0756754 , 0.0708703
1.98751 , -0.0265739 , 0.0742156 , 0.0700337 , -0.025663 , 0.073145 , 0.0692012
2.02246 , -0.0262821 , 0.0730434 , 0.0692814 , -0.0259329 , 0.0729161 , 0.0690115
2.06342 , -0.0259112 , 0.0727513 , 0.0694873 , -0.025539 , 0.0727973 , 0.0696678
2.10621 , -0.0261941 , 0.0738594 , 0.0701889 , -0.0247077 , 0.0727469 , 0.0696502
2.13725 , -0.0254452 , 0.071758 , 0.0694138 , -0.0254019 , 0.0743813 , 0.0707585
2.17148 , -0.0259589 , 0.0723834 , 0.0696403 , -0.0260805 , 0.0732365 , 0.070778
2.20919 , -0.0258933 , 0.0719848 , 0.0706991 , -0.0275998 , 0.0730484 , 0.0710908
2.24109 , -0.0263552 , 0.0704674 , 0.0705761 , -0.0269878 , 0.0710662 , 0.070663
2.27746 , -0.0258114 , 0.0689425 , 0.0718361 , -0.0254579 , 0.0658803 , 0.0690878
2.32979 , -0.0259274 , 0.0672856 , 0.0716283 , -0.0242695 , 0.0662582 , 0.0700968
2.37802 , -0.0256157 , 0.0643974 , 0.0707295 , -0.0238124 , 0.0663068 , 0.071249
2.42319 , -0.0252077 , 0.0652025 , 0.0722166 , -0.0231919 , 0.0640733 , 0.071543
2.45558 , -0.0249846 , 0.0633928 , 0.0719627 , -0.0265046 , 0.0622223 , 0.0708697
2.49119 , -0.025431 , 0.062024 , 0.071625 , -0.027703 , 0.0629068 , 0.0714441
2.52279 , -0.0235978 , 0.0593064 , 0.0713258 , -0.0280554 , 0.0578843 , 0.0704666
2.55927 , -0.0296649 , 0.0564387 , 0.0714517 , -0.0317365 , 0.0540665 , 0.0690466
2.594 , -0.0284828 , 0.0537699 , 0.0706382 , -0.0314997 , 0.0523103 , 0.0681168
2.62522 , -0.0294677 , 0.052721 , 0.0694168 , -0.0346122 , 0.0494223 , 0.0676574
2.657 , -0.0370362 , 0.048392 , 0.0680856 , -0.034449 , 0.048069 , 0.0667514
2.69339 , -0.0398815 , 0.0455876 , 0.0661431 , -0.0371811 , 0.0460318 , 0.0665372
2.72799 , -0.0421714 , 0.0442319 , 0.0650339 , -0.0420647 , 0.041543 , 0.0627425
2.76223 , -0.044899 , 0.0396932 , 0.0626643 , -0.0447247 , 0.0392199 , 0.0597418
2.7943 , -0.0486945 , 0.0379887 , 0.0605831 , -0.0464164 , 0.0382874 , 0.0577844
2.8259 , -0.0488783 , 0.0361039 , 0.0583737 , -0.0500136 , 0.0376252 , 0.0553307
2.86119 , -0.0496482 , 0.0360112 , 0.0562936 , -0.0504515 , 0.0341378 , 0.0517274
2.89266 , -0.0540662 , 0.0346233 , 0.0554701 , -0.0497772 , 0.0328632 , 0.0484489
2.92562 , -0.0545569 , 0.0324503 , 0.0521739 , -0.0542832 , 0.0324217 , 0.0476826
2.9595 , -0.0549728 , 0.0305367 , 0.0500807 , -0.0548641 , 0.0312947 , 0.0465351
2.99668 , -0.0563263 , 0.029155 , 0.0477102 , -0.0550924 , 0.0299748 , 0.044904
3.03554 , -0.0585511 , 0.0289063 , 0.046546 , -0.0538569 , 0.0286338 , 0.0425675
3.0784 , -0.0577971 , 0.0285854 , 0.0450708 , -0.0545471 , 0.0254955 , 0.0394156
3.11008 , -0.0563038 , 0.0264116 , 0.042975 , -0.0524068 , 0.0245094 , 0.0383915
3.1419 , -0.0560466 , 0.0228601 , 0.0413071 , -0.0532866 , 0.0246006 , 0.038077
3.17613 , -0.0559138 , 0.0223834 , 0.0419427 , -0.0590003 , 0.0202147 , 0.0362355
3.21035 , -0.0561214 , 0.0192722 , 0.0390065 , -0.0570207 , 0.0161553 , 0.0362428
3.24492 , -0.0540449 , 0.0148707 , 0.0363525 , -0.0536924 , 0.00976856 , 0.032306
3.27824 , -0.0512566 , 0.00851193 , 0.0297536 , -0.0500681 , 0.00719476 , 0.0288014
3.30887 , -0.0517336 , 0.00526193 , 0.0249355 , -0.0473765 , 0.00357485 , 0.0231805
3.34338 , -0.0526146 , -0.000475986 , 0.018451 , -0.049045 , -0.00247614 , 0.0160561
3.37789 , -0.0547923 , -0.00560513 , 0.0116536 , -0.051577 , -0.00766665 , 0.00857425
3.41243 , -0.0566025 , -0.0109127 , 0.00526808 , -0.0541069 , -0.0126345 , 0.00211189
3.44609 , -0.0576112 , -0.0160243 , -0.00130773 , -0.0565412 , -0.0176475 , -0.00255666
3.4766 , -0.0584797 , -0.021443 , -0.00561721 , -0.0580503 , -0.0242632 , -0.00763141
3.51613 , -0.0604645 , -0.0259884 , -0.00905203 , -0.059938 , -0.0308555 , -0.0123685
3.55294 , -0.0610351 , -0.0348436 , -0.0141583 , -0.0617461 , -0.0404007 , -0.0132998
3.60027 , -0.0617004 , -0.0436855 , -0.0176844 , -0.0639218 , -0.0474009 , -0.0155603
3.6294 , -0.0628214 , -0.0516476 , -0.019836 , -0.0637492 , -0.0556676 , -0.0216215
3.66601 , -0.0612325 , -0.0587316 , -0.0233604 , -0.0630512 , -0.0648174 , -0.0265527
3.69474 , -0.0597954 , -0.0707264 , -0.0275427 , -0.0636292 , -0.0762596 , -0.0298332
3.73151 , -0.0590774 , -0.0815643 , -0.0292987 , -0.0617972 , -0.087259 , -0.0324693
3.76326 , -0.0549299 , -0.0912716 , -0.0314014 , -0.0606864 , -0.0965553 , -0.0326011
3.79723 , -0.0540618 , -0.101621 , -0.0313174 , -0.0565355 , -0.105837 , -0.0329821
3.83218 , -0.0489971 , -0.115375 , -0.0337813 , -0.0517039 , -0.115781 , -0.0350219
3.86552 , -0.0453431 , -0.122486 , -0.0338192 , -0.0459853 , -0.126134 , -0.0373306
3.89603 , -0.0397218 , -0.129778 , -0.0349907 , -0.0416167 , -0.13405 , -0.0387863
3.93166 , -0.0351484 , -0.137899 , -0.0357202 , -0.0345778 , -0.139533 , -0.0394976
3.96545 , -0.0302743 , -0.144452 , -0.0380261 , -0.0304239 , -0.145615 , -0.0399824
3.99967 , -0.0254207 , -0.151242 , -0.0398138 , -0.0274984 , -0.148863 , -0.0388896
4.03323 , -0.0239639 , -0.153077 , -0.0373601 , -0.0218472 , -0.153055 , -0.0386903
4.06387 , -0.0183538 , -0.157156 , -0.0371148 , -0.0205311 , -0.149484 , -0.0334189
4.09928 , -0.0142507 , -0.156296 , -0.0341278 , -0.0126159 , -0.153996 , -0.0318393
4.13283 , -0.00853771 , -0.156529 , -0.0296673 , -0.00816597 , -0.156771 , -0.0287202
4.16744 , -0.00422137 , -0.156076 , -0.0223765 , -0.00582368 , -0.156334 , -0.02038
4.20164 , -0.00252433 , -0.154898 , -0.0132478 , -0.00260801 , -0.153344 , -0.0103469
4.23155 , 0.00366037 , -0.155029 , -0.00593599 , 0.00134744 , -0.15238 , 0.000461193
4.2671 , 0.00604545 , -0.152234 , 0.00691505 , 0.00627803 , -0.151882 , 0.00959034
4.30051 , 0.0108044 , -0.151058 , 0.0168471 , 0.0135146 , -0.149357 , 0.0203142
4.33501 , 0.018804 , -0.149472 , 0.0264589 , 0.0204554 , -0.146419 , 0.0317903
4.36577 , 0.0240185 , -0.144641 , 0.0382744 , 0.0251844 , -0.143444 , 0.0420447
4.40034 , 0.0287768 , -0.140345 , 0.0493553 , 0.0285908 , -0.138028 , 0.0533874
4.4349 , 0.0332163 , -0.134457 , 0.0598364 , 0.03395 , -0.131852 , 0.0649476
4.46836 , 0.0380965 , -0.126422 , 0.0713137 , 0.0384002 , -0.125837 , 0.0744164
4.50293 , 0.0420277 , -0.120406 , 0.080197 , 0.0408323 , -0.116173 , 0.0859768
4.53346 , 0.0457638 , -0.10965 , 0.0917315 , 0.0454451 , -0.107762 , 0.0955923
4.56806 , 0.0483087 , -0.101067 , 0.100046 , 0.0477291 , -0.0959582 , 0.10622
4.60258 , 0.0507192 , -0.0902013 , 0.111026 , 0.049865 , -0.083173 , 0.116006
4.63618 , 0.0525986 , -0.0763851 , 0.121396 , 0.0543196 , -0.0682266 , 0.125183
4.67067 , 0.056073 , -0.060199 , 0.131414 , 0.0562955 , -0.0497691 , 0.137728
4.70129 , 0.0607175 , -0.0440617 , 0.143607 , 0.0608279 , -0.0362966 , 0.147791
4.73587 , 0.0640417 , -0.0291636 , 0.154805 , 0.0672435 , -0.0213669 , 0.159416
4.77025 , 0.0702449 , -0.0127971 , 0.163674 , 0.0744691 , -0.00511464 , 0.169442
4.80401 , 0.0791555 , 0.00385054 , 0.175654 , 0.0831528 , 0.0107602 , 0.178954
4.83851 , 0.0884914 , 0.0213706 , 0.186663 , 0.0954928 , 0.0277333 , 0.188869
4.86893 , 0.101662 , 0.0386911 , 0.19823 , 0.108771 , 0.0446953 , 0.199308
4.90613 , 0.115707 , 0.0565274 , 0.209046 , 0.122167 , 0.0636913 , 0.210061
4.94324 , 0.128939 , 0.0740936 , 0.218257 , 0.134716 , 0.0816208 , 0.221572
4.97962 , 0.140475 , 0.0913222 , 0.230976 , 0.148258 , 0.0993568 , 0.232459
5.02209 , 0.154162 , 0.10737 , 0.242226 , 0.160543 , 0.1163 , 0.243023
5.05647 , 0.165975 , 0.125046 , 0.251122 , 0.171722 , 0.134018 , 0.255006
5.08999 , 0.178221 , 0.143623 , 0.262869 , 0.183843 , 0.150567 , 0.263041
5.12089 , 0.187574 , 0.161304 , 0.270141 , 0.19321 , 0.168795 , 0.270921
5.15526 , 0.196702 , 0.178656 , 0.279503 , 0.201952 , 0.186226 , 0.278296
5.18979 , 0.204094 , 0.196277 , 0.28756 , 0.209311 , 0.203128 , 0.285867
5.22447 , 0.209949 , 0.213207 , 0.292974 , 0.216246 , 0.222056 , 0.295055
5.25794 , 0.214229 , 0.22979 , 0.302038 , 0.220601 , 0.237867 , 0.301972
5.28847 , 0.218828 , 0.246307 , 0.308561 , 0.224422 , 0.253201 , 0.307128
5.32326 , 0.223473 , 0.260402 , 0.315874 , 0.227465 , 0.266372 , 0.31457
5.35755 , 0.223889 , 0.269869 , 0.318782 , 0.229028 , 0.275437 , 0.31899
5.39201 , 0.226799 , 0.279124 , 0.321088 , 0.229625 , 0.281778 , 0.320023
5.42467 , 0.22811 , 0.28812 , 0.328129 , 0.231777 , 0.292948 , 0.329598
5.45881 , 0.228625 , 0.293405 , 0.330388 , 0.231809 , 0.294641 , 0.332586
5.48968 , 0.228017 , 0.297102 , 0.33425 , 0.231278 , 0.298077 , 0.333085
5.52527 , 0.229757 , 0.29713 , 0.334445 , 0.234115 , 0.30103 , 0.33711
5.55989 , 0.228168 , 0.299712 , 0.334031 , 0.239883 , 0.295487 , 0.335184
5.59344 , 0.230942 , 0.297018 , 0.335006 , 0.233548 , 0.296783 , 0.332004
5.62399 , 0.226709 , 0.296383 , 0.332166 , 0.235757 , 0.299376 , 0.333582
5.65953 , 0.228068 , 0.296999 , 0.333361 , 0.233857 , 0.29545 , 0.330348
5.69315 , 0.228381 , 0.296719 , 0.330551 , 0.232953 , 0.292777 , 0.326415
5.7246 , 0.227276 , 0.292336 , 0.32423 , 0.23268 , 0.29207 , 0.324449
5.76122 , 0.225093 , 0.290583 , 0.322175 , 0.232399 , 0.28794 , 0.320351
5.79167 , 0.224635 , 0.286303 , 0.317283 , 0.230866 , 0.28324 , 0.316104
5.82721 , 0.219208 , 0.278844 , 0.310177 , 0.222928 , 0.274409 , 0.307698
5.86071 , 0.214426 , 0.272924 , 0.303313 , 0.216669 , 0.268937 , 0.301601
5.89531 , 0.20792 , 0.264258 , 0.294617 , 0.207867 , 0.260203 , 0.291882
5.92883 , 0.197835 , 0.252673 , 0.283642 , 0.199076 , 0.248945 , 0.279769
5.95943 , 0.189329 , 0.243908 , 0.275669 , 0.191291 , 0.237619 , 0.269051
5.99933 , 0.181352 , 0.231972 , 0.265217 , 0.176655 , 0.22404 , 0.254946
6.03674 , 0.169176 , 0.217623 , 0.252257 , 0.163563 , 0.211256 , 0.243092
6.08054 , 0.15809 , 0.20422 , 0.24164 , 0.151244 , 0.197098 , 0.23416
6.11418 , 0.145052 , 0.18554 , 0.230608 , 0.139099 , 0.182117 , 0.224464
6.14822 , 0.133781 , 0.170876 , 0.220636 , 0.124308 , 0.16746 , 0.21555
6.18052 , 0.121175 , 0.156276 , 0.212208 , 0.107393 , 0.146763 , 0.202876
6.21122 , 0.105021 , 0.133619 , 0.199499 , 0.0953251 , 0.129241 , 0.193413
6.24487 , 0.0937618 , 0.115208 , 0.191139 , 0.0810044 , 0.109371 , 0.182841
6.28031 , 0.0804974 , 0.0936993 , 0.178422 , 0.0668194 , 0.0863153 , 0.169645
6.31487 , 0.0689499 , 0.0721005 , 0.167134 , 0.0559234 , 0.0657472 , 0.158881
6.34876 , 0.0580903 , 0.0489576 , 0.153115 , 0.0462507 , 0.0438464 , 0.147643
6.38293 , 0.0483812 , 0.0229259 , 0.13674 , 0.0378614 , 0.0156743 , 0.130291
6.41258 , 0.040434 , -0.00464607 , 0.122372 , 0.0301819 , -0.0149815 , 0.111693
6.44928 , 0.0329801 , -0.0366 , 0.101705 , 0.0242475 , -0.0488967 , 0.0899608
6.48319 , 0.0284602 , -0.071322 , 0.0783538 , 0.0181598 , -0.086323 , 0.0672513
6.51513 , 0.0219012 , -0.111627 , 0.0530782 , 0.0128878 , -0.127196 , 0.041954
6.54854 , 0.0166108 , -0.152574 , 0.0249484 , 0.00802341 , -0.169754 , 0.014634
6.58313 , 0.0136064 , -0.1947 , -0.00242328 , 0.00646431 , -0.210785 , -0.0115284
6.61384 , 0.0111055 , -0.235151 , -0.0280638 , 0.00752658 , -0.24934 , -0.0401757
6.65027 , 0.0102384 , -0.272062 , -0.0540858 , 0.0080573 , -0.284206 , -0.0664929
6.68084 , 0.0101019 , -0.307152 , -0.0804104 , 0.0106585 , -0.319967 , -0.0935276
6.71557 , 0.0134884 , -0.341756 , -0.108658 , 0.0120452 , -0.352426 , -0.119705
6.74995 , 0.0144737 , -0.371545 , -0.132757 , 0.0161259 , -0.380691 , -0.144586
6.78441 , 0.0213606 , -0.39562 , -0.155652 , 0.0251716 , -0.407234 , -0.172752
6.81799 , 0.0296874 , -0.420617 , -0.183237 , 0.0328305 , -0.427195 , -0.195286
6.84869 , 0.037093 , -0.437469 , -0.202949 , 0.0388155 , -0.443848 , -0.211898
6.88321 , 0.0423559 , -0.453187 , -0.219915 , 0.0458846 , -0.459399 , -0.228524
6.9176 , 0.0517433 , -0.467352 , -0.235302 , 0.0476129 , -0.472694 , -0.241547
6.95224 , 0.0568418 , -0.480479 , -0.250537 , 0.0583492 , -0.48373 , -0.256972
6.98466 , 0.0673616 , -0.490451 , -0.262411 , 0.0694898 , -0.494113 , -0.270554
7.01735 , 0.069291 , -0.499021 , -0.266117 , 0.0716374 , -0.502544 , -0.276539
7.05103 , 0.0769178 , -0.506267 , -0.276104 , 0.0789865 , -0.508838 , -0.28411
7.08565 , 0.0837537 , -0.514425 , -0.283465 , 0.0848338 , -0.515283 , -0.290418
7.12143 , 0.0874058 , -0.517168 , -0.285369 , 0.0876746 , -0.518601 , -0.291244
7.15087 , 0.0914345 , -0.520854 , -0.286441 , 0.0928828 , -0.521086 , -0.289531
7.18517 , 0.0905804 , -0.522615 , -0.282527 , 0.0930209 , -0.52314 , -0.2875
7.21964 , 0.103173 , -0.520413 , -0.286762 , 0.0960212 , -0.525625 , -0.28611
7.25319 , 0.101233 , -0.525349 , -0.280813 , 0.0934925 , -0.523172 , -0.27869
7.28772 , 0.100532 , -0.521891 , -0.274341 , 0.103 , -0.52129 , -0.275297
7.32135 , 0.0995036 , -0.518994 , -0.267422 , 0.102867 , -0.515977 , -0.26755
7.35727 , 0.104386 , -0.515012 , -0.262602 , 0.089806 , -0.509336 , -0.252047
7.3922 , 0.0970746 , -0.506861 , -0.252904 , 0.0879606 , -0.501681 , -0.242953
7.42329 , 0.10405 , -0.491088 , -0.244614 , 0.0873966 , -0.494498 , -0.233975
7.45803 , 0.0910381 , -0.484428 , -0.224213 , 0.0911197 , -0.483312 , -0.2233
7.4871 , 0.0893272 , -0.475553 , -0.209635 , 0.0860517 , -0.470524 , -0.202009
7.52558 , 0.0862636 , -0.461941 , -0.189858 , 0.0840933 , -0.458048 , -0.181283
7.56009 , 0.0846515 , -0.448267 , -0.169262 , 0.0807544 , -0.442717 , -0.158467
7.59212 , 0.0835697 , -0.434958 , -0.149024 , 0.0790951 , -0.426307 , -0.135689
7.62112 , 0.0809898 , -0.4178 , -0.126244 , 0.0782859 , -0.410497 , -0.114498
7.65701 , 0.0780466 , -0.399672 , -0.102996 , 0.0754265 , -0.392069 , -0.0918659
7.69234 , 0.0758762 , -0.380168 , -0.0798664 , 0.0741048 , -0.372494 , -0.0691427
7.72111 , 0.0744226 , -0.360903 , -0.0574211 , 0.0732461 , -0.353295 , -0.0478568
7.7576 , 0.0748302 , -0.343938 , -0.0380751 , 0.0718153 , -0.33288 , -0.0264997
7.79094 , 0.0707409 , -0.320817 , -0.0136533 , 0.0702804 , -0.312813 , -0.00359902
7.82453 , 0.0693746 , -0.30097 , 0.00925416 , 0.0692353 , -0.293245 , 0.0183681
7.85636 , 0.068557 , -0.281277 , 0.0316595 , 0.0691012 , -0.27417 , 0.0398526
7.89203 , 0.0693679 , -0.260811 , 0.0524556 , 0.0702005 , -0.250046 , 0.0625479
7.92502 , 0.0692935 , -0.236195 , 0.0747375 , 0.0711825 , -0.224423 , 0.0842616
7.96115 , 0.0699221 , -0.210153 , 0.0968416 , 0.0717995 , -0.199405 , 0.10386
7.99187 , 0.0709894 , -0.182012 , 0.116386 , 0.0732408 , -0.171679 , 0.121341
8.02554 , 0.0729437 , -0.155525 , 0.132467 , 0.0755316 , -0.142525 , 0.136929
8.06014 , 0.0749574 , -0.125609 , 0.147425 , 0.0780702 , -0.113227 , 0.150291
8.09228 , 0.0778678 , -0.0963879 , 0.160652 , 0.0814819 , -0.0841306 , 0.163004
8.12669 , 0.0819457 , -0.0679811 , 0.171723 , 0.0821969 , -0.0548392 , 0.174152
8.16315 , 0.0843175 , -0.0372246 , 0.18535 , 0.0884815 , -0.0254086 , 0.184344
8.1941 , 0.0925059 , -0.0102156 , 0.192587 , 0.0970369 , 0.00290497 , 0.191836
8.22644 , 0.0979385 , 0.0183708 , 0.201409 , 0.103192 , 0.0297471 , 0.199596
8.26095 , 0.103851 , 0.045973 , 0.210824 , 0.107952 , 0.0584449 , 0.20912
8.29481 , 0.107652 , 0.0724431 , 0.217802 , 0.112608 , 0.0848628 , 0.216099
8.32496 , 0.113437 , 0.101321 , 0.225055 , 0.115715 , 0.109289 , 0.223646
8.35954 , 0.119917 , 0.129227 , 0.238347 , 0.121972 , 0.134541 , 0.229049
8.39403 , 0.121478 , 0.149495 , 0.241892 , 0.12583 , 0.158658 , 0.239073
8.42865 , 0.12905 , 0.174678 , 0.251624 , 0.131685 , 0.182813 , 0.251628
8.46207 , 0.134388 , 0.194946 , 0.259232 , 0.137329 , 0.200466 , 0.260559
8.49886 , 0.142416 , 0.213903 , 0.271639 , 0.143972 , 0.214433 , 0.269487
8.53321 , 0.145911 , 0.223858 , 0.276184 , 0.148386 , 0.228866 , 0.277639
8.56925 , 0.145963 , 0.232804 , 0.282059 , 0.150511 , 0.239344 , 0.283291
8.61244 , 0.148796 , 0.2462 , 0.291559 , 0.156048 , 0.248664 , 0.29161
8.64762 , 0.146858 , 0.248338 , 0.292759 , 0.154789 , 0.254816 , 0.297857
8.68193 , 0.149037 , 0.255321 , 0.299706 , 0.155534 , 0.2579 , 0.300532
8.71272 , 0.149878 , 0.261831 , 0.304631 , 0.155795 , 0.261736 , 0.302008
8.74705 , 0.149252 , 0.264527 , 0.304054 , 0.156447 , 0.265113 , 0.303765
8.78377 , 0.151678 , 0.271086 , 0.308504 , 0.158193 , 0.268212 , 0.305615
8.82017 , 0.149497 , 0.270737 , 0.306168 , 0.156647 , 0.268947 , 0.304813
8.86312 , 0.148257 , 0.273241 , 0.305873 , 0.153901 , 0.271291 , 0.303305
8.89742 , 0.141374 , 0.269493 , 0.295691 , 0.149085 , 0.274424 , 0.29958
8.9319 , 0.139684 , 0.274358 , 0.294937 , 0.145894 , 0.275755 , 0.295434
8.96545 , 0.136226 , 0.277766 , 0.291375 , 0.137711 , 0.276268 , 0.286687
8.99681 , 0.128782 , 0.280646 , 0.28793 , 0.129442 , 0.282154 , 0.286131
9.0316 , 0.121246 , 0.281542 , 0.282983 , 0.120957 , 0.285101 , 0.282378
9.06328 , 0.112502 , 0.284105 , 0.27768 , 0.108417 , 0.290344 , 0.277867
9.09981 , 0.0998179 , 0.292415 , 0.28046 , 0.0921465 , 0.293696 , 0.273363
9.1352 , 0.0865447 , 0.292424 , 0.268495 , 0.0759116 , 0.292436 , 0.265625
9.16501 , 0.074183 , 0.297441 , 0.267767 , 0.0645464 , 0.297895 , 0.259049
9.1994 , 0.063146 , 0.303734 , 0.26267 , 0.0490775 , 0.303344 , 0.249233
9.23283 , 0.0445494 , 0.306079 , 0.251756 , 0.0331291 , 0.308833 , 0.247546
9.2674 , 0.0296681 , 0.308638 , 0.248604 , 0.0171515 , 0.311112 , 0.240476
9.30096 , 0.0134587 , 0.308814 , 0.235474 , 0.00160746 , 0.310862 , 0.230364
9.33146 , -0.00104914 , 0.306916 , 0.219744 , -0.0158465 , 0.309596 , 0.220086
9.36703 , -0.0203906 , 0.307453 , 0.212967 , -0.0313849 , 0.30791 , 0.212222
9.40063 , -0.0364295 , 0.304699 , 0.207677 , -0.0513491 , 0.301704 , 0.20447
9.43521 , -0.0515459 , 0.295512 , 0.201975 , -0.0628125 , 0.293952 , 0.199751
9.46837 , -0.0712702 , 0.278545 , 0.189363 , -0.0765583 , 0.278254 , 0.189035
9.49941 , -0.0806592 , 0.265822 , 0.182827 , -0.0930579 , 0.261771 , 0.178457
9.53483 , -0.0936097 , 0.249204 , 0.174186 , -0.102752 , 0.244716 , 0.171526
9.56837 , -0.105588 , 0.231752 , 0.166353 , -0.112493 , 0.224684 , 0.164007
9.60287 , -0.112742 , 0.20993 , 0.158488 , -0.118481 , 0.202208 , 0.158397
9.63375 , -0.120056 , 0.186951 , 0.155072 , -0.12439 , 0.178059 , 0.155253
9.66803 , -0.127079 , 0.162629 , 0.153952 , -0.129295 , 0.154984 , 0.155029
9.7026 , -0.132238 , 0.138277 , 0.153288 , -0.134054 , 0.128114 , 0.15147
9.73905 , -0.139688 , 0.111222 , 0.150785 , -0.137303 , 0.0997875 , 0.146037
9.76769 , -0.141463 , 0.0834467 , 0.146907 , -0.141049 , 0.0689545 , 0.139602
9.8022 , -0.138444 , 0.0516536 , 0.138599 , -0.13885 , 0.0370935 , 0.129771
9.83881 , -0.135935 , 0.0175256 , 0.12795 , -0.135466 , 0.00232756 , 0.117512
9.86839 , -0.132494 , -0.0175809 , 0.115366 , -0.129847 , -0.0345794 , 0.100642
9.90399 , -0.125591 , -0.0499439 , 0.0996365 , -0.123043 , -0.0647771 , 0.0849847
9.93847 , -0.117885 , -0.0862483 , 0.0774466 , -0.114333 , -0.0987078 , 0.0620285
9.9691 , -0.107249 , -0.117368 , 0.0551096 , -0.10437 , -0.128129 , 0.0374688
10.0043 , -0.0978632 , -0.143336 , 0.0344007 , -0.0948908 , -0.152161 , 0.0162348
10.0383 , -0.0881087 , -0.16592 , 0.0126227 , -0.0851743 , -0.176943 , -0.00596525
10.0728 , -0.0794462 , -0.188417 , -0.00959589 , -0.0769874 , -0.196063 , -0.0253587
10.1062 , -0.0722868 , -0.207005 , -0.0277657 , -0.0670718 , -0.21385 , -0.0428438
10.1369 , -0.0613514 , -0.220437 , -0.0431662 , -0.0579057 , -0.229098 , -0.058725
10.1716 , -0.0525283 , -0.233366 , -0.0555892 , -0.0563828 , -0.235213 , -0.0616624
10.2061 , -0.0461344 , -0.245676 , -0.0643869 , -0.0522116 , -0.246829 , -0.0627082
10.2404 , -0.0446482 , -0.251852 , -0.0645006 , -0.0468717 , -0.259163 , -0.0655191
10.2711 , -0.0386469 , -0.265818 , -0.0644462 , -0.0443425 , -0.269569 , -0.066016
10.3056 , -0.036838 , -0.275894 , -0.0616537 , -0.0411453 , -0.281649 , -0.0609437
10.3393 , -0.0319936 , -0.287561 , -0.0568456 , -0.0397041 , -0.290949 , -0.0540936
10.3736 , -0.0324992 , -0.295071 , -0.0493116 , -0.0376179 , -0.298601 , -0.0462597
10.4082 , -0.0267851 , -0.304014 , -0.0447701 , -0.0338292 , -0.306436 , -0.0392301
10.4418 , -0.0234106 , -0.30972 , -0.0363628 , -0.0312541 , -0.306211 , -0.0277446
10.4723 , -0.0190036 , -0.312328 , -0.0264756 , -0.0245353 , -0.309189 , -0.016128
10.5079 , -0.0148233 , -0.312042 , -0.0131308 , -0.0210214 , -0.306896 , -0.00172402
10.5414 , -0.009673 , -0.309434 , 0.00141154 , -0.0118726 , -0.30486 , 0.0114224
10.5758 , -0.00440141 , -0.301652 , 0.0197635 , -0.00601796 , -0.295056 , 0.02977
10.6095 , 0.00183681 , -0.289371 , 0.0391679 , 0.00480301 , -0.284432 , 0.0451161
10.6404 , 0.00894375 , -0.276937 , 0.0580209 , 0.00978651 , -0.268828 , 0.064072
10.6756 , 0.0140112 , -0.26047 , 0.0771535 , 0.0199361 , -0.254646 , 0.0823609
10.709 , 0.0205933 , -0.24388 , 0.0945173 , 0.0249787 , -0.235748 , 0.0994928
10.7437 , 0.0270005 , -0.224942 , 0.110517 , 0.0313475 , -0.218177 , 0.113906
10.7822 , 0.0345026 , -0.205967 , 0.12389 , 0.0383328 , -0.197572 , 0.126576
10.83 , 0.0418568 , -0.186486 , 0.133695 , 0.0462826 , -0.176726 , 0.137697
10.87 , 0.0494082 , -0.164601 , 0.145044 , 0.0541275 , -0.155288 , 0.148597
10.9101 , 0.0597099 , -0.141812 , 0.158099 , 0.0625148 , -0.131691 , 0.158648
10.9467 , 0.066531 , -0.11873 , 0.169845 , 0.0703289 , -0.107903 , 0.172748
10.9779 , 0.0727999 , -0.0937781 , 0.182022 , 0.0760706 , -0.0833076 , 0.184723
11.0193 , 0.078635 , -0.0688584 , 0.194038 , 0.0819247 , -0.0576296 , 0.196696
11.0625 , 0.0866776 , -0.0422909 , 0.206115 , 0.0910114 , -0.0315087 , 0.208957
11.0968 , 0.0952564 , -0.0159984 , 0.218777 , 0.101009 , -0.00545475 , 0.221089
11.1309 , 0.105048 , 0.00768671 , 0.232225 , 0.111871 , 0.0177422 , 0.234617
11.1618 , 0.117043 , 0.030773 , 0.245156 , 0.124067 , 0.0408102 , 0.247632
11.1954 , 0.130188 , 0.0533116 , 0.259073 , 0.137667 , 0.0641441 , 0.260332
11.2301 , 0.144267 , 0.07803 , 0.273114 , 0.150343 , 0.0876588 , 0.273788
11.2644 , 0.156411 , 0.102446 , 0.287226 , 0.162676 , 0.114961 , 0.289082
11.2973 , 0.16582 , 0.125133 , 0.298476 , 0.171258 , 0.136668 , 0.299751
11.328 , 0.173754 , 0.146572 , 0.309501 , 0.178998 , 0.160625 , 0.311247
11.3615 , 0.179378 , 0.168087 , 0.319808 , 0.183561 , 0.178744 , 0.319534
11.3959 , 0.184883 , 0.188714 , 0.327808 , 0.187192 , 0.196548 , 0.325053
11.4307 , 0.187689 , 0.207928 , 0.335318 , 0.193194 , 0.232071 , 0.338118
11.4643 , 0.18911 , 0.225908 , 0.340982 , 0.192235 , 0.236516 , 0.336212
11.4988 , 0.192299 , 0.244207 , 0.345254 , 0.192017 , 0.24418 , 0.334183
11.5296 , 0.195178 , 0.252316 , 0.341894 , 0.197925 , 0.254788 , 0.334682
11.5638 , 0.200709 , 0.259924 , 0.340838 , 0.204596 , 0.262004 , 0.338385
11.5983 , 0.207629 , 0.266673 , 0.344459 , 0.211745 , 0.264852 , 0.337517
11.6319 , 0.212282 , 0.270593 , 0.341876 , 0.221277 , 0.272294 , 0.337967
11.6663 , 0.216444 , 0.271369 , 0.339437 , 0.227041 , 0.276574 , 0.340519
11.7037 , 0.220399 , 0.275652 , 0.341042 , 0.228838 , 0.27708 , 0.340087
11.7382 , 0.222307 , 0.278318 , 0.34279 , 0.23152 , 0.276728 , 0.338966
11.7712 , 0.223515 , 0.278435 , 0.339155 , 0.231823 , 0.281213 , 0.342694
11.8018 , 0.220383 , 0.280295 , 0.340342 , 0.2308 , 0.280148 , 0.34397
11.8346 , 0.216591 , 0.279254 , 0.339044 , 0.226849 , 0.277851 , 0.341861
11.8669 , 0.213431 , 0.275573 , 0.33476 , 0.222292 , 0.27261 , 0.334216
11.8993 , 0.206773 , 0.272612 , 0.33015 , 0.216793 , 0.270647 , 0.328753
11.9339 , 0.20033 , 0.266875 , 0.317365 , 0.210423 , 0.26576 , 0.318024
11.9684 , 0.200838 , 0.267403 , 0.313895 , 0.203734 , 0.262557 , 0.307159
12.0026 , 0.192253 , 0.262539 , 0.30396 , 0.196198 , 0.260072 , 0.299114
12.0375 , 0.183841 , 0.258988 , 0.292602 , 0.186606 , 0.252654 , 0.287561
12.0669 , 0.176337 , 0.250555 , 0.280459 , 0.180564 , 0.248573 , 0.27976
12.102 , 0.169591 , 0.243281 , 0.273725 , 0.172798 , 0.239161 , 0.269668
12.1381 , 0.162639 , 0.232655 , 0.263029 , 0.155744 , 0.226349 , 0.25397
12.1685 , 0.150875 , 0.219275 , 0.249452 , 0.141946 , 0.213788 , 0.238782
12.2028 , 0.134714 , 0.2039 , 0.236984 , 0.125957 , 0.198197 , 0.223405
12.2372 , 0.121402 , 0.187127 , 0.2204 , 0.109284 , 0.182359 , 0.21029
12.2708 , 0.107799 , 0.167276 , 0.203098 , 0.0940544 , 0.163149 , 0.193137
12.3053 , 0.0938474 , 0.149144 , 0.18706 , 0.0816585 , 0.145122 , 0.174956
12.3392 , 0.0820103 , 0.13195 , 0.172898 , 0.068747 , 0.128564 , 0.160973
12.3714 , 0.0700243 , 0.112123 , 0.152601 , 0.0553151 , 0.107887 , 0.141624
12.4015 , 0.0573683 , 0.0924942 , 0.134547 , 0.0418672 , 0.0869272 , 0.126916
12.4375 , 0.0467902 , 0.0728338 , 0.12114 , 0.0312047 , 0.0681988 , 0.110504
12.4731 , 0.0368267 , 0.0488472 , 0.102297 , 0.0244289 , 0.045117 , 0.098789
12.5036 , 0.03048 , 0.0289821 , 0.0896708 , 0.0175496 , 0.0182592 , 0.0834303
12.5385 , 0.0204403 , 0.000784542 , 0.0719945 , 0.0111703 , -0.00936268 , 0.0696134
12.5713 , 0.0160537 , -0.0273274 , 0.0585056 , 0.00522735 , -0.0362392 , 0.053811
12.6056 , 0.00960909 , -0.0571111 , 0.0416138 , 0.00205395 , -0.0653701 , 0.0409751
12.6407 , 0.00725201 , -0.0844333 , 0.0308066 , 0.00121039 , -0.0962093 , 0.0288768
12.6738 , 0.00396175 , -0.116646 , 0.020822 , 0.000221989 , -0.127638 , 0.0176185
12.7037 , 0.000914947 , -0.146096 , 0.00739316 , 0.00020267 , -0.157792 , 0.00722828
12.7391 , 0.00312426 , -0.178449 , -0.00149377 , -0.00042051 , -0.189088 , -0.00337433
12.7725 , 0.00362853 , -0.208727 , -0.00944434 , 0.0076184 , -0.221377 , -0.015907
12.807 , 0.0108078 , -0.240362 , -0.0196165 , 0.0141308 , -0.249335 , -0.0245884
12.8377 , 0.0183498 , -0.269459 , -0.0310423 , 0.0230015 , -0.279434 , -0.0366607
12.8722 , 0.0266996 , -0.295405 , -0.0428449 , 0.0310588 , -0.303928 , -0.0518538
12.9068 , 0.034349 , -0.317614 , -0.0561074 , 0.0380258 , -0.325194 , -0.0667429
12.9403 , 0.0402004 , -0.335998 , -0.0686828 , 0.0420706 , -0.341156 , -0.0792635
12.9749 , 0.0448123 , -0.35034 , -0.0796147 , 0.0493511 , -0.354059 , -0.0928867
13.0075 , 0.049088 , -0.36385 , -0.0913465 , 0.0511463 , -0.368417 , -0.103562
13.0405 , 0.0511061 , -0.37657 , -0.0998467 , 0.0524792 , -0.381962 , -0.11475
13.0746 , 0.0523307 , -0.387185 , -0.106942 , 0.0521601 , -0.3946 , -0.123739
13.1081 , 0.0522556 , -0.398266 , -0.113752 , 0.0495191 , -0.403511 , -0.126656
13.1427 , 0.0540816 , -0.409629 , -0.122405 , 0.0500416 , -0.412471 , -0.128197
13.1738 , 0.053582 , -0.415678 , -0.122984 , 0.0526727 , -0.416235 , -0.128072
13.2078 , 0.0539311 , -0.419937 , -0.125292 , 0.0467132 , -0.420645 , -0.122725
13.2423 , 0.0524039 , -0.425898 , -0.120522 , 0.043782 , -0.424409 , -0.118244
13.2759 , 0.0512133 , -0.427732 , -0.117607 , 0.0433193 , -0.427542 , -0.112717
13.3103 , 0.0484155 , -0.427247 , -0.105959 , 0.0611852 , -0.432984 , -0.114034
13.341 , 0.0638721 , -0.433483 , -0.106251 , 0.0447954 , -0.428107 , -0.0947585
13.3757 , 0.0461522 , -0.427304 , -0.0882569 , 0.0398034 , -0.42589 , -0.0832489
13.412 , 0.043694 , -0.423119 , -0.0761726 , 0.0401349 , -0.422834 , -0.0741281
13.4453 , 0.0425069 , -0.418316 , -0.0654424 , 0.0391132 , -0.418605 , -0.0611721
13.4782 , 0.0392741 , -0.413043 , -0.0501541 , 0.0395777 , -0.414439 , -0.0487524
13.5089 , 0.0389592 , -0.407347 , -0.0372125 , 0.0409095 , -0.407257 , -0.0344515
13.5433 , 0.0437584 , -0.40207 , -0.0280372 , 0.0425029 , -0.398256 , -0.019076
13.5779 , 0.0453326 , -0.389997 , -0.0121585 , 0.0451314 , -0.387252 , -0.0059639
13.6123 , 0.0471548 , -0.375874 , 0.00404855 , 0.0493528 , -0.369397 , 0.00973955
13.6459 , 0.0519316 , -0.358928 , 0.0176473 , 0.0503291 , -0.346819 , 0.0273907
13.6802 , 0.0541469 , -0.34195 , 0.032732 , 0.0557907 , -0.33103 , 0.0390773
13.7102 , 0.0585771 , -0.322476 , 0.0443698 , 0.0604665 , -0.313276 , 0.0515109
13.7457 , 0.0631944 , -0.302432 , 0.054944 , 0.0665082 , -0.292635 , 0.0625937
13.7802 , 0.0662787 , -0.281067 , 0.0645033 , 0.0695986 , -0.269565 , 0.072785
13.8137 , 0.0692935 , -0.25563 , 0.0775742 , 0.0719814 , -0.245073 , 0.0815428
13.8444 , 0.0720509 , -0.228666 , 0.0887347 , 0.0744692 , -0.219848 , 0.0921279
13.8828 , 0.0760681 , -0.203177 , 0.0982037 , 0.0780468 , -0.192388 , 0.10226
13.9115 , 0.078061 , -0.174956 , 0.110617 , 0.0811762 , -0.163749 , 0.112707
13.9485 , 0.0841066 , -0.14593 , 0.121099 , 0.0855639 , -0.13222 , 0.124612
13.9836 , 0.0883907 , -0.115444 , 0.133766 , 0.0903397 , -0.101409 , 0.137921
14.0135 , 0.0939139 , -0.0816939 , 0.149362 , 0.0968881 , -0.0706719 , 0.152547
14.0476 , 0.101139 , -0.0509428 , 0.16257 , 0.104111 , -0.0386156 , 0.166516
14.0792 , 0.110341 , -0.0203836 , 0.176332 , 0.114427 , -0.00613901 , 0.17933
14.1157 , 0.118559 , 0.0079544 , 0.190756 , 0.12566 , 0.0256275 , 0.192474
14.1462 , 0.129837 , 0.0431335 , 0.206058 , 0.136283 , 0.0567456 , 0.208102
14.1799 , 0.140916 , 0.0737685 , 0.219988 , 0.147135 , 0.0877292 , 0.222866
14.2154 , 0.151147 , 0.104311 , 0.234397 , 0.156893 , 0.118214 , 0.236176
14.247 , 0.160738 , 0.133608 , 0.247691 , 0.165844 , 0.146201 , 0.248696
14.2834 , 0.169447 , 0.160714 , 0.259691 , 0.17367 , 0.172222 , 0.260076
14.317 , 0.175457 , 0.183639 , 0.270612 , 0.181361 , 0.195664 , 0.26873
14.3516 , 0.183826 , 0.2076 , 0.278255 , 0.186892 , 0.217176 , 0.27801
14.3886 , 0.189855 , 0.228778 , 0.286406 , 0.192518 , 0.239923 , 0.284867
14.4179 , 0.194151 , 0.252375 , 0.295357 , 0.199494 , 0.26283 , 0.294224
14.451 , 0.198534 , 0.270161 , 0.302822 , 0.202205 , 0.276302 , 0.298443
14.4818 , 0.202153 , 0.286348 , 0.305442 , 0.204393 , 0.289957 , 0.303386
14.5164 , 0.205772 , 0.301312 , 0.310422 , 0.209309 , 0.303183 , 0.308059
14.5509 , 0.209019 , 0.313803 , 0.312692 , 0.211207 , 0.312316 , 0.308286
14.588 , 0.210623 , 0.32222 , 0.314575 , 0.212803 , 0.318901 , 0.306729
14.6192 , 0.213456 , 0.32802 , 0.314693 , 0.218591 , 0.327106 , 0.308656
14.6495 , 0.211154 , 0.325802 , 0.307413 , 0.224874 , 0.332367 , 0.30924
14.6841 , 0.218202 , 0.328323 , 0.305654 , 0.227558 , 0.330597 , 0.305361
14.7184 , 0.221308 , 0.328292 , 0.303932 , 0.23005 , 0.329855 , 0.305129
14.7521 , 0.221605 , 0.327431 , 0.299892 , 0.224097 , 0.324616 , 0.297151
14.7899 , 0.22022 , 0.327909 , 0.298345 , 0.230596 , 0.327251 , 0.296724
14.8263 , 0.22063 , 0.325194 , 0.294111 , 0.230578 , 0.323192 , 0.291814
14.8706 , 0.220593 , 0.323615 , 0.293166 , 0.229296 , 0.320574 , 0.289853
14.9012 , 0.215163 , 0.316199 , 0.284289 , 0.223502 , 0.313797 , 0.285262
14.9357 , 0.21071 , 0.312152 , 0.281772 , 0.217929 , 0.308435 , 0.280765
14.9702 , 0.205148 , 0.306723 , 0.278675 , 0.212168 , 0.303185 , 0.276715
15.004 , 0.20046 , 0.299 , 0.27211 , 0.205121 , 0.290015 , 0.266687
15.0384 , 0.193098 , 0.286012 , 0.261197 , 0.197595 , 0.27687 , 0.253722
15.0691 , 0.18508 , 0.270526 , 0.244943 , 0.188897 , 0.264329 , 0.238856
15.1035 , 0.177872 , 0.258233 , 0.230874 , 0.179981 , 0.250974 , 0.223501
15.1381 , 0.170003 , 0.242241 , 0.21553 , 0.167258 , 0.234431 , 0.208363
15.1724 , 0.159625 , 0.224251 , 0.200353 , 0.155802 , 0.218107 , 0.192329
15.206 , 0.148951 , 0.205937 , 0.184679 , 0.14386 , 0.199549 , 0.175029
15.2367 , 0.138726 , 0.187298 , 0.169435 , 0.131415 , 0.179324 , 0.15764
15.2712 , 0.129334 , 0.167116 , 0.152125 , 0.118024 , 0.157411 , 0.139939
15.3058 , 0.11897 , 0.142759 , 0.135793 , 0.104883 , 0.136731 , 0.12365
15.3403 , 0.108499 , 0.120466 , 0.120126 , 0.0939459 , 0.114756 , 0.109477
15.3709 , 0.099765 , 0.0981561 , 0.105614 , 0.0835049 , 0.0909874 , 0.0924105
15.4055 , 0.0917349 , 0.0747682 , 0.090304 , 0.0750015 , 0.0670643 , 0.0794551
15.4392 , 0.0846248 , 0.0497758 , 0.0741818 , 0.0681228 , 0.041197 , 0.0658196
15.4741 , 0.0777698 , 0.0238629 , 0.0594102 , 0.0622573 , 0.0131806 , 0.0509695
15.5079 , 0.0725226 , -0.00662226 , 0.0457482 , 0.0578682 , -0.0162266 , 0.038273
15.5465 , 0.0676565 , -0.0364128 , 0.0311496 , 0.0553678 , -0.0461889 , 0.0259221
15.5788 , 0.0654636 , -0.0662874 , 0.0167177 , 0.0529059 , -0.0779469 , 0.0116426
15.6138 , 0.0621727 , -0.100716 , 0.000613546 , 0.0496025 , -0.113672 , -0.00303729
15.6437 , 0.0598319 , -0.136674 , -0.0147335 , 0.0526524 , -0.149288 , -0.0200545
15.6761 , 0.060351 , -0.173012 , -0.0324871 , 0.0579819 , -0.187589 , -0.0383733
15.7094 , 0.0623323 , -0.208603 , -0.050679 , 0.0604522 , -0.222281 , -0.0569097
15.74 , 0.0651307 , -0.24454 , -0.0704158 , 0.0676295 , -0.256228 , -0.0785827
15.7754 , 0.0703108 , -0.275293 , -0.0894598 , 0.0752052 , -0.286884 , -0.101029
15.8149 , 0.0770325 , -0.304152 , -0.110944 , 0.0815806 , -0.313611 , -0.122602
15.8462 , 0.080989 , -0.326675 , -0.130306 , 0.0899309 , -0.338099 , -0.146687
15.8777 , 0.0917553 , -0.351132 , -0.155789 , 0.0969379 , -0.357234 , -0.169237
15.9116 , 0.0992147 , -0.369596 , -0.17718 , 0.10443 , -0.374027 , -0.190073
15.9441 , 0.104605 , -0.383832 , -0.196432 , 0.108286 , -0.386462 , -0.209142
15.9797 , 0.110112 , -0.392039 , -0.211171 , 0.113191 , -0.395114 , -0.227034
16.0137 , 0.115166 , -0.39896 , -0.22718 , 0.117218 , -0.400707 , -0.239273
16.0455 , 0.120698 , -0.40671 , -0.242115 , 0.120694 , -0.405769 , -0.249636
16.082 , 0.124269 , -0.409283 , -0.249265 , 0.124346 , -0.410294 , -0.258287
16.1123 , 0.127715 , -0.414365 , -0.256049 , 0.127402 , -0.415185 , -0.264936
16.1523 , 0.131111 , -0.417677 , -0.258713 , 0.130238 , -0.415868 , -0.264955
16.1957 , 0.135697 , -0.416749 , -0.259154 , 0.131195 , -0.415227 , -0.259723
16.2286 , 0.135998 , -0.413802 , -0.252378 , 0.130321 , -0.411107 , -0.251223
16.2646 , 0.134846 , -0.40827 , -0.243326 , 0.129039 , -0.407262 , -0.241077
16.2962 , 0.135245 , -0.404643 , -0.235028 , 0.127422 , -0.399665 , -0.229258
16.3327 , 0.133607 , -0.396019 , -0.223087 , 0.124895 , -0.39261 , -0.215424
16.3638 , 0.130916 , -0.387962 , -0.209054 , 0.123212 , -0.386456 , -0.201011
16.402 , 0.129833 , -0.381454 , -0.1936 , 0.122084 , -0.379178 , -0.185109
16.4334 , 0.127049 , -0.373236 , -0.174833 , 0.12112 , -0.370333 , -0.166455
16.462 , 0.125802 , -0.363523 , -0.155201 , 0.121691 , -0.363146 , -0.146662
16.4965 , 0.126411 , -0.354996 , -0.13364 , 0.12163 , -0.35362 , -0.123907
16.5321 , 0.125808 , -0.346218 , -0.111916 , 0.121993 , -0.343017 , -0.0996488
16.5651 , 0.1259 , -0.337334 , -0.0894814 , 0.124097 , -0.33379 , -0.0770367
16.6002 , 0.126699 , -0.327647 , -0.0665597 , 0.124892 , -0.320775 , -0.0537176
16.6337 , 0.126407 , -0.311966 , -0.0404028 , 0.125877 , -0.307937 , -0.0304123
16.6646 , 0.124329 , -0.29687 , -0.0140549 , 0.1238 , -0.291316 , -0.00447426
16.6999 , 0.12231 , -0.280987 , 0.0100637 , 0.121771 , -0.274393 , 0.020927
16.7343 , 0.120471 , -0.26463 , 0.0340476 , 0.122515 , -0.257115 , 0.0421006
16.7644 , 0.117364 , -0.244862 , 0.0565661 , 0.12255 , -0.238555 , 0.0629894
16.7979 , 0.118117 , -0.224251 , 0.0762579 , 0.12227 , -0.218331 , 0.0815411
16.8315 , 0.122121 , -0.204359 , 0.0934804 , 0.124494 , -0.195061 , 0.0990787
16.8659 , 0.125209 , -0.181094 , 0.110752 , 0.12872 , -0.170903 , 0.117618
16.9004 , 0.128248 , -0.154717 , 0.127133 , 0.135378 , -0.146034 , 0.133097
16.9348 , 0.137489 , -0.132084 , 0.140931 , 0.144562 , -0.12096 , 0.14686
16.9651 , 0.147111 , -0.107996 , 0.15467 , 0.155715 , -0.0965917 , 0.158521
16.9993 , 0.158804 , -0.0828979 , 0.16727 , 0.167136 , -0.0728145 , 0.170881
17.0339 , 0.173901 , -0.0582492 , 0.176671 , 0.183175 , -0.04809 , 0.17915
17.0682 , 0.18786 , -0.0335744 , 0.186054 , 0.197452 , -0.0232382 , 0.186657
17.1018 , 0.201068 , -0.00926592 , 0.195235 , 0.211187 , 0.00170747 , 0.195653
17.139 , 0.217051 , 0.0173864 , 0.207292 , 0.224303 , 0.0261985 , 0.206413
17.1742 , 0.231059 , 0.0421075 , 0.219471 , 0.235858 , 0.0508872 , 0.219203
17.2035 , 0.242712 , 0.0650782 , 0.232362 , 0.246112 , 0.0736895 , 0.231449
17.2363 , 0.250336 , 0.0861061 , 0.243592 , 0.256683 , 0.0978357 , 0.245578
17.2696 , 0.261918 , 0.110997 , 0.260284 , 0.267907 , 0.120179 , 0.256637
17.3012 , 0.271044 , 0.13305 , 0.271777 , 0.276079 , 0.139585 , 0.264587
17.3357 , 0.279466 , 0.152515 , 0.280958 , 0.284424 , 0.158729 , 0.27311
17.3695 , 0.289134 , 0.170626 , 0.286384 , 0.287845 , 0.177523 , 0.282596
17.4009 , 0.297174 , 0.189699 , 0.295715 , 0.298136 , 0.195584 , 0.291073
17.4373 , 0.303625 , 0.206271 , 0.303929 , 0.307243 , 0.213848 , 0.301961
17.468 , 0.310658 , 0.221448 , 0.310146 , 0.31395 , 0.228041 , 0.31102
17.5036 , 0.315794 , 0.230916 , 0.315061 , 0.322534 , 0.236916 , 0.317761
17.5369 , 0.322125 , 0.239614 , 0.321369 , 0.329058 , 0.244118 , 0.321651
17.5715 , 0.326444 , 0.246977 , 0.326991 , 0.330154 , 0.250238 , 0.323284
17.6053 , 0.328062 , 0.252168 , 0.329447 , 0.334091 , 0.252909 , 0.327796
17.6357 , 0.327835 , 0.255889 , 0.331885 , 0.331434 , 0.257249 , 0.327736
17.6728 , 0.326124 , 0.259535 , 0.330819 , 0.333027 , 0.260494 , 0.331813
17.7063 , 0.326259 , 0.262303 , 0.332838 , 0.328892 , 0.261853 , 0.331875
17.7408 , 0.322278 , 0.26459 , 0.331868 , 0.323297 , 0.264232 , 0.332786
17.7737 , 0.31718 , 0.265362 , 0.331318 , 0.327482 , 0.265716 , 0.33444
17.8035 , 0.317675 , 0.263319 , 0.328617 , 0.326983 , 0.262649 , 0.329894
17.8394 , 0.316578 , 0.262009 , 0.32659 , 0.325902 , 0.261295 , 0.327748
17.8725 , 0.315325 , 0.259538 , 0.324152 , 0.323738 , 0.256797 , 0.323536
17.9071 , 0.314922 , 0.254475 , 0.322198 , 0.321851 , 0.252122 , 0.320606
17.9379 , 0.312495 , 0.249584 , 0.319017 , 0.320043 , 0.247808 , 0.318983
17.9722 , 0.310327 , 0.245079 , 0.316724 , 0.315933 , 0.240733 , 0.31515
18.0049 , 0.305264 , 0.237051 , 0.310893 , 0.311781 , 0.235647 , 0.311305
18.041 , 0.300754 , 0.229961 , 0.305642 , 0.305844 , 0.226099 , 0.303934
18.0721 , 0.294252 , 0.221372 , 0.299158 , 0.297922 , 0.216259 , 0.296676
18.1065 , 0.288368 , 0.211324 , 0.290796 , 0.290159 , 0.204933 , 0.289164
18.1402 , 0.281556 , 0.198503 , 0.282443 , 0.281349 , 0.190923 , 0.277013
18.1747 , 0.276316 , 0.181255 , 0.272378 , 0.271318 , 0.175488 , 0.262492
18.2081 , 0.267609 , 0.166906 , 0.258885 , 0.260968 , 0.161503 , 0.248365
18.2425 , 0.258464 , 0.14966 , 0.242481 , 0.250478 , 0.146619 , 0.233272
18.2732 , 0.250217 , 0.134706 , 0.229261 , 0.240241 , 0.129838 , 0.218085
18.3077 , 0.241108 , 0.116214 , 0.21324 , 0.229546 , 0.108048 , 0.198535
18.3441 , 0.231105 , 0.0937899 , 0.195124 , 0.219362 , 0.0915903 , 0.186884
18.3783 , 0.220758 , 0.073619 , 0.178634 , 0.211013 , 0.0711571 , 0.174228
18.4121 , 0.212221 , 0.0560148 , 0.167039 , 0.196976 , 0.0490082 , 0.158311
18.4426 , 0.203105 , 0.0349135 , 0.155229 , 0.187634 , 0.0286865 , 0.147035
18.4775 , 0.192572 , 0.0130784 , 0.141834 , 0.179158 , 0.00650691 , 0.136464
18.5115 , 0.185069 , -0.00814366 , 0.129633 , 0.170342 , -0.0161558 , 0.123591
18.5456 , 0.178147 , -0.0321839 , 0.115613 , 0.163031 , -0.0391671 , 0.110722
18.5754 , 0.171708 , -0.0554142 , 0.101261 , 0.15557 , -0.0647196 , 0.0956663
18.6088 , 0.163814 , -0.0818719 , 0.0838633 , 0.152059 , -0.0886589 , 0.0790715
18.6433 , 0.158368 , -0.105721 , 0.0671344 , 0.147618 , -0.113358 , 0.0626194
18.6779 , 0.150776 , -0.125257 , 0.0514157 , 0.142638 , -0.138713 , 0.0437389
18.7125 , 0.147234 , -0.153849 , 0.0325124 , 0.140891 , -0.162344 , 0.0258766
18.7461 , 0.147346 , -0.17855 , 0.0119849 , 0.141553 , -0.185156 , 0.00673124
18.7764 , 0.146997 , -0.204425 , -0.010154 , 0.144821 , -0.209437 , -0.0166013
18.8168 , 0.149234 , -0.22343 , -0.0304097 , 0.149093 , -0.230986 , -0.0391922
18.8517 , 0.153506 , -0.242717 , -0.0521472 , 0.155425 , -0.249862 , -0.0647427
18.8831 , 0.15858 , -0.262514 , -0.0779053 , 0.162307 , -0.266511 , -0.0887085
18.914 , 0.165031 , -0.277181 , -0.0979605 , 0.168742 , -0.281949 , -0.109412
18.9478 , 0.172965 , -0.290864 , -0.117797 , 0.178132 , -0.294609 , -0.128724
18.9834 , 0.18312 , -0.302678 , -0.134839 , 0.18847 , -0.305907 , -0.146503
19.0167 , 0.190752 , -0.310329 , -0.14583 , 0.198406 , -0.317389 , -0.16262
19.0538 , 0.200618 , -0.321598 , -0.161825 , 0.204638 , -0.323169 , -0.170503
19.1005 , 0.20644 , -0.330273 , -0.171207 , 0.207742 , -0.332213 , -0.177663
19.1349 , 0.207467 , -0.33588 , -0.175299 , 0.207725 , -0.33968 , -0.184264
19.1676 , 0.207616 , -0.340104 , -0.177419 , 0.20646 , -0.341318 , -0.185324
19.1962 , 0.207037 , -0.342914 , -0.179931 , 0.204027 , -0.341767 , -0.18315
19.2313 , 0.204501 , -0.342967 , -0.178912 , 0.197954 , -0.341729 , -0.180681
19.2629 , 0.201514 , -0.342432 , -0.177942 , 0.19303 , -0.339026 , -0.175831
19.2994 , 0.194539 , -0.336562 , -0.169324 , 0.187105 , -0.33453 , -0.167979
19.3387 , 0.189326 , -0.331734 , -0.161642 , 0.181305 , -0.330082 , -0.158173
19.3883 , 0.185177 , -0.327006 , -0.153767 , 0.177012 , -0.324935 , -0.147465
19.4253 , 0.180787 , -0.322711 , -0.144885 , 0.17335 , -0.320174 , -0.136136
19.4665 , 0.177538 , -0.315494 , -0.132297 , 0.168646 , -0.311318 , -0.122992
19.4979 , 0.174042 , -0.308574 , -0.11884 , 0.168158 , -0.304422 , -0.113458
19.5325 , 0.169669 , -0.296988 , -0.104189 , 0.165217 , -0.294228 , -0.0978988
19.5671 , 0.165067 , -0.285882 , -0.0879415 , 0.161227 , -0.282106 , -0.0801474
19.6005 , 0.161014 , -0.275696 , -0.0707642 , 0.16007 , -0.270964 , -0.0642075
19.6367 , 0.159524 , -0.26276 , -0.0560418 , 0.157294 , -0.260611 , -0.0497118
19.6673 , 0.15568 , -0.250696 , -0.0396361 , 0.153244 , -0.245225 , -0.0326214
19.7009 , 0.152072 , -0.23667 , -0.0232467 , 0.149642 , -0.231387 , -0.0163494
19.7342 , 0.147461 , -0.223337 , -0.0084118 , 0.147234 , -0.217939 , -0.00110672
19.7699 , 0.142518 , -0.210266 , 0.00725388 , 0.141545 , -0.204378 , 0.0139529
19.8044 , 0.135715 , -0.19564 , 0.0226452 , 0.137039 , -0.192451 , 0.0288611
19.8351 , 0.128243 , -0.183447 , 0.035999 , 0.126027 , -0.178651 , 0.0419314
19.8689 , 0.118222 , -0.170611 , 0.0487267 , 0.118021 , -0.166746 , 0.0529431
19.9044 , 0.112082 , -0.159972 , 0.0569465 , 0.112072 , -0.153622 , 0.0624147
19.9354 , 0.108941 , -0.147253 , 0.0646906 , 0.10891 , -0.14096 , 0.0678577
19.9722 , 0.102648 , -0.133006 , 0.0721731 , 0.104387 , -0.127983 , 0.0729862
20.0036 , 0.0987577 , -0.120311 , 0.0781095 , 0.0965435 , -0.113271 , 0.0778807
20.0375 , 0.0913456 , -0.106 , 0.0804824 , 0.0908657 , -0.0998297 , 0.0813314
20.0729 , 0.0867747 , -0.0924821 , 0.0834137 , 0.0879818 , -0.087139 , 0.0834564
20.1065 , 0.0839377 , -0.079043 , 0.0860568 , 0.0852378 , -0.075912 , 0.0839616
20.1402 , 0.0837865 , -0.067592 , 0.0863267 , 0.0849163 , -0.0621808 , 0.0850929
20.1698 , 0.0809473 , -0.056427 , 0.0885769 , 0.0865507 , -0.0502453 , 0.0869414
20.2056 , 0.0815165 , -0.044832 , 0.0913824 , 0.0896111 , -0.0408093 , 0.0881404
20.2363 , 0.0856938 , -0.0363417 , 0.0928076 , 0.0920807 , -0.0330658 , 0.0921307
20.2725 , 0.0893655 , -0.0292079 , 0.0956723 , 0.0951871 , -0.0259588 , 0.0958733
20.3062 , 0.093213 , -0.0228801 , 0.0989536 , 0.100427 , -0.0203468 , 0.0959261
20.3387 , 0.0974395 , -0.0186562 , 0.100807 , 0.104185 , -0.0164187 , 0.0961649
20.3725 , 0.103861 , -0.0138119 , 0.100995 , 0.118633 , -0.0144478 , 0.0976142
20.408 , 0.108673 , -0.0120688 , 0.10024 , 0.123084 , -0.0105753 , 0.0998584
20.4396 , 0.11264 , -0.0102178 , 0.100784 , 0.120137 , -0.00863018 , 0.101718
20.4762 , 0.115879 , -0.00977153 , 0.102316 , 0.11798 , -0.00927642 , 0.102625
20.5103 , 0.11719 , -0.00943772 , 0.104964 , 0.118148 , -0.0111371 , 0.101932
20.5414 , 0.122543 , -0.0110993 , 0.104622 , 0.125397 , -0.012694 , 0.103119
20.5745 , 0.126376 , -0.0115739 , 0.10618 , 0.129745 , -0.0127872 , 0.104478
20.6103 , 0.129509 , -0.0136484 , 0.105443 , 0.127705 , -0.0130304 , 0.105866
20.6466 , 0.130652 , -0.0147859 , 0.10649 , 0.132848 , -0.0163453 , 0.107266
20.6814 , 0.132569 , -0.0178934 , 0.106657 , 0.130501 , -0.0166567 , 0.108701
20.7282 , 0.131718 , -0.0193976 , 0.107212 , 0.131925 , -0.0206633 , 0.110313
20.7595 , 0.131967 , -0.0205766 , 0.105202 , 0.130703 , -0.0236842 , 0.108314
20.7941 , 0.130202 , -0.0235111 , 0.103329 , 0.129801 , -0.024564 , 0.104222
20.8257 , 0.129605 , -0.0239656 , 0.102625 , 0.130194 , -0.0259271 , 0.103507
20.862 , 0.128446 , -0.0238149 , 0.104323 , 0.129629 , -0.0243785 , 0.106447
20.8967 , 0.128094 , -0.0233969 , 0.104717 , 0.128534 , -0.0239991 , 0.110713
20.9279 , 0.126122 , -0.026071 , 0.106838 , 0.124369 , -0.0257365 , 0.11272
20.9601 , 0.123766 , -0.0270862 , 0.110774 , 0.121314 , -0.0282851 , 0.115662
20.9953 , 0.121388 , -0.0282424 , 0.115409 , 0.121023 , -0.0295683 , 0.11914
21.0308 , 0.118395 , -0.0300733 , 0.116142 , 0.119846 , -0.030683 , 0.122569
21.0623 , 0.117361 , -0.0322294 , 0.11936 , 0.118866 , -0.0313773 , 0.126811
21.0939 , 0.117732 , -0.0317809 , 0.124878 , 0.118493 , -0.0332329 , 0.129935
21.1274 , 0.118224 , -0.0348746 , 0.127345 , 0.11864 , -0.0348567 , 0.132675
21.1607 , 0.119003 , -0.0371672 , 0.129722 , 0.119443 , -0.0392437 , 0.132854
21.1971 , 0.120992 , -0.0409059 , 0.130052 , 0.121348 , -0.0410158 , 0.132428
21.2319 , 0.123076 , -0.0426088 , 0.128442 , 0.122891 , -0.0428588 , 0.130755
21.2661 , 0.123723 , -0.0458974 , 0.12505 , 0.123144 , -0.0449788 , 0.12788
21.2973 , 0.124079 , -0.0484758 , 0.123303 , 0.122151 , -0.0493649 , 0.124752
21.3289 , 0.123186 , -0.0520312 , 0.119545 , 0.12193 , -0.0552666 , 0.119677
21.3653 , 0.121155 , -0.0565968 , 0.115477 , 0.119717 , -0.0596993 , 0.116044
21.3961 , 0.118772 , -0.06079 , 0.11122 , 0.118163 , -0.0611707 , 0.111605
21.438 , 0.116489 , -0.064925 , 0.103821 , 0.116353 , -0.0659391 , 0.105761
21.4809 , 0.115377 , -0.0682886 , 0.0989394 , 0.114544 , -0.0720425 , 0.0984389
21.5144 , 0.112822 , -0.0738183 , 0.0937871 , 0.112183 , -0.077282 , 0.0931001
21.5506 , 0.109863 , -0.0794595 , 0.089197 , 0.10926 , -0.0841824 , 0.0879266
