627

0.026277 , -0.314944 , -0.0432718 , 0.272422 , -0.276793 , -0.0407316 , 0.288446
0.06183 , -0.31492 , -0.0433067 , 0.272415 , -0.285395 , -0.0341447 , 0.302733
0.098736 , -0.314896 , -0.0433613 , 0.272405 , -0.323665 , -0.0267949 , 0.316292
0.144522 , -0.314872 , -0.0434346 , 0.27239 , -0.355314 , -0.0272686 , 0.310711
0.184999 , -0.314837 , -0.0434971 , 0.272371 , -0.364246 , -0.0353607 , 0.290348
0.231934 , -0.314789 , -0.0435499 , 0.272355 , -0.351868 , -0.0452328 , 0.266445
0.282304 , -0.314735 , -0.0436012 , 0.272335 , -0.329589 , -0.0522922 , 0.249398
0.334268 , -0.314723 , -0.0436124 , 0.272332 , -0.3092 , -0.0550795 , 0.242979
0.384166 , -0.314725 , -0.0436119 , 0.272332 , -0.296563 , -0.0542867 , 0.245863
0.427998 , -0.314715 , -0.0436177 , 0.27233 , -0.292565 , -0.0511491 , 0.25465
0.46486 , -0.314715 , -0.0436157 , 0.272329 , -0.295092 , -0.0469903 , 0.265585
0.499438 , -0.314715 , -0.0436157 , 0.272329 , -0.300842 , -0.0429999 , 0.275557
0.546162 , -0.314715 , -0.0436157 , 0.272329 , -0.30774 , -0.0400026 , 0.282628
0.583012 , -0.314715 , -0.0436157 , 0.272329 , -0.31366 , -0.0386078 , 0.285563
0.629967 , -0.314715 , -0.0436157 , 0.272329 , -0.317731 , -0.0387585 , 0.284734
0.663016 , -0.314715 , -0.0436157 , 0.272329 , -0.319821 , -0.0400415 , 0.281216
0.69503 , -0.314715 , -0.0436157 , 0.272329 , -0.320072 , -0.0419449 , 0.276271
0.72971 , -0.314715 , -0.0436157 , 0.272329 , -0.319063 , -0.0436778 , 0.271918
0.763473 , -0.314715 , -0.0436157 , 0.272329 , -0.317726 , -0.0448701 , 0.268881
0.798211 , -0.314715 , -0.0436157 , 0.272329 , -0.316333 , -0.0454336 , 0.267548
0.829942 , -0.314715 , -0.0436157 , 0.272329 , -0.315009 , -0.0453222 , 0.267944
0.861793 , -0.314715 , -0.0436157 , 0.272329 , -0.314211 , -0.0446561 , 0.269698
0.895382 , -0.314715 , -0.0436157 , 0.272329 , -0.313895 , -0.0438009 , 0.272006
0.930903 , -0.314715 , -0.0436157 , 0.272329 , -0.313585 , -0.0429015 , 0.274477
0.96961 , -0.314715 , -0.0436157 , 0.272329 , -0.313803 , -0.0422988 , 0.27592
1.0149 , -0.314715 , -0.0436157 , 0.272329 , -0.314171 , -0.0421158 , 0.276336
1.04648 , -0.314715 , -0.0436157 , 0.272329 , -0.314313 , -0.0421784 , 0.276152
1.08114 , -0.314716 , -0.0436157 , 0.272328 , -0.314361 , -0.042469 , 0.275456
1.11479 , -0.310326 , -0.0454376 , 0.27075 , -0.305989 , -0.0448518 , 0.272609
1.14946 , -0.310326 , -0.0454376 , 0.27075 , -0.310022 , -0.0460763 , 0.269968
1.18052 , -0.310185 , -0.046107 , 0.271043 , -0.315041 , -0.0459642 , 0.270357
1.21819 , -0.309946 , -0.0471952 , 0.271573 , -0.314423 , -0.046601 , 0.271619
1.25031 , -0.309956 , -0.0469659 , 0.271635 , -0.310568 , -0.0466926 , 0.272246
1.28194 , -0.309956 , -0.0469659 , 0.271635 , -0.307844 , -0.0461513 , 0.272832
1.31469 , -0.30953 , -0.045182 , 0.271517 , -0.307552 , -0.0449956 , 0.273258
1.34984 , -0.30961 , -0.0451154 , 0.271849 , -0.308591 , -0.0447654 , 0.273838
1.38591 , -0.309638 , -0.0452888 , 0.272139 , -0.310022 , -0.0442004 , 0.274246
1.42357 , -0.309609 , -0.0450904 , 0.272399 , -0.310453 , -0.044325 , 0.27418
1.4693 , -0.309513 , -0.045001 , 0.272523 , -0.310334 , -0.0445118 , 0.273688
1.50454 , -0.309569 , -0.0446737 , 0.27267 , -0.309449 , -0.04456 , 0.273168
1.53782 , -0.309641 , -0.0434938 , 0.272821 , -0.308685 , -0.0439305 , 0.272451
1.57035 , -0.309538 , -0.0444827 , 0.273196 , -0.308908 , -0.0443587 , 0.272976
1.60467 , -0.309593 , -0.0441067 , 0.273282 , -0.309179 , -0.0440917 , 0.273501
1.63912 , -0.309629 , -0.0440681 , 0.273306 , -0.309706 , -0.0436339 , 0.274427
1.67336 , -0.309662 , -0.0440181 , 0.273229 , -0.310923 , -0.0438231 , 0.275367
1.70741 , -0.30972 , -0.0442811 , 0.273373 , -0.310979 , -0.0437964 , 0.275718
1.75217 , -0.30956 , -0.0441521 , 0.273574 , -0.310355 , -0.0434717 , 0.275644
1.78466 , -0.309697 , -0.0445196 , 0.273686 , -0.309674 , -0.0436109 , 0.275324
1.81816 , -0.310054 , -0.0447132 , 0.273744 , -0.309337 , -0.0442838 , 0.27467
1.8547 , -0.310485 , -0.0457745 , 0.27404 , -0.309081 , -0.0453374 , 0.274176
1.88958 , -0.31054 , -0.0455993 , 0.27408 , -0.309766 , -0.0460287 , 0.274257
1.92168 , -0.310909 , -0.0453425 , 0.274319 , -0.310124 , -0.0454112 , 0.274648
1.95552 , -0.311273 , -0.0460675 , 0.274588 , -0.310417 , -0.0452282 , 0.275006
1.98751 , -0.311524 , -0.0455967 , 0.274576 , -0.310608 , -0.0447953 , 0.27506
2.02246 , -0.311823 , -0.0450762 , 0.274526 , -0.311857 , -0.0444341 , 0.27572
2.06342 , -0.312136 , -0.0446788 , 0.274727 , -0.313099 , -0.0441186 , 0.276765
2.10621 , -0.312431 , -0.0443405 , 0.275038 , -0.313526 , -0.0437378 , 0.276854
2.13725 , -0.312711 , -0.0447627 , 0.275725 , -0.313595 , -0.0434721 , 0.277507
2.17148 , -0.312782 , -0.0442676 , 0.276186 , -0.313609 , -0.0437526 , 0.277672
2.20919 , -0.313327 , -0.044965 , 0.277128 , -0.314115 , -0.0439156 , 0.278414
2.24109 , -0.314085 , -0.0454002 , 0.278131 , -0.314412 , -0.0435014 , 0.278979
2.27746 , -0.314247 , -0.0446428 , 0.278647 , -0.314152 , -0.0439118 , 0.279696
2.32979 , -0.314279 , -0.0440086 , 0.279519 , -0.313424 , -0.0422543 , 0.280261
2.37802 , -0.313964 , -0.0425956 , 0.279786 , -0.312066 , -0.043438 , 0.280513
2.42319 , -0.312766 , -0.044481 , 0.28064 , -0.311244 , -0.0464265 , 0.281031
2.45558 , -0.312073 , -0.0468269 , 0.280761 , -0.31284 , -0.0449603 , 0.282537
2.49119 , -0.311733 , -0.0435325 , 0.281601 , -0.313933 , -0.0440136 , 0.284445
2.52279 , -0.30989 , -0.0464705 , 0.281089 , -0.313911 , -0.0458327 , 0.285313
2.55927 , -0.312001 , -0.0455838 , 0.284255 , -0.315241 , -0.0461736 , 0.286604
2.594 , -0.309728 , -0.0445378 , 0.284216 , -0.31302 , -0.0441009 , 0.287812
2.62522 , -0.307303 , -0.0465765 , 0.284797 , -0.312182 , -0.0484616 , 0.289546
2.657 , -0.311061 , -0.0487598 , 0.287621 , -0.311221 , -0.0490312 , 0.289415
2.69339 , -0.309853 , -0.0483706 , 0.287415 , -0.310667 , -0.0491993 , 0.291108
2.72799 , -0.309461 , -0.0481701 , 0.288163 , -0.309543 , -0.0490746 , 0.293014
2.76223 , -0.307154 , -0.0522704 , 0.291008 , -0.306903 , -0.0505183 , 0.295153
2.7943 , -0.306032 , -0.0517826 , 0.293172 , -0.303732 , -0.0514922 , 0.297314
2.8259 , -0.302222 , -0.0555656 , 0.294367 , -0.30227 , -0.0520478 , 0.300123
2.86119 , -0.298357 , -0.056821 , 0.296586 , -0.299932 , -0.0558213 , 0.303909
2.89266 , -0.298021 , -0.0580748 , 0.301013 , -0.296786 , -0.056047 , 0.307545
2.92562 , -0.294069 , -0.0603972 , 0.303515 , -0.296064 , -0.0576819 , 0.311938
2.9595 , -0.289868 , -0.0642506 , 0.306621 , -0.293528 , -0.0572167 , 0.314469
2.99668 , -0.286538 , -0.063863 , 0.30987 , -0.290271 , -0.0623795 , 0.318371
3.03554 , -0.283695 , -0.0658534 , 0.313393 , -0.287914 , -0.0659507 , 0.321404
3.0784 , -0.278569 , -0.0699037 , 0.315888 , -0.286176 , -0.0675985 , 0.323916
3.11008 , -0.273209 , -0.0691254 , 0.318102 , -0.281014 , -0.0696205 , 0.325503
3.1419 , -0.268401 , -0.0695802 , 0.320301 , -0.270745 , -0.0717575 , 0.323005
3.17613 , -0.262983 , -0.0716666 , 0.322734 , -0.261579 , -0.0762814 , 0.31823
3.21035 , -0.257669 , -0.0734214 , 0.324656 , -0.254755 , -0.0803478 , 0.316641
3.24492 , -0.251129 , -0.0756134 , 0.327417 , -0.251787 , -0.0798009 , 0.318126
3.27824 , -0.241449 , -0.077258 , 0.329006 , -0.246838 , -0.0778116 , 0.324285
3.30887 , -0.231763 , -0.0806628 , 0.33045 , -0.236848 , -0.0820197 , 0.331972
3.34338 , -0.219503 , -0.0820283 , 0.331543 , -0.224553 , -0.0881449 , 0.338973
3.37789 , -0.20607 , -0.0920837 , 0.334065 , -0.207213 , -0.0931208 , 0.342399
3.41243 , -0.190446 , -0.0986105 , 0.334776 , -0.187932 , -0.0981464 , 0.343433
3.44609 , -0.17494 , -0.0973828 , 0.33378 , -0.168432 , -0.0994454 , 0.34132
3.4766 , -0.159472 , -0.101349 , 0.332148 , -0.149958 , -0.101528 , 0.33759
3.51613 , -0.143838 , -0.0996801 , 0.32978 , -0.132525 , -0.10119 , 0.333187
3.55294 , -0.125801 , -0.102601 , 0.327809 , -0.117743 , -0.104235 , 0.330123
3.60027 , -0.110109 , -0.101644 , 0.32659 , -0.104023 , -0.103124 , 0.327763
3.6294 , -0.0951689 , -0.104123 , 0.325939 , -0.0929098 , -0.0988134 , 0.326832
3.66601 , -0.080814 , -0.0979808 , 0.324338 , -0.0841852 , -0.0971454 , 0.328412
3.69474 , -0.0685414 , -0.096755 , 0.324366 , -0.0764801 , -0.0965034 , 0.329553
3.73151 , -0.0589024 , -0.0952916 , 0.325954 , -0.0680373 , -0.0945929 , 0.331682
3.76326 , -0.0472236 , -0.0931699 , 0.328193 , -0.0585688 , -0.095084 , 0.335245
3.79723 , -0.0389946 , -0.09584 , 0.331692 , -0.0470961 , -0.093993 , 0.33869
3.83218 , -0.0308336 , -0.0913555 , 0.335686 , -0.0352495 , -0.0930455 , 0.339004
3.86552 , -0.0227354 , -0.0923444 , 0.33809 , -0.0234505 , -0.09149 , 0.33985
3.89603 , -0.0165924 , -0.0895271 , 0.342576 , -0.0145061 , -0.0913935 , 0.341284
3.93166 , -0.0124462 , -0.0845245 , 0.348912 , -0.00554763 , -0.0872352 , 0.343269
3.96545 , -0.00745923 , -0.0884848 , 0.351035 , 0.00167677 , -0.0910427 , 0.346546
3.99967 , -0.00357258 , -0.0889226 , 0.355247 , 0.00578288 , -0.0907114 , 0.349953
4.03323 , -0.0011051 , -0.093188 , 0.359342 , 0.00831794 , -0.093828 , 0.353929
4.06387 , 9.98618e-05 , -0.0928438 , 0.363611 , 0.00739546 , -0.0901269 , 0.359537
4.09928 , -0.000372673 , -0.0892935 , 0.369075 , 0.00631969 , -0.0879124 , 0.365401
4.13283 , -0.00287278 , -0.0878351 , 0.37543 , 0.00186621 , -0.0876227 , 0.374552
4.16744 , -0.00791444 , -0.0897788 , 0.382674 , -0.00432853 , -0.0885798 , 0.381849
4.20164 , -0.0169412 , -0.0877651 , 0.392086 , -0.0147191 , -0.0894446 , 0.393257
4.23155 , -0.0271435 , -0.0883032 , 0.402772 , -0.0265272 , -0.0897994 , 0.404305
4.2671 , -0.0415262 , -0.0840395 , 0.413583 , -0.0421363 , -0.0830833 , 0.415856
4.30051 , -0.0574221 , -0.0794716 , 0.424484 , -0.0563446 , -0.0796562 , 0.428371
4.33501 , -0.0725897 , -0.0790327 , 0.435593 , -0.0731642 , -0.0765288 , 0.440444
4.36577 , -0.0920787 , -0.0740879 , 0.446908 , -0.0928804 , -0.0691637 , 0.452573
4.40034 , -0.111889 , -0.069627 , 0.458864 , -0.115819 , -0.0663363 , 0.464607
4.4349 , -0.135944 , -0.0613845 , 0.470675 , -0.140766 , -0.059376 , 0.477343
4.46836 , -0.161096 , -0.0527349 , 0.48164 , -0.167042 , -0.0480815 , 0.488198
4.50293 , -0.189664 , -0.0420051 , 0.49142 , -0.194991 , -0.0393306 , 0.499236
4.53346 , -0.220309 , -0.026798 , 0.500376 , -0.225651 , -0.0218458 , 0.506453
4.56806 , -0.251587 , -0.0162067 , 0.507142 , -0.256163 , -0.00955101 , 0.51476
4.60258 , -0.283393 , -0.00430342 , 0.514085 , -0.287955 , 0.00558165 , 0.52226
4.63618 , -0.317294 , 0.0107194 , 0.518903 , -0.318992 , 0.0154682 , 0.530535
4.67067 , -0.349817 , 0.0251379 , 0.522832 , -0.35342 , 0.0299717 , 0.537131
4.70129 , -0.38477 , 0.039122 , 0.527848 , -0.387736 , 0.0514288 , 0.53681
4.73587 , -0.418178 , 0.0541862 , 0.531766 , -0.421059 , 0.0713369 , 0.539786
4.77025 , -0.452155 , 0.0794069 , 0.530717 , -0.453697 , 0.0899099 , 0.541093
4.80401 , -0.481884 , 0.0906408 , 0.536244 , -0.486791 , 0.107824 , 0.54353
4.83851 , -0.514704 , 0.108752 , 0.534657 , -0.515997 , 0.115742 , 0.549604
4.86893 , -0.541311 , 0.116528 , 0.540773 , -0.543514 , 0.127326 , 0.551032
4.90613 , -0.56674 , 0.130168 , 0.542206 , -0.567985 , 0.137374 , 0.552882
4.94324 , -0.591701 , 0.142553 , 0.54192 , -0.591183 , 0.146497 , 0.555933
4.97962 , -0.619982 , 0.152928 , 0.541359 , -0.61462 , 0.155515 , 0.557119
5.02209 , -0.642631 , 0.156582 , 0.551015 , -0.643072 , 0.170958 , 0.55079
5.05647 , -0.666744 , 0.167387 , 0.552395 , -0.66612 , 0.176041 , 0.559194
5.08999 , -0.692074 , 0.181732 , 0.551946 , -0.688312 , 0.184259 , 0.562936
5.12089 , -0.71242 , 0.188552 , 0.555236 , -0.709697 , 0.190213 , 0.568619
5.15526 , -0.731171 , 0.190659 , 0.563418 , -0.730039 , 0.1943 , 0.575012
5.18979 , -0.748678 , 0.192617 , 0.571829 , -0.748688 , 0.196572 , 0.580531
5.22447 , -0.76277 , 0.190933 , 0.580995 , -0.765108 , 0.194085 , 0.588608
5.25794 , -0.777134 , 0.190178 , 0.591251 , -0.78007 , 0.192492 , 0.594441
5.28847 , -0.78802 , 0.185591 , 0.602307 , -0.790868 , 0.190203 , 0.601357
5.32326 , -0.796393 , 0.181753 , 0.612083 , -0.79996 , 0.182387 , 0.61136
5.35755 , -0.803395 , 0.173951 , 0.623373 , -0.806373 , 0.174584 , 0.620055
5.39201 , -0.808917 , 0.167777 , 0.63024 , -0.809953 , 0.163839 , 0.633959
5.42467 , -0.812178 , 0.162024 , 0.637437 , -0.80944 , 0.141225 , 0.652335
5.45881 , -0.81274 , 0.142253 , 0.65095 , -0.812836 , 0.138833 , 0.651162
5.48968 , -0.815811 , 0.139262 , 0.651251 , -0.81271 , 0.133331 , 0.648198
5.52527 , -0.810255 , 0.12245 , 0.65717 , -0.80857 , 0.121157 , 0.650348
5.55989 , -0.80509 , 0.120137 , 0.652149 , -0.796242 , 0.103486 , 0.654471
5.59344 , -0.794032 , 0.103288 , 0.654375 , -0.788369 , 0.097422 , 0.648832
5.62399 , -0.784828 , 0.0941999 , 0.651865 , -0.774281 , 0.086291 , 0.646873
5.65953 , -0.76951 , 0.0862822 , 0.648555 , -0.761591 , 0.0766707 , 0.641807
5.69315 , -0.752381 , 0.0811861 , 0.640888 , -0.745106 , 0.0707724 , 0.632691
5.7246 , -0.732461 , 0.0730966 , 0.63268 , -0.725375 , 0.0641759 , 0.623292
5.76122 , -0.713808 , 0.069905 , 0.623806 , -0.702577 , 0.0578385 , 0.611609
5.79167 , -0.690114 , 0.0678905 , 0.611486 , -0.677532 , 0.0507587 , 0.600224
5.82721 , -0.667485 , 0.0618794 , 0.603231 , -0.656076 , 0.0481658 , 0.590155
5.86071 , -0.642655 , 0.0530805 , 0.593244 , -0.634402 , 0.0460201 , 0.583015
5.89531 , -0.622079 , 0.0484838 , 0.584263 , -0.613611 , 0.0459871 , 0.574314
5.92883 , -0.600348 , 0.0551592 , 0.578418 , -0.591665 , 0.0405919 , 0.567031
5.95943 , -0.576717 , 0.0513528 , 0.568529 , -0.567131 , 0.0444415 , 0.55988
5.99933 , -0.551813 , 0.054385 , 0.561957 , -0.545787 , 0.047 , 0.551088
6.03674 , -0.530303 , 0.0545191 , 0.551153 , -0.524702 , 0.0495532 , 0.544264
6.08054 , -0.508489 , 0.0540964 , 0.543994 , -0.504272 , 0.0516028 , 0.541356
6.11418 , -0.486624 , 0.0554266 , 0.537936 , -0.485174 , 0.0551374 , 0.535864
6.14822 , -0.464022 , 0.0578097 , 0.530313 , -0.466701 , 0.0594862 , 0.533289
6.18052 , -0.441871 , 0.0600802 , 0.525029 , -0.446991 , 0.0605255 , 0.531849
6.21122 , -0.418914 , 0.0578897 , 0.522837 , -0.423745 , 0.0600823 , 0.532383
6.24487 , -0.39199 , 0.0491515 , 0.52501 , -0.400249 , 0.0590619 , 0.533846
6.28031 , -0.363685 , 0.0411988 , 0.523396 , -0.370623 , 0.0475088 , 0.537685
6.31487 , -0.332444 , 0.0328497 , 0.524235 , -0.337185 , 0.0362968 , 0.541084
6.34876 , -0.297788 , 0.0246989 , 0.525817 , -0.300273 , 0.0290511 , 0.542513
6.38293 , -0.261875 , 0.019798 , 0.527005 , -0.260037 , 0.0188534 , 0.543056
6.41258 , -0.226787 , 0.0157395 , 0.528613 , -0.219539 , 0.00844548 , 0.543535
6.44928 , -0.189324 , 0.00965371 , 0.530865 , -0.180472 , -0.00123128 , 0.543477
6.48319 , -0.150725 , 0.00732446 , 0.533885 , -0.141963 , -0.0056835 , 0.547057
6.51513 , -0.115507 , 0.00257732 , 0.536449 , -0.105949 , -0.0131012 , 0.551051
6.54854 , -0.0797362 , -0.00997903 , 0.540391 , -0.0747595 , -0.015549 , 0.553021
6.58313 , -0.0476507 , -0.022185 , 0.538408 , -0.0427423 , -0.0210525 , 0.554138
6.61384 , -0.0183547 , -0.0256661 , 0.538021 , -0.0117631 , -0.026417 , 0.555566
6.65027 , 0.0100694 , -0.030861 , 0.534173 , 0.0192811 , -0.0317944 , 0.552515
6.68084 , 0.0384099 , -0.0348012 , 0.528334 , 0.0497787 , -0.039562 , 0.544813
6.71557 , 0.0673257 , -0.0443408 , 0.519558 , 0.0781912 , -0.0471869 , 0.534732
6.74995 , 0.0921215 , -0.0515344 , 0.508494 , 0.104938 , -0.0536955 , 0.520402
6.78441 , 0.119248 , -0.057171 , 0.495322 , 0.129481 , -0.0532448 , 0.504449
6.81799 , 0.140901 , -0.0554605 , 0.480573 , 0.153814 , -0.0572834 , 0.486672
6.84869 , 0.164263 , -0.06472 , 0.46503 , 0.174794 , -0.0624183 , 0.468974
6.88321 , 0.183164 , -0.0704598 , 0.449056 , 0.191415 , -0.0704418 , 0.451229
6.9176 , 0.197585 , -0.0764915 , 0.434193 , 0.201791 , -0.0765002 , 0.435208
6.95224 , 0.206855 , -0.0745706 , 0.423365 , 0.208011 , -0.0743639 , 0.42096
6.98466 , 0.214848 , -0.0737015 , 0.410061 , 0.212518 , -0.0738828 , 0.404998
7.01735 , 0.219233 , -0.0740377 , 0.398769 , 0.214292 , -0.0717957 , 0.391648
7.05103 , 0.222056 , -0.0699086 , 0.38735 , 0.216239 , -0.0712686 , 0.378761
7.08565 , 0.22269 , -0.0721407 , 0.377459 , 0.217053 , -0.06913 , 0.367035
7.12143 , 0.221605 , -0.0691321 , 0.370195 , 0.217665 , -0.0666012 , 0.35627
7.15087 , 0.219298 , -0.0697569 , 0.362019 , 0.21672 , -0.0704285 , 0.346141
7.18517 , 0.215446 , -0.0657073 , 0.356104 , 0.214455 , -0.0633422 , 0.337737
7.21964 , 0.217123 , -0.0544778 , 0.355441 , 0.21045 , -0.0612914 , 0.332392
7.25319 , 0.20731 , -0.0631319 , 0.34816 , 0.203667 , -0.0606247 , 0.32822
7.28772 , 0.201625 , -0.0651299 , 0.344249 , 0.199774 , -0.065078 , 0.325311
7.32135 , 0.193352 , -0.0636335 , 0.344627 , 0.194907 , -0.0637537 , 0.327341
7.35727 , 0.187107 , -0.070263 , 0.343057 , 0.184548 , -0.0640423 , 0.331891
7.3922 , 0.17578 , -0.0657351 , 0.346797 , 0.172672 , -0.0651757 , 0.338485
7.42329 , 0.17299 , -0.0553774 , 0.358031 , 0.159945 , -0.0712925 , 0.345014
7.45803 , 0.150863 , -0.0718779 , 0.359134 , 0.148256 , -0.077468 , 0.352719
7.4871 , 0.133717 , -0.0746529 , 0.370176 , 0.132119 , -0.0756611 , 0.36784
7.52558 , 0.114267 , -0.0770357 , 0.384611 , 0.114278 , -0.0803211 , 0.383697
7.56009 , 0.0934097 , -0.0831202 , 0.400959 , 0.0930792 , -0.082283 , 0.403032
7.59212 , 0.0685163 , -0.0834774 , 0.421104 , 0.0696129 , -0.0834273 , 0.424466
7.62112 , 0.0442347 , -0.0854246 , 0.441692 , 0.0439153 , -0.0833353 , 0.449207
7.65701 , 0.015695 , -0.078887 , 0.465179 , 0.0145866 , -0.075694 , 0.47597
7.69234 , -0.0140888 , -0.0765001 , 0.490438 , -0.0154192 , -0.0759747 , 0.505167
7.72111 , -0.0445154 , -0.0788337 , 0.517327 , -0.0466995 , -0.0729171 , 0.53574
7.7576 , -0.0783775 , -0.0728554 , 0.546676 , -0.0808356 , -0.0670074 , 0.567442
7.79094 , -0.112608 , -0.0649518 , 0.576714 , -0.117363 , -0.0566706 , 0.60105
7.82453 , -0.149761 , -0.0554406 , 0.611478 , -0.155931 , -0.0449641 , 0.635815
7.85636 , -0.189411 , -0.0378926 , 0.646621 , -0.196684 , -0.0285149 , 0.670467
7.89203 , -0.229042 , -0.0210273 , 0.683543 , -0.235871 , -0.00912813 , 0.70733
7.92502 , -0.266356 , 0.00322982 , 0.720477 , -0.273141 , 0.0194022 , 0.742626
7.96115 , -0.305611 , 0.0329351 , 0.757367 , -0.308272 , 0.0444166 , 0.779574
7.99187 , -0.339125 , 0.0567251 , 0.794441 , -0.34178 , 0.0737489 , 0.813893
8.02554 , -0.371751 , 0.0835019 , 0.82826 , -0.37428 , 0.101383 , 0.846819
8.06014 , -0.404788 , 0.113436 , 0.857112 , -0.405614 , 0.127792 , 0.877369
8.09228 , -0.434717 , 0.134726 , 0.888342 , -0.435749 , 0.151573 , 0.907205
8.12669 , -0.463451 , 0.15631 , 0.916054 , -0.466606 , 0.179135 , 0.931252
8.16315 , -0.494865 , 0.192376 , 0.938371 , -0.492641 , 0.203484 , 0.956103
8.1941 , -0.516661 , 0.213259 , 0.96398 , -0.516853 , 0.226219 , 0.977856
8.22644 , -0.541019 , 0.234931 , 0.985939 , -0.538472 , 0.246553 , 0.999381
8.26095 , -0.562402 , 0.25519 , 1.00995 , -0.559413 , 0.265744 , 1.01969
8.29481 , -0.581633 , 0.273812 , 1.03181 , -0.57853 , 0.285214 , 1.04013
8.32496 , -0.595893 , 0.289826 , 1.04979 , -0.595957 , 0.293199 , 1.06287
8.35954 , -0.612179 , 0.307696 , 1.0756 , -0.610803 , 0.307939 , 1.07726
8.39403 , -0.625417 , 0.318234 , 1.09609 , -0.624455 , 0.322622 , 1.0978
8.42865 , -0.637925 , 0.330227 , 1.11272 , -0.638744 , 0.332842 , 1.11958
8.46207 , -0.651778 , 0.341724 , 1.13191 , -0.653998 , 0.342626 , 1.13795
8.49886 , -0.66898 , 0.347982 , 1.15021 , -0.67143 , 0.353074 , 1.1533
8.53321 , -0.686662 , 0.356886 , 1.16485 , -0.688948 , 0.360211 , 1.16976
8.56925 , -0.706395 , 0.36178 , 1.18085 , -0.709012 , 0.358735 , 1.18237
8.61244 , -0.7262 , 0.366997 , 1.19147 , -0.730015 , 0.357637 , 1.19223
8.64762 , -0.749481 , 0.365905 , 1.20184 , -0.754619 , 0.360096 , 1.19786
8.68193 , -0.771322 , 0.364474 , 1.20797 , -0.776844 , 0.354823 , 1.20484
8.71272 , -0.794505 , 0.364888 , 1.20899 , -0.797382 , 0.353875 , 1.20673
8.74705 , -0.812893 , 0.358684 , 1.21042 , -0.818207 , 0.350424 , 1.20432
8.78377 , -0.831756 , 0.35493 , 1.20462 , -0.838983 , 0.345141 , 1.19735
8.82017 , -0.8514 , 0.348119 , 1.19504 , -0.859335 , 0.337728 , 1.1867
8.86312 , -0.867903 , 0.341336 , 1.18109 , -0.876248 , 0.328859 , 1.17238
8.89742 , -0.883482 , 0.333622 , 1.15728 , -0.888552 , 0.321723 , 1.15249
8.9319 , -0.89077 , 0.323647 , 1.13631 , -0.895479 , 0.312407 , 1.12844
8.96545 , -0.894121 , 0.313462 , 1.11409 , -0.902115 , 0.299569 , 1.09889
8.99681 , -0.89688 , 0.294831 , 1.09146 , -0.900696 , 0.276949 , 1.0861
9.0316 , -0.891071 , 0.270383 , 1.07408 , -0.894279 , 0.258659 , 1.06358
9.06328 , -0.883045 , 0.248121 , 1.0473 , -0.885523 , 0.238052 , 1.04017
9.09981 , -0.876024 , 0.222179 , 1.02632 , -0.876302 , 0.214089 , 1.01633
9.1352 , -0.863325 , 0.194783 , 0.985902 , -0.866807 , 0.189547 , 0.988273
9.16501 , -0.847142 , 0.162733 , 0.963766 , -0.850321 , 0.15 , 0.968217
9.1994 , -0.823193 , 0.124195 , 0.934858 , -0.828633 , 0.119545 , 0.934299
9.23283 , -0.801284 , 0.083313 , 0.907636 , -0.805697 , 0.0865989 , 0.907829
9.2674 , -0.780484 , 0.0474192 , 0.881174 , -0.780631 , 0.0512604 , 0.876754
9.30096 , -0.754871 , 0.00907446 , 0.844135 , -0.756257 , 0.010631 , 0.84062
9.33146 , -0.727735 , -0.0211943 , 0.795819 , -0.7318 , -0.0218606 , 0.799631
9.36703 , -0.703553 , -0.0513066 , 0.760637 , -0.703075 , -0.0518404 , 0.760187
9.40063 , -0.677617 , -0.077282 , 0.725049 , -0.679508 , -0.0809512 , 0.720682
9.43521 , -0.651484 , -0.106806 , 0.689883 , -0.6536 , -0.106225 , 0.683165
9.46837 , -0.63241 , -0.121539 , 0.64402 , -0.630826 , -0.12198 , 0.639494
9.49941 , -0.602395 , -0.133907 , 0.605259 , -0.608876 , -0.131401 , 0.595626
9.53483 , -0.576186 , -0.140614 , 0.565427 , -0.582064 , -0.138951 , 0.554519
9.56837 , -0.551549 , -0.141508 , 0.523733 , -0.555232 , -0.138132 , 0.51123
9.60287 , -0.524549 , -0.139352 , 0.484517 , -0.527318 , -0.133652 , 0.47207
9.63375 , -0.500104 , -0.136261 , 0.448978 , -0.497661 , -0.130734 , 0.440028
9.66803 , -0.47533 , -0.124806 , 0.416236 , -0.469321 , -0.12197 , 0.409112
9.7026 , -0.443736 , -0.118649 , 0.392374 , -0.434993 , -0.116967 , 0.385564
9.73905 , -0.409199 , -0.117056 , 0.371838 , -0.394392 , -0.113668 , 0.367193
9.76769 , -0.366527 , -0.113809 , 0.358362 , -0.350596 , -0.108786 , 0.353924
9.8022 , -0.319481 , -0.109323 , 0.351319 , -0.302985 , -0.105275 , 0.345779
9.83881 , -0.272063 , -0.10689 , 0.350396 , -0.253315 , -0.103468 , 0.345287
9.86839 , -0.224222 , -0.107825 , 0.356646 , -0.204847 , -0.0980744 , 0.352218
9.90399 , -0.177526 , -0.103917 , 0.364293 , -0.156232 , -0.103707 , 0.366228
9.93847 , -0.131187 , -0.0960253 , 0.374944 , -0.113118 , -0.0946227 , 0.379443
9.9691 , -0.0879744 , -0.0960434 , 0.384909 , -0.072121 , -0.0914017 , 0.392596
10.0043 , -0.0462545 , -0.0946569 , 0.394713 , -0.0323775 , -0.0890111 , 0.402825
10.0383 , -0.00605464 , -0.088483 , 0.404162 , 0.00546114 , -0.0887454 , 0.411686
10.0728 , 0.0290426 , -0.0824683 , 0.412072 , 0.0425695 , -0.0837576 , 0.421055
10.1062 , 0.0639973 , -0.0767575 , 0.419924 , 0.0771088 , -0.0716097 , 0.426486
10.1369 , 0.0977612 , -0.0695182 , 0.425117 , 0.110404 , -0.0634449 , 0.428863
10.1716 , 0.126602 , -0.0636013 , 0.429206 , 0.136534 , -0.0502627 , 0.435106
10.2061 , 0.14795 , -0.0516503 , 0.435168 , 0.162399 , -0.0460737 , 0.43771
10.2404 , 0.162868 , -0.0366768 , 0.442516 , 0.180812 , -0.0372635 , 0.444769
10.2711 , 0.174816 , -0.0338516 , 0.451512 , 0.190236 , -0.030524 , 0.454953
10.3056 , 0.177264 , -0.0243936 , 0.463258 , 0.193097 , -0.0257679 , 0.468413
10.3393 , 0.173312 , -0.0204973 , 0.478813 , 0.189341 , -0.0201121 , 0.484838
10.3736 , 0.167024 , -0.0169241 , 0.491922 , 0.180293 , -0.012074 , 0.502269
10.4082 , 0.153818 , -0.00599697 , 0.508756 , 0.165674 , -0.00896229 , 0.520537
10.4418 , 0.135129 , 0.00330854 , 0.525194 , 0.146181 , -0.00204753 , 0.538822
10.4723 , 0.115073 , 0.00984291 , 0.541081 , 0.122441 , -0.000228431 , 0.555856
10.5079 , 0.0914411 , 0.00652899 , 0.556916 , 0.096356 , -0.00239348 , 0.572612
10.5414 , 0.0650789 , 0.00532101 , 0.571698 , 0.0650371 , 0.00456461 , 0.589445
10.5758 , 0.0343056 , 0.00760482 , 0.587172 , 0.0344778 , 0.0064122 , 0.603964
10.6095 , 0.00053847 , 0.0147638 , 0.601108 , 0.000580329 , 0.015284 , 0.616911
10.6404 , -0.0351047 , 0.0102507 , 0.61397 , -0.0362343 , 0.0178453 , 0.628977
10.6756 , -0.0736934 , 0.011436 , 0.626106 , -0.0747858 , 0.0198627 , 0.641872
10.709 , -0.116552 , 0.0173574 , 0.636829 , -0.117192 , 0.0252535 , 0.652896
10.7437 , -0.159862 , 0.0260831 , 0.64722 , -0.163155 , 0.033754 , 0.660488
10.7822 , -0.204893 , 0.0353198 , 0.652829 , -0.210005 , 0.0438336 , 0.664832
10.83 , -0.250435 , 0.0447422 , 0.657891 , -0.255843 , 0.0507072 , 0.669563
10.87 , -0.294901 , 0.0506587 , 0.66342 , -0.301888 , 0.0581278 , 0.673894
10.9101 , -0.338683 , 0.0581283 , 0.668939 , -0.345685 , 0.0625089 , 0.680534
10.9467 , -0.380549 , 0.0606742 , 0.677148 , -0.388048 , 0.0657413 , 0.689741
10.9779 , -0.419766 , 0.0612378 , 0.688456 , -0.427286 , 0.0676657 , 0.699031
11.0193 , -0.456473 , 0.060624 , 0.703156 , -0.463703 , 0.0710162 , 0.710719
11.0625 , -0.490615 , 0.0678514 , 0.718309 , -0.497419 , 0.0776018 , 0.726298
11.0968 , -0.523979 , 0.0766829 , 0.735259 , -0.52908 , 0.0851354 , 0.745124
11.1309 , -0.557823 , 0.0851223 , 0.752275 , -0.558811 , 0.0926807 , 0.766149
11.1618 , -0.586724 , 0.0910437 , 0.774112 , -0.585328 , 0.099099 , 0.789003
11.1954 , -0.612454 , 0.0970011 , 0.796663 , -0.610649 , 0.109463 , 0.80807
11.2301 , -0.635899 , 0.108755 , 0.816718 , -0.633467 , 0.120877 , 0.829455
11.2644 , -0.657429 , 0.122406 , 0.838972 , -0.655978 , 0.132434 , 0.851845
11.2973 , -0.67733 , 0.136656 , 0.861907 , -0.676784 , 0.144238 , 0.872108
11.328 , -0.695595 , 0.151117 , 0.88561 , -0.695188 , 0.158097 , 0.894276
11.3615 , -0.712928 , 0.164309 , 0.910568 , -0.711076 , 0.167825 , 0.917563
11.3959 , -0.725549 , 0.181512 , 0.933517 , -0.725772 , 0.180725 , 0.938721
11.4307 , -0.737504 , 0.194656 , 0.958076 , -0.737731 , 0.194926 , 0.959303
11.4643 , -0.747375 , 0.207116 , 0.980648 , -0.751012 , 0.204853 , 0.977209
11.4988 , -0.755653 , 0.217647 , 1.00111 , -0.760017 , 0.214145 , 0.997854
11.5296 , -0.764877 , 0.226845 , 1.01529 , -0.767432 , 0.224658 , 1.01455
11.5638 , -0.772795 , 0.234204 , 1.03176 , -0.772428 , 0.229828 , 1.04025
11.5983 , -0.779768 , 0.237319 , 1.05211 , -0.780098 , 0.24017 , 1.05188
11.6319 , -0.786951 , 0.246813 , 1.06111 , -0.787288 , 0.240808 , 1.05691
11.6663 , -0.791061 , 0.249448 , 1.07336 , -0.791708 , 0.241118 , 1.06437
11.7037 , -0.794745 , 0.253552 , 1.07675 , -0.792432 , 0.242316 , 1.0705
11.7382 , -0.794902 , 0.259648 , 1.08257 , -0.790447 , 0.248492 , 1.07121
11.7712 , -0.789473 , 0.266848 , 1.08385 , -0.783507 , 0.254035 , 1.08091
11.8018 , -0.781241 , 0.268479 , 1.09729 , -0.774977 , 0.257895 , 1.08446
11.8346 , -0.767064 , 0.266086 , 1.10445 , -0.761067 , 0.25844 , 1.09201
11.8669 , -0.75126 , 0.262605 , 1.10357 , -0.743739 , 0.256526 , 1.09339
11.8993 , -0.73406 , 0.250494 , 1.1051 , -0.724751 , 0.247564 , 1.09209
11.9339 , -0.709451 , 0.237678 , 1.09967 , -0.700676 , 0.23528 , 1.08509
11.9684 , -0.684382 , 0.230999 , 1.08522 , -0.672685 , 0.213799 , 1.07702
12.0026 , -0.660503 , 0.219561 , 1.07349 , -0.646897 , 0.201711 , 1.05972
12.0375 , -0.628938 , 0.190767 , 1.06398 , -0.617942 , 0.17483 , 1.05113
12.0669 , -0.598554 , 0.166613 , 1.04966 , -0.589541 , 0.151075 , 1.0389
12.102 , -0.570594 , 0.142204 , 1.03442 , -0.560689 , 0.126567 , 1.02633
12.1381 , -0.541671 , 0.118451 , 1.01771 , -0.534539 , 0.102445 , 1.01176
12.1685 , -0.511881 , 0.0930177 , 1.00089 , -0.508125 , 0.0787002 , 0.99487
12.2028 , -0.48618 , 0.0692539 , 0.983301 , -0.481506 , 0.062518 , 0.975926
12.2372 , -0.455459 , 0.0327027 , 0.964999 , -0.456258 , 0.0303706 , 0.964307
12.2708 , -0.425674 , 0.00451367 , 0.943128 , -0.427861 , 0.00220949 , 0.947371
12.3053 , -0.396039 , -0.0271448 , 0.921241 , -0.395686 , -0.0343325 , 0.928317
12.3392 , -0.366312 , -0.0576528 , 0.898389 , -0.364508 , -0.0597671 , 0.902749
12.3714 , -0.333561 , -0.0888549 , 0.869891 , -0.333375 , -0.0922508 , 0.873846
12.4015 , -0.303791 , -0.116199 , 0.838226 , -0.304975 , -0.117402 , 0.845329
12.4375 , -0.275306 , -0.138169 , 0.810337 , -0.276144 , -0.134691 , 0.811408
12.4731 , -0.245791 , -0.152409 , 0.778194 , -0.248693 , -0.15051 , 0.780992
12.5036 , -0.21899 , -0.168717 , 0.746265 , -0.2237 , -0.16361 , 0.748302
12.5385 , -0.19827 , -0.181348 , 0.712307 , -0.204468 , -0.179063 , 0.717097
12.5713 , -0.179015 , -0.188658 , 0.682417 , -0.184576 , -0.183155 , 0.682444
12.6056 , -0.161646 , -0.196196 , 0.6462 , -0.167259 , -0.193093 , 0.649875
12.6407 , -0.143608 , -0.200446 , 0.614609 , -0.150409 , -0.193931 , 0.617277
12.6738 , -0.13243 , -0.199275 , 0.584106 , -0.136382 , -0.187662 , 0.58727
12.7037 , -0.122369 , -0.183925 , 0.555731 , -0.122454 , -0.175451 , 0.559313
12.7391 , -0.110501 , -0.166441 , 0.529522 , -0.110134 , -0.162629 , 0.534238
12.7725 , -0.0991975 , -0.149215 , 0.508725 , -0.0946112 , -0.14757 , 0.509826
12.807 , -0.0836768 , -0.133676 , 0.491097 , -0.0762212 , -0.12496 , 0.487833
12.8377 , -0.0647683 , -0.118494 , 0.478243 , -0.0536628 , -0.117493 , 0.473485
12.8722 , -0.0417679 , -0.108979 , 0.468005 , -0.0302219 , -0.108126 , 0.463115
12.9068 , -0.0186157 , -0.102049 , 0.460232 , -0.00848677 , -0.0982868 , 0.457894
12.9403 , 0.00494554 , -0.0932501 , 0.45567 , 0.0125071 , -0.0865298 , 0.453968
12.9749 , 0.028432 , -0.0806107 , 0.452762 , 0.0357806 , -0.0751585 , 0.449806
13.0075 , 0.0524668 , -0.0697921 , 0.448643 , 0.0597259 , -0.0671746 , 0.443751
13.0405 , 0.0759388 , -0.0711715 , 0.445318 , 0.0843614 , -0.0660296 , 0.436013
13.0746 , 0.0956185 , -0.0616638 , 0.442794 , 0.104667 , -0.0570873 , 0.429198
13.1081 , 0.112514 , -0.0588943 , 0.439201 , 0.121062 , -0.0532179 , 0.422497
13.1427 , 0.126243 , -0.0544592 , 0.435604 , 0.132475 , -0.0499559 , 0.417502
13.1738 , 0.134471 , -0.0515002 , 0.433741 , 0.141375 , -0.0517462 , 0.414061
13.2078 , 0.139591 , -0.0520523 , 0.431808 , 0.143957 , -0.0476106 , 0.416158
13.2423 , 0.136953 , -0.0537915 , 0.434952 , 0.141274 , -0.0508074 , 0.421064
13.2759 , 0.131069 , -0.0566196 , 0.438765 , 0.133157 , -0.0548674 , 0.429991
13.3103 , 0.118669 , -0.0563448 , 0.447986 , 0.119197 , -0.0645466 , 0.440741
13.341 , 0.100764 , -0.0741662 , 0.456116 , 0.0988823 , -0.0513024 , 0.461594
13.3757 , 0.0777921 , -0.0542637 , 0.475775 , 0.0785303 , -0.0540875 , 0.477941
13.412 , 0.0533252 , -0.0523356 , 0.492283 , 0.0527081 , -0.0485844 , 0.497285
13.4453 , 0.0248795 , -0.0441892 , 0.510823 , 0.0233215 , -0.04194 , 0.517303
13.4782 , -0.00451426 , -0.0401218 , 0.528951 , -0.00981534 , -0.031606 , 0.538724
13.5089 , -0.0379426 , -0.0332004 , 0.54727 , -0.0436621 , -0.0271889 , 0.558273
13.5433 , -0.0752209 , -0.0210117 , 0.566004 , -0.0798519 , -0.0200535 , 0.576779
13.5779 , -0.111822 , -0.0130859 , 0.582629 , -0.11884 , -0.0069433 , 0.595665
13.6123 , -0.150704 , -0.0035752 , 0.598162 , -0.158153 , 0.00189614 , 0.614673
13.6459 , -0.189454 , 0.00572144 , 0.611148 , -0.199528 , 0.0144497 , 0.630417
13.6802 , -0.231084 , 0.0130147 , 0.623362 , -0.240441 , 0.0241897 , 0.642113
13.7102 , -0.27115 , 0.022719 , 0.632418 , -0.281793 , 0.0353512 , 0.649305
13.7457 , -0.310911 , 0.0323237 , 0.638069 , -0.322997 , 0.0444874 , 0.652061
13.7802 , -0.351555 , 0.0395877 , 0.640498 , -0.361334 , 0.0517566 , 0.653415
13.8137 , -0.387802 , 0.0487265 , 0.643953 , -0.396032 , 0.0583306 , 0.65531
13.8444 , -0.421427 , 0.0563127 , 0.649552 , -0.428769 , 0.0651881 , 0.659777
13.8828 , -0.451752 , 0.0636871 , 0.656193 , -0.458514 , 0.0704714 , 0.66651
13.9115 , -0.481234 , 0.0691933 , 0.666026 , -0.485647 , 0.0750092 , 0.676334
13.9485 , -0.506089 , 0.0738317 , 0.678381 , -0.508643 , 0.0802559 , 0.687656
13.9836 , -0.52977 , 0.0802538 , 0.693092 , -0.52827 , 0.0868116 , 0.701205
14.0135 , -0.550319 , 0.0889655 , 0.712579 , -0.54858 , 0.0957376 , 0.718816
14.0476 , -0.570959 , 0.0996136 , 0.731144 , -0.566848 , 0.10779 , 0.741058
14.0792 , -0.587221 , 0.109209 , 0.752427 , -0.582382 , 0.121897 , 0.76418
14.1157 , -0.60532 , 0.117588 , 0.774182 , -0.595873 , 0.136642 , 0.788503
14.1462 , -0.617478 , 0.133792 , 0.79843 , -0.608607 , 0.150136 , 0.814652
14.1799 , -0.63147 , 0.147984 , 0.822154 , -0.621008 , 0.165268 , 0.837815
14.2154 , -0.644997 , 0.163806 , 0.845038 , -0.633817 , 0.180814 , 0.859478
14.247 , -0.65828 , 0.179497 , 0.866808 , -0.647241 , 0.194792 , 0.881281
14.2834 , -0.670753 , 0.193129 , 0.890844 , -0.660462 , 0.20465 , 0.90542
14.317 , -0.684093 , 0.202061 , 0.916419 , -0.674866 , 0.214769 , 0.925012
14.3516 , -0.692867 , 0.215259 , 0.936391 , -0.688361 , 0.222752 , 0.947831
14.3886 , -0.703703 , 0.226114 , 0.954556 , -0.698642 , 0.234686 , 0.963525
14.4179 , -0.710482 , 0.237328 , 0.972682 , -0.706969 , 0.241354 , 0.979509
14.451 , -0.71599 , 0.243998 , 0.992572 , -0.71337 , 0.247064 , 0.994696
14.4818 , -0.71968 , 0.252748 , 1.00233 , -0.716566 , 0.253847 , 1.01072
14.5164 , -0.719558 , 0.260718 , 1.01445 , -0.715633 , 0.255265 , 1.02479
14.5509 , -0.717405 , 0.262354 , 1.02727 , -0.716809 , 0.262799 , 1.02743
14.588 , -0.71739 , 0.267953 , 1.03234 , -0.716488 , 0.264334 , 1.03019
14.6192 , -0.716002 , 0.267898 , 1.03719 , -0.715525 , 0.259726 , 1.03282
14.6495 , -0.708996 , 0.250844 , 1.05571 , -0.710152 , 0.245586 , 1.04068
14.6841 , -0.705316 , 0.251312 , 1.05042 , -0.704688 , 0.239416 , 1.03942
14.7184 , -0.696617 , 0.237739 , 1.05797 , -0.696055 , 0.228115 , 1.04408
14.7521 , -0.689747 , 0.238828 , 1.05157 , -0.690146 , 0.219289 , 1.04164
14.7899 , -0.683714 , 0.233622 , 1.04844 , -0.679531 , 0.220218 , 1.03239
14.8263 , -0.671078 , 0.230796 , 1.04289 , -0.665217 , 0.21743 , 1.02979
14.8706 , -0.656873 , 0.225094 , 1.03933 , -0.651355 , 0.208181 , 1.02599
14.9012 , -0.640972 , 0.219117 , 1.03601 , -0.636219 , 0.200626 , 1.02207
14.9357 , -0.626007 , 0.208982 , 1.03139 , -0.619941 , 0.19123 , 1.01663
14.9702 , -0.611283 , 0.197028 , 1.02448 , -0.604078 , 0.176029 , 1.00991
15.004 , -0.594556 , 0.180593 , 1.01209 , -0.586327 , 0.165653 , 0.998808
15.0384 , -0.577757 , 0.160752 , 1.00256 , -0.568377 , 0.146241 , 0.987541
15.0691 , -0.557344 , 0.1428 , 0.987501 , -0.548226 , 0.12676 , 0.969915
15.1035 , -0.535158 , 0.126436 , 0.96869 , -0.526987 , 0.108926 , 0.954699
15.1381 , -0.508824 , 0.105105 , 0.952141 , -0.50175 , 0.0938144 , 0.938005
15.1724 , -0.481874 , 0.0846129 , 0.934204 , -0.475668 , 0.0805279 , 0.919157
15.206 , -0.458129 , 0.0730111 , 0.911456 , -0.451918 , 0.0608337 , 0.901295
15.2367 , -0.432657 , 0.0515522 , 0.888483 , -0.429315 , 0.0459701 , 0.883005
15.2712 , -0.407392 , 0.0347586 , 0.863393 , -0.407351 , 0.0319077 , 0.863374
15.3058 , -0.382375 , 0.0165958 , 0.838793 , -0.383374 , 0.0200347 , 0.843252
15.3403 , -0.356299 , 0.00299176 , 0.812761 , -0.359694 , 0.00969323 , 0.821924
15.3709 , -0.331306 , -0.00572266 , 0.784815 , -0.337947 , 0.00270409 , 0.791602
15.4055 , -0.306544 , -0.0208283 , 0.754435 , -0.313172 , -0.0123631 , 0.766862
15.4392 , -0.281976 , -0.0284013 , 0.724969 , -0.28927 , -0.0202749 , 0.739506
15.4741 , -0.257831 , -0.0255349 , 0.696423 , -0.264741 , -0.0273852 , 0.710499
15.5079 , -0.230878 , -0.0410943 , 0.671652 , -0.238306 , -0.0345706 , 0.683145
15.5465 , -0.20347 , -0.0459746 , 0.647764 , -0.207387 , -0.0411491 , 0.655962
15.5788 , -0.172756 , -0.0504758 , 0.625297 , -0.17718 , -0.0480016 , 0.632859
15.6138 , -0.143199 , -0.0542816 , 0.603863 , -0.148206 , -0.0540918 , 0.609869
15.6437 , -0.116401 , -0.0592587 , 0.584103 , -0.116209 , -0.0565901 , 0.590105
15.6761 , -0.0869044 , -0.0592098 , 0.568254 , -0.0840885 , -0.0631774 , 0.570819
15.7094 , -0.0549985 , -0.0650318 , 0.553532 , -0.0491406 , -0.0668872 , 0.554026
15.74 , -0.0241581 , -0.0712383 , 0.538242 , -0.0116928 , -0.074208 , 0.542
15.7754 , 0.00989269 , -0.0768614 , 0.523073 , 0.0250638 , -0.0772889 , 0.527815
15.8149 , 0.0435574 , -0.0782374 , 0.507847 , 0.0620621 , -0.0791453 , 0.512183
15.8462 , 0.0791738 , -0.0798314 , 0.491502 , 0.100822 , -0.0798118 , 0.493996
15.8777 , 0.112542 , -0.0809761 , 0.474072 , 0.137014 , -0.0827073 , 0.475022
15.9116 , 0.145512 , -0.0852108 , 0.453793 , 0.169817 , -0.0880029 , 0.451258
15.9441 , 0.17777 , -0.0906902 , 0.429856 , 0.19877 , -0.0899567 , 0.424542
15.9797 , 0.207845 , -0.0929976 , 0.40361 , 0.224748 , -0.0901108 , 0.39637
16.0137 , 0.235675 , -0.0915883 , 0.376178 , 0.247092 , -0.0907728 , 0.366083
16.0455 , 0.26141 , -0.0948642 , 0.345946 , 0.266792 , -0.0880436 , 0.33523
16.082 , 0.282989 , -0.0912971 , 0.317272 , 0.284567 , -0.0873537 , 0.301616
16.1123 , 0.300486 , -0.0911041 , 0.287155 , 0.298416 , -0.0823599 , 0.270575
16.1523 , 0.313313 , -0.0894141 , 0.25929 , 0.310218 , -0.083272 , 0.238346
16.1957 , 0.322784 , -0.0897517 , 0.232568 , 0.319884 , -0.0829671 , 0.207158
16.2286 , 0.328564 , -0.0845956 , 0.209524 , 0.326678 , -0.0752139 , 0.181782
16.2646 , 0.331559 , -0.083535 , 0.186702 , 0.330655 , -0.0739038 , 0.159252
16.2962 , 0.329432 , -0.0765336 , 0.171604 , 0.331297 , -0.0732559 , 0.141128
16.3327 , 0.325667 , -0.0803514 , 0.152233 , 0.328305 , -0.0783812 , 0.125382
16.3638 , 0.317861 , -0.0890987 , 0.137001 , 0.32056 , -0.0889379 , 0.112134
16.402 , 0.305481 , -0.102589 , 0.125019 , 0.30783 , -0.100694 , 0.105135
16.4334 , 0.287379 , -0.112306 , 0.122547 , 0.290058 , -0.109753 , 0.106148
16.462 , 0.265431 , -0.120221 , 0.125803 , 0.267732 , -0.12074 , 0.11415
16.4965 , 0.237335 , -0.132411 , 0.135324 , 0.24117 , -0.13716 , 0.126511
16.5321 , 0.205529 , -0.145588 , 0.148868 , 0.209378 , -0.149808 , 0.146357
16.5651 , 0.168651 , -0.158479 , 0.168697 , 0.171536 , -0.157481 , 0.172676
16.6002 , 0.129203 , -0.166792 , 0.192975 , 0.131105 , -0.167059 , 0.202896
16.6337 , 0.0873649 , -0.169001 , 0.221421 , 0.0875404 , -0.16803 , 0.236674
16.6646 , 0.0429871 , -0.175629 , 0.251395 , 0.0417737 , -0.169452 , 0.272173
16.6999 , -0.00223277 , -0.170904 , 0.284377 , -0.00535408 , -0.170431 , 0.307959
16.7343 , -0.0464266 , -0.177413 , 0.317171 , -0.0513927 , -0.172407 , 0.341028
16.7644 , -0.089199 , -0.184181 , 0.351824 , -0.0953173 , -0.173645 , 0.378038
16.7979 , -0.130521 , -0.181871 , 0.386697 , -0.138933 , -0.169591 , 0.415184
16.8315 , -0.169988 , -0.178318 , 0.423821 , -0.180446 , -0.161592 , 0.451582
16.8659 , -0.207629 , -0.165898 , 0.461229 , -0.221217 , -0.152731 , 0.490287
16.9004 , -0.245966 , -0.154232 , 0.496443 , -0.258715 , -0.137995 , 0.525203
16.9348 , -0.281528 , -0.137891 , 0.534522 , -0.291722 , -0.119547 , 0.558565
16.9651 , -0.315534 , -0.118097 , 0.569488 , -0.321553 , -0.102386 , 0.591475
16.9993 , -0.346984 , -0.0970074 , 0.60377 , -0.351592 , -0.079393 , 0.623572
17.0339 , -0.375616 , -0.0703456 , 0.634752 , -0.378296 , -0.0506102 , 0.65256
17.0682 , -0.402504 , -0.0412182 , 0.661225 , -0.402397 , -0.022674 , 0.678872
17.1018 , -0.427567 , -0.0154483 , 0.685709 , -0.424937 , -0.000643835 , 0.704737
17.139 , -0.448768 , 0.00672283 , 0.711705 , -0.445378 , 0.0239573 , 0.7277
17.1742 , -0.4682 , 0.0319765 , 0.73651 , -0.466394 , 0.0495689 , 0.752004
17.2035 , -0.488954 , 0.0556404 , 0.760416 , -0.487135 , 0.0690066 , 0.775152
17.2363 , -0.511524 , 0.0808672 , 0.781747 , -0.510149 , 0.0882186 , 0.794649
17.2696 , -0.530989 , 0.100281 , 0.800902 , -0.530987 , 0.11073 , 0.807981
17.3012 , -0.550303 , 0.124289 , 0.814369 , -0.550829 , 0.129054 , 0.819228
17.3357 , -0.567983 , 0.139733 , 0.827886 , -0.568914 , 0.141917 , 0.828735
17.3695 , -0.582327 , 0.153591 , 0.839083 , -0.587255 , 0.152593 , 0.838744
17.4009 , -0.596257 , 0.164298 , 0.849809 , -0.601937 , 0.160667 , 0.845928
17.4373 , -0.610559 , 0.171016 , 0.857386 , -0.61524 , 0.172749 , 0.853772
17.468 , -0.623817 , 0.179347 , 0.863647 , -0.629662 , 0.180506 , 0.861124
17.5036 , -0.637886 , 0.184568 , 0.867862 , -0.641592 , 0.181855 , 0.870774
17.5369 , -0.650106 , 0.183694 , 0.87497 , -0.651432 , 0.182784 , 0.87413
17.5715 , -0.658725 , 0.184933 , 0.877758 , -0.660463 , 0.184516 , 0.872774
17.6053 , -0.668583 , 0.186709 , 0.876845 , -0.665379 , 0.182791 , 0.874956
17.6357 , -0.674384 , 0.184851 , 0.878762 , -0.669259 , 0.178753 , 0.873778
17.6728 , -0.678289 , 0.181764 , 0.878557 , -0.670819 , 0.176399 , 0.875229
17.7063 , -0.67907 , 0.179182 , 0.879566 , -0.67217 , 0.168532 , 0.879585
17.7408 , -0.678511 , 0.173096 , 0.880268 , -0.675011 , 0.159888 , 0.880819
17.7737 , -0.679012 , 0.164881 , 0.879248 , -0.671569 , 0.158424 , 0.875885
17.8035 , -0.673018 , 0.159728 , 0.876098 , -0.665731 , 0.15193 , 0.87306
17.8394 , -0.667557 , 0.151909 , 0.873244 , -0.659437 , 0.143219 , 0.867895
17.8725 , -0.661214 , 0.143369 , 0.86904 , -0.653111 , 0.131791 , 0.861032
17.9071 , -0.654535 , 0.133563 , 0.863221 , -0.646784 , 0.119954 , 0.853063
17.9379 , -0.645992 , 0.124216 , 0.855735 , -0.639628 , 0.109074 , 0.843716
17.9722 , -0.635787 , 0.115972 , 0.846601 , -0.630748 , 0.0997846 , 0.833571
18.0049 , -0.624455 , 0.107668 , 0.83777 , -0.619353 , 0.0931632 , 0.822845
18.041 , -0.610349 , 0.100269 , 0.826446 , -0.606952 , 0.0839568 , 0.813438
18.0721 , -0.598193 , 0.0876072 , 0.813831 , -0.594531 , 0.0754194 , 0.803625
18.1065 , -0.5818 , 0.0769546 , 0.803041 , -0.581519 , 0.0644493 , 0.794907
18.1402 , -0.565999 , 0.0651804 , 0.792393 , -0.567275 , 0.0545517 , 0.784147
18.1747 , -0.549938 , 0.0514522 , 0.782189 , -0.551824 , 0.0450473 , 0.771484
18.2081 , -0.531441 , 0.0399405 , 0.765623 , -0.534114 , 0.0357594 , 0.755021
18.2425 , -0.510251 , 0.03137 , 0.746277 , -0.513259 , 0.032906 , 0.735336
18.2732 , -0.485268 , 0.0317377 , 0.722187 , -0.490069 , 0.0297913 , 0.715499
18.3077 , -0.456843 , 0.0202485 , 0.705199 , -0.463795 , 0.0244993 , 0.695065
18.3441 , -0.427848 , 0.00597938 , 0.680327 , -0.43512 , 0.0116979 , 0.679382
18.3783 , -0.396716 , -0.000987634 , 0.657471 , -0.400779 , -0.00334091 , 0.664308
18.4121 , -0.359597 , -0.0158876 , 0.638007 , -0.365855 , -0.00767543 , 0.643059
18.4426 , -0.322129 , -0.0247119 , 0.617698 , -0.32486 , -0.0198539 , 0.624858
18.4775 , -0.285878 , -0.0285313 , 0.595414 , -0.285085 , -0.02712 , 0.605042
18.5115 , -0.246277 , -0.0364657 , 0.576485 , -0.247675 , -0.0330721 , 0.584636
18.5456 , -0.208811 , -0.0426924 , 0.558176 , -0.21025 , -0.0383391 , 0.564983
18.5754 , -0.174715 , -0.0482121 , 0.540731 , -0.174918 , -0.0471541 , 0.551363
18.6088 , -0.140916 , -0.0539173 , 0.525331 , -0.140161 , -0.043279 , 0.536541
18.6433 , -0.109176 , -0.0593653 , 0.511565 , -0.105294 , -0.047979 , 0.523562
18.6779 , -0.0788558 , -0.0567731 , 0.49769 , -0.0741385 , -0.0561061 , 0.508911
18.7125 , -0.0499339 , -0.0615135 , 0.485108 , -0.0436031 , -0.0605521 , 0.493483
18.7461 , -0.0196114 , -0.0619295 , 0.474113 , -0.0120584 , -0.0635737 , 0.479728
18.7764 , 0.00941411 , -0.0605463 , 0.465671 , 0.0184375 , -0.0618307 , 0.468277
18.8168 , 0.0422458 , -0.0582575 , 0.455178 , 0.0511291 , -0.0588259 , 0.456428
18.8517 , 0.0729437 , -0.0574838 , 0.446566 , 0.0830496 , -0.0577172 , 0.44622
18.8831 , 0.0994737 , -0.0580366 , 0.435606 , 0.113258 , -0.0560541 , 0.438176
18.914 , 0.125579 , -0.0570873 , 0.42609 , 0.140311 , -0.0565154 , 0.42796
18.9478 , 0.149579 , -0.056397 , 0.415586 , 0.164387 , -0.0583743 , 0.41597
18.9834 , 0.170729 , -0.0508366 , 0.404351 , 0.185716 , -0.063474 , 0.401971
19.0167 , 0.192161 , -0.0641875 , 0.390124 , 0.20405 , -0.0661766 , 0.384113
19.0538 , 0.210105 , -0.0690916 , 0.374153 , 0.218411 , -0.0694358 , 0.366933
19.1005 , 0.223369 , -0.073968 , 0.357967 , 0.229124 , -0.0713645 , 0.347358
19.1349 , 0.233161 , -0.0722543 , 0.340924 , 0.237179 , -0.0736405 , 0.32759
19.1676 , 0.241712 , -0.0712614 , 0.32355 , 0.242025 , -0.0706902 , 0.308459
19.1962 , 0.247138 , -0.0718792 , 0.303893 , 0.245798 , -0.0692158 , 0.289759
19.2313 , 0.249369 , -0.072485 , 0.283734 , 0.246358 , -0.0687563 , 0.269773
19.2629 , 0.24828 , -0.0723868 , 0.265485 , 0.243898 , -0.0683371 , 0.251103
19.2994 , 0.242623 , -0.0739676 , 0.248932 , 0.237758 , -0.0737605 , 0.233345
19.3387 , 0.233371 , -0.0807976 , 0.234029 , 0.227843 , -0.0818632 , 0.218318
19.3883 , 0.22038 , -0.0891948 , 0.221921 , 0.21432 , -0.0909293 , 0.207912
19.4253 , 0.202702 , -0.0985164 , 0.214492 , 0.195951 , -0.0983456 , 0.203258
19.4665 , 0.181559 , -0.104009 , 0.211688 , 0.174205 , -0.102967 , 0.202469
19.4979 , 0.154861 , -0.101418 , 0.213608 , 0.148633 , -0.102289 , 0.204764
19.5325 , 0.127282 , -0.109436 , 0.215401 , 0.120822 , -0.107225 , 0.211624
19.5671 , 0.0965947 , -0.115333 , 0.222447 , 0.0919948 , -0.124148 , 0.219488
19.6005 , 0.0637113 , -0.127079 , 0.231818 , 0.06057 , -0.127721 , 0.232005
19.6367 , 0.0302012 , -0.128201 , 0.243399 , 0.0263636 , -0.131945 , 0.246808
19.6673 , -0.003716 , -0.135374 , 0.25763 , -0.00859797 , -0.135082 , 0.263909
19.7009 , -0.0386847 , -0.138218 , 0.272811 , -0.046266 , -0.138016 , 0.282887
19.7342 , -0.0769855 , -0.135754 , 0.289853 , -0.0852592 , -0.135613 , 0.302984
19.7699 , -0.113123 , -0.13851 , 0.308126 , -0.124268 , -0.130242 , 0.324048
19.8044 , -0.151177 , -0.132762 , 0.32878 , -0.163325 , -0.129024 , 0.344189
19.8351 , -0.188964 , -0.125598 , 0.347323 , -0.203214 , -0.115064 , 0.361952
19.8689 , -0.229529 , -0.1136 , 0.364742 , -0.243424 , -0.104099 , 0.37866
19.9044 , -0.269664 , -0.0983356 , 0.380484 , -0.282318 , -0.0929382 , 0.393379
19.9354 , -0.303849 , -0.0861838 , 0.393968 , -0.318719 , -0.0794849 , 0.404145
19.9722 , -0.336679 , -0.0760082 , 0.406232 , -0.351309 , -0.0692354 , 0.414057
20.0036 , -0.366836 , -0.0704448 , 0.416669 , -0.38116 , -0.0581539 , 0.424825
20.0375 , -0.396615 , -0.0561744 , 0.426359 , -0.409074 , -0.0495294 , 0.435012
20.0729 , -0.422849 , -0.0482142 , 0.437235 , -0.434864 , -0.0391691 , 0.443526
20.1065 , -0.446559 , -0.0382805 , 0.447495 , -0.45646 , -0.0339111 , 0.454559
20.1402 , -0.465184 , -0.0300243 , 0.458618 , -0.473137 , -0.0261887 , 0.465982
20.1698 , -0.482972 , -0.0257227 , 0.46945 , -0.487431 , -0.017035 , 0.475638
20.2056 , -0.496357 , -0.0218916 , 0.479379 , -0.498795 , -0.012752 , 0.485697
20.2363 , -0.50458 , -0.0156678 , 0.488053 , -0.50733 , -0.00943072 , 0.496156
20.2725 , -0.510364 , -0.0116284 , 0.496513 , -0.512231 , -0.00637572 , 0.503939
20.3062 , -0.512012 , -0.00911365 , 0.5045 , -0.510994 , -0.00419835 , 0.509568
20.3387 , -0.509949 , -0.00837094 , 0.511021 , -0.513638 , -0.000864796 , 0.513192
20.3725 , -0.503982 , -0.00496255 , 0.511943 , -0.509538 , -0.00680563 , 0.511904
20.408 , -0.496886 , -0.00899178 , 0.514245 , -0.492451 , -0.0150905 , 0.508769
20.4396 , -0.488819 , -0.0141855 , 0.515361 , -0.470312 , -0.0198021 , 0.508148
20.4762 , -0.479452 , -0.02203 , 0.516607 , -0.451558 , -0.0285465 , 0.512022
20.5103 , -0.470316 , -0.0371612 , 0.518041 , -0.44377 , -0.0318342 , 0.51236
20.5414 , -0.458481 , -0.033609 , 0.513225 , -0.441884 , -0.03655 , 0.51341
20.5745 , -0.446886 , -0.0403075 , 0.511014 , -0.440197 , -0.0412207 , 0.510936
20.6103 , -0.434991 , -0.0456545 , 0.506804 , -0.438604 , -0.0526575 , 0.505884
20.6466 , -0.425657 , -0.0527712 , 0.500382 , -0.429397 , -0.0495412 , 0.49879
20.6814 , -0.412191 , -0.0521691 , 0.495318 , -0.418735 , -0.0572797 , 0.493062
20.7282 , -0.40206 , -0.0569631 , 0.487295 , -0.405301 , -0.0569206 , 0.484978
20.7595 , -0.388929 , -0.0560419 , 0.478423 , -0.390534 , -0.0568351 , 0.475387
20.7941 , -0.379473 , -0.05426 , 0.46447 , -0.376758 , -0.0549802 , 0.462113
20.8257 , -0.369359 , -0.0558088 , 0.451633 , -0.364018 , -0.0561959 , 0.447723
20.862 , -0.359304 , -0.0573406 , 0.437196 , -0.351312 , -0.0577195 , 0.433042
20.8967 , -0.34639 , -0.0562774 , 0.422986 , -0.337838 , -0.0588573 , 0.419261
20.9279 , -0.335628 , -0.0564506 , 0.411318 , -0.327275 , -0.0558936 , 0.403648
20.9601 , -0.325432 , -0.0518962 , 0.397865 , -0.317827 , -0.0519443 , 0.388779
20.9953 , -0.315796 , -0.0479301 , 0.386387 , -0.309505 , -0.0470087 , 0.375987
21.0308 , -0.307103 , -0.0368552 , 0.373132 , -0.301932 , -0.0435434 , 0.364989
21.0623 , -0.298961 , -0.0334891 , 0.362898 , -0.294875 , -0.0407613 , 0.354232
21.0939 , -0.289346 , -0.0359892 , 0.356888 , -0.287159 , -0.0400641 , 0.345127
21.1274 , -0.280196 , -0.0368666 , 0.350025 , -0.277902 , -0.0401854 , 0.339063
21.1607 , -0.273098 , -0.029941 , 0.34086 , -0.268866 , -0.0371798 , 0.332807
21.1971 , -0.263664 , -0.0316846 , 0.334482 , -0.259412 , -0.0310244 , 0.323811
21.2319 , -0.254855 , -0.0269598 , 0.326178 , -0.249155 , -0.0288345 , 0.315183
21.2661 , -0.245789 , -0.0274885 , 0.317394 , -0.23826 , -0.0296138 , 0.308067
21.2973 , -0.235344 , -0.0309933 , 0.310487 , -0.228475 , -0.030998 , 0.302068
21.3289 , -0.225172 , -0.0303966 , 0.305749 , -0.217568 , -0.034379 , 0.29704
21.3653 , -0.213162 , -0.0345495 , 0.302438 , -0.207904 , -0.0353322 , 0.293092
21.3961 , -0.203186 , -0.0363176 , 0.299045 , -0.195175 , -0.0434255 , 0.28971
21.438 , -0.191771 , -0.0388317 , 0.295319 , -0.185134 , -0.0404057 , 0.284553
21.4809 , -0.180325 , -0.0429049 , 0.29038 , -0.175155 , -0.0403664 , 0.280827
21.5144 , -0.172019 , -0.0414805 , 0.290055 , -0.166592 , -0.0404172 , 0.279895
21.5506 , -0.164719 , -0.0447761 , 0.288692 , -0.159822 , -0.0445854 , 0.28054
