627

0.026277 , -0.0402374 , 0.0373725 , -0.121954 , -0.0803421 , 0.0408991 , -0.099722
0.06183 , -0.0402368 , 0.037372 , -0.12197 , -0.0645645 , 0.0587311 , -0.136609
0.098736 , -0.0402337 , 0.0373756 , -0.121974 , -0.0178536 , 0.0537194 , -0.135895
0.144522 , -0.040212 , 0.037378 , -0.121969 , 0.00350143 , 0.0402774 , -0.140781
0.184999 , -0.0401774 , 0.0373988 , -0.12198 , 0.000265291 , 0.0327297 , -0.140092
0.231934 , -0.0401227 , 0.0374321 , -0.122014 , -0.0156787 , 0.0314817 , -0.135169
0.282304 , -0.0400508 , 0.03747 , -0.122052 , -0.0331664 , 0.032207 , -0.130113
0.334268 , -0.0400356 , 0.0374765 , -0.122059 , -0.0444793 , 0.03335 , -0.127902
0.384166 , -0.0400356 , 0.0374765 , -0.122059 , -0.0477238 , 0.0352336 , -0.128783
0.427998 , -0.0400298 , 0.0374846 , -0.122061 , -0.0450814 , 0.0379082 , -0.131172
0.46486 , -0.0400299 , 0.0374866 , -0.122061 , -0.0395554 , 0.0406257 , -0.13352
0.499438 , -0.0400299 , 0.0374866 , -0.122061 , -0.0345661 , 0.0422006 , -0.13503
0.546162 , -0.0400299 , 0.0374866 , -0.122061 , -0.0314596 , 0.042242 , -0.135492
0.583012 , -0.0400299 , 0.0374866 , -0.122061 , -0.0303109 , 0.0411158 , -0.134979
0.629967 , -0.0400299 , 0.0374866 , -0.122061 , -0.0308265 , 0.0395233 , -0.133418
0.663016 , -0.0400299 , 0.0374866 , -0.122061 , -0.0324133 , 0.0381849 , -0.131172
0.69503 , -0.0400299 , 0.0374866 , -0.122061 , -0.0345378 , 0.0377079 , -0.128909
0.72971 , -0.0400299 , 0.0374866 , -0.122061 , -0.0363929 , 0.0372197 , -0.1267
0.763473 , -0.0400299 , 0.0374866 , -0.122061 , -0.0379088 , 0.0375021 , -0.125021
0.798211 , -0.0400299 , 0.0374866 , -0.122061 , -0.0389846 , 0.0379851 , -0.124071
0.829942 , -0.0400299 , 0.0374866 , -0.122061 , -0.0393518 , 0.0383222 , -0.12384
0.861793 , -0.0400299 , 0.0374866 , -0.122061 , -0.0393986 , 0.038261 , -0.124118
0.895382 , -0.0400299 , 0.0374866 , -0.122061 , -0.0392851 , 0.0381818 , -0.12446
0.930903 , -0.0400299 , 0.0374866 , -0.122061 , -0.0390266 , 0.0380265 , -0.124475
0.96961 , -0.0400299 , 0.0374866 , -0.122061 , -0.0386133 , 0.0379657 , -0.124635
1.0149 , -0.0400299 , 0.0374866 , -0.122061 , -0.0380045 , 0.0378368 , -0.124792
1.04648 , -0.0400299 , 0.0374866 , -0.122061 , -0.0373789 , 0.037716 , -0.124784
1.08114 , -0.0400298 , 0.0374866 , -0.122061 , -0.0368689 , 0.0377459 , -0.124665
1.11479 , -0.043902 , 0.0385214 , -0.120254 , -0.0619954 , 0.0301849 , -0.123129
1.14946 , -0.043902 , 0.0385214 , -0.120254 , -0.0326321 , 0.0389908 , -0.122612
1.18052 , -0.044295 , 0.0385668 , -0.120381 , -0.0336216 , 0.041962 , -0.122837
1.21819 , -0.0449992 , 0.0386683 , -0.120438 , -0.0359936 , 0.0420652 , -0.120627
1.25031 , -0.0449683 , 0.0386528 , -0.120568 , -0.0392116 , 0.0417317 , -0.120465
1.28194 , -0.0449683 , 0.0386528 , -0.120568 , -0.0409478 , 0.0409505 , -0.121934
1.31469 , -0.0454507 , 0.0384101 , -0.120896 , -0.0424218 , 0.0397942 , -0.123274
1.34984 , -0.0454574 , 0.0383185 , -0.121134 , -0.0432941 , 0.0395547 , -0.124214
1.38591 , -0.0456223 , 0.0381861 , -0.121401 , -0.0433668 , 0.0390491 , -0.125062
1.42357 , -0.0457564 , 0.0381851 , -0.121769 , -0.0435035 , 0.0385026 , -0.125441
1.4693 , -0.0461291 , 0.0381524 , -0.121944 , -0.0429222 , 0.0385623 , -0.125519
1.50454 , -0.0460337 , 0.0380891 , -0.122179 , -0.0444703 , 0.0385804 , -0.125792
1.53782 , -0.0460915 , 0.0379249 , -0.122477 , -0.0433423 , 0.0385416 , -0.125809
1.57035 , -0.0462653 , 0.0378628 , -0.122813 , -0.0424806 , 0.0387281 , -0.126102
1.60467 , -0.0464322 , 0.0378342 , -0.123085 , -0.0425465 , 0.0389778 , -0.12645
1.63912 , -0.0464089 , 0.0377639 , -0.123256 , -0.0418804 , 0.0394426 , -0.127913
1.67336 , -0.0467379 , 0.0379171 , -0.123446 , -0.0426231 , 0.0395475 , -0.128678
1.70741 , -0.0470733 , 0.0379459 , -0.123677 , -0.0429938 , 0.0393269 , -0.128789
1.75217 , -0.0472549 , 0.0379456 , -0.123914 , -0.0433065 , 0.0392172 , -0.128455
1.78466 , -0.047433 , 0.0378911 , -0.124131 , -0.0436736 , 0.0390693 , -0.128219
1.81816 , -0.0474986 , 0.03782 , -0.124507 , -0.0445686 , 0.0386087 , -0.12783
1.8547 , -0.0475753 , 0.0378963 , -0.12476 , -0.0453815 , 0.0385677 , -0.126903
1.88958 , -0.0475115 , 0.0378499 , -0.124919 , -0.0432781 , 0.0392881 , -0.127785
1.92168 , -0.0471426 , 0.0380056 , -0.125132 , -0.0442232 , 0.0388077 , -0.128183
1.95552 , -0.0471089 , 0.0380845 , -0.125214 , -0.0432834 , 0.0388057 , -0.127905
1.98751 , -0.0466504 , 0.0382384 , -0.125355 , -0.0431933 , 0.0389392 , -0.128165
2.02246 , -0.046013 , 0.0385413 , -0.12581 , -0.0416142 , 0.0393493 , -0.128906
2.06342 , -0.0455032 , 0.0386987 , -0.126142 , -0.0406388 , 0.0393267 , -0.129401
2.10621 , -0.0446877 , 0.0388991 , -0.126501 , -0.0407711 , 0.0391967 , -0.129552
2.13725 , -0.0437895 , 0.0387681 , -0.126846 , -0.0404057 , 0.0386385 , -0.129465
2.17148 , -0.0423375 , 0.0382754 , -0.127442 , -0.0388332 , 0.0386925 , -0.12995
2.20919 , -0.0405831 , 0.0381274 , -0.128314 , -0.0368108 , 0.039043 , -0.130732
2.24109 , -0.0384973 , 0.0380695 , -0.129428 , -0.0361733 , 0.0380576 , -0.132043
2.27746 , -0.0361581 , 0.0378536 , -0.130855 , -0.0321624 , 0.03865 , -0.133134
2.32979 , -0.0336913 , 0.0372666 , -0.132277 , -0.0290193 , 0.0371249 , -0.134994
2.37802 , -0.0306385 , 0.0363881 , -0.134067 , -0.027447 , 0.0357106 , -0.137117
2.42319 , -0.028175 , 0.0359199 , -0.136559 , -0.0273112 , 0.035464 , -0.140686
2.45558 , -0.0280037 , 0.0353305 , -0.140496 , -0.0241101 , 0.0351741 , -0.142873
2.49119 , -0.0245068 , 0.0342799 , -0.142163 , -0.0218245 , 0.0347491 , -0.144684
2.52279 , -0.0281849 , 0.035218 , -0.146817 , -0.0232641 , 0.0356677 , -0.148916
2.55927 , -0.023717 , 0.0348581 , -0.147482 , -0.0187233 , 0.036179 , -0.151924
2.594 , -0.0209132 , 0.0349331 , -0.14808 , -0.0179794 , 0.0369529 , -0.154094
2.62522 , -0.0227303 , 0.0353598 , -0.148872 , -0.0173722 , 0.0369727 , -0.156153
2.657 , -0.0175874 , 0.0361323 , -0.150163 , -0.0177513 , 0.0381682 , -0.1593
2.69339 , -0.020251 , 0.0367761 , -0.149767 , -0.015814 , 0.040525 , -0.16047
2.72799 , -0.0171847 , 0.0399013 , -0.147917 , -0.0139159 , 0.0433876 , -0.161252
2.76223 , -0.0144672 , 0.0426356 , -0.144223 , -0.0133206 , 0.0477322 , -0.160812
2.7943 , -0.0120349 , 0.0460593 , -0.141961 , -0.00985869 , 0.0523117 , -0.160163
2.8259 , -0.0136714 , 0.0512033 , -0.13444 , -0.00827479 , 0.0575358 , -0.159704
2.86119 , -0.00882956 , 0.0572025 , -0.130031 , -0.00777302 , 0.0642232 , -0.158121
2.89266 , -0.00730153 , 0.0609827 , -0.126117 , -0.00362203 , 0.0723788 , -0.156423
2.92562 , -0.00662388 , 0.0683684 , -0.118978 , 0.00155568 , 0.0764632 , -0.156727
2.9595 , -0.00496627 , 0.0702076 , -0.114337 , 0.00411309 , 0.0786821 , -0.15759
2.99668 , -0.000391466 , 0.0751965 , -0.112668 , 0.0103653 , 0.0815831 , -0.157445
3.03554 , 0.00239262 , 0.0781271 , -0.109567 , 0.0174717 , 0.0828888 , -0.156689
3.0784 , 0.00151206 , 0.0811976 , -0.102117 , 0.0207849 , 0.0826494 , -0.154945
3.11008 , 0.00366435 , 0.0862897 , -0.0995972 , 0.0221568 , 0.082491 , -0.153419
3.1419 , 0.00301657 , 0.087694 , -0.096369 , 0.0024438 , 0.0840056 , -0.137733
3.17613 , 0.00444113 , 0.0915199 , -0.092819 , 0.00120243 , 0.0819622 , -0.11795
3.21035 , 0.00328476 , 0.0938122 , -0.0873653 , 0.00401951 , 0.0854595 , -0.102581
3.24492 , 0.00265216 , 0.0993987 , -0.0821518 , 0.0115799 , 0.0915066 , -0.0920076
3.27824 , 0.000359518 , 0.104665 , -0.0755531 , 0.0195385 , 0.0983668 , -0.084332
3.30887 , -0.000470812 , 0.109516 , -0.0720388 , 0.0229134 , 0.104647 , -0.0778878
3.34338 , -0.00204345 , 0.113769 , -0.0667622 , 0.0216445 , 0.111723 , -0.0733908
3.37789 , -0.00399111 , 0.121297 , -0.0635641 , 0.0171054 , 0.118054 , -0.0698727
3.41243 , -0.00693615 , 0.129873 , -0.0587838 , 0.00977589 , 0.12472 , -0.0654215
3.44609 , -0.00837795 , 0.13664 , -0.0545296 , 0.00147247 , 0.133415 , -0.0594653
3.4766 , -0.0120902 , 0.148258 , -0.0474199 , -0.00740162 , 0.143059 , -0.0519451
3.51613 , -0.0144521 , 0.158893 , -0.0416213 , -0.015622 , 0.154913 , -0.0430461
3.55294 , -0.0176529 , 0.167024 , -0.0314969 , -0.0238829 , 0.16386 , -0.0357623
3.60027 , -0.0203463 , 0.176804 , -0.0248671 , -0.0308387 , 0.174481 , -0.0282653
3.6294 , -0.0246038 , 0.185986 , -0.017293 , -0.0380332 , 0.18698 , -0.0215802
3.66601 , -0.0276419 , 0.196253 , -0.0101771 , -0.0457856 , 0.198676 , -0.0150001
3.69474 , -0.0302655 , 0.206504 , -0.000621166 , -0.0532452 , 0.20966 , -0.0084061
3.73151 , -0.0336485 , 0.21804 , 0.00987601 , -0.0590775 , 0.222285 , -0.000278731
3.76326 , -0.0355703 , 0.228337 , 0.0234201 , -0.0635032 , 0.233862 , 0.00988545
3.79723 , -0.0379749 , 0.238126 , 0.0370475 , -0.0657166 , 0.245148 , 0.0217455
3.83218 , -0.0386633 , 0.248219 , 0.0508425 , -0.0693764 , 0.256134 , 0.0308365
3.86552 , -0.0411105 , 0.256023 , 0.0646995 , -0.0726242 , 0.265013 , 0.0398312
3.89603 , -0.0442025 , 0.260679 , 0.0737665 , -0.0741654 , 0.273475 , 0.0495456
3.93166 , -0.0425247 , 0.266391 , 0.0922004 , -0.0732628 , 0.278648 , 0.0592466
3.96545 , -0.0471019 , 0.269527 , 0.0981184 , -0.0725954 , 0.2824 , 0.0683405
3.99967 , -0.0500796 , 0.271032 , 0.106859 , -0.0732211 , 0.284271 , 0.0761099
4.03323 , -0.052355 , 0.271628 , 0.114818 , -0.0734014 , 0.285947 , 0.0830367
4.06387 , -0.0545619 , 0.272759 , 0.120546 , -0.0735767 , 0.285622 , 0.0884284
4.09928 , -0.0569022 , 0.270559 , 0.12468 , -0.0736887 , 0.283499 , 0.0926751
4.13283 , -0.0587349 , 0.266885 , 0.12787 , -0.0741716 , 0.27981 , 0.0975736
4.16744 , -0.0604512 , 0.26299 , 0.129912 , -0.0746675 , 0.27572 , 0.102188
4.20164 , -0.0617754 , 0.260439 , 0.130588 , -0.0753073 , 0.273797 , 0.104744
4.23155 , -0.0626599 , 0.256421 , 0.129225 , -0.0764458 , 0.267169 , 0.105989
4.2671 , -0.0663385 , 0.246835 , 0.126669 , -0.0771006 , 0.259895 , 0.105772
4.30051 , -0.0655954 , 0.242239 , 0.121176 , -0.0773436 , 0.252669 , 0.103829
4.33501 , -0.0669122 , 0.23425 , 0.114641 , -0.0788569 , 0.24392 , 0.0992753
4.36577 , -0.0686231 , 0.226148 , 0.106917 , -0.0807364 , 0.235897 , 0.0935106
4.40034 , -0.0700274 , 0.218537 , 0.0984403 , -0.0820317 , 0.227983 , 0.08657
4.4349 , -0.0699964 , 0.210072 , 0.088047 , -0.081425 , 0.219133 , 0.0781269
4.46836 , -0.0694959 , 0.201295 , 0.0758467 , -0.079779 , 0.210908 , 0.0670954
4.50293 , -0.0678965 , 0.191049 , 0.0615562 , -0.0772139 , 0.202099 , 0.0542838
4.53346 , -0.0656218 , 0.180251 , 0.0455075 , -0.072255 , 0.192591 , 0.0374617
4.56806 , -0.0614755 , 0.166932 , 0.0273281 , -0.0677292 , 0.179588 , 0.0194108
4.60258 , -0.0567812 , 0.153684 , 0.0104176 , -0.061551 , 0.163835 , 0.00239353
4.63618 , -0.051728 , 0.135763 , -0.00708139 , -0.0532566 , 0.14959 , -0.0139947
4.67067 , -0.0436153 , 0.117878 , -0.0222446 , -0.0438109 , 0.132044 , -0.030388
4.70129 , -0.0356408 , 0.100714 , -0.0381475 , -0.0306137 , 0.112011 , -0.0491942
4.73587 , -0.0234577 , 0.0803427 , -0.0558894 , -0.0203492 , 0.093077 , -0.0671438
4.77025 , -0.0118292 , 0.0611551 , -0.0750406 , -0.00424069 , 0.0748788 , -0.0855002
4.80401 , -6.98257e-05 , 0.0420805 , -0.0889693 , 0.00814543 , 0.0552414 , -0.103644
4.83851 , 0.013634 , 0.0202389 , -0.10514 , 0.0226104 , 0.0351014 , -0.119332
4.86893 , 0.0234442 , -0.0002307 , -0.116636 , 0.0365773 , 0.0112702 , -0.134357
4.90613 , 0.0350752 , -0.0249891 , -0.129912 , 0.0485035 , -0.0106221 , -0.149688
4.94324 , 0.0481917 , -0.050343 , -0.143854 , 0.062541 , -0.0344872 , -0.165057
4.97962 , 0.0657357 , -0.0751665 , -0.161031 , 0.0791318 , -0.0584021 , -0.181445
5.02209 , 0.0743408 , -0.0930551 , -0.173083 , 0.0989454 , -0.0827709 , -0.201033
5.05647 , 0.0912738 , -0.113573 , -0.187794 , 0.113484 , -0.10197 , -0.217477
5.08999 , 0.113064 , -0.138581 , -0.203617 , 0.133374 , -0.12237 , -0.231624
5.12089 , 0.131532 , -0.158861 , -0.214203 , 0.155093 , -0.146184 , -0.245268
5.15526 , 0.152285 , -0.183866 , -0.226195 , 0.177326 , -0.170213 , -0.259575
5.18979 , 0.174053 , -0.205811 , -0.238674 , 0.200606 , -0.193268 , -0.274189
5.22447 , 0.20214 , -0.227193 , -0.253966 , 0.22794 , -0.214326 , -0.28897
5.25794 , 0.224143 , -0.244653 , -0.265267 , 0.253537 , -0.232733 , -0.302095
5.28847 , 0.254825 , -0.261446 , -0.277163 , 0.283325 , -0.248398 , -0.313209
5.32326 , 0.279914 , -0.272439 , -0.283836 , 0.311037 , -0.260964 , -0.321724
5.35755 , 0.298177 , -0.282351 , -0.28993 , 0.333811 , -0.271132 , -0.328023
5.39201 , 0.31283 , -0.290394 , -0.293887 , 0.355185 , -0.280881 , -0.333467
5.42467 , 0.327758 , -0.298815 , -0.298543 , 0.385871 , -0.293494 , -0.342747
5.45881 , 0.354474 , -0.30853 , -0.307256 , 0.399249 , -0.294477 , -0.345977
5.48968 , 0.362301 , -0.309133 , -0.308449 , 0.410166 , -0.293807 , -0.345804
5.52527 , 0.373781 , -0.310109 , -0.308704 , 0.420835 , -0.294361 , -0.343332
5.55989 , 0.379102 , -0.309462 , -0.307999 , 0.435429 , -0.292752 , -0.338016
5.59344 , 0.385563 , -0.306191 , -0.304516 , 0.441435 , -0.292029 , -0.333977
5.62399 , 0.386402 , -0.304613 , -0.301988 , 0.446879 , -0.291107 , -0.329861
5.65953 , 0.386365 , -0.302515 , -0.298333 , 0.449431 , -0.290088 , -0.326525
5.69315 , 0.384413 , -0.300887 , -0.294887 , 0.450536 , -0.289198 , -0.322406
5.7246 , 0.38095 , -0.298044 , -0.290575 , 0.448647 , -0.28872 , -0.317192
5.76122 , 0.376842 , -0.29429 , -0.286941 , 0.444075 , -0.287564 , -0.31125
5.79167 , 0.371715 , -0.289529 , -0.281893 , 0.43494 , -0.284024 , -0.304559
5.82721 , 0.364275 , -0.282284 , -0.276178 , 0.422588 , -0.280702 , -0.298296
5.86071 , 0.348399 , -0.272733 , -0.268976 , 0.404648 , -0.275623 , -0.291458
5.89531 , 0.329036 , -0.264011 , -0.263349 , 0.381125 , -0.269541 , -0.284658
5.92883 , 0.322503 , -0.255459 , -0.258074 , 0.354072 , -0.258955 , -0.274025
5.95943 , 0.306528 , -0.24262 , -0.24865 , 0.323064 , -0.248979 , -0.258402
5.99933 , 0.285764 , -0.230637 , -0.234607 , 0.291733 , -0.240509 , -0.241369
6.03674 , 0.267362 , -0.218907 , -0.221198 , 0.259879 , -0.229255 , -0.223137
6.08054 , 0.248759 , -0.204325 , -0.205096 , 0.223655 , -0.21436 , -0.202784
6.11418 , 0.225227 , -0.187126 , -0.186526 , 0.194441 , -0.197684 , -0.183773
6.14822 , 0.208589 , -0.168942 , -0.171297 , 0.166353 , -0.178325 , -0.164068
6.18052 , 0.189809 , -0.148196 , -0.153641 , 0.139947 , -0.155031 , -0.144613
6.21122 , 0.166331 , -0.124973 , -0.131374 , 0.11628 , -0.131597 , -0.12659
6.24487 , 0.143577 , -0.102898 , -0.111819 , 0.0935342 , -0.108948 , -0.10904
6.28031 , 0.131337 , -0.0743346 , -0.0983219 , 0.0680201 , -0.0799188 , -0.0909215
6.31487 , 0.11274 , -0.0505981 , -0.0844734 , 0.0487372 , -0.0533616 , -0.0748825
6.34876 , 0.0958249 , -0.0292638 , -0.0731036 , 0.0329116 , -0.0295768 , -0.0629418
6.38293 , 0.0801483 , -0.00543397 , -0.0667782 , 0.019553 , -0.00733005 , -0.0529418
6.41258 , 0.0674057 , 0.0185755 , -0.0619607 , 0.00995502 , 0.0167037 , -0.0449228
6.44928 , 0.0547735 , 0.044884 , -0.0567629 , 0.00101383 , 0.0426916 , -0.0381609
6.48319 , 0.0412521 , 0.0712565 , -0.0509517 , -0.00585163 , 0.0698098 , -0.03132
6.51513 , 0.030106 , 0.098741 , -0.0438922 , -0.00934445 , 0.0920704 , -0.0239693
6.54854 , 0.0208194 , 0.123983 , -0.0319045 , -0.0107363 , 0.115115 , -0.0166199
6.58313 , 0.0130016 , 0.147006 , -0.0163659 , -0.0115513 , 0.137246 , -0.00772528
6.61384 , 0.00819524 , 0.170693 , -0.00329383 , -0.0110371 , 0.161389 , 0.00367436
6.65027 , 0.00437934 , 0.197063 , 0.0128248 , -0.0106336 , 0.186821 , 0.0175536
6.68084 , 0.00217628 , 0.222505 , 0.030877 , -0.010593 , 0.213071 , 0.0328027
6.71557 , -0.000192037 , 0.249536 , 0.0506231 , -0.0143412 , 0.239449 , 0.0484924
6.74995 , -0.00548899 , 0.275122 , 0.0699102 , -0.0205556 , 0.267043 , 0.0623042
6.78441 , -0.0107496 , 0.298643 , 0.0871798 , -0.0282749 , 0.291586 , 0.0738261
6.81799 , -0.0170848 , 0.317518 , 0.100062 , -0.0373771 , 0.311146 , 0.084223
6.84869 , -0.0220132 , 0.331866 , 0.114432 , -0.0466111 , 0.328764 , 0.0942113
6.88321 , -0.025384 , 0.343681 , 0.131626 , -0.0544627 , 0.343662 , 0.104851
6.9176 , -0.0273827 , 0.356748 , 0.148101 , -0.0617934 , 0.358165 , 0.11916
6.95224 , -0.0305158 , 0.368369 , 0.167245 , -0.0662908 , 0.372171 , 0.13207
6.98466 , -0.0324673 , 0.378826 , 0.182331 , -0.0724808 , 0.383877 , 0.141936
7.01735 , -0.0362014 , 0.388172 , 0.199512 , -0.0800655 , 0.396168 , 0.153396
7.05103 , -0.0390734 , 0.396974 , 0.213792 , -0.0861091 , 0.406444 , 0.165063
7.08565 , -0.0412144 , 0.403308 , 0.231684 , -0.0891963 , 0.415353 , 0.176725
7.12143 , -0.0423159 , 0.408179 , 0.246984 , -0.0926287 , 0.422466 , 0.187584
7.15087 , -0.044487 , 0.41306 , 0.257484 , -0.0950951 , 0.42989 , 0.196711
7.18517 , -0.0453853 , 0.415202 , 0.269874 , -0.0991913 , 0.435077 , 0.206129
7.21964 , -0.0445749 , 0.419036 , 0.276284 , -0.0989695 , 0.43886 , 0.217882
7.25319 , -0.0473885 , 0.419751 , 0.280397 , -0.0999682 , 0.440761 , 0.225964
7.28772 , -0.0494632 , 0.419456 , 0.283677 , -0.0972229 , 0.440943 , 0.230055
7.32135 , -0.0464886 , 0.417346 , 0.286475 , -0.0946779 , 0.441321 , 0.232985
7.35727 , -0.0444658 , 0.415647 , 0.285949 , -0.0942458 , 0.440565 , 0.23808
7.3922 , -0.0453486 , 0.413194 , 0.286287 , -0.0892533 , 0.437661 , 0.241985
7.42329 , -0.0386482 , 0.410647 , 0.283609 , -0.0832837 , 0.43269 , 0.244435
7.45803 , -0.040538 , 0.40436 , 0.281487 , -0.0783949 , 0.424012 , 0.248954
7.4871 , -0.0376247 , 0.398048 , 0.281551 , -0.0716433 , 0.418119 , 0.251959
7.52558 , -0.0359252 , 0.392395 , 0.277007 , -0.0634152 , 0.410511 , 0.253266
7.56009 , -0.034097 , 0.384269 , 0.273157 , -0.0557768 , 0.401133 , 0.254994
7.59212 , -0.0312752 , 0.378207 , 0.266866 , -0.0493403 , 0.39182 , 0.254292
7.62112 , -0.0302019 , 0.364922 , 0.259931 , -0.0428736 , 0.379921 , 0.249988
7.65701 , -0.0288034 , 0.353302 , 0.250063 , -0.0369309 , 0.366377 , 0.242323
7.69234 , -0.0279191 , 0.338522 , 0.239145 , -0.0317249 , 0.350244 , 0.232505
7.72111 , -0.0266057 , 0.322541 , 0.22761 , -0.026566 , 0.33564 , 0.221758
7.7576 , -0.0265297 , 0.305841 , 0.215531 , -0.0224734 , 0.316409 , 0.211888
7.79094 , -0.0254135 , 0.286818 , 0.206523 , -0.0174396 , 0.296048 , 0.20458
7.82453 , -0.0239312 , 0.268004 , 0.199869 , -0.0133455 , 0.276258 , 0.198653
7.85636 , -0.0221521 , 0.245347 , 0.19428 , -0.00925422 , 0.254157 , 0.192982
7.89203 , -0.0193857 , 0.22421 , 0.189176 , -0.00457892 , 0.228588 , 0.187342
7.92502 , -0.0158493 , 0.196914 , 0.184437 , 0.000992321 , 0.203136 , 0.180657
7.96115 , -0.0119696 , 0.170533 , 0.180168 , 0.00697401 , 0.177493 , 0.173714
7.99187 , -0.00799192 , 0.142055 , 0.175554 , 0.0123886 , 0.150146 , 0.162971
8.02554 , -0.00437847 , 0.113372 , 0.169152 , 0.017434 , 0.120644 , 0.149717
8.06014 , -0.000511261 , 0.0841642 , 0.160014 , 0.0231594 , 0.0890044 , 0.134114
8.09228 , 0.00333873 , 0.0521713 , 0.151253 , 0.0298266 , 0.0571197 , 0.118236
8.12669 , 0.00854548 , 0.0194095 , 0.142574 , 0.0391932 , 0.0236074 , 0.102913
8.16315 , 0.0194235 , -0.0134986 , 0.134279 , 0.0504417 , -0.00945816 , 0.0911385
8.1941 , 0.0265013 , -0.0438288 , 0.12909 , 0.06228 , -0.0410849 , 0.0818127
8.22644 , 0.034912 , -0.0734285 , 0.124734 , 0.0740597 , -0.0718122 , 0.0738722
8.26095 , 0.0438108 , -0.103659 , 0.120576 , 0.0865169 , -0.102008 , 0.0669076
8.29481 , 0.0536595 , -0.131248 , 0.118391 , 0.10049 , -0.130931 , 0.0608139
8.32496 , 0.0623606 , -0.155163 , 0.118844 , 0.113002 , -0.158241 , 0.0572877
8.35954 , 0.0810041 , -0.18295 , 0.114283 , 0.128865 , -0.182028 , 0.0559912
8.39403 , 0.0890655 , -0.204707 , 0.11426 , 0.145391 , -0.20938 , 0.0562575
8.42865 , 0.0979249 , -0.225925 , 0.115029 , 0.158969 , -0.233744 , 0.056882
8.46207 , 0.107543 , -0.246257 , 0.115349 , 0.172273 , -0.253678 , 0.0588893
8.49886 , 0.115273 , -0.262567 , 0.11634 , 0.185049 , -0.270807 , 0.0639598
8.53321 , 0.123107 , -0.277689 , 0.119987 , 0.196038 , -0.286937 , 0.0701038
8.56925 , 0.129646 , -0.290348 , 0.123791 , 0.204615 , -0.29719 , 0.0751349
8.61244 , 0.134899 , -0.299527 , 0.128023 , 0.212852 , -0.304838 , 0.0813442
8.64762 , 0.137559 , -0.30368 , 0.130356 , 0.218322 , -0.311074 , 0.088335
8.68193 , 0.139253 , -0.306407 , 0.131499 , 0.223108 , -0.313797 , 0.0937514
8.71272 , 0.139002 , -0.306254 , 0.132265 , 0.225828 , -0.314719 , 0.0981551
8.74705 , 0.139344 , -0.304956 , 0.132132 , 0.226137 , -0.31415 , 0.102131
8.78377 , 0.13844 , -0.301491 , 0.131637 , 0.223855 , -0.311085 , 0.105643
8.82017 , 0.136809 , -0.29603 , 0.13106 , 0.218731 , -0.306452 , 0.10837
8.86312 , 0.134215 , -0.289164 , 0.130943 , 0.211226 , -0.300529 , 0.111616
8.89742 , 0.128925 , -0.279062 , 0.133152 , 0.199998 , -0.293276 , 0.115773
8.9319 , 0.124331 , -0.268613 , 0.137719 , 0.183616 , -0.282311 , 0.122831
8.96545 , 0.1144 , -0.256097 , 0.147649 , 0.152614 , -0.270643 , 0.133122
8.99681 , 0.100212 , -0.244877 , 0.156035 , 0.134112 , -0.260138 , 0.14169
9.0316 , 0.0960713 , -0.231106 , 0.163345 , 0.112967 , -0.246065 , 0.148283
9.06328 , 0.0869883 , -0.215819 , 0.173419 , 0.0839285 , -0.228198 , 0.158038
9.09981 , 0.0783475 , -0.199663 , 0.182821 , 0.059273 , -0.206654 , 0.169348
9.1352 , 0.0578278 , -0.177869 , 0.19547 , 0.0380169 , -0.186279 , 0.181256
9.16501 , 0.0585758 , -0.160728 , 0.20367 , 0.00625621 , -0.159859 , 0.195146
9.1994 , 0.040185 , -0.141255 , 0.215834 , -0.0124854 , -0.133878 , 0.206379
9.23283 , 0.029446 , -0.124131 , 0.225211 , -0.0280236 , -0.111664 , 0.217224
9.2674 , 0.0310177 , -0.105412 , 0.232648 , -0.0350903 , -0.0889334 , 0.228844
9.30096 , 0.0282092 , -0.0870845 , 0.241624 , -0.0477538 , -0.0647183 , 0.241935
9.33146 , 0.0106442 , -0.0636748 , 0.249358 , -0.057042 , -0.041755 , 0.254042
9.36703 , 0.00359669 , -0.0484066 , 0.252813 , -0.062055 , -0.0217719 , 0.262937
9.40063 , 0.00141992 , -0.0289652 , 0.255582 , -0.0649494 , -0.00430893 , 0.266874
9.43521 , -0.000577664 , -0.0118137 , 0.255503 , -0.059613 , 0.0114279 , 0.268162
9.46837 , -0.0105844 , 0.00695186 , 0.249611 , -0.0607903 , 0.0273904 , 0.265608
9.49941 , -0.014701 , 0.0287413 , 0.246866 , -0.0619072 , 0.0432492 , 0.260676
9.53483 , -0.0227493 , 0.0492465 , 0.242778 , -0.0608614 , 0.0553178 , 0.257174
9.56837 , -0.0317123 , 0.0694186 , 0.239128 , -0.0618836 , 0.0711974 , 0.251017
9.60287 , -0.0413133 , 0.0912545 , 0.236096 , -0.0633258 , 0.0885534 , 0.24564
9.63375 , -0.0510573 , 0.114366 , 0.238621 , -0.0667703 , 0.110242 , 0.243026
9.66803 , -0.0648426 , 0.142502 , 0.252245 , -0.0762807 , 0.135133 , 0.247726
9.7026 , -0.0748098 , 0.169404 , 0.272963 , -0.0828912 , 0.160136 , 0.260235
9.73905 , -0.0790756 , 0.197659 , 0.292824 , -0.0865059 , 0.185691 , 0.277869
9.76769 , -0.0804628 , 0.223634 , 0.315312 , -0.0876883 , 0.211569 , 0.295481
9.8022 , -0.0794946 , 0.248786 , 0.334792 , -0.0899627 , 0.237084 , 0.308324
9.83881 , -0.0809053 , 0.273385 , 0.350925 , -0.0933994 , 0.263242 , 0.318856
9.86839 , -0.0783954 , 0.295595 , 0.368707 , -0.09728 , 0.292057 , 0.326715
9.90399 , -0.0733067 , 0.317209 , 0.384818 , -0.0966823 , 0.319856 , 0.336716
9.93847 , -0.064547 , 0.337858 , 0.399602 , -0.0986998 , 0.34544 , 0.343218
9.9691 , -0.0619219 , 0.356046 , 0.409699 , -0.101071 , 0.366863 , 0.348384
10.0043 , -0.058171 , 0.372514 , 0.418172 , -0.103234 , 0.386901 , 0.35413
10.0383 , -0.0552215 , 0.385733 , 0.425861 , -0.105697 , 0.405349 , 0.360982
10.0728 , -0.0536444 , 0.396734 , 0.432117 , -0.107658 , 0.421023 , 0.370005
10.1062 , -0.0518044 , 0.407296 , 0.438382 , -0.108542 , 0.435008 , 0.379002
10.1369 , -0.0512961 , 0.415414 , 0.441669 , -0.10998 , 0.446137 , 0.386726
10.1716 , -0.0514493 , 0.420866 , 0.442273 , -0.112455 , 0.452788 , 0.392957
10.2061 , -0.0547552 , 0.426093 , 0.440566 , -0.112265 , 0.458452 , 0.397144
10.2404 , -0.0573962 , 0.42631 , 0.437363 , -0.114122 , 0.46339 , 0.398271
10.2711 , -0.0582896 , 0.428999 , 0.427414 , -0.115665 , 0.464381 , 0.395673
10.3056 , -0.0628887 , 0.427664 , 0.416724 , -0.114104 , 0.465202 , 0.389385
10.3393 , -0.0636227 , 0.426711 , 0.400656 , -0.114053 , 0.461075 , 0.377871
10.3736 , -0.0682646 , 0.421158 , 0.385548 , -0.114463 , 0.453109 , 0.362736
10.4082 , -0.0700595 , 0.412293 , 0.364914 , -0.112954 , 0.442347 , 0.344762
10.4418 , -0.0726959 , 0.401889 , 0.343036 , -0.110712 , 0.429607 , 0.324174
10.4723 , -0.0736958 , 0.391114 , 0.320936 , -0.106333 , 0.416186 , 0.301932
10.5079 , -0.0745088 , 0.378004 , 0.298242 , -0.101217 , 0.401333 , 0.279885
10.5414 , -0.0739092 , 0.363815 , 0.275217 , -0.0905105 , 0.38395 , 0.255978
10.5758 , -0.0700463 , 0.34642 , 0.251423 , -0.0840569 , 0.36582 , 0.231275
10.6095 , -0.0698782 , 0.328991 , 0.225419 , -0.0764978 , 0.345703 , 0.205458
10.6404 , -0.0680194 , 0.311286 , 0.200394 , -0.0700669 , 0.327463 , 0.179849
10.6756 , -0.0651465 , 0.293558 , 0.174834 , -0.0636627 , 0.30695 , 0.155572
10.709 , -0.0619499 , 0.272787 , 0.150754 , -0.0574401 , 0.285848 , 0.133055
10.7437 , -0.0581145 , 0.252856 , 0.127126 , -0.050327 , 0.266584 , 0.109916
10.7822 , -0.0530872 , 0.233557 , 0.102566 , -0.0435302 , 0.246006 , 0.0858825
10.83 , -0.0478116 , 0.212708 , 0.0794279 , -0.0357271 , 0.225867 , 0.0632809
10.87 , -0.0414864 , 0.191858 , 0.0573407 , -0.0271358 , 0.203225 , 0.0425828
10.9101 , -0.034311 , 0.168609 , 0.0383907 , -0.0173012 , 0.180177 , 0.0224063
10.9467 , -0.0248977 , 0.144426 , 0.0189613 , -0.00635332 , 0.156445 , 0.00399023
10.9779 , -0.0133211 , 0.121248 , 0.00370775 , 0.00674839 , 0.134189 , -0.0105232
11.0193 , -0.00089586 , 0.098131 , -0.0100742 , 0.0201919 , 0.112541 , -0.0266072
11.0625 , 0.0122582 , 0.0733986 , -0.0241977 , 0.0349889 , 0.0885977 , -0.0431456
11.0968 , 0.0261022 , 0.047176 , -0.0375063 , 0.0477611 , 0.0619145 , -0.0584229
11.1309 , 0.0381538 , 0.0195951 , -0.0487219 , 0.0601833 , 0.0360046 , -0.0725561
11.1618 , 0.0501855 , -0.00608696 , -0.0564881 , 0.0732211 , 0.0115398 , -0.0853335
11.1954 , 0.063523 , -0.0318445 , -0.0622377 , 0.0878662 , -0.0151085 , -0.0957103
11.2301 , 0.0781356 , -0.0593202 , -0.0654781 , 0.10543 , -0.0449047 , -0.10359
11.2644 , 0.096146 , -0.0901541 , -0.0656591 , 0.126866 , -0.0759845 , -0.108578
11.2973 , 0.116458 , -0.117853 , -0.0639058 , 0.150708 , -0.10531 , -0.112074
11.328 , 0.139214 , -0.143978 , -0.0620356 , 0.178309 , -0.133467 , -0.11419
11.3615 , 0.164115 , -0.168473 , -0.0591293 , 0.206746 , -0.159349 , -0.116391
11.3959 , 0.188552 , -0.1903 , -0.0586088 , 0.232176 , -0.180633 , -0.120721
11.4307 , 0.210354 , -0.207504 , -0.0607266 , 0.257802 , -0.201333 , -0.125434
11.4643 , 0.232051 , -0.224188 , -0.0617956 , 0.283455 , -0.217089 , -0.127879
11.4988 , 0.251036 , -0.239535 , -0.0609046 , 0.308997 , -0.233067 , -0.126777
11.5296 , 0.264374 , -0.250506 , -0.0577032 , 0.331147 , -0.247645 , -0.123461
11.5638 , 0.275402 , -0.262647 , -0.0530043 , 0.35184 , -0.265187 , -0.115113
11.5983 , 0.284899 , -0.27649 , -0.0440878 , 0.369567 , -0.275669 , -0.100225
11.6319 , 0.292483 , -0.283919 , -0.030921 , 0.381828 , -0.280696 , -0.0876511
11.6663 , 0.296957 , -0.28955 , -0.0177911 , 0.393399 , -0.283856 , -0.074648
11.7037 , 0.300104 , -0.290531 , -0.0124632 , 0.401098 , -0.286954 , -0.0612991
11.7382 , 0.301276 , -0.291087 , -0.00784944 , 0.407261 , -0.288397 , -0.0515847
11.7712 , 0.301092 , -0.291158 , -0.00501983 , 0.410047 , -0.289697 , -0.046004
11.8018 , 0.299153 , -0.290819 , -0.0044347 , 0.411206 , -0.287543 , -0.0433899
11.8346 , 0.296011 , -0.288223 , -0.00380316 , 0.409027 , -0.284867 , -0.0408665
11.8669 , 0.291351 , -0.284991 , -0.00293667 , 0.40274 , -0.282056 , -0.0381975
11.8993 , 0.284893 , -0.280171 , -0.00484581 , 0.391409 , -0.277501 , -0.0377992
11.9339 , 0.277741 , -0.270206 , -0.00891935 , 0.376695 , -0.269542 , -0.0378475
11.9684 , 0.270186 , -0.258486 , -0.0101815 , 0.357027 , -0.259255 , -0.0389802
12.0026 , 0.26163 , -0.248508 , -0.0133231 , 0.333297 , -0.253916 , -0.0403611
12.0375 , 0.248035 , -0.24298 , -0.0157426 , 0.305053 , -0.249859 , -0.0399657
12.0669 , 0.235077 , -0.233189 , -0.0127335 , 0.272466 , -0.242591 , -0.0354554
12.102 , 0.219548 , -0.220603 , -0.00427721 , 0.236566 , -0.231281 , -0.0252072
12.1381 , 0.202214 , -0.204611 , 0.00734938 , 0.19728 , -0.214303 , -0.0115178
12.1685 , 0.183485 , -0.183276 , 0.0203376 , 0.154435 , -0.191231 , 0.00389555
12.2028 , 0.166364 , -0.161047 , 0.0304064 , 0.121032 , -0.165725 , 0.0181103
12.2372 , 0.14718 , -0.134521 , 0.044645 , 0.0893354 , -0.138535 , 0.0324458
12.2708 , 0.132258 , -0.106563 , 0.0547103 , 0.0618681 , -0.10741 , 0.0471935
12.3053 , 0.116717 , -0.0802916 , 0.0624423 , 0.032125 , -0.0724305 , 0.0603577
12.3392 , 0.0995673 , -0.0518049 , 0.0679773 , 0.0149411 , -0.0420163 , 0.0725101
12.3714 , 0.0858185 , -0.0248538 , 0.070999 , -0.00569201 , -0.014012 , 0.0793639
12.4015 , 0.0664803 , 0.000493258 , 0.0699703 , -0.016649 , 0.0113413 , 0.0855716
12.4375 , 0.055552 , 0.0228702 , 0.0707956 , -0.0263683 , 0.0336001 , 0.0899212
12.4731 , 0.0408905 , 0.0455691 , 0.0700841 , -0.026389 , 0.0558782 , 0.0931395
12.5036 , 0.0298803 , 0.0701891 , 0.0685222 , -0.0291472 , 0.0776998 , 0.0942258
12.5385 , 0.0160521 , 0.0976153 , 0.0671197 , -0.0317402 , 0.0988195 , 0.0945995
12.5713 , 0.00652954 , 0.121917 , 0.0682902 , -0.0322796 , 0.11931 , 0.0967812
12.6056 , -0.00349559 , 0.143603 , 0.0757731 , -0.0319342 , 0.13719 , 0.101848
12.6407 , -0.0112241 , 0.163784 , 0.0885836 , -0.0309906 , 0.156121 , 0.109969
12.6738 , -0.019321 , 0.187132 , 0.102893 , -0.0311775 , 0.176131 , 0.120005
12.7037 , -0.02712 , 0.213985 , 0.12495 , -0.0321708 , 0.201481 , 0.135427
12.7391 , -0.0298095 , 0.244033 , 0.15188 , -0.0335826 , 0.228314 , 0.156139
12.7725 , -0.0324674 , 0.271378 , 0.180577 , -0.0342607 , 0.254544 , 0.175166
12.807 , -0.0350533 , 0.293642 , 0.205353 , -0.0380564 , 0.281011 , 0.189924
12.8377 , -0.0380081 , 0.316018 , 0.224668 , -0.0434396 , 0.307417 , 0.201738
12.8722 , -0.038532 , 0.338283 , 0.244679 , -0.0510044 , 0.332449 , 0.210583
12.9068 , -0.0378767 , 0.358925 , 0.266866 , -0.0585075 , 0.357468 , 0.220366
12.9403 , -0.0375354 , 0.37723 , 0.290662 , -0.0665742 , 0.38006 , 0.233927
12.9749 , -0.0373673 , 0.392301 , 0.31245 , -0.0744548 , 0.400231 , 0.247317
13.0075 , -0.0386807 , 0.403289 , 0.327947 , -0.0840916 , 0.416612 , 0.258189
13.0405 , -0.0394467 , 0.410367 , 0.340639 , -0.0920851 , 0.429017 , 0.268958
13.0746 , -0.0403925 , 0.415664 , 0.347195 , -0.0996396 , 0.440756 , 0.277531
13.1081 , -0.0416284 , 0.422043 , 0.351364 , -0.105056 , 0.450715 , 0.282964
13.1427 , -0.0415311 , 0.424824 , 0.35244 , -0.109594 , 0.457575 , 0.286024
13.1738 , -0.0430194 , 0.427557 , 0.350666 , -0.113801 , 0.461668 , 0.287075
13.2078 , -0.0454665 , 0.426854 , 0.346828 , -0.119993 , 0.4621 , 0.286297
13.2423 , -0.0489794 , 0.426474 , 0.341353 , -0.122661 , 0.460771 , 0.285468
13.2759 , -0.0526756 , 0.423216 , 0.335154 , -0.123985 , 0.457211 , 0.283506
13.3103 , -0.057037 , 0.419713 , 0.325857 , -0.12231 , 0.451195 , 0.276765
13.341 , -0.0598429 , 0.415829 , 0.312291 , -0.122934 , 0.446099 , 0.273955
13.3757 , -0.0637797 , 0.410954 , 0.305125 , -0.119313 , 0.438004 , 0.269847
13.412 , -0.0670727 , 0.405609 , 0.29332 , -0.114734 , 0.427494 , 0.26322
13.4453 , -0.0701514 , 0.397916 , 0.279431 , -0.110177 , 0.415658 , 0.254121
13.4782 , -0.0734691 , 0.389142 , 0.262437 , -0.106638 , 0.404002 , 0.241144
13.5089 , -0.0776016 , 0.380229 , 0.2415 , -0.104129 , 0.391845 , 0.22352
13.5433 , -0.0809176 , 0.369643 , 0.212622 , -0.10139 , 0.377862 , 0.202369
13.5779 , -0.0841904 , 0.35892 , 0.186381 , -0.0989389 , 0.364965 , 0.179969
13.6123 , -0.0858232 , 0.349175 , 0.161577 , -0.0942745 , 0.350786 , 0.158795
13.6459 , -0.085301 , 0.334425 , 0.138916 , -0.0884386 , 0.337281 , 0.138016
13.6802 , -0.082617 , 0.320916 , 0.116248 , -0.0810743 , 0.322521 , 0.116814
13.7102 , -0.078642 , 0.307216 , 0.0934428 , -0.0728609 , 0.308448 , 0.0944292
13.7457 , -0.0717775 , 0.293777 , 0.0698265 , -0.0652117 , 0.29412 , 0.06985
13.7802 , -0.0654799 , 0.273818 , 0.0447647 , -0.0575071 , 0.279036 , 0.0439431
13.8137 , -0.0573207 , 0.255008 , 0.0179676 , -0.0484266 , 0.261418 , 0.0181075
13.8444 , -0.0472083 , 0.234788 , -0.00217477 , -0.0390124 , 0.242175 , -0.00484795
13.8828 , -0.0368223 , 0.212625 , -0.0211884 , -0.0286598 , 0.220829 , -0.0262853
13.9115 , -0.0250206 , 0.186048 , -0.0380389 , -0.0189008 , 0.19847 , -0.0460961
13.9485 , -0.0129821 , 0.162159 , -0.0535733 , -0.00681748 , 0.174162 , -0.0624152
13.9836 , -6.52579e-06 , 0.138928 , -0.0687549 , 0.00555713 , 0.153866 , -0.0742516
14.0135 , 0.0120082 , 0.115868 , -0.0768347 , 0.0188139 , 0.135846 , -0.0876704
14.0476 , 0.0239544 , 0.0924704 , -0.0862025 , 0.033771 , 0.11327 , -0.102235
14.0792 , 0.0360529 , 0.0649285 , -0.0948958 , 0.0503063 , 0.0858049 , -0.114273
14.1157 , 0.0530731 , 0.0350861 , -0.101868 , 0.0672398 , 0.0578117 , -0.124655
14.1462 , 0.0682591 , 0.00588153 , -0.10579 , 0.0842587 , 0.0285516 , -0.133088
14.1799 , 0.0845565 , -0.0255433 , -0.109348 , 0.102823 , -0.00505014 , -0.139388
14.2154 , 0.102404 , -0.0607922 , -0.112006 , 0.122969 , -0.0408773 , -0.144682
14.247 , 0.121189 , -0.0955453 , -0.114978 , 0.145872 , -0.0779987 , -0.150019
14.2834 , 0.143701 , -0.129859 , -0.117746 , 0.171937 , -0.114542 , -0.155489
14.317 , 0.175944 , -0.167646 , -0.120878 , 0.202657 , -0.14621 , -0.162025
14.3516 , 0.196339 , -0.190982 , -0.12373 , 0.237076 , -0.179936 , -0.170572
14.3886 , 0.224176 , -0.216092 , -0.131086 , 0.266622 , -0.205462 , -0.181466
14.4179 , 0.253317 , -0.239468 , -0.14286 , 0.2997 , -0.228442 , -0.194643
14.451 , 0.290448 , -0.259878 , -0.164172 , 0.338242 , -0.248187 , -0.210884
14.4818 , 0.313374 , -0.273369 , -0.170803 , 0.373622 , -0.268208 , -0.227183
14.5164 , 0.337737 , -0.290081 , -0.181379 , 0.413448 , -0.284211 , -0.243203
14.5509 , 0.36941 , -0.3032 , -0.195184 , 0.437833 , -0.292551 , -0.252294
14.588 , 0.383566 , -0.31189 , -0.198705 , 0.458204 , -0.298723 , -0.257326
14.6192 , 0.395565 , -0.31868 , -0.20177 , 0.475884 , -0.303254 , -0.259945
14.6495 , 0.415018 , -0.324085 , -0.207847 , 0.497406 , -0.305372 , -0.262595
14.6841 , 0.418596 , -0.324404 , -0.206184 , 0.511745 , -0.304587 , -0.262596
14.7184 , 0.431466 , -0.317006 , -0.208505 , 0.527656 , -0.29845 , -0.260917
14.7521 , 0.431515 , -0.316374 , -0.207496 , 0.536716 , -0.292442 , -0.262097
14.7899 , 0.430538 , -0.312834 , -0.209805 , 0.540595 , -0.288538 , -0.262572
14.8263 , 0.426665 , -0.310197 , -0.211205 , 0.540914 , -0.286011 , -0.262793
14.8706 , 0.421056 , -0.307219 , -0.212728 , 0.537296 , -0.283285 , -0.262034
14.9012 , 0.413333 , -0.303555 , -0.213349 , 0.528557 , -0.280933 , -0.259522
14.9357 , 0.403321 , -0.299145 , -0.212882 , 0.515051 , -0.278787 , -0.255967
14.9702 , 0.391195 , -0.293924 , -0.210603 , 0.497034 , -0.27496 , -0.251461
15.004 , 0.376577 , -0.286256 , -0.20614 , 0.474408 , -0.271733 , -0.245056
15.0384 , 0.360203 , -0.278676 , -0.199246 , 0.446323 , -0.268229 , -0.235801
15.0691 , 0.342547 , -0.270457 , -0.190881 , 0.412824 , -0.264714 , -0.223561
15.1035 , 0.322818 , -0.260035 , -0.180787 , 0.373645 , -0.259289 , -0.208279
15.1381 , 0.299381 , -0.246415 , -0.167811 , 0.331754 , -0.252553 , -0.192651
15.1724 , 0.272151 , -0.231135 , -0.155008 , 0.285846 , -0.242646 , -0.176475
15.206 , 0.251931 , -0.215015 , -0.144367 , 0.235721 , -0.2259 , -0.159571
15.2367 , 0.225041 , -0.196244 , -0.130625 , 0.186688 , -0.206374 , -0.141356
15.2712 , 0.197652 , -0.175448 , -0.115545 , 0.141126 , -0.184917 , -0.120963
15.3058 , 0.168349 , -0.151611 , -0.0975667 , 0.102377 , -0.161108 , -0.100313
15.3403 , 0.144707 , -0.127096 , -0.0828064 , 0.0628964 , -0.133312 , -0.0794434
15.3709 , 0.119568 , -0.103084 , -0.0687426 , 0.0304943 , -0.104255 , -0.0610236
15.4055 , 0.0989468 , -0.0799314 , -0.0577535 , 0.00540201 , -0.0785715 , -0.0431929
15.4392 , 0.0777216 , -0.0559571 , -0.04751 , -0.0143566 , -0.0520359 , -0.0266626
15.4741 , 0.0597584 , -0.0290637 , -0.0396004 , -0.0325716 , -0.0243686 , -0.0129981
15.5079 , 0.0370052 , -0.00317498 , -0.0308576 , -0.0448515 , 0.0028549 , -0.00155355
15.5465 , 0.0187672 , 0.0283177 , -0.0228875 , -0.0546681 , 0.0339206 , 0.00938777
15.5788 , 0.00410074 , 0.0640995 , -0.0116505 , -0.059807 , 0.0668947 , 0.0196158
15.6138 , -0.00945937 , 0.0980043 , 0.00284182 , -0.0596824 , 0.0964121 , 0.031923
15.6437 , -0.0191436 , 0.13023 , 0.0206433 , -0.0555299 , 0.125361 , 0.0486276
15.6761 , -0.0267416 , 0.164764 , 0.0392493 , -0.048498 , 0.157012 , 0.0652732
15.7094 , -0.0306201 , 0.201438 , 0.061821 , -0.0427073 , 0.190793 , 0.0821877
15.74 , -0.0334096 , 0.237395 , 0.0876051 , -0.0372069 , 0.222416 , 0.10173
15.7754 , -0.0351073 , 0.269763 , 0.115735 , -0.0349028 , 0.255458 , 0.11999
15.8149 , -0.037215 , 0.303513 , 0.144156 , -0.0367209 , 0.287717 , 0.137278
15.8462 , -0.039127 , 0.331365 , 0.171193 , -0.040605 , 0.317801 , 0.154427
15.8777 , -0.0411064 , 0.354941 , 0.196804 , -0.0460578 , 0.344536 , 0.170256
15.9116 , -0.0411655 , 0.373721 , 0.219936 , -0.0516679 , 0.367207 , 0.183372
15.9441 , -0.0408071 , 0.389557 , 0.240735 , -0.0592343 , 0.386879 , 0.196038
15.9797 , -0.0385299 , 0.404766 , 0.258915 , -0.0661727 , 0.404541 , 0.209053
16.0137 , -0.0367458 , 0.416645 , 0.278571 , -0.0754409 , 0.419699 , 0.220512
16.0455 , -0.0358556 , 0.425764 , 0.298972 , -0.0853193 , 0.434423 , 0.232417
16.082 , -0.0356807 , 0.434776 , 0.314834 , -0.095015 , 0.447203 , 0.245412
16.1123 , -0.0355525 , 0.440106 , 0.33021 , -0.102781 , 0.459259 , 0.259056
16.1523 , -0.0348451 , 0.444802 , 0.343388 , -0.108722 , 0.468874 , 0.272543
16.1957 , -0.0350483 , 0.447062 , 0.35447 , -0.113388 , 0.476051 , 0.285095
16.2286 , -0.0356371 , 0.447365 , 0.361982 , -0.117188 , 0.480788 , 0.29513
16.2646 , -0.0364267 , 0.446534 , 0.36879 , -0.119148 , 0.484406 , 0.304047
16.2962 , -0.037777 , 0.444583 , 0.370885 , -0.120065 , 0.484866 , 0.310154
16.3327 , -0.0388907 , 0.439798 , 0.372847 , -0.118803 , 0.481425 , 0.314559
16.3638 , -0.0406041 , 0.432927 , 0.371893 , -0.116066 , 0.473663 , 0.316989
16.402 , -0.0422093 , 0.422824 , 0.367481 , -0.111103 , 0.463401 , 0.318825
16.4334 , -0.043807 , 0.412941 , 0.361094 , -0.104394 , 0.450667 , 0.31985
16.462 , -0.046088 , 0.400391 , 0.353479 , -0.0969941 , 0.43529 , 0.318116
16.4965 , -0.0474941 , 0.388679 , 0.341841 , -0.0890264 , 0.41993 , 0.314376
16.5321 , -0.047796 , 0.375695 , 0.331615 , -0.0803938 , 0.40306 , 0.308629
16.5651 , -0.0476782 , 0.363124 , 0.31839 , -0.070953 , 0.384293 , 0.299876
16.6002 , -0.0472237 , 0.348842 , 0.302261 , -0.0618368 , 0.366326 , 0.288679
16.6337 , -0.0452351 , 0.336383 , 0.283357 , -0.0533501 , 0.347991 , 0.274034
16.6646 , -0.0442574 , 0.321956 , 0.261833 , -0.0462617 , 0.32859 , 0.25587
16.6999 , -0.0432867 , 0.305924 , 0.234153 , -0.0392717 , 0.307923 , 0.233616
16.7343 , -0.0402972 , 0.28923 , 0.206014 , -0.0327412 , 0.287342 , 0.206694
16.7644 , -0.0386976 , 0.267693 , 0.176575 , -0.0263127 , 0.264126 , 0.177702
16.7979 , -0.0356571 , 0.243598 , 0.14642 , -0.0203558 , 0.239023 , 0.148761
16.8315 , -0.0330608 , 0.218006 , 0.121173 , -0.0134176 , 0.213937 , 0.121715
16.8659 , -0.0278385 , 0.189713 , 0.0969427 , -0.0056754 , 0.187029 , 0.0985671
16.9004 , -0.0205267 , 0.163237 , 0.0745369 , 0.000852942 , 0.160748 , 0.0760277
16.9348 , -0.0142342 , 0.138231 , 0.0535909 , 0.0079464 , 0.136223 , 0.0565865
16.9651 , -0.00557064 , 0.106693 , 0.0321572 , 0.0174677 , 0.110794 , 0.0329697
16.9993 , 0.0012742 , 0.0767263 , 0.0148841 , 0.0279333 , 0.0822898 , 0.00708249
17.0339 , 0.0112188 , 0.0475894 , -0.00221578 , 0.0369862 , 0.054487 , -0.0182742
17.0682 , 0.0205112 , 0.014521 , -0.0195464 , 0.0458606 , 0.024252 , -0.0433019
17.1018 , 0.0322444 , -0.0189259 , -0.0384908 , 0.0557688 , -0.00806815 , -0.0688221
17.139 , 0.0422006 , -0.0510501 , -0.0540522 , 0.0667676 , -0.0393594 , -0.0939513
17.1742 , 0.0553682 , -0.0800814 , -0.0694479 , 0.0835594 , -0.0703236 , -0.118543
17.2035 , 0.0736561 , -0.109411 , -0.0838356 , 0.101492 , -0.100082 , -0.140752
17.2363 , 0.102287 , -0.139999 , -0.09785 , 0.12781 , -0.129229 , -0.159773
17.2696 , 0.127048 , -0.170405 , -0.109032 , 0.156207 , -0.157699 , -0.176296
17.3012 , 0.153799 , -0.198431 , -0.122665 , 0.185998 , -0.184941 , -0.192837
17.3357 , 0.185427 , -0.224157 , -0.141272 , 0.218409 , -0.210909 , -0.210505
17.3695 , 0.213431 , -0.243497 , -0.159147 , 0.25971 , -0.239263 , -0.233082
17.4009 , 0.24243 , -0.263929 , -0.178746 , 0.301241 , -0.259166 , -0.258665
17.4373 , 0.277239 , -0.280009 , -0.204689 , 0.336386 , -0.276569 , -0.282411
17.468 , 0.3059 , -0.296686 , -0.226574 , 0.372474 , -0.289379 , -0.305124
17.5036 , 0.33585 , -0.308267 , -0.250567 , 0.396785 , -0.295562 , -0.317241
17.5369 , 0.364656 , -0.318648 , -0.272602 , 0.422323 , -0.300099 , -0.326582
17.5715 , 0.377786 , -0.323951 , -0.28016 , 0.451164 , -0.304934 , -0.340761
17.6053 , 0.401197 , -0.327471 , -0.300786 , 0.4685 , -0.303158 , -0.347869
17.6357 , 0.412694 , -0.328428 , -0.308435 , 0.496462 , -0.297699 , -0.360539
17.6728 , 0.438996 , -0.323853 , -0.330628 , 0.51107 , -0.292981 , -0.367626
17.7063 , 0.446439 , -0.32361 , -0.336118 , 0.526417 , -0.288593 , -0.374147
17.7408 , 0.458493 , -0.320511 , -0.348476 , 0.5412 , -0.283642 , -0.383415
17.7737 , 0.467633 , -0.316736 , -0.358891 , 0.548729 , -0.280174 , -0.388156
17.8035 , 0.468728 , -0.314593 , -0.361224 , 0.553487 , -0.277468 , -0.38976
17.8394 , 0.468321 , -0.311568 , -0.363162 , 0.554758 , -0.275457 , -0.390935
17.8725 , 0.46519 , -0.308281 , -0.363757 , 0.553917 , -0.274255 , -0.393021
17.9071 , 0.45963 , -0.303844 , -0.363146 , 0.546707 , -0.27113 , -0.393085
17.9379 , 0.451762 , -0.298272 , -0.360515 , 0.53632 , -0.268743 , -0.391127
17.9722 , 0.441809 , -0.292382 , -0.356197 , 0.522726 , -0.26751 , -0.386721
18.0049 , 0.429998 , -0.285471 , -0.349955 , 0.505128 , -0.267126 , -0.380104
18.041 , 0.41623 , -0.278991 , -0.342008 , 0.483423 , -0.267165 , -0.371495
18.0721 , 0.397009 , -0.27098 , -0.326877 , 0.455679 , -0.265812 , -0.358806
18.1065 , 0.371974 , -0.26425 , -0.30571 , 0.420471 , -0.264771 , -0.340408
18.1402 , 0.346441 , -0.255452 , -0.284964 , 0.380958 , -0.262622 , -0.317454
18.1747 , 0.311628 , -0.245717 , -0.255458 , 0.333321 , -0.258129 , -0.288273
18.2081 , 0.279386 , -0.230122 , -0.232847 , 0.284286 , -0.248254 , -0.257405
18.2425 , 0.249179 , -0.212399 , -0.205704 , 0.235975 , -0.23324 , -0.225857
18.2732 , 0.216119 , -0.194072 , -0.181825 , 0.187711 , -0.212742 , -0.193928
18.3077 , 0.185435 , -0.17322 , -0.154692 , 0.13787 , -0.185795 , -0.161522
18.3441 , 0.155543 , -0.148565 , -0.129603 , 0.0996095 , -0.16078 , -0.130873
18.3783 , 0.126075 , -0.125089 , -0.105812 , 0.0598755 , -0.131917 , -0.0989498
18.4121 , 0.101304 , -0.0960473 , -0.0818826 , 0.0307543 , -0.102097 , -0.0708094
18.4426 , 0.0802985 , -0.0688787 , -0.064605 , 0.000835393 , -0.071512 , -0.0469636
18.4775 , 0.0602847 , -0.0431449 , -0.0518642 , -0.0204719 , -0.0413859 , -0.0278323
18.5115 , 0.036958 , -0.0159135 , -0.0400881 , -0.0362346 , -0.013021 , -0.0133441
18.5456 , 0.0197237 , 0.0117628 , -0.0309703 , -0.0501084 , 0.0191051 , -0.00188003
18.5754 , 0.0032573 , 0.0416679 , -0.0218887 , -0.0587396 , 0.0443912 , 0.00872864
18.6088 , -0.00855712 , 0.0681757 , -0.00745308 , -0.0617782 , 0.0670619 , 0.0205945
18.6433 , -0.0178883 , 0.0946958 , 0.00956989 , -0.0631008 , 0.0929724 , 0.0352476
18.6779 , -0.0243726 , 0.123833 , 0.0219503 , -0.0622891 , 0.119989 , 0.0490471
18.7125 , -0.0292633 , 0.153626 , 0.0389594 , -0.0589788 , 0.146563 , 0.0621131
18.7461 , -0.0323297 , 0.181093 , 0.0550973 , -0.0536632 , 0.168999 , 0.0754635
18.7764 , -0.0334967 , 0.205115 , 0.0700433 , -0.0506789 , 0.191623 , 0.0853611
18.8168 , -0.036301 , 0.227615 , 0.0878795 , -0.0488752 , 0.214065 , 0.0927763
18.8517 , -0.0387901 , 0.250919 , 0.103859 , -0.0493993 , 0.236719 , 0.098875
18.8831 , -0.041476 , 0.270995 , 0.119166 , -0.0514906 , 0.258066 , 0.105693
18.914 , -0.0431291 , 0.289147 , 0.137382 , -0.0554867 , 0.27773 , 0.113975
18.9478 , -0.0446587 , 0.305041 , 0.155801 , -0.0593987 , 0.295007 , 0.123904
18.9834 , -0.0450742 , 0.318429 , 0.173779 , -0.0636908 , 0.311669 , 0.13603
19.0167 , -0.0449349 , 0.331174 , 0.193544 , -0.0688897 , 0.326866 , 0.150627
19.0538 , -0.044175 , 0.342449 , 0.213491 , -0.0747127 , 0.340996 , 0.167207
19.1005 , -0.0442251 , 0.350074 , 0.233053 , -0.0798111 , 0.353428 , 0.184306
19.1349 , -0.042443 , 0.357383 , 0.249864 , -0.0844066 , 0.364991 , 0.201056
19.1676 , -0.0407154 , 0.362637 , 0.265033 , -0.0881791 , 0.372998 , 0.214638
19.1962 , -0.0393471 , 0.364599 , 0.27718 , -0.09232 , 0.376846 , 0.225995
19.2313 , -0.0381024 , 0.364775 , 0.286367 , -0.0956412 , 0.377371 , 0.23472
19.2629 , -0.0381423 , 0.362469 , 0.292589 , -0.0987014 , 0.377625 , 0.242159
19.2994 , -0.0382849 , 0.359135 , 0.296533 , -0.0998819 , 0.376011 , 0.249539
19.3387 , -0.0387738 , 0.354959 , 0.298608 , -0.0983659 , 0.372504 , 0.256067
19.3883 , -0.0393818 , 0.350421 , 0.299451 , -0.096532 , 0.367693 , 0.26015
19.4253 , -0.0400157 , 0.343508 , 0.298721 , -0.0935063 , 0.362681 , 0.262839
19.4665 , -0.0417651 , 0.337737 , 0.296009 , -0.0888098 , 0.355611 , 0.265493
19.4979 , -0.0437678 , 0.330979 , 0.291142 , -0.0844266 , 0.347623 , 0.266941
19.5325 , -0.0455064 , 0.324203 , 0.288035 , -0.0800871 , 0.33878 , 0.267488
19.5671 , -0.0470361 , 0.316348 , 0.283685 , -0.0755405 , 0.329727 , 0.266243
19.6005 , -0.0494329 , 0.308419 , 0.277534 , -0.0710724 , 0.319085 , 0.263906
19.6367 , -0.0516677 , 0.299195 , 0.270072 , -0.0694501 , 0.305562 , 0.260098
19.6673 , -0.0561565 , 0.287971 , 0.261388 , -0.0673236 , 0.290454 , 0.25463
19.7009 , -0.0587757 , 0.276132 , 0.252168 , -0.065738 , 0.276106 , 0.247834
19.7342 , -0.0623478 , 0.263209 , 0.243181 , -0.0644144 , 0.262796 , 0.241503
19.7699 , -0.0660987 , 0.254094 , 0.234435 , -0.0643942 , 0.250244 , 0.236035
19.8044 , -0.069366 , 0.24511 , 0.227001 , -0.0631703 , 0.241435 , 0.230126
19.8351 , -0.0710792 , 0.237739 , 0.219153 , -0.0645706 , 0.233691 , 0.223401
19.8689 , -0.0724642 , 0.228246 , 0.211715 , -0.064032 , 0.224198 , 0.216208
19.9044 , -0.0744847 , 0.220169 , 0.202888 , -0.0626479 , 0.215417 , 0.207392
19.9354 , -0.0752795 , 0.211481 , 0.193502 , -0.0613557 , 0.208649 , 0.195953
19.9722 , -0.0759924 , 0.204806 , 0.182189 , -0.0616519 , 0.202025 , 0.183226
20.0036 , -0.0763617 , 0.197737 , 0.172084 , -0.0616474 , 0.194623 , 0.17324
20.0375 , -0.0761768 , 0.190078 , 0.165153 , -0.0602602 , 0.188346 , 0.165687
20.0729 , -0.0761815 , 0.18165 , 0.158107 , -0.0595051 , 0.182076 , 0.156682
20.1065 , -0.0772825 , 0.172405 , 0.150609 , -0.0581696 , 0.173802 , 0.146809
20.1402 , -0.0788204 , 0.163533 , 0.141492 , -0.055794 , 0.164226 , 0.137026
20.1698 , -0.0810094 , 0.154056 , 0.135639 , -0.0557148 , 0.152708 , 0.127672
20.2056 , -0.0842502 , 0.144111 , 0.131233 , -0.0572676 , 0.141794 , 0.119349
20.2363 , -0.0861762 , 0.136408 , 0.12762 , -0.0590105 , 0.132609 , 0.112286
20.2725 , -0.0888496 , 0.129635 , 0.123643 , -0.0607388 , 0.123741 , 0.105978
20.3062 , -0.0925654 , 0.121766 , 0.119676 , -0.0635048 , 0.113928 , 0.10017
20.3387 , -0.0962124 , 0.112757 , 0.115284 , -0.021035 , 0.0890597 , 0.0991371
20.3725 , -0.100366 , 0.103495 , 0.111188 , -0.0327403 , 0.0836108 , 0.0979676
20.408 , -0.105106 , 0.0944383 , 0.107256 , -0.0520741 , 0.0851611 , 0.0929336
20.4396 , -0.109792 , 0.0876407 , 0.104083 , -0.0721805 , 0.0856924 , 0.0897996
20.4762 , -0.114053 , 0.0832974 , 0.101703 , -0.0875466 , 0.0847777 , 0.0892419
20.5103 , -0.105132 , 0.0764492 , 0.0968447 , -0.0850867 , 0.0818329 , 0.0886422
20.5414 , -0.112894 , 0.0737693 , 0.0963668 , -0.0975238 , 0.0776066 , 0.0876559
20.5745 , -0.119055 , 0.0674832 , 0.090542 , -0.101662 , 0.0705291 , 0.0887704
20.6103 , -0.121606 , 0.0618702 , 0.0824192 , -0.0988695 , 0.062234 , 0.0869113
20.6466 , -0.118847 , 0.0575811 , 0.071909 , -0.103922 , 0.0574155 , 0.0886837
20.6814 , -0.122093 , 0.0549266 , 0.0660457 , -0.0950195 , 0.0508103 , 0.0907144
20.7282 , -0.113567 , 0.0520182 , 0.0569988 , -0.103686 , 0.0514042 , 0.091394
20.7595 , -0.118101 , 0.0512258 , 0.0541102 , -0.104907 , 0.0514301 , 0.0929498
20.7941 , -0.11876 , 0.0502479 , 0.0484409 , -0.106372 , 0.0509754 , 0.092734
20.8257 , -0.120764 , 0.0511691 , 0.0492065 , -0.109575 , 0.0515389 , 0.0920607
20.862 , -0.123128 , 0.0532617 , 0.0490618 , -0.113938 , 0.0542495 , 0.0916422
20.8967 , -0.124252 , 0.0557122 , 0.0485474 , -0.11753 , 0.0576891 , 0.0926614
20.9279 , -0.124596 , 0.0588999 , 0.0468503 , -0.116102 , 0.0598444 , 0.092809
20.9601 , -0.124492 , 0.0602059 , 0.0428416 , -0.115127 , 0.0608193 , 0.0901905
20.9953 , -0.124165 , 0.0596827 , 0.0381911 , -0.113248 , 0.058659 , 0.0878896
21.0308 , -0.123626 , 0.0575435 , 0.0334205 , -0.112411 , 0.0557711 , 0.0858249
21.0623 , -0.123932 , 0.056006 , 0.0316398 , -0.113014 , 0.0546245 , 0.0832586
21.0939 , -0.12542 , 0.054417 , 0.0319067 , -0.113112 , 0.0527912 , 0.0816875
21.1274 , -0.127213 , 0.0569676 , 0.033724 , -0.115766 , 0.0559855 , 0.0817231
21.1607 , -0.127741 , 0.0584089 , 0.0352637 , -0.117337 , 0.0564203 , 0.0824285
21.1971 , -0.130437 , 0.0598163 , 0.0363294 , -0.121346 , 0.0577187 , 0.0822346
21.2319 , -0.132221 , 0.0600088 , 0.0360003 , -0.125686 , 0.0596655 , 0.0797447
21.2661 , -0.13291 , 0.0595619 , 0.0326132 , -0.126301 , 0.0599752 , 0.078074
21.2973 , -0.133392 , 0.0604965 , 0.0310737 , -0.125196 , 0.0581235 , 0.0770841
21.3289 , -0.133585 , 0.0607719 , 0.031188 , -0.124495 , 0.0581691 , 0.0756387
21.3653 , -0.132335 , 0.0600904 , 0.030537 , -0.12344 , 0.05918 , 0.0744072
21.3961 , -0.132304 , 0.0605721 , 0.029382 , -0.122029 , 0.0578114 , 0.0709606
21.438 , -0.129649 , 0.0584864 , 0.0258393 , -0.119779 , 0.056873 , 0.0673774
21.4809 , -0.129131 , 0.0579525 , 0.0221106 , -0.119916 , 0.0572874 , 0.0639902
21.5144 , -0.12882 , 0.0575758 , 0.0206146 , -0.119895 , 0.0574336 , 0.0614548
21.5506 , -0.128418 , 0.057373 , 0.0193281 , -0.118612 , 0.057827 , 0.0594848
