627

0.026277 , -0.00655851 , 0.114369 , -0.13399 , 0.0310109 , 0.104049 , -0.0938327
0.06183 , -0.00655014 , 0.114349 , -0.133991 , 0.0176391 , 0.108703 , -0.0662494
0.098736 , -0.00654402 , 0.114339 , -0.133989 , -0.0120728 , 0.118113 , -0.0568467
0.144522 , -0.0065436 , 0.114354 , -0.13399 , -0.0152858 , 0.11285 , -0.0752017
0.184999 , -0.00654222 , 0.114373 , -0.133986 , -0.0097132 , 0.107067 , -0.0817235
0.231934 , -0.00653964 , 0.114372 , -0.133981 , -0.00620123 , 0.104887 , -0.0797682
0.282304 , -0.00653653 , 0.114361 , -0.133972 , -0.00361269 , 0.105134 , -0.0771176
0.334268 , -0.00653447 , 0.114358 , -0.133972 , 2.38377e-05 , 0.106495 , -0.0758538
0.384166 , -0.00653447 , 0.114358 , -0.133972 , 0.00355902 , 0.108306 , -0.0754973
0.427998 , -0.00653639 , 0.114362 , -0.133973 , 0.00601538 , 0.110007 , -0.075428
0.46486 , -0.00653639 , 0.114362 , -0.133973 , 0.00720381 , 0.111111 , -0.0755169
0.499438 , -0.00653639 , 0.114362 , -0.133973 , 0.00697421 , 0.111353 , -0.0758445
0.546162 , -0.00653639 , 0.114362 , -0.133973 , 0.00604869 , 0.11087 , -0.0762866
0.583012 , -0.00653639 , 0.114362 , -0.133973 , 0.00469186 , 0.110049 , -0.0767788
0.629967 , -0.00653639 , 0.114362 , -0.133973 , 0.003352 , 0.109308 , -0.0772223
0.663016 , -0.00653639 , 0.114362 , -0.133973 , 0.00233546 , 0.108916 , -0.0775362
0.69503 , -0.00653639 , 0.114362 , -0.133973 , 0.00187658 , 0.108853 , -0.0777
0.72971 , -0.00653639 , 0.114362 , -0.133973 , 0.00180144 , 0.109142 , -0.0777937
0.763473 , -0.00653639 , 0.114362 , -0.133973 , 0.00195155 , 0.109613 , -0.0777594
0.798211 , -0.00653639 , 0.114362 , -0.133973 , 0.00241836 , 0.109982 , -0.0776636
0.829942 , -0.00653639 , 0.114362 , -0.133973 , 0.00303252 , 0.110187 , -0.0775519
0.861793 , -0.00653639 , 0.114362 , -0.133973 , 0.00347265 , 0.11022 , -0.0774686
0.895382 , -0.00653639 , 0.114362 , -0.133973 , 0.00394767 , 0.110108 , -0.0774186
0.930903 , -0.00653639 , 0.114362 , -0.133973 , 0.0042774 , 0.109891 , -0.0774
0.96961 , -0.00653639 , 0.114362 , -0.133973 , 0.00454681 , 0.109707 , -0.0773291
1.0149 , -0.00653639 , 0.114362 , -0.133973 , 0.00471571 , 0.10956 , -0.0773147
1.04648 , -0.00653639 , 0.114362 , -0.133973 , 0.00466629 , 0.109508 , -0.0773171
1.08114 , -0.00653625 , 0.114362 , -0.133972 , 0.00445405 , 0.109553 , -0.0772956
1.11479 , -0.00702124 , 0.116772 , -0.134725 , -0.00585053 , 0.108341 , -0.0797765
1.14946 , -0.00702124 , 0.116772 , -0.134725 , 0.0124607 , 0.111143 , -0.0767023
1.18052 , -0.00713149 , 0.116712 , -0.134702 , 0.00550111 , 0.112895 , -0.0784416
1.21819 , -0.00718044 , 0.117305 , -0.134773 , 0.00512093 , 0.113773 , -0.078958
1.25031 , -0.00720439 , 0.117466 , -0.134777 , 0.00356657 , 0.1142 , -0.0789962
1.28194 , -0.00720439 , 0.117466 , -0.134777 , 0.00246776 , 0.114328 , -0.0785922
1.31469 , -0.00717242 , 0.11784 , -0.135052 , 0.0023585 , 0.113865 , -0.0784399
1.34984 , -0.00721688 , 0.11805 , -0.135058 , 0.0027097 , 0.113295 , -0.0782938
1.38591 , -0.00730306 , 0.118083 , -0.13507 , 0.00328352 , 0.112868 , -0.0780544
1.42357 , -0.00726438 , 0.11736 , -0.13506 , 0.00358523 , 0.111937 , -0.0781379
1.4693 , -0.00725221 , 0.116862 , -0.135037 , 0.00420444 , 0.111475 , -0.0783354
1.50454 , -0.00730419 , 0.116674 , -0.135057 , 0.00297145 , 0.111662 , -0.0787724
1.53782 , -0.00741388 , 0.116443 , -0.135128 , 0.00356419 , 0.111817 , -0.0791365
1.57035 , -0.00750843 , 0.116565 , -0.135218 , 0.00347041 , 0.112022 , -0.0794601
1.60467 , -0.00759896 , 0.116266 , -0.135297 , 0.00344896 , 0.112023 , -0.0793219
1.63912 , -0.00760139 , 0.11627 , -0.135287 , 0.00311569 , 0.111098 , -0.0788902
1.67336 , -0.0076401 , 0.11541 , -0.135313 , 0.00244035 , 0.110319 , -0.078917
1.70741 , -0.00780692 , 0.114851 , -0.135288 , 0.00226702 , 0.110681 , -0.0789111
1.75217 , -0.00800495 , 0.115223 , -0.135276 , 0.0023416 , 0.110461 , -0.0787352
1.78466 , -0.00819503 , 0.115301 , -0.135386 , 0.00220575 , 0.109768 , -0.0788196
1.81816 , -0.00832708 , 0.115174 , -0.135519 , 0.0021696 , 0.109952 , -0.0789755
1.8547 , -0.00843608 , 0.115319 , -0.13568 , 0.00214783 , 0.110106 , -0.0791708
1.88958 , -0.00845479 , 0.115356 , -0.135652 , 0.00234671 , 0.110608 , -0.0787787
1.92168 , -0.00856272 , 0.115401 , -0.135805 , 0.00105605 , 0.110773 , -0.0790902
1.95552 , -0.00862905 , 0.115464 , -0.135974 , 0.00173646 , 0.11075 , -0.0794258
1.98751 , -0.00879561 , 0.115687 , -0.136249 , 0.00143095 , 0.110788 , -0.0797252
2.02246 , -0.00945028 , 0.116411 , -0.137165 , 0.00163184 , 0.111457 , -0.0797116
2.06342 , -0.00951962 , 0.116337 , -0.137468 , 0.00125465 , 0.11149 , -0.0798789
2.10621 , -0.00957909 , 0.115433 , -0.137843 , 0.000885224 , 0.110158 , -0.0802035
2.13725 , -0.00965767 , 0.114583 , -0.138371 , 0.00142379 , 0.108907 , -0.0807311
2.17148 , -0.00977216 , 0.113812 , -0.139049 , 0.00161746 , 0.108652 , -0.0813161
2.20919 , -0.0102495 , 0.113417 , -0.139819 , 0.00146433 , 0.108545 , -0.0816375
2.24109 , -0.0108919 , 0.113642 , -0.140769 , -0.000269824 , 0.109945 , -0.0830128
2.27746 , -0.0122664 , 0.113438 , -0.142393 , 0.000399755 , 0.109118 , -0.0836904
2.32979 , -0.0136489 , 0.111943 , -0.143403 , -0.00124239 , 0.106915 , -0.0847145
2.37802 , -0.0159249 , 0.110643 , -0.144615 , -0.00381961 , 0.105495 , -0.0858873
2.42319 , -0.019689 , 0.109096 , -0.146021 , -0.00914944 , 0.106847 , -0.0874256
2.45558 , -0.0262223 , 0.108817 , -0.14791 , -0.0103559 , 0.102993 , -0.0889421
2.49119 , -0.0323145 , 0.105845 , -0.149515 , -0.0135141 , 0.100789 , -0.0904962
2.52279 , -0.0434118 , 0.0850061 , -0.146958 , -0.0220902 , 0.0850508 , -0.0899268
2.55927 , -0.0460464 , 0.0831992 , -0.147854 , -0.0234316 , 0.0811219 , -0.0892778
2.594 , -0.0542849 , 0.0815444 , -0.148021 , -0.0299471 , 0.0786478 , -0.0908287
2.62522 , -0.0658315 , 0.0790541 , -0.145987 , -0.0363359 , 0.0760866 , -0.0924309
2.657 , -0.0694299 , 0.0763652 , -0.146211 , -0.0439611 , 0.0723085 , -0.0924955
2.69339 , -0.0812802 , 0.0734119 , -0.143406 , -0.0491871 , 0.0735222 , -0.0936605
2.72799 , -0.0907899 , 0.0755461 , -0.141368 , -0.0545035 , 0.0721183 , -0.0948976
2.76223 , -0.100183 , 0.0735945 , -0.138598 , -0.060815 , 0.071609 , -0.0951813
2.7943 , -0.107595 , 0.0700802 , -0.134412 , -0.0641078 , 0.071533 , -0.0952248
2.8259 , -0.120505 , 0.0712679 , -0.127069 , -0.0680397 , 0.0690713 , -0.0963177
2.86119 , -0.127279 , 0.0728124 , -0.121907 , -0.0740825 , 0.072078 , -0.0993477
2.89266 , -0.134464 , 0.0702963 , -0.118811 , -0.0795524 , 0.0713032 , -0.101555
2.92562 , -0.146058 , 0.0712804 , -0.112182 , -0.0850017 , 0.0712421 , -0.104401
2.9595 , -0.152076 , 0.0728209 , -0.108007 , -0.0933899 , 0.068672 , -0.106219
2.99668 , -0.155908 , 0.06957 , -0.103135 , -0.0993381 , 0.066626 , -0.105655
3.03554 , -0.158364 , 0.0625823 , -0.0985491 , -0.104002 , 0.0634221 , -0.104787
3.0784 , -0.163761 , 0.0585774 , -0.0902956 , -0.1089 , 0.0581129 , -0.105671
3.11008 , -0.165325 , 0.0548602 , -0.083249 , -0.115497 , 0.0562792 , -0.106797
3.1419 , -0.163706 , 0.0431789 , -0.0774588 , -0.16701 , 0.0541173 , -0.0964598
3.17613 , -0.16149 , 0.0494969 , -0.0741579 , -0.187078 , 0.0485813 , -0.0771614
3.21035 , -0.157104 , 0.0480639 , -0.0692119 , -0.194682 , 0.0510647 , -0.0608167
3.24492 , -0.151766 , 0.0511113 , -0.0660478 , -0.198357 , 0.0556235 , -0.0483632
3.27824 , -0.145534 , 0.055109 , -0.0614 , -0.198291 , 0.0598672 , -0.0385792
3.30887 , -0.135393 , 0.0591971 , -0.0600953 , -0.192107 , 0.0600691 , -0.0325385
3.34338 , -0.124267 , 0.062221 , -0.057442 , -0.18086 , 0.0717101 , -0.0328808
3.37789 , -0.113315 , 0.0746474 , -0.0551606 , -0.165436 , 0.0796746 , -0.0345192
3.41243 , -0.0998342 , 0.0832744 , -0.052727 , -0.146326 , 0.084589 , -0.0369558
3.44609 , -0.0868082 , 0.0680131 , -0.0492988 , -0.123435 , 0.0912094 , -0.0395272
3.4766 , -0.0675005 , 0.0936954 , -0.0446792 , -0.101029 , 0.0941672 , -0.0412752
3.51613 , -0.0509293 , 0.0989195 , -0.0417241 , -0.0785276 , 0.0958299 , -0.0422185
3.55294 , -0.0308139 , 0.0946032 , -0.0360761 , -0.0559772 , 0.0966108 , -0.0419329
3.60027 , -0.0124343 , 0.0959461 , -0.033219 , -0.0326028 , 0.0934027 , -0.0406511
3.6294 , 0.00666912 , 0.0959034 , -0.0307557 , -0.00939029 , 0.0956085 , -0.0398869
3.66601 , 0.0270107 , 0.0977733 , -0.0301137 , 0.0145232 , 0.0987853 , -0.0381414
3.69474 , 0.0469674 , 0.100759 , -0.0287314 , 0.0396278 , 0.100394 , -0.0344739
3.73151 , 0.0682607 , 0.102198 , -0.0262129 , 0.0649216 , 0.100897 , -0.0297164
3.76326 , 0.0882344 , 0.0987561 , -0.0245372 , 0.089581 , 0.100511 , -0.0237174
3.79723 , 0.107227 , 0.0986733 , -0.0230547 , 0.112448 , 0.0982229 , -0.0178963
3.83218 , 0.124654 , 0.102231 , -0.0207895 , 0.131548 , 0.10113 , -0.0124916
3.86552 , 0.139422 , 0.106284 , -0.0184368 , 0.147343 , 0.104081 , -0.0082289
3.89603 , 0.150095 , 0.110415 , -0.0176772 , 0.160532 , 0.109219 , -0.00455992
3.93166 , 0.161571 , 0.113179 , -0.0157448 , 0.170719 , 0.111433 , -0.000892622
3.96545 , 0.165924 , 0.119009 , -0.016564 , 0.176425 , 0.11776 , 0.00132155
3.99967 , 0.168613 , 0.125653 , -0.0181019 , 0.178642 , 0.123374 , 0.00130394
4.03323 , 0.167991 , 0.13454 , -0.0196693 , 0.177937 , 0.129016 , 6.68133e-05
4.06387 , 0.165761 , 0.142102 , -0.0227847 , 0.175718 , 0.13692 , -0.00199219
4.09928 , 0.160513 , 0.148771 , -0.0251335 , 0.170698 , 0.14432 , -0.00543424
4.13283 , 0.152966 , 0.155302 , -0.0291506 , 0.163676 , 0.152067 , -0.0108788
4.16744 , 0.143795 , 0.161608 , -0.0334583 , 0.155728 , 0.158402 , -0.018911
4.20164 , 0.132967 , 0.16906 , -0.0401531 , 0.145739 , 0.167691 , -0.0290002
4.23155 , 0.121087 , 0.173106 , -0.0496214 , 0.136101 , 0.169347 , -0.0402195
4.2671 , 0.109139 , 0.169221 , -0.0570193 , 0.126312 , 0.174736 , -0.0521686
4.30051 , 0.0931842 , 0.175348 , -0.064706 , 0.113547 , 0.175618 , -0.0648016
4.33501 , 0.0757254 , 0.176863 , -0.0729839 , 0.0977546 , 0.176759 , -0.0770566
4.36577 , 0.0549447 , 0.175517 , -0.0801923 , 0.0797431 , 0.179632 , -0.0885409
4.40034 , 0.0326577 , 0.165418 , -0.0870298 , 0.0593353 , 0.181735 , -0.098946
4.4349 , 0.00812026 , 0.173133 , -0.0965315 , 0.0372053 , 0.182717 , -0.108707
4.46836 , -0.0181446 , 0.171404 , -0.105799 , 0.0134918 , 0.181802 , -0.119292
4.50293 , -0.0433028 , 0.172645 , -0.116847 , -0.0112572 , 0.174355 , -0.129128
4.53346 , -0.0708023 , 0.162824 , -0.123971 , -0.0357839 , 0.166239 , -0.138121
4.56806 , -0.0981059 , 0.157319 , -0.132018 , -0.0615604 , 0.158436 , -0.145283
4.60258 , -0.126582 , 0.151959 , -0.138984 , -0.0873031 , 0.162926 , -0.153479
4.63618 , -0.150906 , 0.159558 , -0.149962 , -0.113763 , 0.1443 , -0.156064
4.67067 , -0.175474 , 0.153744 , -0.15717 , -0.138172 , 0.152102 , -0.162488
4.70129 , -0.204216 , 0.149453 , -0.157316 , -0.158002 , 0.148123 , -0.168267
4.73587 , -0.223164 , 0.145928 , -0.168628 , -0.181715 , 0.142297 , -0.173133
4.77025 , -0.242631 , 0.139103 , -0.173758 , -0.201733 , 0.134916 , -0.174747
4.80401 , -0.262647 , 0.127656 , -0.174171 , -0.22408 , 0.126643 , -0.176263
4.83851 , -0.279889 , 0.117616 , -0.177738 , -0.244519 , 0.119481 , -0.178058
4.86893 , -0.301197 , 0.107282 , -0.179817 , -0.26444 , 0.105879 , -0.179849
4.90613 , -0.32018 , 0.0928778 , -0.183285 , -0.287871 , 0.0868237 , -0.18009
4.94324 , -0.33726 , 0.0805658 , -0.188431 , -0.309603 , 0.0747608 , -0.183461
4.97962 , -0.353602 , 0.0657637 , -0.192731 , -0.328082 , 0.0646368 , -0.188391
5.02209 , -0.377922 , 0.0619494 , -0.198065 , -0.346383 , 0.0570973 , -0.193885
5.05647 , -0.399675 , 0.0497495 , -0.204379 , -0.374144 , 0.0480587 , -0.194916
5.08999 , -0.420808 , 0.034199 , -0.206407 , -0.40108 , 0.0355696 , -0.193212
5.12089 , -0.445142 , 0.0189649 , -0.20587 , -0.428633 , 0.0210591 , -0.191985
5.15526 , -0.472074 , 0.00320184 , -0.208617 , -0.457564 , 0.0110017 , -0.192943
5.18979 , -0.496857 , -0.00849175 , -0.212439 , -0.485965 , 0.00350158 , -0.196491
5.22447 , -0.518377 , -0.01466 , -0.216735 , -0.511441 , 0.000145823 , -0.201782
5.25794 , -0.542793 , -0.017321 , -0.22282 , -0.538107 , 0.000756387 , -0.209571
5.28847 , -0.561637 , -0.0133995 , -0.232221 , -0.561248 , 0.0043141 , -0.218427
5.32326 , -0.583876 , -0.00974527 , -0.239453 , -0.585743 , 0.00881808 , -0.2273
5.35755 , -0.608126 , -0.0038942 , -0.2506 , -0.611938 , 0.0125276 , -0.236781
5.39201 , -0.632663 , 0.000708312 , -0.259768 , -0.635976 , 0.0141069 , -0.246144
5.42467 , -0.65132 , 0.00113775 , -0.26701 , -0.647813 , 0.0103552 , -0.250225
5.45881 , -0.656837 , 0.00046584 , -0.269807 , -0.670396 , 0.0110462 , -0.258739
5.48968 , -0.672473 , 0.000375606 , -0.272983 , -0.691725 , 0.00906922 , -0.263427
5.52527 , -0.682093 , -0.00336727 , -0.268365 , -0.709587 , 0.00360414 , -0.26349
5.55989 , -0.690096 , -0.00339326 , -0.268456 , -0.72246 , -0.000333108 , -0.258756
5.59344 , -0.693686 , -0.0040291 , -0.263703 , -0.734891 , 0.000211306 , -0.258668
5.62399 , -0.693939 , -0.00369934 , -0.261419 , -0.742286 , 0.00109047 , -0.25695
5.65953 , -0.690992 , 0.0003426 , -0.259322 , -0.744974 , 0.00263115 , -0.255428
5.69315 , -0.683377 , 0.00303156 , -0.256634 , -0.742493 , 0.00576945 , -0.254041
5.7246 , -0.671853 , 0.00646569 , -0.254408 , -0.736048 , 0.01014 , -0.253157
5.76122 , -0.657733 , 0.0118586 , -0.252867 , -0.725006 , 0.0141102 , -0.252567
5.79167 , -0.641711 , 0.0187676 , -0.251787 , -0.711371 , 0.0190504 , -0.252636
5.82721 , -0.624857 , 0.0244514 , -0.249883 , -0.693494 , 0.0244522 , -0.250856
5.86071 , -0.610712 , 0.0318803 , -0.250817 , -0.676071 , 0.0326521 , -0.249948
5.89531 , -0.597636 , 0.0367014 , -0.247294 , -0.658038 , 0.0396505 , -0.246995
5.92883 , -0.572704 , 0.0438669 , -0.243261 , -0.637699 , 0.0485201 , -0.244164
5.95943 , -0.553901 , 0.0522877 , -0.240037 , -0.616624 , 0.0555072 , -0.238581
5.99933 , -0.537371 , 0.0583616 , -0.234891 , -0.590811 , 0.0621191 , -0.230262
6.03674 , -0.517762 , 0.0641393 , -0.228319 , -0.564055 , 0.0663544 , -0.220684
6.08054 , -0.498705 , 0.072443 , -0.221878 , -0.541204 , 0.0763008 , -0.215695
6.11418 , -0.483221 , 0.080451 , -0.215992 , -0.513087 , 0.0833517 , -0.206646
6.14822 , -0.461756 , 0.0888267 , -0.207166 , -0.483702 , 0.0906492 , -0.198045
6.18052 , -0.438415 , 0.0948079 , -0.19884 , -0.453222 , 0.0993231 , -0.188469
6.21122 , -0.419898 , 0.104278 , -0.190352 , -0.423603 , 0.104217 , -0.178991
6.24487 , -0.399876 , 0.114832 , -0.180351 , -0.395152 , 0.119201 , -0.17767
6.28031 , -0.374693 , 0.12325 , -0.169451 , -0.37173 , 0.129579 , -0.17201
6.31487 , -0.349702 , 0.138012 , -0.163213 , -0.344432 , 0.132907 , -0.16218
6.34876 , -0.321968 , 0.136084 , -0.152178 , -0.315024 , 0.129695 , -0.151398
6.38293 , -0.290666 , 0.132965 , -0.137099 , -0.284016 , 0.133408 , -0.143754
6.41258 , -0.254557 , 0.132199 , -0.125989 , -0.251555 , 0.130517 , -0.131651
6.44928 , -0.217296 , 0.136716 , -0.117219 , -0.220424 , 0.131614 , -0.119014
6.48319 , -0.182107 , 0.136577 , -0.104932 , -0.189902 , 0.133071 , -0.105048
6.51513 , -0.145618 , 0.137085 , -0.0921413 , -0.15624 , 0.130379 , -0.0907703
6.54854 , -0.108146 , 0.130545 , -0.0751145 , -0.121737 , 0.128712 , -0.0754179
6.58313 , -0.0704471 , 0.125702 , -0.0557723 , -0.0882065 , 0.121492 , -0.0564589
6.61384 , -0.0315005 , 0.119358 , -0.0390781 , -0.054071 , 0.119501 , -0.034966
6.65027 , 0.00618498 , 0.118603 , -0.0219094 , -0.0201557 , 0.117459 , -0.0130231
6.68084 , 0.0418674 , 0.117965 , -0.00666491 , 0.0129329 , 0.113109 , 0.00681131
6.71557 , 0.0733435 , 0.117288 , 0.00838179 , 0.0441562 , 0.111413 , 0.0247463
6.74995 , 0.102534 , 0.115827 , 0.0229443 , 0.0744798 , 0.109946 , 0.0411142
6.78441 , 0.130248 , 0.111539 , 0.035894 , 0.105937 , 0.106059 , 0.054173
6.81799 , 0.160979 , 0.108861 , 0.0453922 , 0.139727 , 0.100488 , 0.064766
6.84869 , 0.19129 , 0.104387 , 0.0544122 , 0.174524 , 0.0947044 , 0.0745567
6.88321 , 0.219966 , 0.0962297 , 0.062787 , 0.207342 , 0.0825134 , 0.083154
6.9176 , 0.244815 , 0.0882472 , 0.0682574 , 0.237461 , 0.0721748 , 0.0904296
6.95224 , 0.267223 , 0.0761367 , 0.0713109 , 0.265257 , 0.060834 , 0.0939524
6.98466 , 0.286719 , 0.068098 , 0.0702685 , 0.290614 , 0.0535219 , 0.0942541
7.01735 , 0.304782 , 0.061115 , 0.0673275 , 0.314647 , 0.0486984 , 0.0929085
7.05103 , 0.321593 , 0.0611249 , 0.0645076 , 0.336425 , 0.0393081 , 0.089241
7.08565 , 0.336999 , 0.0525176 , 0.0620559 , 0.357739 , 0.0359455 , 0.0872871
7.12143 , 0.350432 , 0.0507072 , 0.0611026 , 0.376266 , 0.0379081 , 0.0882545
7.15087 , 0.360909 , 0.0524815 , 0.0606577 , 0.391589 , 0.0385162 , 0.0885887
7.18517 , 0.368185 , 0.053358 , 0.0614395 , 0.402795 , 0.0396716 , 0.0893077
7.21964 , 0.371326 , 0.0572488 , 0.06215 , 0.410656 , 0.0472829 , 0.0922418
7.25319 , 0.371068 , 0.0695545 , 0.0649206 , 0.414114 , 0.0558666 , 0.0937418
7.28772 , 0.367573 , 0.0777051 , 0.0658015 , 0.412767 , 0.0703288 , 0.0936566
7.32135 , 0.358489 , 0.094418 , 0.0611748 , 0.407487 , 0.0794982 , 0.0875603
7.35727 , 0.347949 , 0.105122 , 0.057069 , 0.398958 , 0.0936062 , 0.0798206
7.3922 , 0.334909 , 0.116274 , 0.0496519 , 0.387559 , 0.106233 , 0.069128
7.42329 , 0.317641 , 0.119989 , 0.0392916 , 0.372338 , 0.113953 , 0.0566186
7.45803 , 0.297721 , 0.125168 , 0.0318769 , 0.351093 , 0.102175 , 0.0418876
7.4871 , 0.272914 , 0.126303 , 0.0230948 , 0.326633 , 0.122683 , 0.0329751
7.52558 , 0.246709 , 0.134757 , 0.0146122 , 0.297281 , 0.130342 , 0.019798
7.56009 , 0.217461 , 0.13139 , 0.00623368 , 0.265805 , 0.132587 , 0.0087011
7.59212 , 0.184414 , 0.136322 , -0.00203574 , 0.231459 , 0.13599 , -0.00179677
7.62112 , 0.149535 , 0.136469 , -0.00855314 , 0.194127 , 0.141439 , -0.0127091
7.65701 , 0.111827 , 0.141794 , -0.0174537 , 0.154565 , 0.148182 , -0.0243441
7.69234 , 0.071705 , 0.149266 , -0.0274256 , 0.112332 , 0.152888 , -0.0364055
7.72111 , 0.0289093 , 0.153976 , -0.0373022 , 0.0672952 , 0.158837 , -0.0491472
7.7576 , -0.0141918 , 0.155123 , -0.0488137 , 0.0220378 , 0.160551 , -0.0607983
7.79094 , -0.0590543 , 0.151424 , -0.0574102 , -0.0221036 , 0.156843 , -0.0717709
7.82453 , -0.102523 , 0.150347 , -0.0673324 , -0.0658422 , 0.148013 , -0.0822406
7.85636 , -0.144073 , 0.143803 , -0.0775041 , -0.107803 , 0.145327 , -0.0943266
7.89203 , -0.183928 , 0.111016 , -0.0804973 , -0.148124 , 0.138259 , -0.108274
7.92502 , -0.225803 , 0.132509 , -0.0995532 , -0.187299 , 0.126167 , -0.119152
7.96115 , -0.262312 , 0.121698 , -0.112343 , -0.226508 , 0.116954 , -0.128517
7.99187 , -0.300109 , 0.111418 , -0.122442 , -0.26433 , 0.108346 , -0.13973
8.02554 , -0.337032 , 0.104466 , -0.135688 , -0.300754 , 0.0997792 , -0.151424
8.06014 , -0.373017 , 0.0975634 , -0.149091 , -0.335549 , 0.0901724 , -0.161941
8.09228 , -0.406193 , 0.0862613 , -0.159678 , -0.369234 , 0.079542 , -0.170749
8.12669 , -0.436536 , 0.0743446 , -0.169288 , -0.399794 , 0.0719273 , -0.179068
8.16315 , -0.460643 , 0.064509 , -0.181383 , -0.428856 , 0.0599275 , -0.182756
8.1941 , -0.489178 , 0.0519335 , -0.188103 , -0.459187 , 0.047837 , -0.185042
8.22644 , -0.51779 , 0.0367324 , -0.192653 , -0.492259 , 0.0360396 , -0.187513
8.26095 , -0.549338 , 0.0244322 , -0.197491 , -0.527991 , 0.0252646 , -0.189869
8.29481 , -0.582074 , 0.0156026 , -0.202934 , -0.564382 , 0.0175937 , -0.193816
8.32496 , -0.61662 , 0.00992417 , -0.208287 , -0.601879 , 0.0151927 , -0.199921
8.35954 , -0.643234 , 0.00610811 , -0.217436 , -0.636183 , 0.0119446 , -0.206502
8.39403 , -0.673663 , 0.00219482 , -0.222691 , -0.66762 , 0.00973152 , -0.214941
8.42865 , -0.698929 , -0.00413431 , -0.229867 , -0.699394 , 0.00740416 , -0.22317
8.46207 , -0.72218 , -0.00534351 , -0.238242 , -0.727945 , 0.00611252 , -0.232015
8.49886 , -0.740577 , -0.00592804 , -0.246179 , -0.753218 , 0.00422332 , -0.240273
8.53321 , -0.755059 , -0.00714274 , -0.252273 , -0.775533 , 0.00236706 , -0.249189
8.56925 , -0.765482 , -0.00723969 , -0.258815 , -0.796103 , 0.000131406 , -0.257002
8.61244 , -0.77364 , -0.00730377 , -0.263483 , -0.811613 , -0.00286105 , -0.262813
8.64762 , -0.777374 , -0.00616946 , -0.266504 , -0.822372 , -0.00530619 , -0.267854
8.68193 , -0.775889 , -0.0050435 , -0.267526 , -0.82925 , -0.00574027 , -0.27194
8.71272 , -0.770103 , -0.00346409 , -0.268057 , -0.831422 , -0.00472681 , -0.27408
8.74705 , -0.761092 , 0.000740476 , -0.26806 , -0.827502 , -0.00176427 , -0.275889
8.78377 , -0.748123 , 0.00724753 , -0.268406 , -0.818259 , 0.00382389 , -0.277567
8.82017 , -0.731809 , 0.0160563 , -0.269094 , -0.804535 , 0.013251 , -0.279237
8.86312 , -0.713371 , 0.0277813 , -0.270305 , -0.786633 , 0.0255341 , -0.279848
8.89742 , -0.694059 , 0.0428238 , -0.272649 , -0.765834 , 0.0408456 , -0.279717
8.9319 , -0.674395 , 0.0568911 , -0.27178 , -0.743377 , 0.057771 , -0.278821
8.96545 , -0.657443 , 0.0710476 , -0.269386 , -0.726258 , 0.0684724 , -0.271521
8.99681 , -0.643144 , 0.080834 , -0.263693 , -0.698612 , 0.088215 , -0.264072
9.0316 , -0.623606 , 0.0966469 , -0.262576 , -0.671788 , 0.104438 , -0.255807
9.06328 , -0.607641 , 0.11104 , -0.256857 , -0.648801 , 0.116812 , -0.246357
9.09981 , -0.592566 , 0.126787 , -0.252996 , -0.623904 , 0.138715 , -0.24066
9.1352 , -0.58382 , 0.135579 , -0.24199 , -0.597142 , 0.155402 , -0.229499
9.16501 , -0.563398 , 0.154038 , -0.242203 , -0.578822 , 0.16091 , -0.215104
9.1994 , -0.553338 , 0.154216 , -0.22614 , -0.552212 , 0.173563 , -0.204716
9.23283 , -0.537819 , 0.169321 , -0.220851 , -0.52553 , 0.183667 , -0.198896
9.2674 , -0.517026 , 0.190951 , -0.218629 , -0.497465 , 0.202483 , -0.198392
9.30096 , -0.494295 , 0.207638 , -0.213769 , -0.475214 , 0.209756 , -0.194248
9.33146 , -0.479933 , 0.215181 , -0.206908 , -0.451755 , 0.217545 , -0.191647
9.36703 , -0.456111 , 0.22146 , -0.201784 , -0.428121 , 0.225236 , -0.191722
9.40063 , -0.426228 , 0.226568 , -0.197789 , -0.40192 , 0.213846 , -0.181872
9.43521 , -0.393427 , 0.228873 , -0.190304 , -0.374491 , 0.228212 , -0.18375
9.46837 , -0.361943 , 0.230384 , -0.184547 , -0.34943 , 0.231392 , -0.182402
9.49941 , -0.32467 , 0.232722 , -0.181707 , -0.322801 , 0.240851 , -0.181393
9.53483 , -0.287369 , 0.240095 , -0.181249 , -0.289851 , 0.235895 , -0.173745
9.56837 , -0.246769 , 0.241661 , -0.1769 , -0.257828 , 0.244039 , -0.169654
9.60287 , -0.205237 , 0.246763 , -0.172713 , -0.222827 , 0.249446 , -0.162857
9.63375 , -0.162033 , 0.256326 , -0.166134 , -0.188371 , 0.259007 , -0.155356
9.66803 , -0.125255 , 0.266774 , -0.150967 , -0.156553 , 0.272375 , -0.14331
9.7026 , -0.0875321 , 0.272857 , -0.133513 , -0.120749 , 0.273015 , -0.122855
9.73905 , -0.0480652 , 0.270738 , -0.112727 , -0.0829602 , 0.265704 , -0.0972963
9.76769 , -0.00574843 , 0.260638 , -0.0910886 , -0.0409964 , 0.253863 , -0.0712432
9.8022 , 0.0352715 , 0.250686 , -0.0704813 , 0.00300512 , 0.245393 , -0.0486979
9.83881 , 0.0766865 , 0.240042 , -0.0526919 , 0.0475073 , 0.228585 , -0.0294586
9.86839 , 0.115995 , 0.223762 , -0.0378521 , 0.0904894 , 0.212424 , -0.0157515
9.90399 , 0.15091 , 0.208451 , -0.0269213 , 0.134426 , 0.203605 , 0.000886914
9.93847 , 0.182829 , 0.209267 , -0.0142544 , 0.172559 , 0.193981 , 0.0127043
9.9691 , 0.209255 , 0.198804 , -0.0099564 , 0.207622 , 0.179991 , 0.0197575
10.0043 , 0.232899 , 0.18688 , -0.00642174 , 0.239187 , 0.16425 , 0.0239274
10.0383 , 0.25316 , 0.172148 , -0.00600882 , 0.267274 , 0.148616 , 0.0247467
10.0728 , 0.270118 , 0.161564 , -0.00699929 , 0.292903 , 0.13843 , 0.0248826
10.1062 , 0.285072 , 0.155092 , -0.0071015 , 0.316186 , 0.133058 , 0.0244274
10.1369 , 0.298058 , 0.149829 , -0.00694333 , 0.335799 , 0.129761 , 0.0238914
10.1716 , 0.308432 , 0.14659 , -0.00691041 , 0.34993 , 0.12627 , 0.0227253
10.2061 , 0.313332 , 0.142321 , -0.00723033 , 0.36174 , 0.125855 , 0.0222504
10.2404 , 0.312584 , 0.138724 , -0.00724572 , 0.36737 , 0.11652 , 0.0184371
10.2711 , 0.313253 , 0.133547 , -0.00834695 , 0.369127 , 0.114911 , 0.0183221
10.3056 , 0.30795 , 0.135322 , -0.00388624 , 0.369543 , 0.120458 , 0.0227274
10.3393 , 0.305142 , 0.135693 , -0.00191862 , 0.367016 , 0.120189 , 0.0275929
10.3736 , 0.297642 , 0.133979 , 0.00478144 , 0.360546 , 0.119142 , 0.0341963
10.4082 , 0.289966 , 0.126739 , 0.0088043 , 0.351908 , 0.115766 , 0.0405896
10.4418 , 0.279858 , 0.124881 , 0.0135745 , 0.339946 , 0.113031 , 0.0453367
10.4723 , 0.267774 , 0.120675 , 0.0164464 , 0.32502 , 0.112843 , 0.0472444
10.5079 , 0.254048 , 0.120094 , 0.0174763 , 0.307346 , 0.113926 , 0.0462251
10.5414 , 0.237006 , 0.12085 , 0.0170912 , 0.289853 , 0.112423 , 0.0399499
10.5758 , 0.220269 , 0.119839 , 0.0144403 , 0.267232 , 0.115941 , 0.0340221
10.6095 , 0.198136 , 0.121562 , 0.0125226 , 0.242975 , 0.117192 , 0.0269932
10.6404 , 0.174265 , 0.124556 , 0.00854393 , 0.216442 , 0.123254 , 0.0190087
10.6756 , 0.146706 , 0.125763 , 0.00409766 , 0.186122 , 0.124349 , 0.0103397
10.709 , 0.116598 , 0.123446 , -0.000800039 , 0.154155 , 0.123109 , 0.00105183
10.7437 , 0.0830311 , 0.115638 , -0.0070279 , 0.118738 , 0.123382 , -0.010446
10.7822 , 0.0458683 , 0.11653 , -0.0148051 , 0.0799066 , 0.116859 , -0.0226244
10.83 , 0.00587482 , 0.112435 , -0.0236232 , 0.0379093 , 0.11365 , -0.035272
10.87 , -0.0370636 , 0.0924791 , -0.0294365 , -0.00657897 , 0.103196 , -0.0481852
10.9101 , -0.0813688 , 0.0955957 , -0.0427289 , -0.0531143 , 0.0883915 , -0.0597606
10.9467 , -0.127428 , 0.0721599 , -0.0487856 , -0.0987866 , 0.0824399 , -0.0735135
10.9779 , -0.175213 , 0.0723132 , -0.0604233 , -0.144488 , 0.0721069 , -0.0842397
11.0193 , -0.222305 , 0.0650746 , -0.0682344 , -0.193194 , 0.0595873 , -0.0928475
11.0625 , -0.27 , 0.0527253 , -0.074869 , -0.2416 , 0.0468554 , -0.0989301
11.0968 , -0.319944 , 0.0404903 , -0.0786599 , -0.289664 , 0.0314227 , -0.101469
11.1309 , -0.368872 , 0.029188 , -0.0817457 , -0.337746 , 0.0201744 , -0.103319
11.1618 , -0.41774 , 0.0206496 , -0.083593 , -0.385883 , 0.0103755 , -0.103096
11.1954 , -0.464947 , 0.0115771 , -0.0834608 , -0.432346 , 0.00306348 , -0.101565
11.2301 , -0.50935 , 0.00541361 , -0.0840632 , -0.476542 , -0.00583899 , -0.0978735
11.2644 , -0.551713 , -0.00414863 , -0.084541 , -0.519449 , -0.0135391 , -0.0940234
11.2973 , -0.591978 , -0.00945606 , -0.0867378 , -0.561547 , -0.0173408 , -0.090302
11.328 , -0.631382 , -0.0163565 , -0.0871128 , -0.60187 , -0.0191267 , -0.0888346
11.3615 , -0.669639 , -0.0191402 , -0.0908453 , -0.643709 , -0.0222754 , -0.0860744
11.3959 , -0.708637 , -0.0226606 , -0.0925145 , -0.69074 , -0.0176003 , -0.0875293
11.4307 , -0.750021 , -0.0196301 , -0.0982215 , -0.738541 , -0.0114067 , -0.0913351
11.4643 , -0.789852 , -0.0169484 , -0.106587 , -0.786511 , -0.00443131 , -0.0984276
11.4988 , -0.82742 , -0.0140179 , -0.115491 , -0.832035 , 0.00279874 , -0.108194
11.5296 , -0.862255 , -0.00608137 , -0.125029 , -0.875025 , 0.00999052 , -0.117694
11.5638 , -0.890537 , -0.00044388 , -0.134412 , -0.910328 , 0.0183147 , -0.131834
11.5983 , -0.91024 , 0.00488409 , -0.146026 , -0.940808 , 0.0248839 , -0.145475
11.6319 , -0.925108 , 0.0139889 , -0.157825 , -0.970752 , 0.029109 , -0.154692
11.6663 , -0.936619 , 0.0237589 , -0.167954 , -0.993362 , 0.0343635 , -0.16371
11.7037 , -0.944052 , 0.0297607 , -0.171819 , -1.01077 , 0.0356846 , -0.169396
11.7382 , -0.944308 , 0.0331873 , -0.172215 , -1.02041 , 0.0345906 , -0.170764
11.7712 , -0.938275 , 0.0338908 , -0.16838 , -1.0221 , 0.0308136 , -0.167539
11.8018 , -0.925558 , 0.0331229 , -0.162757 , -1.01684 , 0.0315798 , -0.167236
11.8346 , -0.909247 , 0.0363297 , -0.159421 , -1.00536 , 0.0344259 , -0.166532
11.8669 , -0.890166 , 0.0446067 , -0.158861 , -0.988249 , 0.0381454 , -0.164905
11.8993 , -0.867208 , 0.0476641 , -0.153986 , -0.965508 , 0.0435139 , -0.162102
11.9339 , -0.841117 , 0.0518642 , -0.148612 , -0.935449 , 0.0489036 , -0.155893
11.9684 , -0.811955 , 0.0564701 , -0.145305 , -0.899192 , 0.0525775 , -0.149964
12.0026 , -0.78077 , 0.0638919 , -0.144274 , -0.857173 , 0.0570281 , -0.147691
12.0375 , -0.747398 , 0.0689915 , -0.143626 , -0.812461 , 0.0619369 , -0.144278
12.0669 , -0.714567 , 0.0703702 , -0.139358 , -0.767244 , 0.0699224 , -0.140727
12.102 , -0.683635 , 0.0782537 , -0.137903 , -0.722368 , 0.0826134 , -0.137444
12.1381 , -0.653357 , 0.0883911 , -0.133837 , -0.677265 , 0.0930458 , -0.128764
12.1685 , -0.623867 , 0.0983457 , -0.125712 , -0.635247 , 0.0999587 , -0.117252
12.2028 , -0.593745 , 0.110465 , -0.120219 , -0.588848 , 0.113434 , -0.108278
12.2372 , -0.561684 , 0.119849 , -0.108528 , -0.544807 , 0.126799 , -0.101449
12.2708 , -0.528786 , 0.132494 , -0.102463 , -0.501623 , 0.139299 , -0.095116
12.3053 , -0.495051 , 0.144239 , -0.0960892 , -0.466019 , 0.143184 , -0.084513
12.3392 , -0.462065 , 0.151438 , -0.0864398 , -0.424449 , 0.146081 , -0.0774779
12.3714 , -0.422539 , 0.148446 , -0.07333 , -0.389427 , 0.147807 , -0.0747044
12.4015 , -0.388043 , 0.151345 , -0.0687242 , -0.350276 , 0.140899 , -0.068694
12.4375 , -0.344691 , 0.155074 , -0.063602 , -0.317529 , 0.106404 , -0.0607633
12.4731 , -0.304768 , 0.157947 , -0.0566704 , -0.277612 , 0.133978 , -0.069997
12.5036 , -0.258387 , 0.161364 , -0.0526864 , -0.238136 , 0.155861 , -0.0690164
12.5385 , -0.212216 , 0.163637 , -0.0456503 , -0.201645 , 0.168832 , -0.0616559
12.5713 , -0.164702 , 0.172488 , -0.0416704 , -0.162107 , 0.172098 , -0.0521694
12.6056 , -0.114325 , 0.175383 , -0.0323295 , -0.121741 , 0.175125 , -0.0396881
12.6407 , -0.0672039 , 0.178714 , -0.0198641 , -0.0828642 , 0.179603 , -0.0232717
12.6738 , -0.0221994 , 0.184848 , -0.00619931 , -0.0453596 , 0.185425 , -0.00621476
12.7037 , 0.0202362 , 0.189018 , 0.0105555 , -0.00917036 , 0.185763 , 0.0125614
12.7391 , 0.0591577 , 0.187771 , 0.0264017 , 0.0272797 , 0.181922 , 0.0316028
12.7725 , 0.0986636 , 0.174538 , 0.0391983 , 0.0649755 , 0.164462 , 0.0470481
12.807 , 0.139262 , 0.155025 , 0.0454416 , 0.104913 , 0.139792 , 0.0564909
12.8377 , 0.17794 , 0.133007 , 0.0459766 , 0.146865 , 0.117972 , 0.0592073
12.8722 , 0.214242 , 0.108826 , 0.0413379 , 0.1883 , 0.092907 , 0.0572539
12.9068 , 0.247185 , 0.0882237 , 0.0334504 , 0.228602 , 0.06629 , 0.0518913
12.9403 , 0.278312 , 0.0674457 , 0.0233044 , 0.267911 , 0.0436899 , 0.0460275
12.9749 , 0.305924 , 0.0482823 , 0.0127225 , 0.305711 , 0.0220617 , 0.0382231
13.0075 , 0.331254 , 0.0296881 , -0.00031694 , 0.340597 , 0.00300195 , 0.0273528
13.0405 , 0.354527 , 0.0152437 , -0.0101682 , 0.374228 , -0.00924157 , 0.0177746
13.0746 , 0.374255 , 0.0115118 , -0.0175015 , 0.40347 , -0.0146887 , 0.0111671
13.1081 , 0.389618 , 0.0151711 , -0.0206368 , 0.428312 , -0.00856153 , 0.0109237
13.1427 , 0.399769 , 0.0227681 , -0.0189333 , 0.448269 , 0.00373559 , 0.0153829
13.1738 , 0.406885 , 0.0361174 , -0.0160374 , 0.463093 , 0.0158616 , 0.0219872
13.2078 , 0.410154 , 0.0451269 , -0.010932 , 0.473037 , 0.0226971 , 0.0263616
13.2423 , 0.412831 , 0.0531251 , -0.00609282 , 0.479593 , 0.0287557 , 0.0294052
13.2759 , 0.411929 , 0.055534 , -0.00415445 , 0.482759 , 0.0354649 , 0.0316692
13.3103 , 0.409894 , 0.0584218 , 0.000751783 , 0.480491 , 0.0416756 , 0.0326419
13.341 , 0.403242 , 0.0614707 , 0.0053059 , 0.473138 , 0.0425461 , 0.0308159
13.3757 , 0.394866 , 0.0587319 , 0.00635388 , 0.461423 , 0.0460215 , 0.0291562
13.412 , 0.383861 , 0.0582219 , 0.0100518 , 0.446758 , 0.0489427 , 0.0282957
13.4453 , 0.370757 , 0.0550249 , 0.013951 , 0.430229 , 0.0505363 , 0.0279573
13.4782 , 0.355669 , 0.0505578 , 0.0198094 , 0.412058 , 0.0473606 , 0.0260195
13.5089 , 0.340044 , 0.0480682 , 0.0258549 , 0.392446 , 0.0463932 , 0.0255657
13.5433 , 0.322605 , 0.0398713 , 0.0288151 , 0.372093 , 0.0506481 , 0.0265409
13.5779 , 0.302424 , 0.0408561 , 0.0324092 , 0.349218 , 0.0551871 , 0.0259907
13.6123 , 0.279606 , 0.046016 , 0.0352454 , 0.323232 , 0.0574417 , 0.0241597
13.6459 , 0.254425 , 0.0485736 , 0.0383756 , 0.29514 , 0.063433 , 0.0223232
13.6802 , 0.227598 , 0.0587446 , 0.0399007 , 0.26566 , 0.072615 , 0.0201598
13.7102 , 0.197225 , 0.0676486 , 0.0413707 , 0.236337 , 0.079867 , 0.0160422
13.7457 , 0.16351 , 0.0793842 , 0.0403469 , 0.203399 , 0.086859 , 0.0110544
13.7802 , 0.12832 , 0.085625 , 0.0343355 , 0.166319 , 0.0962635 , 0.00355438
13.8137 , 0.0903116 , 0.0888122 , 0.0235275 , 0.127603 , 0.0971519 , -0.00748059
13.8444 , 0.0483484 , 0.0924069 , 0.0140971 , 0.0854505 , 0.0982466 , -0.0195261
13.8828 , 0.00260935 , 0.0895183 , 0.00266092 , 0.0414152 , 0.0873096 , -0.0320902
13.9115 , -0.0447923 , 0.087764 , -0.0115706 , -0.00574057 , 0.080657 , -0.0438927
13.9485 , -0.096122 , 0.0749204 , -0.02195 , -0.0538134 , 0.0668579 , -0.052986
13.9836 , -0.147582 , 0.0633855 , -0.0303972 , -0.104486 , 0.0540973 , -0.0583071
14.0135 , -0.200918 , 0.0497806 , -0.0337759 , -0.158993 , 0.0438155 , -0.0621763
14.0476 , -0.252834 , 0.0393002 , -0.0373826 , -0.212541 , 0.0310082 , -0.0625104
14.0792 , -0.306926 , 0.0302788 , -0.036334 , -0.264047 , 0.0185719 , -0.0595616
14.1157 , -0.358913 , 0.0207484 , -0.0332567 , -0.316017 , 0.0129087 , -0.0573362
14.1462 , -0.412491 , 0.0181599 , -0.0346791 , -0.370278 , 0.0106101 , -0.0556938
14.1799 , -0.466139 , 0.0162616 , -0.0352995 , -0.424939 , 0.00848646 , -0.0532485
14.2154 , -0.519162 , 0.013677 , -0.0368614 , -0.479038 , 0.00913347 , -0.0515354
14.247 , -0.571632 , 0.015454 , -0.0401424 , -0.531373 , 0.0118698 , -0.0521178
14.2834 , -0.620835 , 0.0171914 , -0.0476211 , -0.582482 , 0.0131997 , -0.0532484
14.317 , -0.662659 , 0.0123492 , -0.0523914 , -0.632491 , 0.0173827 , -0.0573973
14.3516 , -0.713744 , 0.0153769 , -0.0596877 , -0.68068 , 0.0190874 , -0.0625966
14.3886 , -0.759242 , 0.015835 , -0.0708149 , -0.734122 , 0.0228362 , -0.0708672
14.4179 , -0.802567 , 0.0150374 , -0.0857827 , -0.78497 , 0.0265167 , -0.0833446
14.451 , -0.840313 , 0.0203346 , -0.111005 , -0.830342 , 0.0342691 , -0.102952
14.4818 , -0.881023 , 0.0193315 , -0.122988 , -0.875096 , 0.0374025 , -0.121921
14.5164 , -0.91577 , 0.0210167 , -0.140744 , -0.912944 , 0.0446524 , -0.145867
14.5509 , -0.941514 , 0.0253795 , -0.163444 , -0.956035 , 0.0423562 , -0.1563
14.588 , -0.970178 , 0.0240354 , -0.171001 , -0.99428 , 0.0421098 , -0.164073
14.6192 , -0.991967 , 0.0242914 , -0.178095 , -1.02636 , 0.0423177 , -0.170472
14.6495 , -1.0001 , 0.0305859 , -0.18776 , -1.04811 , 0.0445856 , -0.176233
14.6841 , -1.01254 , 0.0315599 , -0.188578 , -1.06836 , 0.0453921 , -0.179656
14.7184 , -1.0104 , 0.0367733 , -0.183707 , -1.07947 , 0.0495908 , -0.17813
14.7521 , -1.01147 , 0.0400019 , -0.18481 , -1.0863 , 0.0496064 , -0.174404
14.7899 , -1.00345 , 0.0420199 , -0.181759 , -1.08878 , 0.0506552 , -0.175225
14.8263 , -0.990594 , 0.0440866 , -0.177617 , -1.08399 , 0.0489966 , -0.171163
14.8706 , -0.973157 , 0.0444612 , -0.171543 , -1.07176 , 0.0464905 , -0.166173
14.9012 , -0.950438 , 0.0444366 , -0.164943 , -1.05246 , 0.0443751 , -0.16071
14.9357 , -0.923262 , 0.0455477 , -0.159322 , -1.02642 , 0.0439029 , -0.15659
14.9702 , -0.891923 , 0.0474266 , -0.153989 , -0.991931 , 0.0427397 , -0.151471
15.004 , -0.856036 , 0.0507462 , -0.14921 , -0.951291 , 0.0454983 , -0.149018
15.0384 , -0.81669 , 0.0528622 , -0.1458 , -0.905185 , 0.0506878 , -0.146518
15.0691 , -0.776561 , 0.0564968 , -0.142517 , -0.854894 , 0.0544496 , -0.142979
15.1035 , -0.73689 , 0.0620633 , -0.13988 , -0.802407 , 0.0590138 , -0.14032
15.1381 , -0.698563 , 0.0676028 , -0.135416 , -0.748586 , 0.0656932 , -0.137239
15.1724 , -0.663415 , 0.0722442 , -0.131607 , -0.696835 , 0.0718342 , -0.131615
15.206 , -0.62427 , 0.0789631 , -0.127929 , -0.647153 , 0.079191 , -0.126489
15.2367 , -0.589781 , 0.0849002 , -0.122706 , -0.597599 , 0.087512 , -0.121628
15.2712 , -0.556168 , 0.0912777 , -0.116018 , -0.548713 , 0.0910945 , -0.112485
15.3058 , -0.524253 , 0.0989758 , -0.106681 , -0.500496 , 0.101984 , -0.107926
15.3403 , -0.488644 , 0.11042 , -0.0993592 , -0.457613 , 0.109177 , -0.102519
15.3709 , -0.453675 , 0.116059 , -0.0890364 , -0.413486 , 0.112259 , -0.0957865
15.4055 , -0.41272 , 0.117794 , -0.0771717 , -0.368864 , 0.111811 , -0.0907321
15.4392 , -0.37067 , 0.113401 , -0.0634573 , -0.324951 , 0.109022 , -0.0855621
15.4741 , -0.325879 , 0.122315 , -0.0570368 , -0.285041 , 0.111054 , -0.0821168
15.5079 , -0.28335 , 0.121301 , -0.0448906 , -0.246574 , 0.117304 , -0.0775741
15.5465 , -0.238556 , 0.123302 , -0.0332012 , -0.210921 , 0.124116 , -0.0712397
15.5788 , -0.191674 , 0.1299 , -0.0236577 , -0.174095 , 0.125956 , -0.0613758
15.6138 , -0.141751 , 0.126606 , -0.0119406 , -0.135096 , 0.122304 , -0.0476351
15.6437 , -0.0916542 , 0.120137 , -0.000522679 , -0.0960813 , 0.120997 , -0.0309769
15.6761 , -0.0410472 , 0.125533 , 0.0095842 , -0.0569712 , 0.127195 , -0.0129475
15.7094 , 0.00740936 , 0.133282 , 0.0202645 , -0.0176586 , 0.136381 , 0.00718019
15.74 , 0.0550454 , 0.141152 , 0.0325289 , 0.0226561 , 0.143927 , 0.0300765
15.7754 , 0.0994692 , 0.142549 , 0.045498 , 0.0622351 , 0.139724 , 0.0509336
15.8149 , 0.141007 , 0.138968 , 0.0590387 , 0.100424 , 0.130313 , 0.0702178
15.8462 , 0.178638 , 0.127326 , 0.0715956 , 0.137809 , 0.111948 , 0.086705
15.8777 , 0.214517 , 0.106085 , 0.0782986 , 0.176333 , 0.0889312 , 0.09683
15.9116 , 0.24861 , 0.0859981 , 0.0807719 , 0.216543 , 0.0683474 , 0.0999888
15.9441 , 0.281008 , 0.0669953 , 0.0784787 , 0.255847 , 0.0478484 , 0.0971639
15.9797 , 0.309335 , 0.0508349 , 0.0709762 , 0.29472 , 0.029903 , 0.0906065
16.0137 , 0.334219 , 0.0366437 , 0.061943 , 0.330683 , 0.0157459 , 0.0828864
16.0455 , 0.354753 , 0.0262822 , 0.0515924 , 0.36389 , 0.00552299 , 0.0741961
16.082 , 0.373182 , 0.0180083 , 0.041721 , 0.393839 , -0.00278555 , 0.0649038
16.1123 , 0.38858 , 0.0119948 , 0.0312593 , 0.42067 , -0.00978677 , 0.0553461
16.1523 , 0.400882 , 0.00704425 , 0.0233008 , 0.443694 , -0.0157072 , 0.0472067
16.1957 , 0.409795 , 0.00451974 , 0.0167131 , 0.463504 , -0.0140871 , 0.0442423
16.2286 , 0.415335 , 0.0126855 , 0.014809 , 0.478651 , -0.0084765 , 0.04302
16.2646 , 0.416692 , 0.0223095 , 0.014143 , 0.488221 , 0.00833089 , 0.0469235
16.2962 , 0.414764 , 0.0392728 , 0.0171245 , 0.491001 , 0.0208118 , 0.0487376
16.3327 , 0.408229 , 0.0531679 , 0.0172035 , 0.488312 , 0.035896 , 0.0513857
16.3638 , 0.398637 , 0.065307 , 0.0176585 , 0.480044 , 0.0482167 , 0.0513299
16.402 , 0.385788 , 0.0737884 , 0.0163293 , 0.466495 , 0.0571662 , 0.0486154
16.4334 , 0.370569 , 0.0820677 , 0.0140326 , 0.447456 , 0.061603 , 0.0425409
16.462 , 0.352127 , 0.0835754 , 0.00950325 , 0.424924 , 0.0712337 , 0.0357385
16.4965 , 0.331528 , 0.0916962 , 0.0056781 , 0.397766 , 0.0804808 , 0.0266997
16.5321 , 0.305324 , 0.0975651 , 0.000672085 , 0.365859 , 0.0916557 , 0.0180845
16.5651 , 0.277085 , 0.104701 , -0.00378909 , 0.331563 , 0.100473 , 0.00807924
16.6002 , 0.245886 , 0.111282 , -0.00925153 , 0.294108 , 0.114351 , -0.0029255
16.6337 , 0.210234 , 0.122423 , -0.0164861 , 0.253147 , 0.125362 , -0.0166588
16.6646 , 0.172308 , 0.133086 , -0.0242687 , 0.209479 , 0.136972 , -0.031743
16.6999 , 0.13174 , 0.137201 , -0.0352991 , 0.164943 , 0.145693 , -0.04833
16.7343 , 0.0875987 , 0.140488 , -0.0453884 , 0.118996 , 0.148167 , -0.0663342
16.7644 , 0.0439143 , 0.143211 , -0.0550603 , 0.0720504 , 0.14851 , -0.0838424
16.7979 , -0.00107581 , 0.141091 , -0.0634275 , 0.0257129 , 0.144705 , -0.0979305
16.8315 , -0.0444219 , 0.135904 , -0.0698814 , -0.0201522 , 0.145179 , -0.108634
16.8659 , -0.0885382 , 0.117115 , -0.0718949 , -0.0629294 , 0.133154 , -0.116677
16.9004 , -0.135471 , 0.126945 , -0.0760423 , -0.105164 , 0.121011 , -0.121048
16.9348 , -0.177613 , 0.0826953 , -0.0697773 , -0.148489 , 0.0834583 , -0.115924
16.9651 , -0.217969 , 0.107969 , -0.0837808 , -0.190582 , 0.0910474 , -0.120693
16.9993 , -0.258552 , 0.0947575 , -0.0853668 , -0.228369 , 0.0830329 , -0.122966
17.0339 , -0.298521 , 0.0835647 , -0.0860034 , -0.267741 , 0.0705871 , -0.119475
17.0682 , -0.339675 , 0.0697187 , -0.085732 , -0.307688 , 0.0571676 , -0.112331
17.1018 , -0.38255 , 0.0557845 , -0.0831985 , -0.349272 , 0.050119 , -0.106666
17.139 , -0.427059 , 0.0466756 , -0.0822667 , -0.394254 , 0.038869 , -0.0984977
17.1742 , -0.473793 , 0.0384471 , -0.0819825 , -0.43881 , 0.0294706 , -0.0912345
17.2035 , -0.519558 , 0.0277393 , -0.0805904 , -0.485835 , 0.0216597 , -0.0846357
17.2363 , -0.560229 , 0.015297 , -0.0759456 , -0.529757 , 0.0126385 , -0.076132
17.2696 , -0.605945 , -0.000855342 , -0.0682779 , -0.575578 , 0.00243294 , -0.0656866
17.3012 , -0.652068 , -0.00928705 , -0.0662398 , -0.622822 , -0.000443386 , -0.060035
17.3357 , -0.697382 , -0.0124565 , -0.0720127 , -0.670892 , 0.00212867 , -0.0622399
17.3695 , -0.742649 , -0.00957276 , -0.0858646 , -0.712267 , 0.00622 , -0.0731824
17.4009 , -0.785103 , -0.00895169 , -0.102501 , -0.753941 , 0.0160194 , -0.094169
17.4373 , -0.823301 , -0.00404635 , -0.125281 , -0.797892 , 0.0185763 , -0.11683
17.468 , -0.859321 , -0.00625489 , -0.146949 , -0.837418 , 0.0201042 , -0.143521
17.5036 , -0.889524 , -0.00510796 , -0.170586 , -0.881618 , 0.0139767 , -0.160565
17.5369 , -0.915908 , -0.008226 , -0.187759 , -0.920164 , 0.00754359 , -0.173081
17.5715 , -0.947502 , -0.01637 , -0.191619 , -0.949974 , 0.00167559 , -0.187029
17.6053 , -0.966146 , -0.0213221 , -0.201426 , -0.982737 , -0.0100463 , -0.193416
17.6357 , -0.987892 , -0.0276473 , -0.204076 , -1.00249 , -0.0146906 , -0.20185
17.6728 , -0.994521 , -0.0274602 , -0.212204 , -1.02734 , -0.0224654 , -0.207418
17.7063 , -1.00758 , -0.029921 , -0.213499 , -1.04457 , -0.0256534 , -0.210922
17.7408 , -1.01008 , -0.0293457 , -0.215845 , -1.05471 , -0.0269342 , -0.215632
17.7737 , -1.0068 , -0.0261272 , -0.218804 , -1.06419 , -0.0284171 , -0.219085
17.8035 , -1.00334 , -0.0225573 , -0.220412 , -1.06649 , -0.0258702 , -0.222144
17.8394 , -0.992604 , -0.0191904 , -0.220427 , -1.06238 , -0.0222368 , -0.222044
17.8725 , -0.976943 , -0.0143126 , -0.219281 , -1.05075 , -0.0187548 , -0.219315
17.9071 , -0.956152 , -0.00955352 , -0.2157 , -1.03461 , -0.0134197 , -0.216027
17.9379 , -0.931921 , -0.00317165 , -0.210995 , -1.01247 , -0.00684894 , -0.210708
17.9722 , -0.904105 , 0.00372662 , -0.205125 , -0.984449 , 0.00112163 , -0.204381
18.0049 , -0.873064 , 0.010733 , -0.198287 , -0.951056 , 0.0088567 , -0.196218
18.041 , -0.838295 , 0.0159619 , -0.189797 , -0.912355 , 0.0153379 , -0.186451
18.0721 , -0.801961 , 0.0165739 , -0.176413 , -0.869881 , 0.0212943 , -0.174854
18.1065 , -0.767405 , 0.0214984 , -0.16457 , -0.826228 , 0.0251379 , -0.16231
18.1402 , -0.732488 , 0.0273316 , -0.156574 , -0.781251 , 0.0305611 , -0.153312
18.1747 , -0.703109 , 0.0320232 , -0.146376 , -0.739378 , 0.0338852 , -0.144418
18.2081 , -0.670899 , 0.0401874 , -0.136713 , -0.697285 , 0.0407448 , -0.135906
18.2425 , -0.638716 , 0.0487924 , -0.129245 , -0.654955 , 0.0484947 , -0.128308
18.2732 , -0.606206 , 0.0544813 , -0.118032 , -0.614313 , 0.0588709 , -0.121247
18.3077 , -0.574068 , 0.062675 , -0.105641 , -0.578087 , 0.0651952 , -0.110594
18.3441 , -0.543939 , 0.0747785 , -0.0958875 , -0.536707 , 0.0766692 , -0.104466
18.3783 , -0.514198 , 0.0848183 , -0.0855595 , -0.50199 , 0.0856856 , -0.0994703
18.4121 , -0.482304 , 0.0992029 , -0.0766119 , -0.464505 , 0.0947428 , -0.0944972
18.4426 , -0.449812 , 0.105742 , -0.0673895 , -0.435235 , 0.0988957 , -0.0897744
18.4775 , -0.417953 , 0.114015 , -0.0598824 , -0.402784 , 0.102442 , -0.0853237
18.5115 , -0.38691 , 0.116315 , -0.0514506 , -0.370477 , 0.10764 , -0.0825172
18.5456 , -0.352828 , 0.118658 , -0.0443566 , -0.340923 , 0.108413 , -0.0771998
18.5754 , -0.317865 , 0.120644 , -0.0362382 , -0.307776 , 0.111569 , -0.0719556
18.6088 , -0.27967 , 0.116157 , -0.0239528 , -0.272826 , 0.112477 , -0.0632817
18.6433 , -0.238831 , 0.114435 , -0.0182735 , -0.239022 , 0.11 , -0.0504881
18.6779 , -0.19894 , 0.110504 , -0.00756253 , -0.204546 , 0.111934 , -0.0388189
18.7125 , -0.157302 , 0.114316 , -0.000944757 , -0.170507 , 0.112528 , -0.0251049
18.7461 , -0.115443 , 0.116418 , 0.00493967 , -0.134481 , 0.109115 , -0.0101018
18.7764 , -0.074896 , 0.115593 , 0.0104117 , -0.0979073 , 0.107456 , 0.00168198
18.8168 , -0.0320999 , 0.110125 , 0.0166476 , -0.059225 , 0.109646 , 0.0117658
18.8517 , 0.00759946 , 0.108233 , 0.0236986 , -0.0204214 , 0.108756 , 0.0226792
18.8831 , 0.047284 , 0.107824 , 0.0302364 , 0.0197561 , 0.104998 , 0.0331357
18.914 , 0.0859136 , 0.104737 , 0.0362625 , 0.061695 , 0.100336 , 0.041943
18.9478 , 0.123906 , 0.0983782 , 0.0421386 , 0.104116 , 0.0887019 , 0.0497557
18.9834 , 0.15968 , 0.0866646 , 0.0465895 , 0.144523 , 0.0730678 , 0.0562896
19.0167 , 0.191581 , 0.0690334 , 0.0485732 , 0.181418 , 0.0553836 , 0.0608383
19.0538 , 0.218266 , 0.0518236 , 0.0504091 , 0.213606 , 0.0353321 , 0.0635152
19.1005 , 0.239473 , 0.0327055 , 0.0503323 , 0.241138 , 0.0201452 , 0.0666018
19.1349 , 0.253672 , 0.0239352 , 0.0513458 , 0.262636 , 0.0128932 , 0.0695753
19.1676 , 0.262073 , 0.02106 , 0.052707 , 0.279131 , 0.0101795 , 0.0708016
19.1962 , 0.265538 , 0.020201 , 0.0514002 , 0.290563 , 0.0109143 , 0.0706627
19.2313 , 0.265222 , 0.0225632 , 0.0492988 , 0.299201 , 0.0144728 , 0.0691889
19.2629 , 0.262395 , 0.026915 , 0.0461852 , 0.301412 , 0.0183441 , 0.0667756
19.2994 , 0.25682 , 0.0333734 , 0.0424896 , 0.29979 , 0.024705 , 0.0638888
19.3387 , 0.248771 , 0.0390355 , 0.0385311 , 0.295152 , 0.0322232 , 0.0599024
19.3883 , 0.238658 , 0.0450245 , 0.0339553 , 0.286395 , 0.0381467 , 0.0542811
19.4253 , 0.226586 , 0.0518347 , 0.0303803 , 0.273107 , 0.0475512 , 0.0491718
19.4665 , 0.211402 , 0.0594611 , 0.0271735 , 0.257316 , 0.05555 , 0.0461839
19.4979 , 0.19535 , 0.0658472 , 0.0268997 , 0.239319 , 0.0647631 , 0.046186
19.5325 , 0.179715 , 0.0739357 , 0.0292618 , 0.220654 , 0.0769919 , 0.0475366
19.5671 , 0.162021 , 0.0870458 , 0.0347159 , 0.200491 , 0.0899762 , 0.0502391
19.6005 , 0.144948 , 0.101526 , 0.0413869 , 0.180567 , 0.106965 , 0.0548943
19.6367 , 0.127334 , 0.117892 , 0.0482893 , 0.159592 , 0.121042 , 0.0587808
19.6673 , 0.109712 , 0.127603 , 0.0530423 , 0.138647 , 0.131446 , 0.060223
19.7009 , 0.0912377 , 0.13489 , 0.0576645 , 0.116706 , 0.139039 , 0.059263
19.7342 , 0.0726275 , 0.138066 , 0.0594647 , 0.0953107 , 0.145726 , 0.0565591
19.7699 , 0.0545159 , 0.143356 , 0.0610536 , 0.0737511 , 0.148392 , 0.0522823
19.8044 , 0.0353971 , 0.150772 , 0.0597344 , 0.0519317 , 0.160124 , 0.0451201
19.8351 , 0.0153806 , 0.161826 , 0.0568259 , 0.0298662 , 0.165825 , 0.0354173
19.8689 , -0.00449464 , 0.166493 , 0.0526359 , 0.00795805 , 0.172617 , 0.0236276
19.9044 , -0.0259191 , 0.169095 , 0.0441831 , -0.0141189 , 0.168645 , 0.011836
19.9354 , -0.0466357 , 0.161613 , 0.0351509 , -0.036634 , 0.165111 , 0.000265961
19.9722 , -0.0686817 , 0.161876 , 0.0258135 , -0.0603034 , 0.162609 , -0.00967527
20.0036 , -0.0898288 , 0.157047 , 0.0183811 , -0.0839432 , 0.156989 , -0.0147633
20.0375 , -0.113575 , 0.149599 , 0.0121092 , -0.107217 , 0.141273 , -0.0138783
20.0729 , -0.136344 , 0.143877 , 0.00909745 , -0.130946 , 0.133956 , -0.012913
20.1065 , -0.15714 , 0.133974 , 0.00588043 , -0.157267 , 0.129878 , -0.0107032
20.1402 , -0.181288 , 0.132636 , 0.00336019 , -0.183087 , 0.139551 , -0.0125944
20.1698 , -0.200226 , 0.135849 , -0.000957573 , -0.204429 , 0.147009 , -0.0173853
20.2056 , -0.217855 , 0.149677 , -0.0108045 , -0.223563 , 0.144407 , -0.0199305
20.2363 , -0.234567 , 0.142295 , -0.0102159 , -0.242362 , 0.14265 , -0.0217866
20.2725 , -0.247946 , 0.146267 , -0.0141832 , -0.25737 , 0.146775 , -0.0255882
20.3062 , -0.258071 , 0.153505 , -0.0177318 , -0.26785 , 0.153661 , -0.0312193
20.3387 , -0.264554 , 0.159776 , -0.022421 , -0.200498 , 0.155601 , -0.0347463
20.3725 , -0.267739 , 0.167166 , -0.0271479 , -0.180227 , 0.157945 , -0.0380563
20.408 , -0.267296 , 0.170644 , -0.0298823 , -0.172916 , 0.163897 , -0.0368415
20.4396 , -0.264822 , 0.17402 , -0.0304299 , -0.169953 , 0.171923 , -0.03427
20.4762 , -0.259089 , 0.176847 , -0.0292143 , -0.165549 , 0.17638 , -0.0317303
20.5103 , -0.239666 , 0.177821 , -0.0265956 , -0.150955 , 0.180351 , -0.0281833
20.5414 , -0.2314 , 0.17924 , -0.0269249 , -0.148424 , 0.177951 , -0.0254116
20.5745 , -0.217739 , 0.171352 , -0.0250248 , -0.137135 , 0.172421 , -0.0206891
20.6103 , -0.201769 , 0.165552 , -0.024067 , -0.12064 , 0.166546 , -0.0143462
20.6466 , -0.179568 , 0.163746 , -0.0252675 , -0.107288 , 0.164851 , -0.00676689
20.6814 , -0.161 , 0.14941 , -0.0232664 , -0.0803426 , 0.161109 , 0.00761206
20.7282 , -0.13448 , 0.152594 , -0.0268268 , -0.0735062 , 0.156621 , 0.0186564
20.7595 , -0.12259 , 0.144459 , -0.0273915 , -0.0623754 , 0.156807 , 0.0257871
20.7941 , -0.114212 , 0.138899 , -0.0268488 , -0.0514415 , 0.158642 , 0.0294866
20.8257 , -0.108855 , 0.142746 , -0.0272372 , -0.0427016 , 0.15716 , 0.0313004
20.862 , -0.103278 , 0.143478 , -0.0268269 , -0.0374621 , 0.153203 , 0.0329886
20.8967 , -0.0979551 , 0.138846 , -0.0245069 , -0.0337201 , 0.156038 , 0.0333555
20.9279 , -0.0914593 , 0.141863 , -0.0238331 , -0.0292177 , 0.152534 , 0.0355888
20.9601 , -0.0859165 , 0.139882 , -0.0213658 , -0.0306632 , 0.148981 , 0.0412447
20.9953 , -0.0804986 , 0.14145 , -0.0186817 , -0.0277277 , 0.153209 , 0.0456866
21.0308 , -0.0730711 , 0.138895 , -0.0163288 , -0.0213989 , 0.15627 , 0.0474192
21.0623 , -0.0666525 , 0.141327 , -0.0150348 , -0.0164512 , 0.159799 , 0.0485182
21.0939 , -0.063544 , 0.14203 , -0.0117477 , -0.011882 , 0.15819 , 0.0518677
21.1274 , -0.0562178 , 0.152285 , -0.0117251 , -0.00807305 , 0.164321 , 0.0545537
21.1607 , -0.0529665 , 0.148898 , -0.0066135 , -0.000702264 , 0.169034 , 0.0548863
21.1971 , -0.0462626 , 0.159587 , -0.00785006 , 0.00305248 , 0.171721 , 0.0557828
21.2319 , -0.0417061 , 0.157298 , -0.00585618 , 0.00344583 , 0.165163 , 0.059793
21.2661 , -0.0384437 , 0.151663 , -0.00151986 , 0.00688435 , 0.16318 , 0.0631213
21.2973 , -0.0339617 , 0.150149 , 0.000715384 , 0.00957706 , 0.163442 , 0.0636469
21.3289 , -0.0315929 , 0.150071 , 0.00254878 , 0.011067 , 0.162364 , 0.0644121
21.3653 , -0.0288302 , 0.149599 , 0.00537796 , 0.012676 , 0.161622 , 0.0652533
21.3961 , -0.0255282 , 0.15421 , 0.00393942 , 0.0149218 , 0.163102 , 0.064409
21.438 , -0.0271203 , 0.149443 , 0.00813338 , 0.0181326 , 0.167672 , 0.0622809
21.4809 , -0.0242748 , 0.155851 , 0.00642479 , 0.0175714 , 0.169852 , 0.0612088
21.5144 , -0.023885 , 0.156511 , 0.00715622 , 0.0170642 , 0.169695 , 0.0615237
21.5506 , -0.0232076 , 0.156171 , 0.00878466 , 0.017748 , 0.167564 , 0.0623352
