627

0.026277 , 0.0724945 , -0.00664032 , -0.139234 , 0.0745828 , -0.0145506 , -0.119038
0.06183 , 0.072501 , -0.00665817 , -0.139237 , 0.0624435 , -0.00103987 , -0.109681
0.098736 , 0.0725038 , -0.00668798 , -0.139248 , 0.076285 , -0.0110629 , -0.0881153
0.144522 , 0.0724982 , -0.00671824 , -0.139263 , 0.087864 , -0.0149093 , -0.0977629
0.184999 , 0.0724963 , -0.00675849 , -0.139273 , 0.0914916 , -0.0196588 , -0.101937
0.231934 , 0.0724953 , -0.00681339 , -0.13928 , 0.090882 , -0.0219421 , -0.101889
0.282304 , 0.0724988 , -0.00687847 , -0.139281 , 0.090724 , -0.0218267 , -0.101316
0.334268 , 0.0724998 , -0.00689667 , -0.139285 , 0.0931371 , -0.0204191 , -0.100868
0.384166 , 0.0725018 , -0.00689656 , -0.139285 , 0.0969299 , -0.0185317 , -0.100634
0.427998 , 0.0725001 , -0.00689678 , -0.139285 , 0.100456 , -0.0167731 , -0.100664
0.46486 , 0.0725001 , -0.00689678 , -0.139285 , 0.102594 , -0.0155927 , -0.100865
0.499438 , 0.0725001 , -0.00689678 , -0.139285 , 0.10278 , -0.0152525 , -0.101081
0.546162 , 0.0725001 , -0.00689678 , -0.139285 , 0.101774 , -0.0156307 , -0.101266
0.583012 , 0.0725001 , -0.00689678 , -0.139285 , 0.100084 , -0.0163712 , -0.1015
0.629967 , 0.0725001 , -0.00689678 , -0.139285 , 0.098391 , -0.0170664 , -0.101786
0.663016 , 0.0725001 , -0.00689678 , -0.139285 , 0.0971091 , -0.0174546 , -0.102034
0.69503 , 0.0725001 , -0.00689678 , -0.139285 , 0.0964005 , -0.017541 , -0.102191
0.72971 , 0.0725001 , -0.00689678 , -0.139285 , 0.0962904 , -0.0172886 , -0.102313
0.763473 , 0.0725001 , -0.00689678 , -0.139285 , 0.0966325 , -0.0168685 , -0.102334
0.798211 , 0.0725001 , -0.00689678 , -0.139285 , 0.097184 , -0.0165383 , -0.102309
0.829942 , 0.0725001 , -0.00689678 , -0.139285 , 0.0979132 , -0.0163573 , -0.102289
0.861793 , 0.0725001 , -0.00689678 , -0.139285 , 0.0985195 , -0.0163405 , -0.102283
0.895382 , 0.0725001 , -0.00689678 , -0.139285 , 0.0990721 , -0.0164481 , -0.102305
0.930903 , 0.0725001 , -0.00689678 , -0.139285 , 0.0993674 , -0.0166591 , -0.102315
0.96961 , 0.0725001 , -0.00689678 , -0.139285 , 0.099635 , -0.0168444 , -0.102273
1.0149 , 0.0725001 , -0.00689678 , -0.139285 , 0.0997469 , -0.0169852 , -0.102281
1.04648 , 0.0725001 , -0.00689678 , -0.139285 , 0.0997131 , -0.017036 , -0.102276
1.08114 , 0.0725003 , -0.00689676 , -0.139285 , 0.0995765 , -0.017 , -0.102219
1.11479 , 0.0710423 , -0.00765377 , -0.139944 , 0.0857695 , -0.0209735 , -0.102861
1.14946 , 0.0710423 , -0.00765377 , -0.139944 , 0.107087 , -0.0188895 , -0.104235
1.18052 , 0.0710156 , -0.00846256 , -0.139954 , 0.0998372 , -0.0177141 , -0.104582
1.21819 , 0.0707308 , -0.00874366 , -0.139872 , 0.0983687 , -0.0172465 , -0.103939
1.25031 , 0.0706958 , -0.00863489 , -0.139881 , 0.0976729 , -0.017034 , -0.1034
1.28194 , 0.0706958 , -0.00863489 , -0.139881 , 0.0971837 , -0.0171503 , -0.102835
1.31469 , 0.0703848 , -0.00850478 , -0.13993 , 0.0962562 , -0.0178546 , -0.102603
1.34984 , 0.0703534 , -0.00872727 , -0.13995 , 0.0960211 , -0.0186717 , -0.102608
1.38591 , 0.0703105 , -0.00883631 , -0.139929 , 0.0963724 , -0.0194914 , -0.102677
1.42357 , 0.0702743 , -0.00925357 , -0.139967 , 0.0963803 , -0.0198995 , -0.10288
1.4693 , 0.0702558 , -0.00965866 , -0.140026 , 0.0968393 , -0.0201937 , -0.103075
1.50454 , 0.0702006 , -0.00963464 , -0.140017 , 0.0960065 , -0.0198911 , -0.103087
1.53782 , 0.0702256 , -0.00977811 , -0.140015 , 0.0968706 , -0.0196614 , -0.103392
1.57035 , 0.0702622 , -0.0102256 , -0.140083 , 0.097098 , -0.0198134 , -0.103824
1.60467 , 0.0703636 , -0.0105539 , -0.140172 , 0.0969423 , -0.0198632 , -0.103952
1.63912 , 0.0703711 , -0.0104652 , -0.140212 , 0.0972996 , -0.0207788 , -0.103339
1.67336 , 0.0705613 , -0.0110414 , -0.140344 , 0.0970981 , -0.020574 , -0.10282
1.70741 , 0.0708194 , -0.0106429 , -0.140431 , 0.0969911 , -0.0203618 , -0.102829
1.75217 , 0.0710274 , -0.0105318 , -0.140506 , 0.0971206 , -0.0210858 , -0.103027
1.78466 , 0.0711815 , -0.0104322 , -0.140617 , 0.0969995 , -0.0213081 , -0.10305
1.81816 , 0.0712613 , -0.0103856 , -0.140754 , 0.0965778 , -0.02093 , -0.103032
1.8547 , 0.0712781 , -0.0100955 , -0.140869 , 0.0962542 , -0.0204125 , -0.103366
1.88958 , 0.0712459 , -0.00987923 , -0.140939 , 0.0972543 , -0.0195586 , -0.103086
1.92168 , 0.0710773 , -0.009305 , -0.141052 , 0.0962283 , -0.0195542 , -0.103184
1.95552 , 0.0709549 , -0.00938213 , -0.14116 , 0.0967706 , -0.019118 , -0.103537
1.98751 , 0.070688 , -0.00925993 , -0.14133 , 0.0959962 , -0.0196595 , -0.1037
2.02246 , 0.0700837 , -0.00981556 , -0.141842 , 0.0965576 , -0.0194275 , -0.103771
2.06342 , 0.0697766 , -0.00920915 , -0.142037 , 0.0963839 , -0.0189599 , -0.104026
2.10621 , 0.0693523 , -0.00923579 , -0.14236 , 0.0956134 , -0.0192508 , -0.104172
2.13725 , 0.0688255 , -0.00982361 , -0.142659 , 0.0952355 , -0.0198623 , -0.104533
2.17148 , 0.0678694 , -0.0110842 , -0.143029 , 0.0948596 , -0.0210349 , -0.105014
2.20919 , 0.0669043 , -0.0124033 , -0.143365 , 0.0944263 , -0.0219376 , -0.105237
2.24109 , 0.0658655 , -0.0133733 , -0.143734 , 0.0921448 , -0.0238214 , -0.105872
2.27746 , 0.0642382 , -0.0138775 , -0.144528 , 0.0928795 , -0.0232608 , -0.106042
2.32979 , 0.06271 , -0.015178 , -0.14528 , 0.0911066 , -0.0250038 , -0.106787
2.37802 , 0.0600744 , -0.0167017 , -0.145864 , 0.0872824 , -0.0278447 , -0.107602
2.42319 , 0.0563106 , -0.0177598 , -0.146124 , 0.0823107 , -0.0269407 , -0.108066
2.45558 , 0.0504708 , -0.0178802 , -0.146788 , 0.0815385 , -0.0277037 , -0.108921
2.49119 , 0.0440087 , -0.0236962 , -0.146843 , 0.078165 , -0.0292287 , -0.109643
2.52279 , 0.0340946 , -0.0186913 , -0.144581 , 0.0705499 , -0.0278741 , -0.108872
2.55927 , 0.0317234 , -0.0189928 , -0.145687 , 0.0687509 , -0.0268925 , -0.108908
2.594 , 0.0232341 , -0.0207047 , -0.144607 , 0.062377 , -0.0262048 , -0.109732
2.62522 , 0.014021 , -0.0179574 , -0.141388 , 0.0549879 , -0.0233466 , -0.109603
2.657 , 0.0109287 , -0.0146263 , -0.140656 , 0.0463915 , -0.0193828 , -0.108173
2.69339 , 0.000359355 , -0.0102226 , -0.136383 , 0.0403868 , -0.0159886 , -0.107313
2.72799 , -0.00846487 , -0.00698387 , -0.131497 , 0.034284 , -0.0107935 , -0.106775
2.76223 , -0.017425 , -0.00272556 , -0.127719 , 0.0261113 , -0.00523194 , -0.106298
2.7943 , -0.0251457 , 0.00368328 , -0.124395 , 0.0203405 , -0.000912056 , -0.105499
2.8259 , -0.0381764 , 0.00840701 , -0.115719 , 0.0142802 , 0.00701452 , -0.105707
2.86119 , -0.0464109 , 0.0175355 , -0.11094 , 0.00523479 , 0.0154331 , -0.105904
2.89266 , -0.0546526 , 0.0222579 , -0.107391 , -0.000442762 , 0.0204991 , -0.104499
2.92562 , -0.0656636 , 0.0281919 , -0.100059 , -0.0039899 , 0.0250888 , -0.104804
2.9595 , -0.0739292 , 0.031176 , -0.0956863 , -0.00909273 , 0.0287175 , -0.106511
2.99668 , -0.0794721 , 0.035879 , -0.0925495 , -0.0117998 , 0.03139 , -0.107763
3.03554 , -0.0855901 , 0.0410126 , -0.0906643 , -0.0138949 , 0.0355734 , -0.108847
3.0784 , -0.0951731 , 0.0446976 , -0.0846197 , -0.016685 , 0.038355 , -0.110663
3.11008 , -0.100696 , 0.051287 , -0.0807605 , -0.0214157 , 0.0387392 , -0.111402
3.1419 , -0.106431 , 0.0536963 , -0.0784671 , -0.0541158 , 0.043915 , -0.0959095
3.17613 , -0.110647 , 0.0593998 , -0.0756592 , -0.0687346 , 0.0482524 , -0.0781641
3.21035 , -0.115982 , 0.0624046 , -0.071826 , -0.0794457 , 0.0538196 , -0.06823
3.24492 , -0.121459 , 0.0665877 , -0.0691393 , -0.087286 , 0.0603174 , -0.0617942
3.27824 , -0.127606 , 0.0714629 , -0.0647677 , -0.0931962 , 0.0685661 , -0.055418
3.30887 , -0.131921 , 0.0727442 , -0.063432 , -0.0985552 , 0.0705994 , -0.0490808
3.34338 , -0.136913 , 0.0729823 , -0.0608202 , -0.101395 , 0.0766741 , -0.0459596
3.37789 , -0.141145 , 0.0820395 , -0.0595806 , -0.103923 , 0.0814637 , -0.0450393
3.41243 , -0.145451 , 0.0842139 , -0.057211 , -0.105568 , 0.0814489 , -0.044954
3.44609 , -0.148115 , 0.0857902 , -0.0564031 , -0.106564 , 0.0840592 , -0.0445615
3.4766 , -0.152456 , 0.0922677 , -0.0524741 , -0.109171 , 0.0856398 , -0.0438046
3.51613 , -0.155336 , 0.09698 , -0.0498511 , -0.111634 , 0.093027 , -0.0432289
3.55294 , -0.15837 , 0.0957707 , -0.0447025 , -0.115452 , 0.0939183 , -0.0408463
3.60027 , -0.161239 , 0.0986436 , -0.0430443 , -0.120711 , 0.0996048 , -0.0383209
3.6294 , -0.163267 , 0.101703 , -0.0403187 , -0.125104 , 0.0986739 , -0.0361686
3.66601 , -0.165662 , 0.104827 , -0.039027 , -0.128353 , 0.100977 , -0.0349395
3.69474 , -0.165828 , 0.104429 , -0.0368189 , -0.130498 , 0.100902 , -0.0324371
3.73151 , -0.165386 , 0.106157 , -0.034256 , -0.131564 , 0.101032 , -0.0292539
3.76326 , -0.16439 , 0.104391 , -0.0318795 , -0.131749 , 0.101372 , -0.0255034
3.79723 , -0.163713 , 0.104714 , -0.0290078 , -0.132139 , 0.0992791 , -0.0211963
3.83218 , -0.162447 , 0.103629 , -0.025842 , -0.13347 , 0.0990676 , -0.018109
3.86552 , -0.160903 , 0.100788 , -0.0231313 , -0.134736 , 0.0969466 , -0.0156871
3.89603 , -0.16014 , 0.0970535 , -0.0210959 , -0.133946 , 0.0972029 , -0.0133258
3.93166 , -0.154959 , 0.0929385 , -0.0174277 , -0.132787 , 0.0924566 , -0.00943429
3.96545 , -0.152853 , 0.0878262 , -0.0161381 , -0.131669 , 0.0890346 , -0.00629593
3.99967 , -0.148251 , 0.0842686 , -0.0151879 , -0.129426 , 0.0824506 , -0.00452175
4.03323 , -0.14403 , 0.0796194 , -0.0144928 , -0.128368 , 0.0805959 , -0.00408478
4.06387 , -0.13999 , 0.0769683 , -0.0149071 , -0.126248 , 0.0762454 , -0.00449
4.09928 , -0.134689 , 0.0730401 , -0.0159697 , -0.123568 , 0.0713898 , -0.00599091
4.13283 , -0.128953 , 0.0660844 , -0.0174042 , -0.120696 , 0.0677475 , -0.00835341
4.16744 , -0.123085 , 0.0623386 , -0.0201768 , -0.117209 , 0.063554 , -0.0110786
4.20164 , -0.11577 , 0.060357 , -0.024309 , -0.112941 , 0.0613042 , -0.0156007
4.23155 , -0.107766 , 0.0521543 , -0.0297168 , -0.108483 , 0.0529072 , -0.0201588
4.2671 , -0.0990763 , 0.0449892 , -0.0356339 , -0.102128 , 0.0460632 , -0.0261527
4.30051 , -0.090214 , 0.040419 , -0.0414251 , -0.0963562 , 0.038812 , -0.0334038
4.33501 , -0.0814976 , 0.0343812 , -0.0487644 , -0.0910538 , 0.0331673 , -0.0418679
4.36577 , -0.0732056 , 0.0306146 , -0.0570068 , -0.0859293 , 0.0249473 , -0.0502377
4.40034 , -0.0649288 , 0.0244736 , -0.0631185 , -0.0806596 , 0.0187224 , -0.0576208
4.4349 , -0.0563451 , 0.0148001 , -0.0725505 , -0.074814 , 0.0123359 , -0.0636199
4.46836 , -0.0469437 , 0.00809661 , -0.0806839 , -0.0684986 , 0.005397 , -0.0701435
4.50293 , -0.0370274 , 0.000654303 , -0.0892547 , -0.0613041 , 0.000729637 , -0.0770436
4.53346 , -0.0258628 , -0.00162269 , -0.0972567 , -0.0519961 , -0.00225842 , -0.0848926
4.56806 , -0.0137368 , -0.0066033 , -0.105988 , -0.0444915 , -0.00834688 , -0.091433
4.60258 , -0.00260228 , -0.00905571 , -0.113693 , -0.0361303 , -0.0145777 , -0.0978104
4.63618 , 0.00972635 , -0.0142326 , -0.120883 , -0.0274704 , -0.0178548 , -0.102437
4.67067 , 0.0218135 , -0.0202327 , -0.127442 , -0.0173006 , -0.0260294 , -0.106537
4.70129 , 0.0332526 , -0.0249481 , -0.131548 , -0.00487973 , -0.0296532 , -0.111478
4.73587 , 0.048159 , -0.0328997 , -0.138064 , 0.00477237 , -0.040566 , -0.117158
4.77025 , 0.0644987 , -0.037523 , -0.145789 , 0.019683 , -0.0456637 , -0.122911
4.80401 , 0.076704 , -0.0463543 , -0.148842 , 0.030469 , -0.0541596 , -0.127364
4.83851 , 0.092852 , -0.0492645 , -0.154712 , 0.0413099 , -0.0610852 , -0.130813
4.86893 , 0.102575 , -0.0574579 , -0.15758 , 0.0506438 , -0.0688071 , -0.134076
4.90613 , 0.113614 , -0.0655096 , -0.16132 , 0.0589981 , -0.0744847 , -0.137778
4.94324 , 0.123584 , -0.0686886 , -0.163719 , 0.0695664 , -0.0803473 , -0.141924
4.97962 , 0.137552 , -0.0730766 , -0.165447 , 0.0814365 , -0.0815562 , -0.144366
5.02209 , 0.144071 , -0.0773285 , -0.162327 , 0.0954919 , -0.086073 , -0.14617
5.05647 , 0.156354 , -0.0802487 , -0.162429 , 0.104374 , -0.09205 , -0.144567
5.08999 , 0.170233 , -0.0855458 , -0.161848 , 0.116259 , -0.0970669 , -0.142027
5.12089 , 0.183728 , -0.090805 , -0.158598 , 0.129376 , -0.104039 , -0.141278
5.15526 , 0.194067 , -0.0992448 , -0.158022 , 0.141574 , -0.111526 , -0.140988
5.18979 , 0.205924 , -0.107164 , -0.15817 , 0.154432 , -0.122948 , -0.142739
5.22447 , 0.220305 , -0.114727 , -0.158352 , 0.169572 , -0.131368 , -0.144635
5.25794 , 0.229947 , -0.121847 , -0.157525 , 0.182763 , -0.138777 , -0.146168
5.28847 , 0.243749 , -0.129544 , -0.156224 , 0.197879 , -0.143214 , -0.1462
5.32326 , 0.252563 , -0.132127 , -0.152486 , 0.20986 , -0.148513 , -0.144205
5.35755 , 0.257711 , -0.137182 , -0.149778 , 0.218013 , -0.154975 , -0.141494
5.39201 , 0.261545 , -0.141769 , -0.14747 , 0.2255 , -0.163405 , -0.139041
5.42467 , 0.266038 , -0.147727 , -0.146295 , 0.242042 , -0.170467 , -0.137546
5.45881 , 0.279255 , -0.152505 , -0.145515 , 0.250721 , -0.171687 , -0.139551
5.48968 , 0.282645 , -0.1537 , -0.147568 , 0.2587 , -0.17134 , -0.142998
5.52527 , 0.290009 , -0.150656 , -0.151727 , 0.265941 , -0.169019 , -0.146275
5.55989 , 0.291295 , -0.150434 , -0.152184 , 0.275225 , -0.16349 , -0.147278
5.59344 , 0.29324 , -0.146701 , -0.152462 , 0.280262 , -0.162173 , -0.148953
5.62399 , 0.293792 , -0.146626 , -0.15405 , 0.285471 , -0.157567 , -0.149613
5.65953 , 0.293569 , -0.143015 , -0.155066 , 0.290664 , -0.155594 , -0.152702
5.69315 , 0.292784 , -0.140771 , -0.156559 , 0.294965 , -0.152495 , -0.154819
5.7246 , 0.291176 , -0.136599 , -0.157606 , 0.2976 , -0.147381 , -0.154427
5.76122 , 0.287683 , -0.132314 , -0.158485 , 0.298768 , -0.142297 , -0.153916
5.79167 , 0.283065 , -0.126935 , -0.158165 , 0.297905 , -0.138174 , -0.15399
5.82721 , 0.27594 , -0.122505 , -0.157641 , 0.296429 , -0.132043 , -0.152223
5.86071 , 0.263924 , -0.115895 , -0.155398 , 0.290419 , -0.128578 , -0.150043
5.89531 , 0.248016 , -0.113718 , -0.154247 , 0.280325 , -0.123074 , -0.146533
5.92883 , 0.24179 , -0.104948 , -0.153072 , 0.269019 , -0.118233 , -0.142725
5.95943 , 0.227763 , -0.0979648 , -0.150216 , 0.253538 , -0.111853 , -0.137649
5.99933 , 0.208979 , -0.0920495 , -0.146687 , 0.239398 , -0.104993 , -0.132247
6.03674 , 0.19272 , -0.0849226 , -0.143334 , 0.22538 , -0.0983315 , -0.127716
6.08054 , 0.174565 , -0.0785795 , -0.139173 , 0.206985 , -0.0900353 , -0.12338
6.11418 , 0.15275 , -0.0692723 , -0.133766 , 0.191392 , -0.0783032 , -0.117223
6.14822 , 0.135906 , -0.0583889 , -0.127802 , 0.175823 , -0.067216 , -0.11089
6.18052 , 0.117808 , -0.0486064 , -0.12075 , 0.161224 , -0.0525616 , -0.102496
6.21122 , 0.0939463 , -0.0406669 , -0.111365 , 0.146515 , -0.0424368 , -0.0957738
6.24487 , 0.0709937 , -0.0313221 , -0.101976 , 0.131149 , -0.0285551 , -0.0905915
6.28031 , 0.0558187 , -0.0160704 , -0.0940062 , 0.109872 , -0.0134049 , -0.081586
6.31487 , 0.0362956 , -0.00258797 , -0.0864764 , 0.0900863 , 0.000560203 , -0.0720456
6.34876 , 0.0153606 , 0.00601053 , -0.0807687 , 0.071364 , 0.0139507 , -0.0653211
6.38293 , -0.00385418 , 0.0188101 , -0.0736783 , 0.0527976 , 0.0237973 , -0.059042
6.41258 , -0.0201154 , 0.0297195 , -0.0699732 , 0.0353533 , 0.0332025 , -0.0513475
6.44928 , -0.036431 , 0.0392023 , -0.0640007 , 0.0170381 , 0.0451335 , -0.0432031
6.48319 , -0.0550594 , 0.051324 , -0.0584602 , -0.000401005 , 0.0589795 , -0.0347207
6.51513 , -0.0720692 , 0.063209 , -0.0517144 , -0.0169302 , 0.0687506 , -0.0261185
6.54854 , -0.0884826 , 0.072134 , -0.0432906 , -0.0319516 , 0.0795229 , -0.0161055
6.58313 , -0.104973 , 0.0799873 , -0.0322181 , -0.0479492 , 0.0874241 , -0.00580754
6.61384 , -0.118628 , 0.0863194 , -0.0246745 , -0.0624031 , 0.0952716 , 0.00462353
6.65027 , -0.131795 , 0.0921738 , -0.0164121 , -0.0762973 , 0.0991337 , 0.01586
6.68084 , -0.144628 , 0.0938196 , -0.00747863 , -0.0887694 , 0.102411 , 0.0267641
6.71557 , -0.156232 , 0.0987618 , 0.00276638 , -0.100681 , 0.107795 , 0.037643
6.74995 , -0.166596 , 0.103861 , 0.0141334 , -0.111449 , 0.116701 , 0.0482244
6.78441 , -0.177509 , 0.108989 , 0.0255298 , -0.121208 , 0.123122 , 0.0563594
6.81799 , -0.184234 , 0.112689 , 0.0322156 , -0.130593 , 0.127194 , 0.0625077
6.84869 , -0.191474 , 0.113843 , 0.0398869 , -0.139213 , 0.129136 , 0.0689852
6.88321 , -0.198439 , 0.1104 , 0.0493903 , -0.148617 , 0.129835 , 0.075681
6.9176 , -0.204305 , 0.116503 , 0.0556865 , -0.159161 , 0.127983 , 0.0817018
6.95224 , -0.210015 , 0.117492 , 0.063553 , -0.167636 , 0.129773 , 0.0852977
6.98466 , -0.214988 , 0.116965 , 0.0685323 , -0.176021 , 0.127504 , 0.0863221
7.01735 , -0.21885 , 0.111107 , 0.0735088 , -0.183283 , 0.123733 , 0.0876878
7.05103 , -0.221929 , 0.107165 , 0.0756611 , -0.189735 , 0.115131 , 0.0898526
7.08565 , -0.224239 , 0.101141 , 0.0777745 , -0.19391 , 0.109268 , 0.0914568
7.12143 , -0.225684 , 0.0930756 , 0.0802513 , -0.199216 , 0.10446 , 0.0933672
7.15087 , -0.225951 , 0.0899322 , 0.0811333 , -0.204104 , 0.101874 , 0.0938257
7.18517 , -0.225914 , 0.0848854 , 0.0811651 , -0.209152 , 0.0989699 , 0.0927393
7.21964 , -0.224877 , 0.0855917 , 0.0795163 , -0.212096 , 0.0960605 , 0.091761
7.25319 , -0.223613 , 0.0819329 , 0.0781586 , -0.214456 , 0.0941969 , 0.0899245
7.28772 , -0.221817 , 0.0805007 , 0.0753114 , -0.216132 , 0.0921605 , 0.0863489
7.32135 , -0.218713 , 0.0752881 , 0.0673175 , -0.217116 , 0.0880616 , 0.0810863
7.35727 , -0.215472 , 0.0711174 , 0.0614934 , -0.217993 , 0.0811728 , 0.0750311
7.3922 , -0.209826 , 0.067962 , 0.0526186 , -0.218561 , 0.0787168 , 0.0676418
7.42329 , -0.205391 , 0.0632497 , 0.0431197 , -0.217757 , 0.077539 , 0.0605291
7.45803 , -0.199425 , 0.0623721 , 0.0351471 , -0.217964 , 0.0756072 , 0.0562107
7.4871 , -0.194635 , 0.0617835 , 0.025772 , -0.215156 , 0.0724796 , 0.0480127
7.52558 , -0.188183 , 0.0604695 , 0.0151506 , -0.213366 , 0.0718079 , 0.0386947
7.56009 , -0.181938 , 0.0598787 , 0.00603545 , -0.21097 , 0.0697593 , 0.0308585
7.59212 , -0.176295 , 0.0628961 , -0.00555144 , -0.208694 , 0.0703437 , 0.0221552
7.62112 , -0.169829 , 0.0588305 , -0.0168334 , -0.206418 , 0.0710867 , 0.0128649
7.65701 , -0.163954 , 0.0581218 , -0.0292909 , -0.202799 , 0.0671154 , 0.0028065
7.69234 , -0.157278 , 0.0537241 , -0.0415854 , -0.198783 , 0.0621157 , -0.00803751
7.72111 , -0.149545 , 0.0508609 , -0.0534546 , -0.194246 , 0.0626418 , -0.0207945
7.7576 , -0.1423 , 0.0481626 , -0.0659753 , -0.191118 , 0.0541484 , -0.0304019
7.79094 , -0.134388 , 0.0422817 , -0.0747127 , -0.186656 , 0.0492657 , -0.0394638
7.82453 , -0.125877 , 0.0380032 , -0.0841027 , -0.181493 , 0.0404831 , -0.0476646
7.85636 , -0.117941 , 0.0302399 , -0.0917663 , -0.174457 , 0.0310496 , -0.0558099
7.89203 , -0.108444 , 0.0263981 , -0.0986398 , -0.167053 , 0.0209168 , -0.0641905
7.92502 , -0.0978112 , 0.0144377 , -0.105536 , -0.158771 , 0.0134242 , -0.0708378
7.96115 , -0.0852232 , 0.00594135 , -0.112512 , -0.148617 , 0.0038193 , -0.0754685
7.99187 , -0.0728416 , -0.00150962 , -0.117024 , -0.136699 , -0.00509879 , -0.082071
8.02554 , -0.0600276 , -0.00993051 , -0.121615 , -0.12488 , -0.0166982 , -0.088149
8.06014 , -0.0467971 , -0.0190074 , -0.125824 , -0.111741 , -0.0289659 , -0.0933375
8.09228 , -0.0332667 , -0.0293442 , -0.129354 , -0.0982677 , -0.0418445 , -0.0983328
8.12669 , -0.0190405 , -0.0426484 , -0.133277 , -0.0833719 , -0.0550868 , -0.103021
8.16315 , -0.000756335 , -0.0565422 , -0.139294 , -0.0691021 , -0.0714283 , -0.105737
8.1941 , 0.0126802 , -0.068909 , -0.14137 , -0.0544294 , -0.0852689 , -0.109395
8.22644 , 0.0279093 , -0.0854876 , -0.144532 , -0.0399755 , -0.101003 , -0.113201
8.26095 , 0.0412853 , -0.097643 , -0.146246 , -0.0242996 , -0.114322 , -0.117307
8.29481 , 0.0566995 , -0.106047 , -0.148912 , -0.00688551 , -0.123282 , -0.122129
8.32496 , 0.0695078 , -0.111465 , -0.150893 , 0.00979577 , -0.129964 , -0.126336
8.35954 , 0.09152 , -0.115421 , -0.161175 , 0.0284356 , -0.141486 , -0.132052
8.39403 , 0.102665 , -0.123524 , -0.164407 , 0.0474311 , -0.149838 , -0.13958
8.42865 , 0.114709 , -0.131752 , -0.170639 , 0.0621889 , -0.155671 , -0.146578
8.46207 , 0.124374 , -0.133873 , -0.176413 , 0.0750525 , -0.160779 , -0.15231
8.49886 , 0.132393 , -0.135904 , -0.180948 , 0.0859313 , -0.164816 , -0.156896
8.53321 , 0.138495 , -0.137634 , -0.184729 , 0.0948438 , -0.167169 , -0.160489
8.56925 , 0.14239 , -0.139224 , -0.187678 , 0.10128 , -0.166393 , -0.162904
8.61244 , 0.143768 , -0.137929 , -0.189888 , 0.107601 , -0.166615 , -0.165709
8.64762 , 0.144003 , -0.136033 , -0.191155 , 0.113551 , -0.164955 , -0.169332
8.68193 , 0.144588 , -0.1363 , -0.193231 , 0.118848 , -0.164472 , -0.17347
8.71272 , 0.144443 , -0.13389 , -0.196801 , 0.123721 , -0.16073 , -0.177331
8.74705 , 0.142475 , -0.131654 , -0.199287 , 0.127761 , -0.156348 , -0.18184
8.78377 , 0.139907 , -0.126003 , -0.202489 , 0.130352 , -0.150077 , -0.186134
8.82017 , 0.135699 , -0.119688 , -0.20457 , 0.131564 , -0.141973 , -0.188303
8.86312 , 0.130437 , -0.111862 , -0.20527 , 0.131684 , -0.132578 , -0.18866
8.89742 , 0.123557 , -0.101814 , -0.204767 , 0.129874 , -0.12086 , -0.186937
8.9319 , 0.114581 , -0.0897622 , -0.203693 , 0.125637 , -0.111833 , -0.184014
8.96545 , 0.100793 , -0.0802463 , -0.199751 , 0.110171 , -0.105355 , -0.178175
8.99681 , 0.081996 , -0.072565 , -0.195952 , 0.105097 , -0.0931906 , -0.173206
9.0316 , 0.0699999 , -0.0600604 , -0.193524 , 0.0948915 , -0.0780239 , -0.169862
9.06328 , 0.0516791 , -0.048066 , -0.190066 , 0.0767494 , -0.0703603 , -0.165514
9.09981 , 0.030908 , -0.0411059 , -0.185748 , 0.0610469 , -0.0563088 , -0.159663
9.1352 , 0.00304598 , -0.0294503 , -0.178313 , 0.0456751 , -0.0395675 , -0.155776
9.16501 , -0.00951848 , -0.0123685 , -0.177584 , 0.0178961 , -0.0299742 , -0.151448
9.1994 , -0.0384925 , -0.00461985 , -0.171534 , 0.000842469 , -0.0118096 , -0.147813
9.23283 , -0.062723 , 0.0079113 , -0.165764 , -0.0153411 , 0.00555083 , -0.147306
9.2674 , -0.077683 , 0.029536 , -0.163562 , -0.0292371 , 0.0275544 , -0.145879
9.30096 , -0.0957009 , 0.0454753 , -0.157893 , -0.0531887 , 0.0390548 , -0.140935
9.33146 , -0.126998 , 0.0524862 , -0.150291 , -0.0747976 , 0.0584356 , -0.13773
9.36703 , -0.14726 , 0.0656016 , -0.147859 , -0.0939857 , 0.0708793 , -0.136871
9.40063 , -0.163632 , 0.0778925 , -0.146369 , -0.112758 , 0.0860485 , -0.135178
9.43521 , -0.178382 , 0.0970751 , -0.146477 , -0.127772 , 0.104712 , -0.135075
9.46837 , -0.199578 , 0.10685 , -0.143526 , -0.14799 , 0.116693 , -0.134731
9.49941 , -0.215707 , 0.121385 , -0.143634 , -0.168391 , 0.128889 , -0.132161
9.53483 , -0.233816 , 0.134655 , -0.141672 , -0.18669 , 0.13926 , -0.127546
9.56837 , -0.251323 , 0.146085 , -0.138068 , -0.202721 , 0.156107 , -0.123024
9.60287 , -0.267687 , 0.160216 , -0.134985 , -0.216762 , 0.171064 , -0.117591
9.63375 , -0.283153 , 0.171521 , -0.130377 , -0.231352 , 0.188988 , -0.113219
9.66803 , -0.303596 , 0.184609 , -0.120372 , -0.251465 , 0.193316 , -0.103321
9.7026 , -0.321889 , 0.188913 , -0.106892 , -0.268 , 0.204056 , -0.0913638
9.73905 , -0.333765 , 0.198851 , -0.0946243 , -0.281392 , 0.205513 , -0.0746551
9.76769 , -0.34289 , 0.195962 , -0.0802781 , -0.290095 , 0.20777 , -0.0587197
9.8022 , -0.349299 , 0.19505 , -0.0676868 , -0.296084 , 0.208544 , -0.0468415
9.83881 , -0.351838 , 0.193972 , -0.0568769 , -0.299794 , 0.204561 , -0.0362517
9.86839 , -0.351653 , 0.191793 , -0.0458452 , -0.301015 , 0.210782 , -0.0316029
9.90399 , -0.349883 , 0.194736 , -0.037332 , -0.298683 , 0.213388 , -0.0223797
9.93847 , -0.346497 , 0.20148 , -0.0287921 , -0.29889 , 0.21666 , -0.0163665
9.9691 , -0.343414 , 0.205222 , -0.0229127 , -0.299268 , 0.218082 , -0.0115863
10.0043 , -0.340522 , 0.206655 , -0.0162445 , -0.298973 , 0.217881 , -0.0051513
10.0383 , -0.337048 , 0.205637 , -0.0096557 , -0.298476 , 0.218813 , 0.000794734
10.0728 , -0.333434 , 0.204498 , -0.00390111 , -0.298065 , 0.217768 , 0.00678961
10.1062 , -0.328351 , 0.203943 , 0.00250105 , -0.29588 , 0.2185 , 0.0118487
10.1369 , -0.321462 , 0.203939 , 0.00751177 , -0.293146 , 0.218018 , 0.0176496
10.1716 , -0.313516 , 0.20405 , 0.011932 , -0.291407 , 0.220253 , 0.0226879
10.2061 , -0.307195 , 0.204581 , 0.0147726 , -0.287426 , 0.219686 , 0.0277049
10.2404 , -0.302549 , 0.203004 , 0.0167424 , -0.283217 , 0.220158 , 0.032356
10.2711 , -0.292987 , 0.203297 , 0.0173449 , -0.279863 , 0.218349 , 0.0357472
10.3056 , -0.285658 , 0.199561 , 0.0196554 , -0.274719 , 0.220605 , 0.0371698
10.3393 , -0.275038 , 0.199963 , 0.0171206 , -0.269289 , 0.217618 , 0.0382057
10.3736 , -0.267104 , 0.197005 , 0.0163007 , -0.265376 , 0.212208 , 0.0386298
10.4082 , -0.257551 , 0.18919 , 0.0147887 , -0.261084 , 0.207259 , 0.0381821
10.4418 , -0.248159 , 0.184796 , 0.0120243 , -0.256335 , 0.201024 , 0.0371605
10.4723 , -0.237391 , 0.179356 , 0.0089145 , -0.250741 , 0.19494 , 0.0351278
10.5079 , -0.225235 , 0.173249 , 0.00546514 , -0.243578 , 0.185682 , 0.0336632
10.5414 , -0.21269 , 0.165163 , 0.0036777 , -0.230962 , 0.176365 , 0.0312136
10.5758 , -0.196818 , 0.158471 , 8.74574e-05 , -0.221264 , 0.167364 , 0.0297055
10.6095 , -0.183657 , 0.151959 , -0.00188381 , -0.211663 , 0.159465 , 0.0268831
10.6404 , -0.169605 , 0.145912 , -0.00447003 , -0.200359 , 0.156261 , 0.0213749
10.6756 , -0.155492 , 0.143161 , -0.00812809 , -0.191995 , 0.148882 , 0.0167002
10.709 , -0.142202 , 0.138917 , -0.011961 , -0.184 , 0.14049 , 0.0125075
10.7437 , -0.128938 , 0.135233 , -0.0162801 , -0.174839 , 0.135035 , 0.00748184
10.7822 , -0.116468 , 0.130231 , -0.0214189 , -0.166272 , 0.126349 , 0.00310513
10.83 , -0.104299 , 0.121844 , -0.0263511 , -0.157805 , 0.117377 , -0.00211521
10.87 , -0.0936373 , 0.113756 , -0.0304097 , -0.150124 , 0.105575 , -0.00737262
10.9101 , -0.0817987 , 0.10016 , -0.0382967 , -0.142345 , 0.0927298 , -0.0128198
10.9467 , -0.0709915 , 0.0880828 , -0.044211 , -0.133245 , 0.0778342 , -0.0195779
10.9779 , -0.0595244 , 0.0741535 , -0.0504702 , -0.122949 , 0.0646149 , -0.0230059
11.0193 , -0.0475561 , 0.0611155 , -0.0540973 , -0.112694 , 0.0503589 , -0.0267115
11.0625 , -0.0358606 , 0.0462251 , -0.058459 , -0.101868 , 0.0366544 , -0.0310754
11.0968 , -0.0243276 , 0.0330755 , -0.0626176 , -0.0922265 , 0.0215008 , -0.0340452
11.1309 , -0.0141914 , 0.0190103 , -0.0657483 , -0.0825831 , 0.00716928 , -0.036766
11.1618 , -0.00548962 , 0.00540847 , -0.0677091 , -0.0729721 , -0.00656764 , -0.0394613
11.1954 , 0.00327954 , -0.00721793 , -0.0694826 , -0.0640204 , -0.0197064 , -0.0418196
11.2301 , 0.0138913 , -0.020986 , -0.0714721 , -0.0540543 , -0.0386799 , -0.0433201
11.2644 , 0.0257669 , -0.0425149 , -0.0741909 , -0.0407526 , -0.0599448 , -0.045824
11.2973 , 0.0394953 , -0.0613274 , -0.0774477 , -0.0240864 , -0.0746366 , -0.0488228
11.328 , 0.0546398 , -0.0745381 , -0.0808704 , -0.00579049 , -0.0935939 , -0.0524329
11.3615 , 0.0711368 , -0.0893361 , -0.0846359 , 0.0123773 , -0.106854 , -0.0565202
11.3959 , 0.0873245 , -0.0942275 , -0.0883833 , 0.028481 , -0.111923 , -0.0607793
11.4307 , 0.100509 , -0.095162 , -0.0918756 , 0.0426376 , -0.114569 , -0.0642584
11.4643 , 0.109935 , -0.0960344 , -0.0951061 , 0.0533609 , -0.115071 , -0.0670326
11.4988 , 0.115818 , -0.0964 , -0.0969234 , 0.061787 , -0.11668 , -0.0688282
11.5296 , 0.118177 , -0.0909785 , -0.0944002 , 0.0679325 , -0.113624 , -0.0683987
11.5638 , 0.121532 , -0.0901597 , -0.0933104 , 0.076173 , -0.119568 , -0.0687647
11.5983 , 0.127175 , -0.0955255 , -0.095488 , 0.0858538 , -0.122137 , -0.0718833
11.6319 , 0.131918 , -0.0965938 , -0.098279 , 0.0935771 , -0.122174 , -0.0762457
11.6663 , 0.138251 , -0.0968531 , -0.102541 , 0.103845 , -0.119079 , -0.0808412
11.7037 , 0.137893 , -0.0942607 , -0.102684 , 0.110019 , -0.116424 , -0.0845364
11.7382 , 0.138279 , -0.0946613 , -0.104984 , 0.115131 , -0.116148 , -0.0885072
11.7712 , 0.137132 , -0.0945152 , -0.109305 , 0.119741 , -0.115231 , -0.0955349
11.8018 , 0.136685 , -0.0933917 , -0.116154 , 0.124268 , -0.11097 , -0.103573
11.8346 , 0.135226 , -0.0916965 , -0.121486 , 0.127763 , -0.106091 , -0.110967
11.8669 , 0.131353 , -0.0851163 , -0.123925 , 0.129228 , -0.100239 , -0.115871
11.8993 , 0.127472 , -0.0812773 , -0.127169 , 0.12965 , -0.0917931 , -0.11987
11.9339 , 0.122257 , -0.0727462 , -0.12822 , 0.13012 , -0.0837247 , -0.121278
11.9684 , 0.115321 , -0.0641652 , -0.127247 , 0.129479 , -0.076947 , -0.11998
12.0026 , 0.107938 , -0.0548771 , -0.124396 , 0.126869 , -0.0679642 , -0.116396
12.0375 , 0.0982257 , -0.0464973 , -0.122092 , 0.121851 , -0.0602188 , -0.11321
12.0669 , 0.0861895 , -0.0415619 , -0.122339 , 0.114634 , -0.0510767 , -0.110802
12.102 , 0.0726686 , -0.0332215 , -0.121814 , 0.105998 , -0.0404544 , -0.108431
12.1381 , 0.0578034 , -0.0195807 , -0.119171 , 0.095886 , -0.0287875 , -0.105098
12.1685 , 0.0411925 , -0.00814865 , -0.11489 , 0.0794453 , -0.0199825 , -0.100332
12.2028 , 0.0238388 , 0.00200189 , -0.112148 , 0.0674215 , -0.00382335 , -0.0944356
12.2372 , 0.00572127 , 0.0132387 , -0.105042 , 0.0521873 , 0.0100839 , -0.089854
12.2708 , -0.0117268 , 0.0255961 , -0.100647 , 0.0370286 , 0.0251725 , -0.085951
12.3053 , -0.0296971 , 0.0373218 , -0.0958777 , 0.0158732 , 0.0415268 , -0.0816375
12.3392 , -0.0488044 , 0.0521065 , -0.0921659 , 0.00306923 , 0.0591167 , -0.0786539
12.3714 , -0.0642979 , 0.0634686 , -0.0895063 , -0.0166132 , 0.0726666 , -0.0763834
12.4015 , -0.0841675 , 0.073506 , -0.0883297 , -0.0309448 , 0.091638 , -0.0745418
12.4375 , -0.0970388 , 0.0931016 , -0.0869213 , -0.0493648 , 0.104394 , -0.0745125
12.4731 , -0.113424 , 0.105623 , -0.0851486 , -0.0595782 , 0.125053 , -0.0731747
12.5036 , -0.124982 , 0.122218 , -0.084877 , -0.0737779 , 0.141341 , -0.0706257
12.5385 , -0.140229 , 0.134449 , -0.0815949 , -0.0886518 , 0.155741 , -0.0671273
12.5713 , -0.152124 , 0.147784 , -0.0806934 , -0.10248 , 0.161504 , -0.0607589
12.6056 , -0.166508 , 0.15262 , -0.0741284 , -0.116796 , 0.166877 , -0.0506209
12.6407 , -0.181054 , 0.156666 , -0.065539 , -0.13028 , 0.173668 , -0.0388325
12.6738 , -0.193657 , 0.160513 , -0.0553992 , -0.142711 , 0.181532 , -0.0281555
12.7037 , -0.20613 , 0.167723 , -0.0424487 , -0.155295 , 0.18771 , -0.0165175
12.7391 , -0.218452 , 0.175933 , -0.029171 , -0.167047 , 0.190094 , -0.00325857
12.7725 , -0.227248 , 0.176458 , -0.0150193 , -0.176552 , 0.192464 , 0.00879301
12.807 , -0.234348 , 0.171895 , -0.00335468 , -0.183669 , 0.18731 , 0.0189737
12.8377 , -0.239278 , 0.166857 , 0.00607259 , -0.189688 , 0.185485 , 0.0254199
12.8722 , -0.243061 , 0.16045 , 0.0171267 , -0.195489 , 0.181526 , 0.0316138
12.9068 , -0.245668 , 0.159365 , 0.026768 , -0.200433 , 0.178609 , 0.0384756
12.9403 , -0.247331 , 0.158003 , 0.0387747 , -0.20565 , 0.175462 , 0.0466583
12.9749 , -0.249257 , 0.155844 , 0.0513107 , -0.211101 , 0.173005 , 0.0554286
13.0075 , -0.251421 , 0.152834 , 0.0621173 , -0.216899 , 0.172058 , 0.0632522
13.0405 , -0.253097 , 0.151061 , 0.0727476 , -0.222088 , 0.169426 , 0.0708368
13.0746 , -0.255129 , 0.149638 , 0.0808544 , -0.227496 , 0.168309 , 0.077923
13.1081 , -0.254804 , 0.155205 , 0.0858616 , -0.231457 , 0.167381 , 0.0861066
13.1427 , -0.255157 , 0.153187 , 0.0938208 , -0.233661 , 0.165809 , 0.0948453
13.1738 , -0.255254 , 0.152032 , 0.100729 , -0.233829 , 0.168646 , 0.102888
13.2078 , -0.253286 , 0.147677 , 0.107769 , -0.235566 , 0.165556 , 0.110024
13.2423 , -0.251867 , 0.146021 , 0.112696 , -0.238372 , 0.162608 , 0.115984
13.2759 , -0.250562 , 0.14427 , 0.114981 , -0.240608 , 0.162173 , 0.122068
13.3103 , -0.249034 , 0.143653 , 0.118368 , -0.24256 , 0.165161 , 0.127614
13.341 , -0.247464 , 0.144317 , 0.120294 , -0.244893 , 0.159456 , 0.132251
13.3757 , -0.245294 , 0.139304 , 0.119308 , -0.246831 , 0.156951 , 0.133821
13.412 , -0.24205 , 0.137099 , 0.118697 , -0.248195 , 0.155001 , 0.135004
13.4453 , -0.239193 , 0.133746 , 0.117072 , -0.249594 , 0.152611 , 0.135182
13.4782 , -0.236014 , 0.13243 , 0.114289 , -0.250484 , 0.149668 , 0.132501
13.5089 , -0.231648 , 0.130218 , 0.109834 , -0.249959 , 0.146205 , 0.127958
13.5433 , -0.224816 , 0.125103 , 0.102551 , -0.24792 , 0.141413 , 0.121912
13.5779 , -0.216957 , 0.122159 , 0.0948827 , -0.244549 , 0.135136 , 0.114766
13.6123 , -0.20751 , 0.11954 , 0.0851106 , -0.240108 , 0.1291 , 0.107662
13.6459 , -0.198955 , 0.113317 , 0.077968 , -0.234572 , 0.124272 , 0.0998055
13.6802 , -0.189939 , 0.110397 , 0.0681332 , -0.230258 , 0.117798 , 0.0909519
13.7102 , -0.180271 , 0.10724 , 0.0587946 , -0.224257 , 0.116308 , 0.0805587
13.7457 , -0.17058 , 0.108592 , 0.0479996 , -0.218479 , 0.113222 , 0.0708393
13.7802 , -0.161799 , 0.100342 , 0.0352861 , -0.212756 , 0.107671 , 0.0601996
13.8137 , -0.151953 , 0.0945216 , 0.0204693 , -0.205651 , 0.0973787 , 0.0481895
13.8444 , -0.141102 , 0.0856491 , 0.00825364 , -0.198652 , 0.0876084 , 0.0356176
13.8828 , -0.13043 , 0.0771317 , -0.00422911 , -0.190587 , 0.0756758 , 0.0240017
13.9115 , -0.118411 , 0.06438 , -0.017021 , -0.181466 , 0.0620105 , 0.0133103
13.9485 , -0.106154 , 0.0514271 , -0.0286013 , -0.170875 , 0.0481592 , 0.0047649
13.9836 , -0.0920761 , 0.0408753 , -0.0399806 , -0.159775 , 0.0358708 , -0.000787345
14.0135 , -0.0792224 , 0.0276927 , -0.0478178 , -0.147366 , 0.0251801 , -0.00849242
14.0476 , -0.0640709 , 0.0130341 , -0.0563987 , -0.134934 , 0.0147829 , -0.0173621
14.0792 , -0.0456905 , -0.000397509 , -0.0554298 , -0.124995 , 0.00248357 , -0.0250627
14.1157 , -0.040754 , -0.00498135 , -0.066218 , -0.11397 , -0.0137354 , -0.030485
14.1462 , -0.0293551 , -0.0199857 , -0.0684786 , -0.101881 , -0.0304492 , -0.0326628
14.1799 , -0.0172465 , -0.0329894 , -0.0689439 , -0.090721 , -0.0470055 , -0.0323948
14.2154 , -0.00584123 , -0.0480597 , -0.06875 , -0.0791634 , -0.0619805 , -0.0316824
14.247 , 0.00638493 , -0.0611513 , -0.0684733 , -0.0660052 , -0.0766469 , -0.0315915
14.2834 , 0.0181798 , -0.0732559 , -0.0664916 , -0.0523056 , -0.0879143 , -0.0319957
14.317 , 0.0351325 , -0.0818544 , -0.0660211 , -0.0359089 , -0.0953115 , -0.0329064
14.3516 , 0.0470301 , -0.0810491 , -0.0633857 , -0.0166721 , -0.102375 , -0.0351267
14.3886 , 0.0625662 , -0.0836271 , -0.0634022 , -0.000445197 , -0.105833 , -0.038255
14.4179 , 0.0778597 , -0.0886846 , -0.0657551 , 0.0168979 , -0.113382 , -0.0412858
14.451 , 0.0972448 , -0.0935003 , -0.0697374 , 0.0372533 , -0.120539 , -0.0439044
14.4818 , 0.106855 , -0.0963294 , -0.0675863 , 0.0526454 , -0.127049 , -0.044623
14.5164 , 0.116723 , -0.097908 , -0.0659147 , 0.0712642 , -0.128425 , -0.0446288
14.5509 , 0.128964 , -0.0991871 , -0.0658747 , 0.0791309 , -0.130845 , -0.0449342
14.588 , 0.131379 , -0.100693 , -0.0625937 , 0.0847874 , -0.129448 , -0.0453525
14.6192 , 0.133504 , -0.0990104 , -0.0603124 , 0.0910766 , -0.127692 , -0.0465084
14.6495 , 0.142792 , -0.0974433 , -0.059767 , 0.104115 , -0.12781 , -0.0484793
14.6841 , 0.144971 , -0.0996204 , -0.0612972 , 0.114309 , -0.129402 , -0.0517993
14.7184 , 0.160095 , -0.0950672 , -0.0674989 , 0.130459 , -0.126776 , -0.0568402
14.7521 , 0.159558 , -0.102133 , -0.0683385 , 0.141658 , -0.129597 , -0.0637203
14.7899 , 0.161326 , -0.103985 , -0.0704637 , 0.147267 , -0.125234 , -0.0681116
14.8263 , 0.160423 , -0.10386 , -0.0719821 , 0.152075 , -0.122305 , -0.0717475
14.8706 , 0.159352 , -0.10147 , -0.074104 , 0.155819 , -0.1186 , -0.0748266
14.9012 , 0.157252 , -0.0984408 , -0.076168 , 0.159112 , -0.115012 , -0.077556
14.9357 , 0.154762 , -0.0956019 , -0.0786056 , 0.161841 , -0.111033 , -0.0801084
14.9702 , 0.151837 , -0.093466 , -0.0819506 , 0.166628 , -0.107868 , -0.0841497
15.004 , 0.149487 , -0.0880568 , -0.0854841 , 0.169354 , -0.105289 , -0.0865234
15.0384 , 0.145939 , -0.0886176 , -0.0893049 , 0.170548 , -0.101887 , -0.0869232
15.0691 , 0.141633 , -0.0855605 , -0.0915352 , 0.170619 , -0.0992775 , -0.0869578
15.1035 , 0.135491 , -0.0814239 , -0.0923518 , 0.168703 , -0.0954548 , -0.0861572
15.1381 , 0.126744 , -0.0754681 , -0.0921411 , 0.165737 , -0.0896556 , -0.0837144
15.1724 , 0.113193 , -0.0704701 , -0.0905855 , 0.158604 , -0.0819747 , -0.0808124
15.206 , 0.104801 , -0.0606246 , -0.0906183 , 0.147252 , -0.0722084 , -0.0778437
15.2367 , 0.0901577 , -0.0522318 , -0.0880526 , 0.135029 , -0.0611728 , -0.074284
15.2712 , 0.0748845 , -0.041568 , -0.0847182 , 0.121898 , -0.0485493 , -0.0698452
15.3058 , 0.0556169 , -0.0303989 , -0.0787798 , 0.111319 , -0.0315384 , -0.0657256
15.3403 , 0.0403106 , -0.0183801 , -0.0737279 , 0.0955361 , -0.0198386 , -0.0613381
15.3709 , 0.0220877 , -0.0103969 , -0.069645 , 0.0803384 , -0.00824613 , -0.0565921
15.4055 , 0.00748998 , -0.00359747 , -0.0669572 , 0.0649956 , 0.00205945 , -0.0539799
15.4392 , -0.0106732 , 0.00700474 , -0.0647087 , 0.050366 , 0.0154109 , -0.0527106
15.4741 , -0.0266757 , 0.0182982 , -0.064628 , 0.0323718 , 0.0264873 , -0.0517166
15.5079 , -0.044643 , 0.0282528 , -0.0636083 , 0.0155376 , 0.0412449 , -0.0492768
15.5465 , -0.0610182 , 0.0420851 , -0.0619122 , -0.00198178 , 0.0571314 , -0.0455229
15.5788 , -0.0764487 , 0.0540241 , -0.0603284 , -0.0196874 , 0.0685287 , -0.0400867
15.6138 , -0.092332 , 0.0661391 , -0.0579593 , -0.0361777 , 0.0751165 , -0.0330866
15.6437 , -0.107188 , 0.0707515 , -0.053299 , -0.0515763 , 0.082688 , -0.024245
15.6761 , -0.120953 , 0.0765716 , -0.0472201 , -0.0649684 , 0.0892375 , -0.0145618
15.7094 , -0.134138 , 0.0812252 , -0.0402434 , -0.0780073 , 0.0972419 , -0.00386963
15.74 , -0.145828 , 0.0845879 , -0.030489 , -0.0912558 , 0.0971252 , 0.0100138
15.7754 , -0.159016 , 0.0880952 , -0.0198892 , -0.103385 , 0.105398 , 0.0217251
15.8149 , -0.172228 , 0.0928747 , -0.0085244 , -0.116296 , 0.110971 , 0.0322475
15.8462 , -0.18541 , 0.0936552 , 0.00384797 , -0.129757 , 0.113748 , 0.0418855
15.8777 , -0.19638 , 0.0946488 , 0.0132231 , -0.141483 , 0.118179 , 0.048502
15.9116 , -0.203407 , 0.0964058 , 0.0214348 , -0.149368 , 0.121923 , 0.0527157
15.9441 , -0.207136 , 0.0975929 , 0.0288246 , -0.156812 , 0.123778 , 0.0557624
15.9797 , -0.2107 , 0.102564 , 0.0346916 , -0.162766 , 0.124628 , 0.0575264
16.0137 , -0.213794 , 0.106561 , 0.0409072 , -0.169777 , 0.126996 , 0.058351
16.0455 , -0.216367 , 0.10758 , 0.0474228 , -0.177414 , 0.130702 , 0.0586652
16.082 , -0.219776 , 0.113073 , 0.0518485 , -0.18575 , 0.13229 , 0.059977
16.1123 , -0.22267 , 0.114911 , 0.0556852 , -0.193217 , 0.134224 , 0.0615305
16.1523 , -0.225175 , 0.116426 , 0.0587411 , -0.200491 , 0.133104 , 0.0634586
16.1957 , -0.226622 , 0.115495 , 0.0613881 , -0.206452 , 0.133939 , 0.0656235
16.2286 , -0.226713 , 0.115508 , 0.0637837 , -0.210915 , 0.13139 , 0.0675632
16.2646 , -0.225471 , 0.114315 , 0.0648925 , -0.213397 , 0.130178 , 0.0699013
16.2962 , -0.223989 , 0.112199 , 0.0650933 , -0.216203 , 0.128889 , 0.0714628
16.3327 , -0.221669 , 0.109386 , 0.0643219 , -0.218057 , 0.128441 , 0.0728843
16.3638 , -0.219101 , 0.107404 , 0.0626957 , -0.219709 , 0.127794 , 0.0738165
16.402 , -0.21634 , 0.109146 , 0.057996 , -0.221377 , 0.12732 , 0.0735401
16.4334 , -0.213349 , 0.106477 , 0.0529905 , -0.222176 , 0.125324 , 0.0721895
16.462 , -0.209651 , 0.103531 , 0.0464589 , -0.222382 , 0.121496 , 0.0685986
16.4965 , -0.204709 , 0.0987475 , 0.0384065 , -0.221452 , 0.118403 , 0.0636934
16.5321 , -0.198942 , 0.0965318 , 0.030782 , -0.220183 , 0.117721 , 0.0574386
16.5651 , -0.191986 , 0.0971004 , 0.0210088 , -0.217638 , 0.11512 , 0.0495729
16.6002 , -0.184549 , 0.0932918 , 0.0116531 , -0.213357 , 0.111056 , 0.0398577
16.6337 , -0.176213 , 0.0891757 , 0.000824047 , -0.208455 , 0.105558 , 0.0293791
16.6646 , -0.167174 , 0.0854764 , -0.00953701 , -0.203077 , 0.101199 , 0.017934
16.6999 , -0.156215 , 0.0840848 , -0.0238397 , -0.196573 , 0.0969121 , 0.00555754
16.7343 , -0.145434 , 0.0847991 , -0.0363043 , -0.189459 , 0.0952839 , -0.00800811
16.7644 , -0.134334 , 0.0799317 , -0.0486295 , -0.181978 , 0.0887416 , -0.0207101
16.7979 , -0.122347 , 0.074203 , -0.0606501 , -0.17444 , 0.0802674 , -0.031429
16.8315 , -0.110051 , 0.0657383 , -0.0709425 , -0.165625 , 0.075063 , -0.0408274
16.8659 , -0.0972146 , 0.057045 , -0.0782024 , -0.154687 , 0.060695 , -0.0477864
16.9004 , -0.0834905 , 0.0494053 , -0.0833968 , -0.143407 , 0.0458422 , -0.052408
16.9348 , -0.0698245 , 0.0416152 , -0.0882479 , -0.132901 , 0.0385246 , -0.0538387
16.9651 , -0.0537065 , 0.025725 , -0.0955118 , -0.119904 , 0.0285578 , -0.05713
16.9993 , -0.0394848 , 0.0144206 , -0.0981986 , -0.104577 , 0.0136406 , -0.0620769
17.0339 , -0.0245925 , 0.00109299 , -0.10045 , -0.0920495 , -0.000503219 , -0.064998
17.0682 , -0.011101 , -0.0126435 , -0.10254 , -0.0796228 , -0.0159299 , -0.0660672
17.1018 , 0.00367493 , -0.0276717 , -0.104155 , -0.066152 , -0.0327754 , -0.0676005
17.139 , 0.0150896 , -0.0425154 , -0.10406 , -0.0547453 , -0.0481609 , -0.0694213
17.1742 , 0.0273745 , -0.0562387 , -0.103687 , -0.0409666 , -0.0656985 , -0.0718385
17.2035 , 0.0419809 , -0.0725957 , -0.10447 , -0.0283236 , -0.0824587 , -0.0723204
17.2363 , 0.0616229 , -0.0851493 , -0.10214 , -0.0115349 , -0.0952391 , -0.0708491
17.2696 , 0.0758169 , -0.0956711 , -0.0985148 , 0.0043845 , -0.107686 , -0.0682808
17.3012 , 0.090707 , -0.104944 , -0.0943293 , 0.0205383 , -0.118951 , -0.0659968
17.3357 , 0.106077 , -0.114884 , -0.0908617 , 0.036185 , -0.130397 , -0.065293
17.3695 , 0.120226 , -0.12316 , -0.08954 , 0.0577284 , -0.147878 , -0.0674963
17.4009 , 0.13592 , -0.131054 , -0.089318 , 0.0798106 , -0.158634 , -0.0690502
17.4373 , 0.154397 , -0.137826 , -0.0882013 , 0.0972262 , -0.166967 , -0.0683286
17.468 , 0.169392 , -0.141691 , -0.0859936 , 0.11708 , -0.172746 , -0.0670019
17.5036 , 0.185838 , -0.14372 , -0.0834865 , 0.126687 , -0.174031 , -0.0638468
17.5369 , 0.197194 , -0.144909 , -0.0772119 , 0.138391 , -0.173557 , -0.0624435
17.5715 , 0.203177 , -0.144906 , -0.0744916 , 0.15358 , -0.173261 , -0.0613816
17.6053 , 0.21283 , -0.143404 , -0.0723184 , 0.162151 , -0.170188 , -0.0617376
17.6357 , 0.21605 , -0.142868 , -0.0702868 , 0.181871 , -0.165881 , -0.063913
17.6728 , 0.22914 , -0.139929 , -0.0700297 , 0.19038 , -0.164873 , -0.0665505
17.7063 , 0.230051 , -0.139349 , -0.0685788 , 0.19941 , -0.16387 , -0.0663229
17.7408 , 0.233953 , -0.140268 , -0.0672832 , 0.210599 , -0.162367 , -0.0676428
17.7737 , 0.239039 , -0.14032 , -0.0681371 , 0.216515 , -0.161019 , -0.0695013
17.8035 , 0.238546 , -0.139726 , -0.0682736 , 0.222049 , -0.159125 , -0.0705152
17.8394 , 0.237637 , -0.14152 , -0.0695046 , 0.226685 , -0.159495 , -0.0714039
17.8725 , 0.235987 , -0.142914 , -0.0705963 , 0.232104 , -0.161639 , -0.0724471
17.9071 , 0.233792 , -0.143858 , -0.0721881 , 0.23605 , -0.160708 , -0.0730419
17.9379 , 0.231038 , -0.14311 , -0.0734062 , 0.2391 , -0.158989 , -0.0727008
17.9722 , 0.227426 , -0.140559 , -0.0743725 , 0.2411 , -0.156641 , -0.071758
18.0049 , 0.22298 , -0.13874 , -0.0756927 , 0.241784 , -0.15455 , -0.0708554
18.041 , 0.217941 , -0.136784 , -0.0776503 , 0.242134 , -0.152665 , -0.0707305
18.0721 , 0.212194 , -0.133807 , -0.0800396 , 0.2416 , -0.149285 , -0.07079
18.1065 , 0.20122 , -0.129413 , -0.0793863 , 0.236725 , -0.146613 , -0.0706525
18.1402 , 0.18984 , -0.126838 , -0.0815187 , 0.23019 , -0.14355 , -0.0714882
18.1747 , 0.171181 , -0.128097 , -0.0817818 , 0.218285 , -0.140603 , -0.0721087
18.2081 , 0.156382 , -0.122505 , -0.0832906 , 0.206757 , -0.132926 , -0.0718105
18.2425 , 0.139885 , -0.116244 , -0.0837069 , 0.194547 , -0.123592 , -0.0717771
18.2732 , 0.122618 , -0.104844 , -0.0833791 , 0.180913 , -0.108109 , -0.0698442
18.3077 , 0.105643 , -0.0935264 , -0.0811091 , 0.161912 , -0.0937568 , -0.0653632
18.3441 , 0.0871074 , -0.0772036 , -0.0776336 , 0.149501 , -0.0773814 , -0.0615062
18.3783 , 0.0683637 , -0.0645956 , -0.0734806 , 0.130328 , -0.0569913 , -0.0568434
18.4121 , 0.0510378 , -0.042949 , -0.0674649 , 0.11534 , -0.0359241 , -0.0513586
18.4426 , 0.0337746 , -0.0279706 , -0.0638393 , 0.0930251 , -0.0184374 , -0.0465054
18.4775 , 0.0166555 , -0.0101912 , -0.0608092 , 0.0766048 , -0.00331995 , -0.0424943
18.5115 , -0.00273452 , 0.00511112 , -0.0587547 , 0.0619566 , 0.017521 , -0.0390428
18.5456 , -0.0178341 , 0.0214936 , -0.0584329 , 0.0460793 , 0.0362856 , -0.0365067
18.5754 , -0.0310991 , 0.0379956 , -0.0569131 , 0.0330641 , 0.0495781 , -0.033655
18.6088 , -0.0426755 , 0.046519 , -0.0530989 , 0.021272 , 0.0587646 , -0.028183
18.6433 , -0.0521586 , 0.0477559 , -0.0498401 , 0.00962583 , 0.0619029 , -0.0214856
18.6779 , -0.0611994 , 0.0556878 , -0.0467967 , -0.000185233 , 0.067004 , -0.0158208
18.7125 , -0.0700955 , 0.0601522 , -0.0427393 , -0.0118354 , 0.0727051 , -0.00982345
18.7461 , -0.079903 , 0.0671286 , -0.0386747 , -0.0233307 , 0.0711474 , -0.00330954
18.7764 , -0.0892351 , 0.0685834 , -0.0361646 , -0.0353853 , 0.0754505 , 0.00164181
18.8168 , -0.10006 , 0.0641388 , -0.0306502 , -0.0467154 , 0.0778813 , 0.00729733
18.8517 , -0.110582 , 0.0680649 , -0.0249321 , -0.0584908 , 0.08133 , 0.0139609
18.8831 , -0.119943 , 0.0686921 , -0.0177126 , -0.0689774 , 0.0831282 , 0.0201136
18.914 , -0.128415 , 0.0710423 , -0.0111221 , -0.0785874 , 0.0851422 , 0.024863
18.9478 , -0.135336 , 0.07311 , -0.00394365 , -0.0873749 , 0.0861742 , 0.0290973
18.9834 , -0.140957 , 0.0736651 , 0.00304086 , -0.0950474 , 0.0884667 , 0.0330402
19.0167 , -0.145313 , 0.0736782 , 0.00888672 , -0.102163 , 0.0884471 , 0.0372184
19.0538 , -0.148688 , 0.0756638 , 0.0154079 , -0.108695 , 0.0882464 , 0.0415762
19.1005 , -0.151203 , 0.0731622 , 0.0210677 , -0.11397 , 0.0882002 , 0.0463877
19.1349 , -0.152699 , 0.0748233 , 0.0261122 , -0.119344 , 0.0922445 , 0.0496617
19.1676 , -0.153835 , 0.0783131 , 0.0303402 , -0.123726 , 0.0922119 , 0.0515916
19.1962 , -0.155226 , 0.0800256 , 0.0340358 , -0.128295 , 0.0931318 , 0.0525653
19.2313 , -0.156462 , 0.08186 , 0.0363779 , -0.131527 , 0.0932596 , 0.0530726
19.2629 , -0.157354 , 0.0833055 , 0.037829 , -0.136362 , 0.0941814 , 0.054242
19.2994 , -0.158006 , 0.0848105 , 0.0385952 , -0.141354 , 0.0958301 , 0.0553241
19.3387 , -0.159294 , 0.0869717 , 0.0379972 , -0.146277 , 0.0966845 , 0.0553341
19.3883 , -0.161121 , 0.0872017 , 0.0362884 , -0.152454 , 0.0970383 , 0.0535229
19.4253 , -0.162404 , 0.0880313 , 0.0339335 , -0.158683 , 0.0976131 , 0.0513129
19.4665 , -0.163664 , 0.0892523 , 0.0306522 , -0.163793 , 0.099618 , 0.0502588
19.4979 , -0.165455 , 0.0884503 , 0.0274342 , -0.167933 , 0.101033 , 0.0498964
19.5325 , -0.166225 , 0.0930611 , 0.023806 , -0.17032 , 0.100058 , 0.0494211
19.5671 , -0.166152 , 0.0925176 , 0.0202068 , -0.173587 , 0.10604 , 0.0475715
19.6005 , -0.166194 , 0.09562 , 0.0166534 , -0.175815 , 0.107447 , 0.0462411
19.6367 , -0.166826 , 0.0969176 , 0.0132913 , -0.179045 , 0.108118 , 0.0440537
19.6673 , -0.165949 , 0.100789 , 0.00739112 , -0.181333 , 0.109072 , 0.0403464
19.7009 , -0.165041 , 0.101397 , 0.00240613 , -0.182864 , 0.108812 , 0.0356104
19.7342 , -0.164445 , 0.097541 , -0.00329616 , -0.18383 , 0.106863 , 0.0305138
19.7699 , -0.162113 , 0.0965219 , -0.00873739 , -0.185442 , 0.103418 , 0.0252449
19.8044 , -0.16206 , 0.0982234 , -0.0147691 , -0.185552 , 0.106006 , 0.0177339
19.8351 , -0.160036 , 0.0978818 , -0.0205894 , -0.187624 , 0.103432 , 0.0107304
19.8689 , -0.160475 , 0.0920086 , -0.0239583 , -0.189755 , 0.0994475 , 0.00491422
19.9044 , -0.159329 , 0.0917963 , -0.0298376 , -0.191471 , 0.0947956 , 0.000626884
19.9354 , -0.158818 , 0.0893811 , -0.0367732 , -0.191759 , 0.0941973 , -0.00512648
19.9722 , -0.1589 , 0.0868799 , -0.0423236 , -0.192179 , 0.0904207 , -0.0100464
20.0036 , -0.15884 , 0.0835672 , -0.0466574 , -0.193092 , 0.0854673 , -0.0122631
20.0375 , -0.157602 , 0.07739 , -0.0507254 , -0.193475 , 0.0840785 , -0.0121053
20.0729 , -0.156595 , 0.0734637 , -0.0531151 , -0.192426 , 0.079015 , -0.0107862
20.1065 , -0.155944 , 0.0686856 , -0.0553489 , -0.190951 , 0.0771809 , -0.0108874
20.1402 , -0.153665 , 0.0653436 , -0.0584345 , -0.187671 , 0.0738598 , -0.013324
20.1698 , -0.151711 , 0.0644907 , -0.0603375 , -0.183827 , 0.0714819 , -0.0168601
20.2056 , -0.146946 , 0.0588735 , -0.0620669 , -0.177416 , 0.0638009 , -0.0177771
20.2363 , -0.142048 , 0.0543318 , -0.0627368 , -0.170655 , 0.0597684 , -0.0199892
20.2725 , -0.137232 , 0.0526454 , -0.0634071 , -0.163788 , 0.0546682 , -0.0226708
20.3062 , -0.132307 , 0.0496865 , -0.0630522 , -0.156604 , 0.0499973 , -0.0248539
20.3387 , -0.127364 , 0.0475441 , -0.0636056 , -0.10567 , 0.0414129 , -0.0293315
20.3725 , -0.122125 , 0.0442537 , -0.0636689 , -0.0987608 , 0.0360588 , -0.0273018
20.408 , -0.116938 , 0.0402715 , -0.0635585 , -0.0912273 , 0.0346202 , -0.0254176
20.4396 , -0.112185 , 0.0371043 , -0.0629541 , -0.0875993 , 0.0361427 , -0.0231535
20.4762 , -0.107301 , 0.0351588 , -0.0622769 , -0.0863774 , 0.036187 , -0.0202355
20.5103 , -0.0916523 , 0.0359627 , -0.0635771 , -0.0749889 , 0.0346906 , -0.0166986
20.5414 , -0.0904942 , 0.029278 , -0.0626055 , -0.0786902 , 0.032979 , -0.0132386
20.5745 , -0.0871221 , 0.0256755 , -0.0638054 , -0.0760933 , 0.0282269 , -0.00930696
20.6103 , -0.0818403 , 0.0219746 , -0.0670223 , -0.0671344 , 0.0253787 , -0.00673557
20.6466 , -0.0718134 , 0.0195612 , -0.0715214 , -0.0655266 , 0.0188627 , -0.00348926
20.6814 , -0.0681055 , 0.0132439 , -0.0748147 , -0.0508176 , 0.0187678 , 0.00115012
20.7282 , -0.0556996 , 0.0139478 , -0.0783852 , -0.0515805 , 0.0153992 , 0.00531892
20.7595 , -0.055481 , 0.0107437 , -0.0804549 , -0.0474497 , 0.0153214 , 0.00900925
20.7941 , -0.0545804 , 0.0125135 , -0.0819709 , -0.0440534 , 0.0192004 , 0.011066
20.8257 , -0.0567903 , 0.0184349 , -0.0813987 , -0.0421015 , 0.0218125 , 0.0122793
20.862 , -0.0588495 , 0.0235357 , -0.0793884 , -0.0430805 , 0.0291774 , 0.0147163
20.8967 , -0.0614534 , 0.0286731 , -0.0769989 , -0.0466982 , 0.0362835 , 0.0178356
20.9279 , -0.0651904 , 0.0348093 , -0.0741466 , -0.046945 , 0.0385657 , 0.0223795
20.9601 , -0.0650316 , 0.035814 , -0.0704666 , -0.0471233 , 0.0460222 , 0.0269091
20.9953 , -0.0644743 , 0.0419346 , -0.067799 , -0.0462401 , 0.0477231 , 0.0296876
21.0308 , -0.0617097 , 0.0444197 , -0.0655331 , -0.0451939 , 0.0499806 , 0.0323836
21.0623 , -0.0591655 , 0.0473537 , -0.0629731 , -0.0436143 , 0.0519743 , 0.0358323
21.0939 , -0.0582069 , 0.0490268 , -0.0607614 , -0.0416759 , 0.0515616 , 0.0389212
21.1274 , -0.0571222 , 0.0484146 , -0.0572974 , -0.0401966 , 0.0507422 , 0.0407511
21.1607 , -0.0553453 , 0.0473023 , -0.0556023 , -0.0377045 , 0.0508948 , 0.041685
21.1971 , -0.0538086 , 0.049895 , -0.0543346 , -0.036359 , 0.0510025 , 0.0430978
21.2319 , -0.0516914 , 0.0500596 , -0.0536075 , -0.0356428 , 0.0556528 , 0.0446951
21.2661 , -0.047474 , 0.0516333 , -0.0518912 , -0.0327396 , 0.0539939 , 0.0452545
21.2973 , -0.0442965 , 0.0516992 , -0.0497742 , -0.0312532 , 0.0531279 , 0.0456994
21.3289 , -0.0425685 , 0.0526061 , -0.0479109 , -0.0304706 , 0.0521075 , 0.0473756
21.3653 , -0.0400211 , 0.0516199 , -0.0451102 , -0.0295055 , 0.0525414 , 0.0485974
21.3961 , -0.0389057 , 0.0517234 , -0.0437258 , -0.0289027 , 0.0528192 , 0.0491127
21.438 , -0.0372281 , 0.0525087 , -0.042994 , -0.027203 , 0.0524644 , 0.048827
21.4809 , -0.0365782 , 0.0521981 , -0.0419971 , -0.0272604 , 0.0511649 , 0.0482645
21.5144 , -0.0354853 , 0.0513442 , -0.0413369 , -0.0271141 , 0.0509967 , 0.0475281
21.5506 , -0.0345465 , 0.0513485 , -0.0404145 , -0.0265839 , 0.0507785 , 0.0470194
