627

0.026277 , -0.158389 , -0.205001 , 0.129329 , -0.153562 , -0.210761 , 0.128201
0.06183 , -0.158398 , -0.205005 , 0.129309 , -0.0334073 , -0.216976 , 0.0576824
0.098736 , -0.158431 , -0.205017 , 0.129223 , -0.0625319 , -0.211016 , 0.0659637
0.144522 , -0.158497 , -0.20501 , 0.129076 , -0.0813576 , -0.215357 , 0.0595926
0.184999 , -0.158569 , -0.204986 , 0.128938 , -0.0876263 , -0.220969 , 0.058681
0.231934 , -0.158606 , -0.204965 , 0.128951 , -0.0884003 , -0.223632 , 0.0611301
0.282304 , -0.15861 , -0.204958 , 0.129022 , -0.0887053 , -0.223361 , 0.0630933
0.334268 , -0.158606 , -0.20496 , 0.129037 , -0.0904872 , -0.221551 , 0.0636609
0.384166 , -0.158606 , -0.20496 , 0.129037 , -0.0931629 , -0.219216 , 0.063312
0.427998 , -0.158609 , -0.204962 , 0.129023 , -0.0951831 , -0.217067 , 0.0624802
0.46486 , -0.158609 , -0.204962 , 0.129023 , -0.0957319 , -0.215631 , 0.0614261
0.499438 , -0.158609 , -0.204962 , 0.129023 , -0.0949964 , -0.215186 , 0.0604195
0.546162 , -0.158609 , -0.204962 , 0.129023 , -0.0936631 , -0.215622 , 0.0597552
0.583012 , -0.158609 , -0.204962 , 0.129023 , -0.0923549 , -0.216524 , 0.0595796
0.629967 , -0.158609 , -0.204962 , 0.129023 , -0.0913583 , -0.217416 , 0.0598508
0.663016 , -0.158609 , -0.204962 , 0.129023 , -0.0907568 , -0.217959 , 0.0604078
0.69503 , -0.158609 , -0.204962 , 0.129023 , -0.090534 , -0.218096 , 0.0610537
0.72971 , -0.158609 , -0.204962 , 0.129023 , -0.0907032 , -0.217902 , 0.0616607
0.763473 , -0.158609 , -0.204962 , 0.129023 , -0.0910987 , -0.21743 , 0.0621397
0.798211 , -0.158609 , -0.204962 , 0.129023 , -0.0916438 , -0.217023 , 0.062448
0.829942 , -0.158609 , -0.204962 , 0.129023 , -0.0923503 , -0.216802 , 0.0626315
0.861793 , -0.158609 , -0.204962 , 0.129023 , -0.0930854 , -0.216738 , 0.062713
0.895382 , -0.158609 , -0.204962 , 0.129023 , -0.0937011 , -0.216807 , 0.0627195
0.930903 , -0.158609 , -0.204962 , 0.129023 , -0.0942023 , -0.217 , 0.0627146
0.96961 , -0.158609 , -0.204962 , 0.129023 , -0.094556 , -0.217176 , 0.0627016
1.0149 , -0.158609 , -0.204962 , 0.129023 , -0.0947472 , -0.217309 , 0.0626646
1.04648 , -0.158609 , -0.204962 , 0.129023 , -0.094781 , -0.217362 , 0.0626255
1.08114 , -0.158609 , -0.20496 , 0.129023 , -0.0946749 , -0.217329 , 0.0625793
1.11479 , -0.158674 , -0.207335 , 0.126065 , -0.0948453 , -0.221752 , 0.0632612
1.14946 , -0.158674 , -0.207335 , 0.126065 , -0.098508 , -0.220137 , 0.0657181
1.18052 , -0.159822 , -0.206534 , 0.128161 , -0.0992156 , -0.217781 , 0.0653282
1.21819 , -0.15968 , -0.204457 , 0.129824 , -0.0968391 , -0.215525 , 0.0644136
1.25031 , -0.159217 , -0.204897 , 0.128913 , -0.0956306 , -0.215342 , 0.0641045
1.28194 , -0.159217 , -0.204897 , 0.128913 , -0.0956506 , -0.21643 , 0.0639983
1.31469 , -0.159002 , -0.206834 , 0.126436 , -0.0960458 , -0.217937 , 0.0637058
1.34984 , -0.158866 , -0.207143 , 0.126585 , -0.0966603 , -0.218909 , 0.0634981
1.38591 , -0.159159 , -0.206913 , 0.127316 , -0.0973534 , -0.219264 , 0.063434
1.42357 , -0.159438 , -0.206148 , 0.128154 , -0.097652 , -0.219186 , 0.0633964
1.4693 , -0.159196 , -0.20583 , 0.128179 , -0.0975343 , -0.218694 , 0.0634049
1.50454 , -0.158593 , -0.206252 , 0.127198 , -0.0973953 , -0.218394 , 0.0634693
1.53782 , -0.158373 , -0.20623 , 0.126711 , -0.0973975 , -0.217916 , 0.0636278
1.57035 , -0.158527 , -0.205681 , 0.127795 , -0.0975961 , -0.217374 , 0.0639701
1.60467 , -0.158672 , -0.205674 , 0.127589 , -0.0973834 , -0.217224 , 0.0643637
1.63912 , -0.158978 , -0.205611 , 0.128217 , -0.0976755 , -0.217316 , 0.0644581
1.67336 , -0.159085 , -0.20548 , 0.127983 , -0.0978335 , -0.217352 , 0.0641268
1.70741 , -0.158849 , -0.205627 , 0.127646 , -0.0976942 , -0.217033 , 0.0638899
1.75217 , -0.158495 , -0.205192 , 0.128305 , -0.0975527 , -0.216494 , 0.0638937
1.78466 , -0.158527 , -0.20475 , 0.128248 , -0.0975997 , -0.216572 , 0.0638423
1.81816 , -0.158223 , -0.204551 , 0.127972 , -0.0973549 , -0.216716 , 0.0638349
1.8547 , -0.158316 , -0.204283 , 0.128776 , -0.0970026 , -0.216522 , 0.064228
1.88958 , -0.158282 , -0.204371 , 0.12872 , -0.0975029 , -0.216066 , 0.0646387
1.92168 , -0.158011 , -0.204445 , 0.12808 , -0.0976039 , -0.216199 , 0.0645718
1.95552 , -0.158087 , -0.204436 , 0.128483 , -0.09741 , -0.216225 , 0.0645065
1.98751 , -0.157649 , -0.204531 , 0.128537 , -0.0973297 , -0.216411 , 0.0647323
2.02246 , -0.157414 , -0.204832 , 0.129252 , -0.097574 , -0.21669 , 0.0649506
2.06342 , -0.156721 , -0.204451 , 0.129178 , -0.0976108 , -0.216366 , 0.0650317
2.10621 , -0.156407 , -0.2045 , 0.128733 , -0.0970429 , -0.216555 , 0.0649074
2.13725 , -0.155726 , -0.204179 , 0.128745 , -0.0963027 , -0.216633 , 0.0646168
2.17148 , -0.154793 , -0.204834 , 0.129009 , -0.0958559 , -0.217256 , 0.0644483
2.20919 , -0.153625 , -0.205307 , 0.128697 , -0.0955038 , -0.217178 , 0.0644787
2.24109 , -0.152515 , -0.205787 , 0.127999 , -0.0953928 , -0.217922 , 0.0641407
2.27746 , -0.151661 , -0.207191 , 0.126177 , -0.0951636 , -0.218117 , 0.0639995
2.32979 , -0.150743 , -0.206997 , 0.127512 , -0.0951368 , -0.217828 , 0.0640265
2.37802 , -0.14922 , -0.208315 , 0.12719 , -0.0945581 , -0.2196 , 0.0640893
2.42319 , -0.147452 , -0.209294 , 0.125909 , -0.0943424 , -0.219951 , 0.0640452
2.45558 , -0.144903 , -0.209629 , 0.124496 , -0.093566 , -0.219731 , 0.0635862
2.49119 , -0.142942 , -0.210179 , 0.122528 , -0.0928043 , -0.220884 , 0.0636497
2.52279 , -0.13892 , -0.210235 , 0.124144 , -0.0913945 , -0.218818 , 0.0647818
2.55927 , -0.135492 , -0.2101 , 0.124361 , -0.0892764 , -0.219832 , 0.0654037
2.594 , -0.12954 , -0.211595 , 0.118952 , -0.0875704 , -0.222855 , 0.0653403
2.62522 , -0.124708 , -0.214471 , 0.117646 , -0.0851937 , -0.225154 , 0.0654304
2.657 , -0.118714 , -0.219337 , 0.112113 , -0.0821907 , -0.226768 , 0.0664611
2.69339 , -0.110278 , -0.221707 , 0.10918 , -0.0780698 , -0.2272 , 0.0666361
2.72799 , -0.0997808 , -0.22395 , 0.10322 , -0.0730152 , -0.22914 , 0.0664657
2.76223 , -0.0866567 , -0.225534 , 0.0966173 , -0.0668283 , -0.229493 , 0.0670787
2.7943 , -0.074577 , -0.229723 , 0.0899525 , -0.0599726 , -0.232933 , 0.0674461
2.8259 , -0.0578454 , -0.232537 , 0.0797655 , -0.0523918 , -0.234732 , 0.06682
2.86119 , -0.0438782 , -0.233749 , 0.0615895 , -0.0447229 , -0.237936 , 0.0657426
2.89266 , -0.0368609 , -0.239937 , 0.0381796 , -0.037707 , -0.237375 , 0.0650742
2.92562 , -0.0370968 , -0.235801 , 0.0233936 , -0.0326374 , -0.234173 , 0.0644224
2.9595 , -0.0470196 , -0.231869 , 0.0170915 , -0.0296468 , -0.229522 , 0.0652234
2.99668 , -0.0598009 , -0.227083 , 0.0174156 , -0.0283917 , -0.223686 , 0.067613
3.03554 , -0.0740998 , -0.223607 , 0.0199639 , -0.0279348 , -0.218213 , 0.0701044
3.0784 , -0.0849191 , -0.224417 , 0.0141791 , -0.0276952 , -0.216492 , 0.0715533
3.11008 , -0.0975181 , -0.225396 , 0.013257 , -0.0278879 , -0.215852 , 0.072759
3.1419 , -0.107485 , -0.229094 , 0.0088217 , -0.0730313 , -0.22578 , 0.0315713
3.17613 , -0.117213 , -0.234408 , 0.00153618 , -0.109704 , -0.238359 , 0.00528465
3.21035 , -0.125655 , -0.240276 , -0.00488915 , -0.124377 , -0.244464 , -0.00818708
3.24492 , -0.132438 , -0.242832 , -0.00989679 , -0.132997 , -0.246898 , -0.0144417
3.27824 , -0.13715 , -0.247057 , -0.0132511 , -0.140713 , -0.241299 , -0.00779412
3.30887 , -0.1414 , -0.24616 , -0.0125914 , -0.142923 , -0.245151 , -0.00977546
3.34338 , -0.144977 , -0.238269 , -0.00664839 , -0.145849 , -0.244467 , -0.0105465
3.37789 , -0.146118 , -0.241326 , -0.00782379 , -0.146837 , -0.242586 , -0.00832182
3.41243 , -0.146775 , -0.239583 , -0.0053618 , -0.147905 , -0.237743 , -0.0028711
3.44609 , -0.151882 , -0.229716 , 0.0042744 , -0.145141 , -0.243537 , -0.00570447
3.4766 , -0.145167 , -0.236183 , -0.00224566 , -0.144974 , -0.236295 , -0.0012506
3.51613 , -0.144093 , -0.232894 , 0.000193414 , -0.142227 , -0.236061 , -0.00111817
3.55294 , -0.141953 , -0.232756 , 0.00436857 , -0.141174 , -0.22947 , 0.00590357
3.60027 , -0.141382 , -0.227184 , 0.0101318 , -0.140801 , -0.22518 , 0.0119032
3.6294 , -0.141706 , -0.222288 , 0.0162787 , -0.140638 , -0.221602 , 0.0163147
3.66601 , -0.139663 , -0.218189 , 0.0172346 , -0.140152 , -0.217284 , 0.0197338
3.69474 , -0.139367 , -0.216348 , 0.0190918 , -0.138698 , -0.217023 , 0.0207581
3.73151 , -0.138886 , -0.215354 , 0.0237316 , -0.137935 , -0.219648 , 0.0224724
3.76326 , -0.136756 , -0.215456 , 0.0240225 , -0.135157 , -0.21921 , 0.0223026
3.79723 , -0.133455 , -0.214505 , 0.0253361 , -0.130432 , -0.218869 , 0.0231599
3.83218 , -0.127218 , -0.218665 , 0.0246984 , -0.126664 , -0.218461 , 0.0287301
3.86552 , -0.123881 , -0.218201 , 0.0319114 , -0.121955 , -0.220837 , 0.0327115
3.89603 , -0.121447 , -0.21609 , 0.0362609 , -0.118095 , -0.218433 , 0.0345852
3.93166 , -0.113772 , -0.22069 , 0.0323615 , -0.1146 , -0.217974 , 0.0368349
3.96545 , -0.112384 , -0.2143 , 0.0356879 , -0.112714 , -0.214481 , 0.0385664
3.99967 , -0.11037 , -0.213272 , 0.0385578 , -0.109819 , -0.210511 , 0.0414932
4.03323 , -0.108926 , -0.208485 , 0.0427044 , -0.107539 , -0.208635 , 0.0474038
4.06387 , -0.105106 , -0.205405 , 0.046457 , -0.105588 , -0.204765 , 0.0507908
4.09928 , -0.104472 , -0.20285 , 0.0538423 , -0.104942 , -0.200813 , 0.0607408
4.13283 , -0.104246 , -0.200144 , 0.0631253 , -0.105172 , -0.19467 , 0.0656505
4.16744 , -0.107035 , -0.19371 , 0.0735621 , -0.108558 , -0.191081 , 0.0708103
4.20164 , -0.108898 , -0.186622 , 0.0720658 , -0.110442 , -0.18369 , 0.0732718
4.23155 , -0.11355 , -0.184311 , 0.0782127 , -0.112986 , -0.18105 , 0.0760975
4.2671 , -0.118285 , -0.179053 , 0.0863919 , -0.119833 , -0.1783 , 0.0856872
4.30051 , -0.124018 , -0.175859 , 0.0876248 , -0.126676 , -0.175352 , 0.0903782
4.33501 , -0.13098 , -0.175673 , 0.0903 , -0.134223 , -0.173426 , 0.0920506
4.36577 , -0.139235 , -0.173331 , 0.0905615 , -0.141649 , -0.176002 , 0.0894232
4.40034 , -0.147175 , -0.175877 , 0.0868207 , -0.151232 , -0.17462 , 0.090255
4.4349 , -0.159357 , -0.174321 , 0.0899735 , -0.162427 , -0.17255 , 0.092747
4.46836 , -0.172215 , -0.169019 , 0.0989799 , -0.173791 , -0.167328 , 0.10133
4.50293 , -0.179233 , -0.170166 , 0.0982402 , -0.181262 , -0.164647 , 0.102018
4.53346 , -0.190875 , -0.160195 , 0.113177 , -0.191837 , -0.160572 , 0.113895
4.56806 , -0.198005 , -0.155382 , 0.120122 , -0.198446 , -0.15709 , 0.121469
4.60258 , -0.203224 , -0.159554 , 0.121959 , -0.202188 , -0.166831 , 0.116336
4.63618 , -0.204737 , -0.174973 , 0.11431 , -0.203133 , -0.180638 , 0.110713
4.67067 , -0.201133 , -0.197419 , 0.0983878 , -0.19757 , -0.192254 , 0.10186
4.70129 , -0.19331 , -0.186324 , 0.101398 , -0.1908 , -0.216529 , 0.0924462
4.73587 , -0.184928 , -0.21474 , 0.087014 , -0.180369 , -0.220868 , 0.0855274
4.77025 , -0.173681 , -0.221446 , 0.0815049 , -0.167855 , -0.221133 , 0.0829813
4.80401 , -0.160543 , -0.225695 , 0.0821642 , -0.153867 , -0.229496 , 0.0759825
4.83851 , -0.146552 , -0.227961 , 0.0735112 , -0.139486 , -0.235537 , 0.0689714
4.86893 , -0.130355 , -0.232842 , 0.0637701 , -0.122643 , -0.238638 , 0.0565798
4.90613 , -0.115604 , -0.236939 , 0.0530772 , -0.108731 , -0.236161 , 0.0472427
4.94324 , -0.0966315 , -0.249645 , 0.0292513 , -0.0922975 , -0.242622 , 0.0318709
4.97962 , -0.0813796 , -0.252427 , 0.0188243 , -0.0745213 , -0.25835 , 0.0141121
5.02209 , -0.0621354 , -0.260039 , 8.26344e-05 , -0.0557997 , -0.265098 , -0.00936887
5.05647 , -0.046084 , -0.265032 , -0.0129425 , -0.0412095 , -0.262462 , -0.0147974
5.08999 , -0.0363784 , -0.262674 , -0.0215425 , -0.0302569 , -0.26652 , -0.0328178
5.12089 , -0.021309 , -0.259805 , -0.0411195 , -0.0208795 , -0.265069 , -0.0426171
5.15526 , -0.0142693 , -0.256644 , -0.0456592 , -0.0122289 , -0.257022 , -0.0446703
5.18979 , -0.00623599 , -0.256592 , -0.0559868 , -0.00675818 , -0.252184 , -0.0482894
5.22447 , -0.00389806 , -0.250703 , -0.049177 , -0.000135553 , -0.251035 , -0.054952
5.25794 , -0.000308493 , -0.249771 , -0.0495846 , 0.00464392 , -0.253729 , -0.0594935
5.28847 , 0.00647014 , -0.25728 , -0.0600649 , 0.0102012 , -0.255803 , -0.0640216
5.32326 , 0.0131653 , -0.256507 , -0.0661873 , 0.0156615 , -0.259182 , -0.0680749
5.35755 , 0.0184604 , -0.254696 , -0.0691086 , 0.0199086 , -0.259288 , -0.0680346
5.39201 , 0.0214997 , -0.252146 , -0.0672353 , 0.0281123 , -0.255286 , -0.0756359
5.42467 , 0.0295891 , -0.256532 , -0.0740284 , 0.0335284 , -0.25665 , -0.0778456
5.45881 , 0.0367057 , -0.257331 , -0.0786397 , 0.039779 , -0.256096 , -0.0808398
5.48968 , 0.0430852 , -0.257504 , -0.0794746 , 0.0455171 , -0.256698 , -0.0804211
5.52527 , 0.0487699 , -0.255282 , -0.0778759 , 0.0523618 , -0.257343 , -0.0822396
5.55989 , 0.0546698 , -0.258799 , -0.0824416 , 0.0555737 , -0.257373 , -0.0789427
5.59344 , 0.0614337 , -0.257209 , -0.0852779 , 0.0627557 , -0.25778 , -0.0846402
5.62399 , 0.0657415 , -0.256457 , -0.0863508 , 0.06812 , -0.255846 , -0.0888423
5.65953 , 0.0703878 , -0.256369 , -0.0866959 , 0.0703954 , -0.254367 , -0.0853151
5.69315 , 0.0719493 , -0.25407 , -0.0856851 , 0.0731545 , -0.254821 , -0.0861087
5.7246 , 0.0768589 , -0.255501 , -0.0896558 , 0.0753035 , -0.256454 , -0.0861562
5.76122 , 0.0783474 , -0.256301 , -0.0864826 , 0.0798733 , -0.255554 , -0.0887406
5.79167 , 0.0801695 , -0.256924 , -0.0857802 , 0.076528 , -0.260479 , -0.0823269
5.82721 , 0.0766884 , -0.256547 , -0.0797835 , 0.0767214 , -0.258951 , -0.0804576
5.86071 , 0.0793058 , -0.264456 , -0.0820899 , 0.0767784 , -0.260269 , -0.0785242
5.89531 , 0.0793082 , -0.261612 , -0.0828894 , 0.0765221 , -0.261524 , -0.0764469
5.92883 , 0.0749553 , -0.259901 , -0.0735997 , 0.071579 , -0.267408 , -0.0740643
5.95943 , 0.0727177 , -0.263455 , -0.0730543 , 0.0722759 , -0.265965 , -0.0754986
5.99933 , 0.0721781 , -0.262341 , -0.0753748 , 0.0706616 , -0.261579 , -0.07571
6.03674 , 0.0653081 , -0.262255 , -0.071595 , 0.0648434 , -0.260183 , -0.07502
6.08054 , 0.0579423 , -0.26083 , -0.0704415 , 0.0571941 , -0.263005 , -0.0707496
6.11418 , 0.0512083 , -0.264788 , -0.0700227 , 0.0488861 , -0.265075 , -0.0713782
6.14822 , 0.0387659 , -0.263289 , -0.0620126 , 0.0384358 , -0.264561 , -0.0652735
6.18052 , 0.0276495 , -0.267321 , -0.0596427 , 0.0258186 , -0.260888 , -0.0564931
6.21122 , 0.0145673 , -0.263192 , -0.0541491 , 0.00668417 , -0.256199 , -0.0451624
6.24487 , 8.52198e-05 , -0.25492 , -0.0424155 , -0.00635466 , -0.259566 , -0.0386669
6.28031 , -0.0157887 , -0.253067 , -0.0367112 , -0.0204071 , -0.258001 , -0.035312
6.31487 , -0.0311787 , -0.259037 , -0.0346548 , -0.0360284 , -0.258552 , -0.0309214
6.34876 , -0.0478339 , -0.257071 , -0.0283466 , -0.0516276 , -0.252347 , -0.0194752
6.38293 , -0.0646031 , -0.25229 , -0.0179047 , -0.0673192 , -0.254083 , -0.0152641
6.41258 , -0.0791277 , -0.246721 , -0.00970897 , -0.0820785 , -0.243376 , -0.00678704
6.44928 , -0.0903242 , -0.246291 , -0.00420926 , -0.0925894 , -0.233763 , 0.00152062
6.48319 , -0.100832 , -0.240074 , 0.00501448 , -0.104395 , -0.224286 , 0.0127461
6.51513 , -0.109871 , -0.235109 , 0.0111686 , -0.110959 , -0.224276 , 0.01515
6.54854 , -0.114951 , -0.233064 , 0.0103033 , -0.113575 , -0.23222 , 0.00945521
6.58313 , -0.116245 , -0.226112 , 0.0124628 , -0.114932 , -0.231295 , 0.0088882
6.61384 , -0.114192 , -0.229847 , 0.00730534 , -0.112065 , -0.230689 , 0.00479373
6.65027 , -0.109598 , -0.230105 , 0.00133503 , -0.107579 , -0.233071 , -0.000830539
6.68084 , -0.104028 , -0.23492 , -0.00245855 , -0.102298 , -0.235039 , -0.00162041
6.71557 , -0.0999378 , -0.239344 , -0.00307584 , -0.0979923 , -0.23691 , -0.000891441
6.74995 , -0.0967438 , -0.235601 , 1.14235e-05 , -0.0955734 , -0.234379 , -0.000413785
6.78441 , -0.0967402 , -0.228296 , 0.00463837 , -0.0964335 , -0.228024 , 0.00378463
6.81799 , -0.0956944 , -0.225767 , 0.00485805 , -0.0944837 , -0.223887 , 0.00283705
6.84869 , -0.0968334 , -0.222652 , 0.00687901 , -0.0936485 , -0.221692 , 0.000938454
6.88321 , -0.0979826 , -0.219915 , 0.0102179 , -0.0970821 , -0.214493 , 0.0153783
6.9176 , -0.0992015 , -0.209618 , 0.0220965 , -0.097435 , -0.208424 , 0.020883
6.95224 , -0.0996998 , -0.201323 , 0.0311133 , -0.0989609 , -0.197021 , 0.0340029
6.98466 , -0.100985 , -0.196615 , 0.0361313 , -0.0964932 , -0.195052 , 0.0287497
7.01735 , -0.102547 , -0.192502 , 0.0373125 , -0.0988326 , -0.194072 , 0.029899
7.05103 , -0.10264 , -0.190304 , 0.0344921 , -0.102978 , -0.188703 , 0.0386552
7.08565 , -0.105898 , -0.192667 , 0.0398829 , -0.104584 , -0.190664 , 0.0422315
7.12143 , -0.106268 , -0.195242 , 0.0408583 , -0.105573 , -0.191784 , 0.0351698
7.15087 , -0.105703 , -0.195747 , 0.035529 , -0.104591 , -0.195403 , 0.0309915
7.18517 , -0.105935 , -0.193046 , 0.0331559 , -0.105074 , -0.197094 , 0.0328258
7.21964 , -0.101581 , -0.199096 , 0.0281304 , -0.100635 , -0.198094 , 0.0238331
7.25319 , -0.0990217 , -0.20044 , 0.0206217 , -0.0988631 , -0.201113 , 0.0261636
7.28772 , -0.0971006 , -0.205327 , 0.0268316 , -0.0975949 , -0.204199 , 0.0260203
7.32135 , -0.0970602 , -0.204215 , 0.0258583 , -0.0949822 , -0.208697 , 0.0255848
7.35727 , -0.0947618 , -0.206623 , 0.0241807 , -0.0904745 , -0.205001 , 0.0193361
7.3922 , -0.0918245 , -0.205355 , 0.0212544 , -0.0911197 , -0.204478 , 0.0191641
7.42329 , -0.0902519 , -0.207959 , 0.017671 , -0.0905873 , -0.202046 , 0.0204001
7.45803 , -0.0904657 , -0.206504 , 0.0248768 , -0.0854237 , -0.220102 , 0.0139061
7.4871 , -0.089377 , -0.203763 , 0.0236833 , -0.089107 , -0.204796 , 0.0202721
7.52558 , -0.0906334 , -0.199508 , 0.0233121 , -0.0923105 , -0.2022 , 0.00540077
7.56009 , -0.0910796 , -0.200936 , 0.0167165 , -0.0939778 , -0.202472 , 0.0192942
7.59212 , -0.0977678 , -0.204106 , 0.0224942 , -0.0966962 , -0.207625 , 0.0177782
7.62112 , -0.102376 , -0.207833 , 0.018463 , -0.103182 , -0.208606 , 0.0203338
7.65701 , -0.108932 , -0.212022 , 0.0241341 , -0.118491 , -0.205489 , 0.0404096
7.69234 , -0.126095 , -0.211053 , 0.0453131 , -0.125334 , -0.214308 , 0.0388846
7.72111 , -0.132999 , -0.21666 , 0.0378647 , -0.132723 , -0.219636 , 0.0367309
7.7576 , -0.138517 , -0.228453 , 0.0352675 , -0.14074 , -0.221559 , 0.0399701
7.79094 , -0.14789 , -0.223821 , 0.0439314 , -0.148596 , -0.227265 , 0.0422094
7.82453 , -0.152796 , -0.227758 , 0.042227 , -0.152822 , -0.228368 , 0.0452447
7.85636 , -0.154349 , -0.233285 , 0.043377 , -0.152111 , -0.236634 , 0.0422186
7.89203 , -0.145516 , -0.245724 , 0.0308224 , -0.144613 , -0.244246 , 0.0305107
7.92502 , -0.14161 , -0.243133 , 0.0293252 , -0.137711 , -0.25678 , 0.0202908
7.96115 , -0.126858 , -0.256273 , 0.0142756 , -0.126408 , -0.257713 , 0.0111616
7.99187 , -0.114411 , -0.257469 , 0.00672647 , -0.1095 , -0.259857 , 0.0023987
8.02554 , -0.101518 , -0.260699 , -0.00487233 , -0.0970684 , -0.25976 , -0.00607141
8.06014 , -0.0903804 , -0.262022 , -0.0141382 , -0.0853531 , -0.261692 , -0.0142052
8.09228 , -0.0797131 , -0.260702 , -0.0178654 , -0.0720112 , -0.262455 , -0.0226934
8.12669 , -0.0644332 , -0.255713 , -0.0270084 , -0.0582229 , -0.262652 , -0.0335362
8.16315 , -0.0481769 , -0.261838 , -0.044983 , -0.0427885 , -0.259474 , -0.042158
8.1941 , -0.0332733 , -0.262723 , -0.0489777 , -0.0296837 , -0.260427 , -0.0508169
8.22644 , -0.0256258 , -0.26344 , -0.0549569 , -0.0238742 , -0.260786 , -0.0562831
8.26095 , -0.0223508 , -0.259957 , -0.0602354 , -0.0201053 , -0.258066 , -0.0593035
8.29481 , -0.0142994 , -0.259871 , -0.0677792 , -0.0132553 , -0.257547 , -0.0612375
8.32496 , -0.0113649 , -0.261655 , -0.0611755 , -0.00611789 , -0.253175 , -0.0617408
8.35954 , -0.00805707 , -0.256507 , -0.0578655 , 0.00166963 , -0.259224 , -0.0677677
8.39403 , 0.00115107 , -0.252621 , -0.0614471 , 0.0055088 , -0.252009 , -0.064384
8.42865 , 0.00982195 , -0.255108 , -0.0665142 , 0.00985415 , -0.246611 , -0.063987
8.46207 , 0.0081463 , -0.250282 , -0.0588398 , 0.0125937 , -0.244185 , -0.062165
8.49886 , 0.0163636 , -0.249617 , -0.0672645 , 0.0166896 , -0.239822 , -0.0608639
8.53321 , 0.0209424 , -0.246579 , -0.064433 , 0.0244455 , -0.242486 , -0.065702
8.56925 , 0.0315096 , -0.245225 , -0.0722329 , 0.03169 , -0.244504 , -0.0699645
8.61244 , 0.0361641 , -0.243265 , -0.0698496 , 0.0430875 , -0.24204 , -0.076059
8.64762 , 0.0464863 , -0.244967 , -0.0754004 , 0.0496879 , -0.243282 , -0.0717959
8.68193 , 0.0551782 , -0.241181 , -0.0740923 , 0.0568725 , -0.2433 , -0.0704243
8.71272 , 0.0588807 , -0.23857 , -0.0697712 , 0.0591443 , -0.242141 , -0.0673433
8.74705 , 0.0644082 , -0.236582 , -0.0682038 , 0.0636158 , -0.236845 , -0.0663379
8.78377 , 0.0666552 , -0.234272 , -0.0672794 , 0.0658505 , -0.234466 , -0.0690015
8.82017 , 0.0687928 , -0.230884 , -0.0675844 , 0.0683456 , -0.233149 , -0.067086
8.86312 , 0.0682184 , -0.231164 , -0.0615075 , 0.0627902 , -0.235677 , -0.053772
8.89742 , 0.0647235 , -0.243943 , -0.0526965 , 0.0649115 , -0.234162 , -0.0527591
8.9319 , 0.0644295 , -0.239461 , -0.0487626 , 0.0671473 , -0.241452 , -0.0561156
8.96545 , 0.0668981 , -0.23968 , -0.0548954 , 0.0691598 , -0.237301 , -0.0538116
8.99681 , 0.0650892 , -0.239047 , -0.0489854 , 0.0603038 , -0.233807 , -0.0496982
9.0316 , 0.0574487 , -0.241169 , -0.0515294 , 0.0549716 , -0.238464 , -0.0490494
9.06328 , 0.0483258 , -0.240186 , -0.0443507 , 0.0447456 , -0.243016 , -0.0400383
9.09981 , 0.0349927 , -0.233281 , -0.0329512 , 0.032565 , -0.245573 , -0.0382594
9.1352 , 0.0217482 , -0.233345 , -0.0222318 , 0.0107812 , -0.237376 , -0.0253326
9.16501 , -0.00291587 , -0.244038 , -0.0227911 , -0.00898519 , -0.235934 , -0.0140504
9.1994 , -0.0241107 , -0.227259 , -0.00346522 , -0.0310732 , -0.229948 , -0.00185374
9.23283 , -0.0468459 , -0.225972 , 0.00364156 , -0.0544749 , -0.227377 , 0.00243727
9.2674 , -0.0741876 , -0.225059 , 0.00702455 , -0.0801899 , -0.226092 , 0.00432863
9.30096 , -0.0975923 , -0.227931 , 0.00758089 , -0.100795 , -0.228226 , 0.0103159
9.33146 , -0.114072 , -0.222819 , 0.0181386 , -0.119899 , -0.222629 , 0.019184
9.36703 , -0.134291 , -0.21638 , 0.028308 , -0.138963 , -0.221342 , 0.0257663
9.40063 , -0.151047 , -0.219059 , 0.0329461 , -0.152743 , -0.210953 , 0.0361941
9.43521 , -0.16755 , -0.202787 , 0.0460108 , -0.170984 , -0.203575 , 0.0478927
9.46837 , -0.178033 , -0.192383 , 0.0558359 , -0.180158 , -0.195228 , 0.0579284
9.49941 , -0.186032 , -0.184094 , 0.0698341 , -0.187606 , -0.17958 , 0.0763236
9.53483 , -0.19226 , -0.170329 , 0.0868947 , -0.194475 , -0.16509 , 0.0959536
9.56837 , -0.198686 , -0.155637 , 0.106059 , -0.200198 , -0.151008 , 0.110553
9.60287 , -0.204517 , -0.141538 , 0.120854 , -0.206347 , -0.139431 , 0.123761
9.63375 , -0.206563 , -0.130341 , 0.121557 , -0.210315 , -0.141356 , 0.125632
9.66803 , -0.205192 , -0.135625 , 0.121307 , -0.204314 , -0.136556 , 0.11713
9.7026 , -0.197556 , -0.141712 , 0.112445 , -0.197971 , -0.13775 , 0.119336
9.73905 , -0.189849 , -0.133859 , 0.113011 , -0.185687 , -0.130889 , 0.11471
9.76769 , -0.176533 , -0.133067 , 0.107245 , -0.175121 , -0.13078 , 0.110513
9.8022 , -0.175496 , -0.131036 , 0.112047 , -0.172307 , -0.127629 , 0.109718
9.83881 , -0.171205 , -0.131872 , 0.100614 , -0.166156 , -0.124234 , 0.102544
9.86839 , -0.167505 , -0.130562 , 0.100813 , -0.164246 , -0.128957 , 0.0934781
9.90399 , -0.16155 , -0.135948 , 0.0878468 , -0.157657 , -0.130528 , 0.0928481
9.93847 , -0.153738 , -0.127873 , 0.0903542 , -0.153002 , -0.126856 , 0.0933681
9.9691 , -0.148373 , -0.124191 , 0.0938849 , -0.144516 , -0.12321 , 0.0958925
10.0043 , -0.138926 , -0.116833 , 0.0971525 , -0.134858 , -0.118283 , 0.0999114
10.0383 , -0.12979 , -0.113974 , 0.0984065 , -0.126392 , -0.115525 , 0.0978
10.0728 , -0.123506 , -0.113251 , 0.0899307 , -0.121383 , -0.117093 , 0.0937916
10.1062 , -0.118106 , -0.116032 , 0.0857935 , -0.115367 , -0.120802 , 0.0855785
10.1369 , -0.112222 , -0.12451 , 0.0812026 , -0.108789 , -0.129361 , 0.0805873
10.1716 , -0.104628 , -0.132132 , 0.076873 , -0.100042 , -0.132308 , 0.0759382
10.2061 , -0.0914997 , -0.141142 , 0.0694503 , -0.085051 , -0.142095 , 0.0724266
10.2404 , -0.0738732 , -0.144307 , 0.0675291 , -0.0644841 , -0.154415 , 0.0617876
10.2711 , -0.049826 , -0.157939 , 0.0562681 , -0.0420923 , -0.161097 , 0.0579417
10.3056 , -0.0330526 , -0.164464 , 0.0577828 , -0.0255285 , -0.166227 , 0.0552072
10.3393 , -0.0215733 , -0.163928 , 0.0552994 , -0.0228328 , -0.16804 , 0.0595702
10.3736 , -0.0182102 , -0.167591 , 0.0543274 , -0.0198103 , -0.168693 , 0.0579202
10.4082 , -0.0164217 , -0.162626 , 0.054502 , -0.015731 , -0.169127 , 0.0602997
10.4418 , -0.0127026 , -0.165134 , 0.0627349 , -0.0111684 , -0.171238 , 0.0657726
10.4723 , -0.00769253 , -0.16997 , 0.065166 , -0.0049302 , -0.173524 , 0.0636417
10.5079 , -0.0038573 , -0.168151 , 0.0653292 , -0.0037128 , -0.178615 , 0.0621098
10.5414 , -0.00493715 , -0.17699 , 0.0605717 , -0.006188 , -0.177267 , 0.0613282
10.5758 , -0.00921095 , -0.181604 , 0.056381 , -0.0100294 , -0.184385 , 0.0519546
10.6095 , -0.0156479 , -0.187861 , 0.0550931 , -0.0211955 , -0.193012 , 0.0528757
10.6404 , -0.0245362 , -0.197597 , 0.0446094 , -0.0296671 , -0.194908 , 0.0565328
10.6756 , -0.0363997 , -0.199534 , 0.0534735 , -0.0418764 , -0.201297 , 0.057595
10.709 , -0.0519321 , -0.202519 , 0.0574922 , -0.0555363 , -0.201852 , 0.0570383
10.7437 , -0.0654033 , -0.201902 , 0.060029 , -0.0679106 , -0.203485 , 0.0599536
10.7822 , -0.0754861 , -0.206831 , 0.0604679 , -0.0747242 , -0.209097 , 0.0562636
10.83 , -0.080428 , -0.213026 , 0.0525558 , -0.0797814 , -0.215059 , 0.0502685
10.87 , -0.0836931 , -0.215345 , 0.0484823 , -0.0809116 , -0.221335 , 0.0433619
10.9101 , -0.0805816 , -0.225867 , 0.0318272 , -0.0786588 , -0.221302 , 0.036204
10.9467 , -0.0757379 , -0.229458 , 0.0251781 , -0.0842689 , -0.229647 , 0.0284171
10.9779 , -0.0663713 , -0.230327 , 0.0202657 , -0.0853954 , -0.23356 , 0.0264622
11.0193 , -0.0531843 , -0.236547 , 0.0115046 , -0.0589348 , -0.232017 , 0.0164624
11.0625 , -0.0415464 , -0.237133 , 0.00504355 , -0.0405294 , -0.232388 , 0.00568774
11.0968 , -0.0344083 , -0.230144 , 0.00277692 , -0.031632 , -0.230146 , 0.000792696
11.1309 , -0.0280496 , -0.228909 , -0.00262209 , -0.022893 , -0.228782 , -0.00434172
11.1618 , -0.0184038 , -0.227913 , -0.00986443 , -0.0134422 , -0.227348 , -0.0124804
11.1954 , -0.0083342 , -0.232272 , -0.0205589 , -0.00363958 , -0.234878 , -0.0237603
11.2301 , 9.44255e-05 , -0.237071 , -0.0279924 , 0.00203595 , -0.235406 , -0.0286421
11.2644 , 0.00423812 , -0.239666 , -0.0335037 , 0.00777117 , -0.235927 , -0.0392865
11.2973 , 0.00947001 , -0.237848 , -0.0440444 , 0.0124452 , -0.234533 , -0.0411478
11.328 , 0.0112439 , -0.233155 , -0.0385449 , 0.01661 , -0.235896 , -0.0449351
11.3615 , 0.0120978 , -0.23146 , -0.0376915 , 0.01433 , -0.232024 , -0.0385837
11.3959 , 0.00950507 , -0.228818 , -0.0325082 , 0.010647 , -0.22714 , -0.0302988
11.4307 , 0.00693175 , -0.226002 , -0.0266746 , 0.0092188 , -0.226169 , -0.0293631
11.4643 , 0.00620199 , -0.225567 , -0.0237317 , 0.0098495 , -0.232363 , -0.0272262
11.4988 , 0.00927399 , -0.232967 , -0.0299539 , 0.0199984 , -0.234553 , -0.0447847
11.5296 , 0.0194883 , -0.232157 , -0.0436473 , 0.022141 , -0.233147 , -0.0444296
11.5638 , 0.0214898 , -0.229772 , -0.0452267 , 0.0252858 , -0.229928 , -0.0441032
11.5983 , 0.0270368 , -0.234398 , -0.0472625 , 0.0272806 , -0.230168 , -0.0437999
11.6319 , 0.0288168 , -0.237526 , -0.0458412 , 0.0321038 , -0.232166 , -0.0510093
11.6663 , 0.0305732 , -0.239437 , -0.0468673 , 0.0351835 , -0.238709 , -0.0560747
11.7037 , 0.0385345 , -0.242911 , -0.0590995 , 0.0383149 , -0.240643 , -0.05753
11.7382 , 0.0444992 , -0.242103 , -0.0625625 , 0.0426839 , -0.239973 , -0.0579105
11.7712 , 0.0465507 , -0.238928 , -0.0583357 , 0.0464923 , -0.237503 , -0.0550269
11.8018 , 0.0500346 , -0.237626 , -0.0552368 , 0.0519417 , -0.231856 , -0.0593651
11.8346 , 0.0549368 , -0.239248 , -0.0549246 , 0.0570202 , -0.229984 , -0.0588504
11.8669 , 0.0628615 , -0.236812 , -0.0647398 , 0.0595947 , -0.234655 , -0.0602265
11.8993 , 0.0607467 , -0.23992 , -0.0594431 , 0.061648 , -0.232898 , -0.0610223
11.9339 , 0.0637101 , -0.24188 , -0.0630785 , 0.0579984 , -0.238444 , -0.0509503
11.9684 , 0.0611679 , -0.24531 , -0.0514829 , 0.0606142 , -0.244156 , -0.050822
12.0026 , 0.0620622 , -0.237606 , -0.0553291 , 0.0658989 , -0.244641 , -0.0602108
12.0375 , 0.0666549 , -0.250752 , -0.0622653 , 0.0650466 , -0.245945 , -0.0585045
12.0669 , 0.0625937 , -0.249722 , -0.0573431 , 0.0642656 , -0.249269 , -0.0591589
12.102 , 0.0641271 , -0.251825 , -0.0656764 , 0.0618382 , -0.250181 , -0.0596116
12.1381 , 0.0592528 , -0.257289 , -0.0674099 , 0.0589303 , -0.251038 , -0.0636159
12.1685 , 0.0557633 , -0.255882 , -0.0695445 , 0.0529867 , -0.250817 , -0.0649946
12.2028 , 0.0448163 , -0.255566 , -0.0659587 , 0.042862 , -0.255333 , -0.0589589
12.2372 , 0.0355747 , -0.256376 , -0.0596697 , 0.0338666 , -0.258054 , -0.0625264
12.2708 , 0.0230044 , -0.258238 , -0.0583286 , 0.0206745 , -0.260863 , -0.0612188
12.3053 , 0.00782554 , -0.262478 , -0.0582891 , 0.00374779 , -0.247868 , -0.0466588
12.3392 , -0.00783626 , -0.255127 , -0.0493085 , -0.0161813 , -0.253146 , -0.0465907
12.3714 , -0.0253968 , -0.248988 , -0.0401686 , -0.0298489 , -0.247628 , -0.0401658
12.4015 , -0.0441362 , -0.249413 , -0.0369393 , -0.0486465 , -0.245329 , -0.0317773
12.4375 , -0.0639587 , -0.253035 , -0.0328281 , -0.0622699 , -0.250999 , -0.0388073
12.4731 , -0.077784 , -0.243731 , -0.0184008 , -0.0839653 , -0.255618 , -0.0247198
12.5036 , -0.0976904 , -0.244294 , -0.0139999 , -0.100301 , -0.246508 , -0.0129215
12.5385 , -0.108506 , -0.239044 , -0.00725406 , -0.112144 , -0.235679 , -0.00408645
12.5713 , -0.119859 , -0.230888 , 0.00519237 , -0.118388 , -0.233298 , 0.00336463
12.6056 , -0.122646 , -0.22606 , 0.0113447 , -0.124293 , -0.2246 , 0.0156419
12.6407 , -0.127741 , -0.216196 , 0.0212559 , -0.12882 , -0.213925 , 0.0246014
12.6738 , -0.132028 , -0.207268 , 0.0312755 , -0.132347 , -0.208786 , 0.0357159
12.7037 , -0.13284 , -0.20128 , 0.0369285 , -0.133884 , -0.202548 , 0.0397307
12.7391 , -0.130092 , -0.197019 , 0.0407729 , -0.133175 , -0.197086 , 0.0420541
12.7725 , -0.129558 , -0.187737 , 0.0476653 , -0.132767 , -0.192775 , 0.0480472
12.807 , -0.125084 , -0.184137 , 0.0509208 , -0.126987 , -0.179022 , 0.0599569
12.8377 , -0.121277 , -0.173095 , 0.0525765 , -0.123299 , -0.174036 , 0.0532499
12.8722 , -0.118149 , -0.166034 , 0.053799 , -0.117347 , -0.1614 , 0.0594355
12.9068 , -0.116318 , -0.149255 , 0.0636682 , -0.114569 , -0.147526 , 0.0676424
12.9403 , -0.113139 , -0.140593 , 0.0721999 , -0.113056 , -0.138728 , 0.0768169
12.9749 , -0.112781 , -0.132798 , 0.0803111 , -0.110862 , -0.131049 , 0.0801772
13.0075 , -0.112944 , -0.126322 , 0.0853378 , -0.113583 , -0.127238 , 0.0868462
13.0405 , -0.113123 , -0.125996 , 0.084558 , -0.111341 , -0.129178 , 0.0842411
13.0746 , -0.108822 , -0.126972 , 0.0795258 , -0.10765 , -0.13172 , 0.0804688
13.1081 , -0.104741 , -0.133903 , 0.074595 , -0.103405 , -0.139398 , 0.0720662
13.1427 , -0.0997271 , -0.144533 , 0.0693149 , -0.0943261 , -0.144762 , 0.0662005
13.1738 , -0.0888985 , -0.145593 , 0.0622678 , -0.0848409 , -0.15029 , 0.0658364
13.2078 , -0.0779837 , -0.149026 , 0.0644891 , -0.070984 , -0.150487 , 0.0656372
13.2423 , -0.062711 , -0.149759 , 0.0649757 , -0.0540915 , -0.152537 , 0.0626947
13.2759 , -0.0466438 , -0.150942 , 0.0613207 , -0.0379495 , -0.155233 , 0.0593202
13.3103 , -0.0273974 , -0.157351 , 0.0569369 , -0.0193216 , -0.15875 , 0.0577964
13.341 , -0.0156774 , -0.16536 , 0.0639262 , -0.0135375 , -0.162136 , 0.0630142
13.3757 , -0.0122182 , -0.170639 , 0.0622563 , -0.0117944 , -0.174211 , 0.0603964
13.412 , -0.00958444 , -0.17949 , 0.0567698 , -0.00696097 , -0.180536 , 0.0505669
13.4453 , -0.00386701 , -0.184926 , 0.0450411 , -0.00084799 , -0.187088 , 0.0436455
13.4782 , 0.00181039 , -0.193495 , 0.0423497 , 0.00412191 , -0.192971 , 0.0403956
13.5089 , 0.0079103 , -0.200294 , 0.0386747 , 0.0115548 , -0.196249 , 0.0368631
13.5433 , 0.0141043 , -0.198899 , 0.0365166 , 0.0163621 , -0.201043 , 0.0374047
13.5779 , 0.0168456 , -0.201437 , 0.0359482 , 0.0159156 , -0.203961 , 0.0374961
13.6123 , 0.0111016 , -0.1993 , 0.041039 , 0.00978888 , -0.199285 , 0.0424984
13.6459 , 0.00357934 , -0.198653 , 0.0419448 , -0.000127322 , -0.197913 , 0.0436117
13.6802 , -0.00424229 , -0.204455 , 0.0281784 , -0.00963316 , -0.202355 , 0.0353488
13.7102 , -0.0167172 , -0.206512 , 0.0245993 , -0.0197867 , -0.214643 , 0.0185144
13.7457 , -0.0305396 , -0.211203 , 0.0166839 , -0.031048 , -0.220342 , 0.00643854
13.7802 , -0.0423682 , -0.216831 , 0.0122372 , -0.0402608 , -0.226368 , 0.00284328
13.8137 , -0.0447279 , -0.226429 , 0.00066063 , -0.0448917 , -0.232014 , -0.00195734
13.8444 , -0.0497029 , -0.233331 , -0.00513661 , -0.0487169 , -0.2356 , -0.00547163
13.8828 , -0.0495854 , -0.237112 , -0.0123538 , -0.0472068 , -0.236348 , -0.0133918
13.9115 , -0.0475698 , -0.240033 , -0.0185639 , -0.043499 , -0.23701 , -0.0179942
13.9485 , -0.04157 , -0.232471 , -0.0196077 , -0.0657282 , -0.233296 , -0.0111854
13.9836 , -0.0327446 , -0.229839 , -0.01973 , -0.061702 , -0.230365 , -0.011323
14.0135 , -0.0219228 , -0.229556 , -0.0235052 , -0.0287314 , -0.228364 , -0.0201019
14.0476 , -0.0109701 , -0.228614 , -0.028174 , -0.0112792 , -0.225932 , -0.025285
14.0792 , -0.00333078 , -0.227142 , -0.0302541 , 5.34293e-05 , -0.227778 , -0.0310667
14.1157 , 0.00394378 , -0.227735 , -0.0341453 , 0.00791386 , -0.232777 , -0.0386006
14.1462 , 0.0112178 , -0.23643 , -0.0446082 , 0.0142633 , -0.241112 , -0.046
14.1799 , 0.016152 , -0.245392 , -0.0502105 , 0.020033 , -0.248565 , -0.0524532
14.2154 , 0.0212753 , -0.254042 , -0.0582023 , 0.0228362 , -0.253041 , -0.0614618
14.247 , 0.0225074 , -0.254343 , -0.0627463 , 0.0243706 , -0.259444 , -0.0601134
14.2834 , 0.0245664 , -0.255601 , -0.0601548 , 0.0258148 , -0.252355 , -0.0569547
14.317 , 0.0189336 , -0.248448 , -0.046701 , 0.0216069 , -0.245111 , -0.0498355
14.3516 , 0.0170878 , -0.241605 , -0.0433798 , 0.0175683 , -0.236295 , -0.0405444
14.3886 , 0.0121247 , -0.235352 , -0.0342578 , 0.012088 , -0.235248 , -0.0270783
14.4179 , 0.0085479 , -0.236651 , -0.0245369 , 0.0100236 , -0.234953 , -0.020865
14.451 , 0.00519952 , -0.235341 , -0.0184005 , 0.00789888 , -0.231851 , -0.0210092
14.4818 , 0.00757267 , -0.240353 , -0.0221835 , 0.00558782 , -0.234619 , -0.0224059
14.5164 , 0.00375456 , -0.240489 , -0.0208818 , 0.0125238 , -0.245713 , -0.040143
14.5509 , 0.013422 , -0.249971 , -0.0419518 , 0.0144782 , -0.247264 , -0.0454677
14.588 , 0.0139747 , -0.251592 , -0.0474322 , 0.0144133 , -0.249621 , -0.0469664
14.6192 , 0.0153781 , -0.253783 , -0.0496298 , 0.0159519 , -0.255877 , -0.0498446
14.6495 , 0.0176217 , -0.250235 , -0.0488425 , 0.0182632 , -0.256416 , -0.0532182
14.6841 , 0.02171 , -0.257437 , -0.0558236 , 0.0223155 , -0.256764 , -0.0582386
14.7184 , 0.0246361 , -0.257954 , -0.0559313 , 0.025577 , -0.257088 , -0.0590562
14.7521 , 0.0292047 , -0.259536 , -0.0605321 , 0.0319821 , -0.263708 , -0.0666063
14.7899 , 0.0336533 , -0.263184 , -0.0676102 , 0.0346531 , -0.261814 , -0.0650171
14.8263 , 0.0366838 , -0.261703 , -0.0636168 , 0.0366696 , -0.261122 , -0.0649535
14.8706 , 0.0389358 , -0.261009 , -0.0630113 , 0.0393521 , -0.259971 , -0.0651815
14.9012 , 0.0426537 , -0.259233 , -0.0661564 , 0.0430014 , -0.259102 , -0.0663634
14.9357 , 0.0457823 , -0.260363 , -0.0666953 , 0.0450383 , -0.259041 , -0.0670025
14.9702 , 0.0487334 , -0.257323 , -0.069325 , 0.0507264 , -0.263834 , -0.0759599
15.004 , 0.0529632 , -0.259702 , -0.0732535 , 0.052529 , -0.262911 , -0.075385
15.0384 , 0.0501365 , -0.270477 , -0.0655814 , 0.0567057 , -0.261508 , -0.0810634
15.0691 , 0.0505787 , -0.272872 , -0.0689609 , 0.0523884 , -0.271059 , -0.0689933
15.1035 , 0.0519235 , -0.275458 , -0.0694559 , 0.0540575 , -0.276016 , -0.073014
15.1381 , 0.0561503 , -0.279896 , -0.0784938 , 0.0567861 , -0.279226 , -0.0812341
15.1724 , 0.0561527 , -0.280826 , -0.0823656 , 0.0538368 , -0.280391 , -0.0811434
15.206 , 0.0562617 , -0.285827 , -0.0879116 , 0.0558939 , -0.284257 , -0.0860169
15.2367 , 0.0512112 , -0.285808 , -0.0866664 , 0.0516791 , -0.2858 , -0.0899257
15.2712 , 0.0462696 , -0.291248 , -0.0953364 , 0.0431667 , -0.285989 , -0.0865469
15.3058 , 0.0346627 , -0.289412 , -0.0860461 , 0.0310883 , -0.291389 , -0.0866157
15.3403 , 0.0204863 , -0.297254 , -0.0815046 , 0.0172854 , -0.291021 , -0.0822706
15.3709 , 0.00423385 , -0.292476 , -0.0796383 , -0.00077817 , -0.289884 , -0.0769477
15.4055 , -0.0130968 , -0.28844 , -0.075533 , -0.0203571 , -0.286892 , -0.0703708
15.4392 , -0.0327113 , -0.283565 , -0.0700584 , -0.0403024 , -0.281332 , -0.0643082
15.4741 , -0.0549444 , -0.280825 , -0.0615579 , -0.0623432 , -0.277705 , -0.0558579
15.5079 , -0.0752107 , -0.276504 , -0.0544475 , -0.0822208 , -0.276606 , -0.0486584
15.5465 , -0.0950351 , -0.276632 , -0.0440602 , -0.102974 , -0.280028 , -0.0445153
15.5788 , -0.111455 , -0.273343 , -0.0389659 , -0.115391 , -0.275492 , -0.0376445
15.6138 , -0.123894 , -0.273462 , -0.0325981 , -0.124901 , -0.272543 , -0.0371752
15.6437 , -0.135002 , -0.27315 , -0.0358586 , -0.13466 , -0.27073 , -0.0347569
15.6761 , -0.13888 , -0.270125 , -0.0326841 , -0.137538 , -0.268961 , -0.0332861
15.7094 , -0.138082 , -0.268644 , -0.0305918 , -0.137999 , -0.268927 , -0.0284664
15.74 , -0.135854 , -0.267104 , -0.0308995 , -0.137304 , -0.262762 , -0.018332
15.7754 , -0.136416 , -0.259012 , -0.0229512 , -0.134934 , -0.257319 , -0.0187821
15.8149 , -0.132407 , -0.251575 , -0.0182596 , -0.131116 , -0.245889 , -0.014961
15.8462 , -0.1297 , -0.238525 , -0.0069458 , -0.128325 , -0.233652 , -0.00550556
15.8777 , -0.130223 , -0.224537 , 0.00495187 , -0.128711 , -0.223487 , 0.0027239
15.9116 , -0.126582 , -0.218572 , 0.00255593 , -0.12396 , -0.21592 , 0.00185164
15.9441 , -0.124929 , -0.2194 , 0.00098454 , -0.122711 , -0.221961 , -0.00843017
15.9797 , -0.123396 , -0.220443 , -0.00917149 , -0.122968 , -0.224317 , -0.00638353
16.0137 , -0.122621 , -0.22067 , -0.00555251 , -0.121533 , -0.220306 , -0.00369632
16.0455 , -0.121743 , -0.222525 , -0.00471049 , -0.120871 , -0.217625 , -0.000639539
16.082 , -0.122398 , -0.217326 , -0.00146418 , -0.119127 , -0.216558 , -0.00426137
16.1123 , -0.122752 , -0.213563 , 0.000662413 , -0.119687 , -0.210811 , -0.000799777
16.1523 , -0.122389 , -0.206624 , 0.0029475 , -0.120148 , -0.207498 , 0.0025626
16.1957 , -0.120458 , -0.205198 , 0.00316739 , -0.117629 , -0.204396 , 0.00252956
16.2286 , -0.118882 , -0.200962 , 0.00467758 , -0.116031 , -0.203289 , 0.00299301
16.2646 , -0.113832 , -0.205469 , -0.00210187 , -0.11103 , -0.206899 , -0.0019262
16.2962 , -0.110505 , -0.211307 , -0.000878803 , -0.107828 , -0.212681 , -0.00644559
16.3327 , -0.107824 , -0.212965 , -0.00520967 , -0.105627 , -0.216193 , -0.00603638
16.3638 , -0.104841 , -0.217007 , -0.00647366 , -0.102692 , -0.216407 , -0.0102437
16.402 , -0.104793 , -0.217335 , -0.00354385 , -0.101819 , -0.216872 , -0.00888622
16.4334 , -0.104625 , -0.214194 , 0.000804763 , -0.102258 , -0.215818 , 0.000173625
16.462 , -0.103743 , -0.217266 , 0.00391604 , -0.0999418 , -0.208717 , 0.00223698
16.4965 , -0.101067 , -0.211728 , 0.00403863 , -0.098741 , -0.20634 , 0.00281499
16.5321 , -0.0984016 , -0.207341 , -0.00271894 , -0.097645 , -0.206899 , -0.00560864
16.5651 , -0.0995751 , -0.20335 , -0.00455512 , -0.0980554 , -0.206919 , -0.00366292
16.6002 , -0.100212 , -0.204168 , 0.000346963 , -0.0976308 , -0.20812 , -0.00516562
16.6337 , -0.0986306 , -0.210437 , -0.0108598 , -0.101264 , -0.211885 , -0.00287605
16.6646 , -0.103881 , -0.21308 , -0.00570545 , -0.104992 , -0.216715 , -0.00359345
16.6999 , -0.110485 , -0.215033 , 0.00541374 , -0.112037 , -0.21519 , 0.00921223
16.7343 , -0.116805 , -0.213616 , 0.0150024 , -0.118007 , -0.218041 , 0.0158921
16.7644 , -0.122235 , -0.217697 , 0.0182689 , -0.123554 , -0.220921 , 0.0203853
16.7979 , -0.127558 , -0.221855 , 0.0207532 , -0.12695 , -0.227019 , 0.0233975
16.8315 , -0.12582 , -0.233289 , 0.0133989 , -0.126363 , -0.231034 , 0.0187071
16.8659 , -0.123441 , -0.236085 , 0.0128992 , -0.120614 , -0.239033 , 0.0113766
16.9004 , -0.118654 , -0.236307 , 0.0089598 , -0.118847 , -0.245195 , 0.00662762
16.9348 , -0.104369 , -0.244446 , 0.000554198 , -0.12308 , -0.24678 , 0.00523255
16.9651 , -0.0952907 , -0.249202 , -0.0073351 , -0.0965125 , -0.25195 , -0.0117006
16.9993 , -0.0822695 , -0.253266 , -0.0177788 , -0.0781576 , -0.254114 , -0.0245737
17.0339 , -0.066478 , -0.260153 , -0.0380345 , -0.064112 , -0.262386 , -0.0354062
17.0682 , -0.0560324 , -0.267524 , -0.0443327 , -0.0491992 , -0.272429 , -0.0516503
17.1018 , -0.0462131 , -0.272579 , -0.0568226 , -0.0372243 , -0.279959 , -0.0661726
17.139 , -0.033598 , -0.279307 , -0.069992 , -0.0310872 , -0.284987 , -0.071627
17.1742 , -0.0287843 , -0.287889 , -0.0761875 , -0.0294178 , -0.288234 , -0.0738821
17.2035 , -0.0300869 , -0.289177 , -0.0753062 , -0.0283225 , -0.283501 , -0.0736703
17.2363 , -0.0320659 , -0.280095 , -0.0665362 , -0.0309241 , -0.280187 , -0.0683887
17.2696 , -0.0341694 , -0.271132 , -0.065496 , -0.0350632 , -0.272595 , -0.0603093
17.3012 , -0.0398083 , -0.267116 , -0.0549197 , -0.0398848 , -0.268347 , -0.0521464
17.3357 , -0.0425237 , -0.266207 , -0.0515231 , -0.0417007 , -0.2653 , -0.0508315
17.3695 , -0.0460233 , -0.266577 , -0.0442908 , -0.0478441 , -0.265215 , -0.0413747
17.4009 , -0.0522131 , -0.267802 , -0.0336716 , -0.0530922 , -0.266081 , -0.029138
17.4373 , -0.0562864 , -0.264725 , -0.0252994 , -0.0538939 , -0.273598 , -0.0336341
17.468 , -0.0487433 , -0.273831 , -0.0446278 , -0.0523426 , -0.285246 , -0.0443869
17.5036 , -0.0506725 , -0.2848 , -0.0482626 , -0.0501759 , -0.273906 , -0.0471413
17.5369 , -0.0536885 , -0.281005 , -0.0484042 , -0.0513341 , -0.287224 , -0.0506499
17.5715 , -0.0509407 , -0.289684 , -0.0526518 , -0.0499769 , -0.285995 , -0.0546906
17.6053 , -0.049194 , -0.289509 , -0.0574417 , -0.048427 , -0.291142 , -0.0582255
17.6357 , -0.048255 , -0.293551 , -0.0585219 , -0.0484372 , -0.291162 , -0.0597071
17.6728 , -0.0446456 , -0.294175 , -0.0629825 , -0.0436006 , -0.294903 , -0.0666885
17.7063 , -0.0420759 , -0.296785 , -0.0683122 , -0.0418106 , -0.290928 , -0.0673971
17.7408 , -0.0410092 , -0.296043 , -0.0692586 , -0.0398999 , -0.295274 , -0.0716093
17.7737 , -0.0377802 , -0.296804 , -0.0714626 , -0.0384275 , -0.296227 , -0.0716809
17.8035 , -0.0360042 , -0.295991 , -0.0716053 , -0.036986 , -0.295782 , -0.0701551
17.8394 , -0.0341741 , -0.29563 , -0.0704911 , -0.0347754 , -0.295853 , -0.0711408
17.8725 , -0.0311669 , -0.295863 , -0.0735045 , -0.0325347 , -0.296423 , -0.0732791
17.9071 , -0.0281821 , -0.295909 , -0.0762465 , -0.0297375 , -0.296938 , -0.0772902
17.9379 , -0.0252543 , -0.295672 , -0.0783471 , -0.0258298 , -0.296007 , -0.0784212
17.9722 , -0.0219041 , -0.293715 , -0.0801431 , -0.0213604 , -0.293227 , -0.0805545
18.0049 , -0.0180305 , -0.292377 , -0.082154 , -0.0176862 , -0.291915 , -0.083912
18.041 , -0.0140085 , -0.293603 , -0.0835659 , -0.0135325 , -0.292673 , -0.0846068
18.0721 , -0.00841591 , -0.302054 , -0.0863782 , -0.00888265 , -0.292819 , -0.0861125
18.1065 , -0.00425895 , -0.301389 , -0.0909596 , -0.00525122 , -0.293268 , -0.0877713
18.1402 , -0.0017671 , -0.304656 , -0.0924529 , -0.0108808 , -0.298262 , -0.0765851
18.1747 , -0.00635761 , -0.299919 , -0.0853487 , -0.00607822 , -0.305573 , -0.0838376
18.2081 , -0.00213494 , -0.30074 , -0.0911399 , -0.00337239 , -0.306994 , -0.0889853
18.2425 , -0.00232578 , -0.304293 , -0.0921393 , 0.000128576 , -0.311577 , -0.0913595
18.2732 , 0.00468094 , -0.312763 , -0.0976993 , 0.00501212 , -0.313526 , -0.100223
18.3077 , 0.0058775 , -0.31436 , -0.101491 , 0.00609534 , -0.315852 , -0.102911
18.3441 , 0.00437839 , -0.317528 , -0.104424 , 0.00314282 , -0.321234 , -0.104126
18.3783 , 0.000973549 , -0.320347 , -0.100907 , -0.00190496 , -0.324044 , -0.099596
18.4121 , -0.00701404 , -0.324917 , -0.0952175 , -0.0080466 , -0.322893 , -0.0936259
18.4426 , -0.0155609 , -0.323171 , -0.0884434 , -0.0166512 , -0.321309 , -0.0882207
18.4775 , -0.0273695 , -0.318665 , -0.0776536 , -0.0263928 , -0.321928 , -0.0826351
18.5115 , -0.0359954 , -0.317331 , -0.0757191 , -0.0388242 , -0.319478 , -0.0742704
18.5456 , -0.0470295 , -0.318977 , -0.0711268 , -0.0503711 , -0.320042 , -0.0676085
18.5754 , -0.0573135 , -0.318997 , -0.06631 , -0.0582002 , -0.32549 , -0.0694362
18.6088 , -0.0678579 , -0.318469 , -0.0623512 , -0.0694508 , -0.326974 , -0.0643078
18.6433 , -0.0804775 , -0.326466 , -0.0606552 , -0.0779592 , -0.324286 , -0.0600373
18.6779 , -0.0864712 , -0.313955 , -0.0555825 , -0.0885624 , -0.325763 , -0.0577431
18.7125 , -0.0934982 , -0.316074 , -0.0534202 , -0.0950066 , -0.315253 , -0.0516631
18.7461 , -0.0979629 , -0.310526 , -0.0465053 , -0.0990297 , -0.305562 , -0.0394706
18.7764 , -0.100946 , -0.300701 , -0.0376591 , -0.102139 , -0.298833 , -0.0334927
18.8168 , -0.100454 , -0.299699 , -0.0350279 , -0.101206 , -0.297089 , -0.0354513
18.8517 , -0.101854 , -0.292699 , -0.0332716 , -0.104065 , -0.294891 , -0.0329248
18.8831 , -0.103872 , -0.293748 , -0.0315479 , -0.104737 , -0.291994 , -0.0313308
18.914 , -0.105421 , -0.289679 , -0.0325723 , -0.105201 , -0.291965 , -0.03357
18.9478 , -0.103361 , -0.29173 , -0.0365962 , -0.101976 , -0.290158 , -0.0374309
18.9834 , -0.100004 , -0.291348 , -0.0413078 , -0.100877 , -0.287724 , -0.0367103
19.0167 , -0.101773 , -0.28559 , -0.0361629 , -0.101407 , -0.283757 , -0.0358236
19.0538 , -0.101804 , -0.282857 , -0.038684 , -0.101463 , -0.28468 , -0.037009
19.1005 , -0.101623 , -0.283535 , -0.0422758 , -0.0993864 , -0.285636 , -0.0405979
19.1349 , -0.103149 , -0.283849 , -0.0368723 , -0.102024 , -0.284903 , -0.0387617
19.1676 , -0.10391 , -0.282553 , -0.0336521 , -0.103163 , -0.279974 , -0.0329959
19.1962 , -0.104269 , -0.278221 , -0.0295551 , -0.103296 , -0.275179 , -0.0289884
19.2313 , -0.105837 , -0.272093 , -0.0226995 , -0.104798 , -0.269129 , -0.0240136
19.2629 , -0.108664 , -0.266859 , -0.0193813 , -0.108376 , -0.265162 , -0.0176233
19.2994 , -0.110351 , -0.263047 , -0.0152493 , -0.109385 , -0.261318 , -0.0140093
19.3387 , -0.111508 , -0.259776 , -0.0123225 , -0.11094 , -0.25952 , -0.0109198
19.3883 , -0.111132 , -0.257452 , -0.0111707 , -0.109475 , -0.257458 , -0.00991252
19.4253 , -0.111086 , -0.257278 , -0.00814903 , -0.111735 , -0.255696 , -0.00230312
19.4665 , -0.111993 , -0.255645 , 0.00118411 , -0.11189 , -0.253743 , 0.00824646
19.4979 , -0.11146 , -0.253142 , 0.0101252 , -0.112147 , -0.253685 , 0.0172818
19.5325 , -0.110327 , -0.258708 , 0.011777 , -0.109379 , -0.257892 , 0.0138312
19.5671 , -0.109577 , -0.262289 , 0.0141251 , -0.107489 , -0.264681 , 0.0116603
19.6005 , -0.105933 , -0.262432 , 0.0142131 , -0.104227 , -0.268066 , 0.00833281
19.6367 , -0.100641 , -0.271567 , 0.000994502 , -0.101512 , -0.265684 , 0.00774021
19.6673 , -0.100053 , -0.267835 , 0.00631056 , -0.100464 , -0.264621 , 0.0112768
19.7009 , -0.100348 , -0.260177 , 0.0131026 , -0.0990452 , -0.254159 , 0.0138061
19.7342 , -0.0992341 , -0.249545 , 0.0180676 , -0.0997858 , -0.24587 , 0.0215102
19.7699 , -0.0991102 , -0.242451 , 0.0192854 , -0.101309 , -0.242231 , 0.0255226
19.8044 , -0.103133 , -0.242647 , 0.0279626 , -0.102238 , -0.245708 , 0.027291
19.8351 , -0.102663 , -0.249966 , 0.0252477 , -0.103111 , -0.253088 , 0.027707
19.8689 , -0.099648 , -0.259238 , 0.0176486 , -0.102989 , -0.258798 , 0.0216696
19.9044 , -0.102795 , -0.261455 , 0.0166598 , -0.100858 , -0.261267 , 0.0118229
19.9354 , -0.103338 , -0.25954 , 0.0112231 , -0.102115 , -0.260258 , 0.00629519
19.9722 , -0.102785 , -0.258437 , -0.000234497 , -0.101554 , -0.261496 , -0.00281647
20.0036 , -0.0999558 , -0.263237 , -0.0086364 , -0.120147 , -0.259006 , -0.00385662
20.0375 , -0.0999803 , -0.255383 , -0.0136917 , -0.12601 , -0.255496 , -0.00721271
20.0729 , -0.098644 , -0.248171 , -0.0144862 , -0.121843 , -0.253294 , -0.00990127
20.1065 , -0.0915658 , -0.250344 , -0.0178951 , -0.112786 , -0.238688 , -0.0108949
20.1402 , -0.0891685 , -0.241631 , -0.0172956 , -0.101469 , -0.244169 , -0.0139311
20.1698 , -0.0816826 , -0.252024 , -0.0255538 , -0.0875467 , -0.261006 , -0.0288072
20.2056 , -0.075625 , -0.262184 , -0.0352523 , -0.0766653 , -0.26374 , -0.0346283
20.2363 , -0.0726501 , -0.260365 , -0.0356206 , -0.0707572 , -0.262488 , -0.0379886
20.2725 , -0.0670833 , -0.265143 , -0.0430758 , -0.0664072 , -0.266206 , -0.0420957
20.3062 , -0.0645086 , -0.269996 , -0.0430826 , -0.0633842 , -0.269203 , -0.0471497
20.3387 , -0.0626023 , -0.27553 , -0.0497245 , -0.0813212 , -0.283719 , -0.000996845
20.3725 , -0.0595175 , -0.283226 , -0.06202 , -0.0900293 , -0.295814 , -0.0058789
20.408 , -0.057225 , -0.291837 , -0.0683417 , -0.094127 , -0.297801 , -0.00867766
20.4396 , -0.0563422 , -0.298979 , -0.0760242 , -0.0948355 , -0.300518 , -0.0113388
20.4762 , -0.0549019 , -0.305687 , -0.0823401 , -0.094068 , -0.303805 , -0.0147095
20.5103 , -0.0549812 , -0.307084 , -0.0902016 , -0.0938437 , -0.308343 , -0.0186617
20.5414 , -0.0477817 , -0.317671 , -0.0987673 , -0.092735 , -0.312691 , -0.0223276
20.5745 , -0.0330901 , -0.320708 , -0.103459 , -0.0895269 , -0.31431 , -0.0267955
20.6103 , -0.0171752 , -0.310926 , -0.112394 , -0.087481 , -0.302887 , -0.0306653
20.6466 , -0.0208822 , -0.308313 , -0.0980145 , -0.082772 , -0.308134 , -0.0334172
20.6814 , -0.0188974 , -0.302532 , -0.0636494 , -0.0790553 , -0.29563 , -0.0329143
20.7282 , -0.0261348 , -0.298334 , -0.0363934 , -0.077548 , -0.282138 , -0.0314847
20.7595 , -0.0374396 , -0.293374 , -0.0179408 , -0.0751285 , -0.27584 , -0.0334333
20.7941 , -0.0412794 , -0.282412 , -0.00237095 , -0.0728624 , -0.274331 , -0.0378373
20.8257 , -0.0372659 , -0.278734 , -0.003065 , -0.0703133 , -0.271184 , -0.0432615
20.862 , -0.0324787 , -0.274795 , -0.00990236 , -0.0674114 , -0.264793 , -0.048165
20.8967 , -0.0285671 , -0.268133 , -0.0138148 , -0.0630777 , -0.267212 , -0.0534163
20.9279 , -0.0250212 , -0.273834 , -0.0177246 , -0.0601846 , -0.264718 , -0.0570419
20.9601 , -0.0270353 , -0.273555 , -0.0167708 , -0.0611605 , -0.251244 , -0.0570054
20.9953 , -0.0281512 , -0.272976 , -0.0157157 , -0.0591228 , -0.256695 , -0.0588986
21.0308 , -0.0293825 , -0.271628 , -0.016682 , -0.0561652 , -0.258609 , -0.0633332
21.0623 , -0.0306941 , -0.271571 , -0.0171417 , -0.054211 , -0.259281 , -0.0673945
21.0939 , -0.0345894 , -0.262121 , -0.012488 , -0.0540512 , -0.254793 , -0.0687868
21.1274 , -0.0314529 , -0.27387 , -0.017189 , -0.0523219 , -0.261786 , -0.070245
21.1607 , -0.0366335 , -0.265155 , -0.00751482 , -0.0492708 , -0.272038 , -0.0731802
21.1971 , -0.0300584 , -0.280564 , -0.0234745 , -0.0477436 , -0.271239 , -0.0752663
21.2319 , -0.0265187 , -0.280339 , -0.0243225 , -0.047978 , -0.26141 , -0.0743283
21.2661 , -0.0279819 , -0.27145 , -0.022569 , -0.0475447 , -0.261236 , -0.0734767
21.2973 , -0.0274715 , -0.272727 , -0.0235961 , -0.0474743 , -0.262927 , -0.0742868
21.3289 , -0.0275355 , -0.27514 , -0.0237986 , -0.0478381 , -0.261987 , -0.0746836
21.3653 , -0.0303959 , -0.277602 , -0.0223729 , -0.0479971 , -0.266027 , -0.0750279
21.3961 , -0.027436 , -0.293973 , -0.0331867 , -0.0464637 , -0.275487 , -0.0771235
21.438 , -0.0315935 , -0.281143 , -0.0244147 , -0.0451559 , -0.286334 , -0.0797993
21.4809 , -0.0257566 , -0.297609 , -0.0374933 , -0.0459704 , -0.287933 , -0.0806573
21.5144 , -0.0260624 , -0.300116 , -0.0399582 , -0.0468874 , -0.289255 , -0.0802859
21.5506 , -0.0264276 , -0.30177 , -0.0404306 , -0.0477427 , -0.290556 , -0.0794176
