627

0.026277 , -0.0242342 , -0.0281307 , 0.0253148 , -0.0249149 , -0.0341893 , 0.0230749
0.06183 , -0.0242619 , -0.0281353 , 0.0253516 , -0.0140434 , -0.021958 , 0.0395498
0.098736 , -0.0243013 , -0.0281531 , 0.02546 , -0.00201013 , -0.0260923 , 0.062173
0.144522 , -0.0243703 , -0.0281684 , 0.0256626 , 0.000107253 , -0.0329348 , 0.0631654
0.184999 , -0.0244406 , -0.028172 , 0.025855 , 0.00172044 , -0.0400327 , 0.0629257
0.231934 , -0.024496 , -0.0281906 , 0.0259607 , 0.00140906 , -0.0427431 , 0.0634881
0.282304 , -0.0245396 , -0.0282376 , 0.026017 , -0.00164555 , -0.0422009 , 0.0642339
0.334268 , -0.024548 , -0.028254 , 0.0260265 , -0.00678746 , -0.0401614 , 0.0650927
0.384166 , -0.024548 , -0.028254 , 0.0260265 , -0.0121826 , -0.0376553 , 0.0656349
0.427998 , -0.0245552 , -0.0282435 , 0.0260569 , -0.016079 , -0.0353595 , 0.0655014
0.46486 , -0.0245552 , -0.0282435 , 0.0260569 , -0.017792 , -0.0338474 , 0.0648311
0.499438 , -0.0245552 , -0.0282435 , 0.0260569 , -0.0174249 , -0.0334325 , 0.0640202
0.546162 , -0.0245552 , -0.0282435 , 0.0260569 , -0.0156903 , -0.0339867 , 0.0633852
0.583012 , -0.0245552 , -0.0282435 , 0.0260569 , -0.0135219 , -0.035036 , 0.0630654
0.629967 , -0.0245552 , -0.0282435 , 0.0260569 , -0.011654 , -0.0360521 , 0.0631015
0.663016 , -0.0245552 , -0.0282435 , 0.0260569 , -0.0105482 , -0.0366621 , 0.0634683
0.69503 , -0.0245552 , -0.0282435 , 0.0260569 , -0.0103187 , -0.0368043 , 0.0640455
0.72971 , -0.0245552 , -0.0282435 , 0.0260569 , -0.0107582 , -0.0365782 , 0.0646751
0.763473 , -0.0245552 , -0.0282435 , 0.0260569 , -0.0115877 , -0.0360439 , 0.0652426
0.798211 , -0.0245552 , -0.0282435 , 0.0260569 , -0.0125484 , -0.0355785 , 0.0656413
0.829942 , -0.0245552 , -0.0282435 , 0.0260569 , -0.0133765 , -0.0353243 , 0.0658504
0.861793 , -0.0245552 , -0.0282435 , 0.0260569 , -0.0139631 , -0.0352506 , 0.0658991
0.895382 , -0.0245552 , -0.0282435 , 0.0260569 , -0.0143204 , -0.0353321 , 0.0658472
0.930903 , -0.0245552 , -0.0282435 , 0.0260569 , -0.0144984 , -0.0355495 , 0.0657772
0.96961 , -0.0245552 , -0.0282435 , 0.0260569 , -0.0145533 , -0.035742 , 0.0657032
1.0149 , -0.0245552 , -0.0282435 , 0.0260569 , -0.0145704 , -0.0358894 , 0.0656195
1.04648 , -0.0245552 , -0.0282435 , 0.0260569 , -0.0145157 , -0.0359487 , 0.0655628
1.08114 , -0.0245552 , -0.0282435 , 0.0260569 , -0.0144222 , -0.0359154 , 0.0655365
1.11479 , -0.0265758 , -0.029852 , 0.024617 , -0.0125601 , -0.0404408 , 0.0657718
1.14946 , -0.0265758 , -0.029852 , 0.024617 , -0.0148313 , -0.0388855 , 0.0663165
1.18052 , -0.0274153 , -0.0294055 , 0.024504 , -0.019123 , -0.0361237 , 0.0671991
1.21819 , -0.0279227 , -0.0294192 , 0.0249325 , -0.0192036 , -0.0351584 , 0.0676935
1.25031 , -0.0274231 , -0.0293882 , 0.0252008 , -0.0177165 , -0.0350984 , 0.0677703
1.28194 , -0.0274231 , -0.0293882 , 0.0252008 , -0.0167435 , -0.0359451 , 0.0675219
1.31469 , -0.0277221 , -0.0300145 , 0.0253358 , -0.01661 , -0.0368901 , 0.0670481
1.34984 , -0.0277276 , -0.0297616 , 0.0250963 , -0.0167742 , -0.0374507 , 0.0665842
1.38591 , -0.0279585 , -0.029532 , 0.0248268 , -0.0169872 , -0.0375236 , 0.0662144
1.42357 , -0.0284691 , -0.0291916 , 0.025647 , -0.0172252 , -0.037656 , 0.0660684
1.4693 , -0.0286148 , -0.0284779 , 0.0266024 , -0.0175222 , -0.0370324 , 0.0662627
1.50454 , -0.0282814 , -0.0288149 , 0.0263413 , -0.0177123 , -0.0367131 , 0.0666798
1.53782 , -0.0281648 , -0.0286602 , 0.0255246 , -0.0180375 , -0.0362432 , 0.0670812
1.57035 , -0.0277653 , -0.02774 , 0.02637 , -0.0184316 , -0.0352646 , 0.067447
1.60467 , -0.0285771 , -0.0276819 , 0.026108 , -0.0186663 , -0.034821 , 0.0677114
1.63912 , -0.0285928 , -0.0276058 , 0.0272343 , -0.0185797 , -0.0344198 , 0.068016
1.67336 , -0.0282383 , -0.0259535 , 0.0308734 , -0.018353 , -0.0335804 , 0.068043
1.70741 , -0.0279565 , -0.0260145 , 0.0301453 , -0.0182251 , -0.0337109 , 0.0677664
1.75217 , -0.0271366 , -0.0254407 , 0.029736 , -0.0180246 , -0.0333963 , 0.0675089
1.78466 , -0.0271594 , -0.0254148 , 0.030543 , -0.0179734 , -0.0328454 , 0.067491
1.81816 , -0.0278834 , -0.0250705 , 0.0311931 , -0.0180794 , -0.0330636 , 0.0676251
1.8547 , -0.028601 , -0.0258512 , 0.0282332 , -0.0182856 , -0.0332124 , 0.0679538
1.88958 , -0.0281592 , -0.0255622 , 0.0309081 , -0.0185637 , -0.0322807 , 0.0683156
1.92168 , -0.0279292 , -0.0240467 , 0.0305312 , -0.018608 , -0.0319031 , 0.0683078
1.95552 , -0.0281863 , -0.0248558 , 0.0305629 , -0.0187043 , -0.0320332 , 0.0683248
1.98751 , -0.027617 , -0.0244696 , 0.0304266 , -0.0188596 , -0.0304559 , 0.0686746
2.02246 , -0.027381 , -0.0238447 , 0.0300923 , -0.0189354 , -0.0310716 , 0.0688415
2.06342 , -0.0268296 , -0.0235701 , 0.0293287 , -0.0187816 , -0.0304752 , 0.0687561
2.10621 , -0.0264597 , -0.022736 , 0.0292816 , -0.0184719 , -0.0299491 , 0.0687684
2.13725 , -0.0258209 , -0.0218554 , 0.0291395 , -0.0182686 , -0.0295056 , 0.0687216
2.17148 , -0.0251885 , -0.020541 , 0.0293311 , -0.0180216 , -0.0276429 , 0.0687296
2.20919 , -0.0242897 , -0.0196712 , 0.0289649 , -0.0177986 , -0.0271659 , 0.0688928
2.24109 , -0.0233694 , -0.0179905 , 0.0288423 , -0.017586 , -0.0249549 , 0.0690301
2.27746 , -0.0233368 , -0.0184637 , 0.0289282 , -0.0170189 , -0.0241703 , 0.0693123
2.32979 , -0.0222439 , -0.0169015 , 0.0296043 , -0.0166293 , -0.024855 , 0.0693945
2.37802 , -0.0204106 , -0.0163294 , 0.0277603 , -0.016071 , -0.0249325 , 0.0694549
2.42319 , -0.018976 , -0.0155055 , 0.0275087 , -0.014975 , -0.0222358 , 0.0694849
2.45558 , -0.0170783 , -0.0135452 , 0.0260857 , -0.0134129 , -0.0211477 , 0.0694271
2.49119 , -0.0165823 , -0.0136988 , 0.0274706 , -0.0116723 , -0.0162172 , 0.0697302
2.52279 , -0.0134767 , -0.00889945 , 0.0270522 , -0.00975313 , -0.013638 , 0.070311
2.55927 , -0.00950571 , -0.00654542 , 0.0251987 , -0.00769678 , -0.0132755 , 0.0701868
2.594 , -0.00707039 , -0.00566589 , 0.0243528 , -0.00575271 , -0.0109945 , 0.0701127
2.62522 , -0.0051045 , -0.00325644 , 0.0253005 , -0.00389609 , -0.0108841 , 0.0710344
2.657 , -0.0041564 , -0.00475864 , 0.0217019 , -0.00202114 , -0.0112983 , 0.0728385
2.69339 , -0.000803024 , -0.0057377 , 0.0214157 , 0.000224078 , -0.0116192 , 0.0745955
2.72799 , 0.00176224 , -0.00631895 , 0.0198336 , 0.00256526 , -0.0113861 , 0.0760369
2.76223 , 0.00589441 , -0.00506373 , 0.0204609 , 0.00516024 , -0.00796957 , 0.0774327
2.7943 , 0.00915346 , -0.00248179 , 0.0187766 , 0.00760113 , -0.00523844 , 0.079003
2.8259 , 0.00983303 , 0.00189614 , 0.019758 , 0.00938404 , -0.00598125 , 0.0799792
2.86119 , 0.011922 , 0.000633812 , 0.0180771 , 0.0103088 , -0.00528901 , 0.0818784
2.89266 , 0.0153923 , 3.00096e-05 , 0.0148514 , 0.0125392 , -0.00118276 , 0.0851514
2.92562 , 0.0186355 , 0.00232154 , 0.0158026 , 0.0149469 , -0.00184845 , 0.0872297
2.9595 , 0.0217361 , 0.00628679 , 0.0144176 , 0.0179391 , -0.00150458 , 0.0883912
2.99668 , 0.0243416 , 0.00223941 , 0.010211 , 0.0204459 , -0.00394507 , 0.0893349
3.03554 , 0.0278465 , 0.00532527 , 0.0077507 , 0.0225378 , -0.00579952 , 0.0903317
3.0784 , 0.0291199 , 0.00128155 , 0.00563883 , 0.024969 , -0.0065413 , 0.0911894
3.11008 , 0.0320218 , -0.000208212 , 0.00216849 , 0.0269315 , -0.0120143 , 0.0925022
3.1419 , 0.0346532 , 0.00131732 , -0.00114127 , 0.0330339 , -0.0122766 , 0.0946345
3.17613 , 0.0371721 , 0.000926701 , -0.00373835 , 0.0432169 , -0.0139264 , 0.0923436
3.21035 , 0.0396746 , 0.00208086 , -0.00584235 , 0.0512458 , -0.0123829 , 0.0863107
3.24492 , 0.0411968 , 0.00192823 , -0.00800401 , 0.0552674 , -0.0110385 , 0.0803513
3.27824 , 0.0419722 , 0.000496724 , -0.00899041 , 0.0566556 , -0.00671091 , 0.0765959
3.30887 , 0.0426828 , 0.00170025 , -0.0118519 , 0.0566471 , -0.00223859 , 0.0751402
3.34338 , 0.0428399 , 0.00650404 , -0.0103338 , 0.0560411 , -0.00164928 , 0.0745954
3.37789 , 0.0427054 , 0.00871615 , -0.0104815 , 0.0550706 , 0.00179042 , 0.0744922
3.41243 , 0.0423898 , 0.0116866 , -0.0115088 , 0.0536804 , 0.00458931 , 0.0750782
3.44609 , 0.0431671 , 0.0166436 , -0.0122057 , 0.0515283 , 0.00568224 , 0.0769774
3.4766 , 0.0423096 , 0.0151914 , -0.0123803 , 0.0491476 , 0.00851435 , 0.0788536
3.51613 , 0.0419937 , 0.018952 , -0.0104247 , 0.0471521 , 0.00922375 , 0.0799678
3.55294 , 0.0415278 , 0.0212815 , -0.00831283 , 0.0457296 , 0.0133827 , 0.0811732
3.60027 , 0.0402775 , 0.0214993 , -0.00715061 , 0.0444324 , 0.017327 , 0.0822359
3.6294 , 0.0397784 , 0.0250023 , -0.0066669 , 0.0431252 , 0.0175642 , 0.0827294
3.66601 , 0.0378591 , 0.0238628 , -0.00632626 , 0.0419929 , 0.0176437 , 0.0825221
3.69474 , 0.0382519 , 0.0257728 , -0.00400765 , 0.0407997 , 0.018905 , 0.0822733
3.73151 , 0.0354546 , 0.0274594 , -0.000638806 , 0.0392273 , 0.0224552 , 0.0822574
3.76326 , 0.0338279 , 0.0318459 , 0.00306445 , 0.0370327 , 0.0244271 , 0.0825156
3.79723 , 0.0299429 , 0.0331495 , 0.00795129 , 0.0345951 , 0.0319715 , 0.0833206
3.83218 , 0.0262718 , 0.0345699 , 0.0112159 , 0.0312316 , 0.0311544 , 0.0839461
3.86552 , 0.0254965 , 0.0364802 , 0.0164168 , 0.0283322 , 0.032657 , 0.084417
3.89603 , 0.0238438 , 0.0392051 , 0.0186569 , 0.0262729 , 0.0352879 , 0.0851198
3.93166 , 0.0217755 , 0.043396 , 0.0222795 , 0.0249842 , 0.0383342 , 0.0860942
3.96545 , 0.0187883 , 0.0404988 , 0.0242018 , 0.024156 , 0.0383645 , 0.0872141
3.99967 , 0.0171699 , 0.0429066 , 0.0253003 , 0.0248426 , 0.0419904 , 0.0878847
4.03323 , 0.014389 , 0.043126 , 0.0275817 , 0.0244268 , 0.038958 , 0.0887833
4.06387 , 0.010589 , 0.0398609 , 0.0293323 , 0.0244716 , 0.0409584 , 0.0896752
4.09928 , 0.00990923 , 0.0400129 , 0.0307472 , 0.0248845 , 0.0412265 , 0.0905904
4.13283 , 0.00948137 , 0.0398052 , 0.0325168 , 0.024818 , 0.0382206 , 0.0921115
4.16744 , 0.00668931 , 0.0379655 , 0.0343112 , 0.024288 , 0.0355291 , 0.0945862
4.20164 , 0.00243864 , 0.0340298 , 0.0373506 , 0.0236505 , 0.0331992 , 0.0972772
4.23155 , -0.00110577 , 0.0319562 , 0.0400335 , 0.0227803 , 0.031103 , 0.100496
4.2671 , -0.00376163 , 0.0293003 , 0.0420191 , 0.0220612 , 0.0267171 , 0.103733
4.30051 , -0.00533856 , 0.0243571 , 0.0444173 , 0.0214798 , 0.0225216 , 0.106279
4.33501 , -0.00626813 , 0.0219468 , 0.0458675 , 0.021743 , 0.0206151 , 0.107859
4.36577 , -0.00829066 , 0.0191838 , 0.04757 , 0.0219684 , 0.0176487 , 0.108878
4.40034 , -0.0103654 , 0.0196496 , 0.050197 , 0.0221702 , 0.014325 , 0.109709
4.4349 , -0.0129666 , 0.0170457 , 0.0522918 , 0.0225259 , 0.0118955 , 0.110801
4.46836 , -0.0148553 , 0.0136556 , 0.0537432 , 0.0228117 , 0.0100302 , 0.111531
4.50293 , -0.0156706 , 0.0146498 , 0.0534205 , 0.0230985 , 0.00698594 , 0.111682
4.53346 , -0.0163591 , 0.0103461 , 0.0538421 , 0.024035 , 0.00669504 , 0.111046
4.56806 , -0.0177669 , 0.00658586 , 0.0557685 , 0.0240102 , 0.00125847 , 0.110512
4.60258 , -0.0180356 , 0.00512465 , 0.0556022 , 0.0247715 , -0.00281974 , 0.10952
4.63618 , -0.0179879 , 0.000448966 , 0.0560019 , 0.0261724 , -0.00571691 , 0.108377
4.67067 , -0.0189597 , 0.000545228 , 0.0558105 , 0.0280196 , -0.00482648 , 0.107395
4.70129 , -0.0183439 , -0.00218728 , 0.0593729 , 0.029135 , -0.00502153 , 0.106425
4.73587 , -0.0193242 , -0.000123089 , 0.0603059 , 0.0300147 , -0.00709673 , 0.104773
4.77025 , -0.0207019 , 0.000803967 , 0.0603023 , 0.0316973 , -0.00561987 , 0.102565
4.80401 , -0.0213245 , 0.00111391 , 0.0614749 , 0.0321004 , -0.00617178 , 0.101566
4.83851 , -0.0214232 , 0.00344882 , 0.0605629 , 0.0317656 , -0.00832189 , 0.101127
4.86893 , -0.0239367 , -0.00052674 , 0.0628629 , 0.030852 , -0.0101546 , 0.101025
4.90613 , -0.0219235 , -0.000429314 , 0.0649137 , 0.029903 , -0.0115708 , 0.101071
4.94324 , -0.0238728 , -0.00395824 , 0.061995 , 0.029123 , -0.0118847 , 0.100908
4.97962 , -0.0247212 , -0.00431267 , 0.0582994 , 0.0276957 , -0.0127313 , 0.100954
5.02209 , -0.0290327 , -0.00811179 , 0.0575101 , 0.0255237 , -0.0161339 , 0.100923
5.05647 , -0.030784 , -0.0110848 , 0.0576341 , 0.0230082 , -0.0198074 , 0.10213
5.08999 , -0.0319766 , -0.0134415 , 0.055312 , 0.0209582 , -0.0245975 , 0.103087
5.12089 , -0.0320356 , -0.0163683 , 0.051952 , 0.0194018 , -0.028609 , 0.102399
5.15526 , -0.0330165 , -0.0211428 , 0.050191 , 0.0170949 , -0.0366565 , 0.100967
5.18979 , -0.0348951 , -0.0281448 , 0.0469048 , 0.0143249 , -0.0433512 , 0.0986921
5.22447 , -0.0369936 , -0.0370268 , 0.0436007 , 0.0104872 , -0.0487534 , 0.0956136
5.25794 , -0.0388152 , -0.038191 , 0.0406369 , 0.00544016 , -0.0524679 , 0.0918903
5.28847 , -0.0407834 , -0.0401247 , 0.03746 , -1.14645e-05 , -0.0516582 , 0.0881745
5.32326 , -0.0452124 , -0.0424869 , 0.0357379 , -0.0068295 , -0.0510769 , 0.0859627
5.35755 , -0.0495135 , -0.0401805 , 0.0361842 , -0.0144529 , -0.0507384 , 0.0850982
5.39201 , -0.0536317 , -0.0413253 , 0.03837 , -0.022262 , -0.052193 , 0.0858568
5.42467 , -0.0551547 , -0.0385057 , 0.0395542 , -0.0276285 , -0.046586 , 0.0865201
5.45881 , -0.0555792 , -0.0366656 , 0.0394108 , -0.0328665 , -0.046777 , 0.0867444
5.48968 , -0.0569653 , -0.0360209 , 0.0394522 , -0.0375071 , -0.0458548 , 0.0870714
5.52527 , -0.0591993 , -0.0370466 , 0.0401345 , -0.041473 , -0.0419841 , 0.0881534
5.55989 , -0.0623561 , -0.0322274 , 0.0441364 , -0.0452741 , -0.0415375 , 0.0904043
5.59344 , -0.0649719 , -0.0291922 , 0.0456966 , -0.0489925 , -0.0358639 , 0.0938717
5.62399 , -0.0650537 , -0.0264772 , 0.0464403 , -0.0525292 , -0.0328455 , 0.0973116
5.65953 , -0.0644404 , -0.0234677 , 0.0462521 , -0.0556026 , -0.0298008 , 0.0995528
5.69315 , -0.0633097 , -0.0238142 , 0.0448313 , -0.0583353 , -0.0286916 , 0.101367
5.7246 , -0.0628145 , -0.0242777 , 0.0454368 , -0.0598909 , -0.0276798 , 0.103789
5.76122 , -0.0622952 , -0.0214658 , 0.0479614 , -0.0605529 , -0.0265978 , 0.106241
5.79167 , -0.0617309 , -0.0200969 , 0.0492325 , -0.0605553 , -0.0254727 , 0.108611
5.82721 , -0.0612831 , -0.0222376 , 0.0487939 , -0.0603651 , -0.0270016 , 0.1112
5.86071 , -0.0580995 , -0.0218452 , 0.0481672 , -0.0607635 , -0.0284796 , 0.113896
5.89531 , -0.0561596 , -0.0261299 , 0.0477175 , -0.0615502 , -0.0303751 , 0.116232
5.92883 , -0.0514904 , -0.028325 , 0.0452642 , -0.0617917 , -0.0323517 , 0.118161
5.95943 , -0.0494117 , -0.0296483 , 0.0432818 , -0.0621297 , -0.0349241 , 0.119803
5.99933 , -0.0471264 , -0.0308537 , 0.0429182 , -0.0613797 , -0.035052 , 0.120666
6.03674 , -0.0425007 , -0.0295487 , 0.0424137 , -0.0597303 , -0.0343503 , 0.120736
6.08054 , -0.0381066 , -0.029777 , 0.0412636 , -0.0584168 , -0.0339859 , 0.120623
6.11418 , -0.0344048 , -0.0288972 , 0.0376385 , -0.0572758 , -0.0330467 , 0.120273
6.14822 , -0.0297206 , -0.0299127 , 0.0331369 , -0.0565187 , -0.0346663 , 0.119905
6.18052 , -0.025644 , -0.0323033 , 0.0312116 , -0.0550947 , -0.0355775 , 0.120101
6.21122 , -0.0227088 , -0.0359422 , 0.029709 , -0.0526308 , -0.0325818 , 0.120178
6.24487 , -0.0187929 , -0.0383296 , 0.0287203 , -0.0497999 , -0.033381 , 0.118977
6.28031 , -0.0139699 , -0.0374174 , 0.0277038 , -0.0478046 , -0.0333241 , 0.119192
6.31487 , -0.0116363 , -0.0364852 , 0.0282825 , -0.0466364 , -0.0344397 , 0.119092
6.34876 , -0.0105139 , -0.0411446 , 0.0218734 , -0.0450791 , -0.0365948 , 0.117324
6.38293 , -0.00679067 , -0.043683 , 0.0178927 , -0.0427628 , -0.0396618 , 0.114763
6.41258 , -0.00434254 , -0.0451687 , 0.0116346 , -0.03969 , -0.041621 , 0.111626
6.44928 , -0.00108912 , -0.0473021 , 0.00490169 , -0.0363457 , -0.044567 , 0.107618
6.48319 , 0.00145851 , -0.0507431 , -0.000706832 , -0.0321437 , -0.0450663 , 0.102795
6.51513 , 0.00259651 , -0.0511992 , -0.00426329 , -0.0285308 , -0.0478554 , 0.0973085
6.54854 , 0.00524054 , -0.0550481 , -0.0108351 , -0.0250058 , -0.0485973 , 0.091902
6.58313 , 0.00601134 , -0.0544375 , -0.0112814 , -0.0225576 , -0.0503204 , 0.0856765
6.61384 , 0.00708308 , -0.0539523 , -0.0177543 , -0.0205216 , -0.0497208 , 0.0783977
6.65027 , 0.00856983 , -0.0522349 , -0.0197282 , -0.0188429 , -0.0458553 , 0.0711941
6.68084 , 0.00941258 , -0.0511822 , -0.024241 , -0.0171154 , -0.044146 , 0.0644286
6.71557 , 0.011532 , -0.049856 , -0.0282691 , -0.0147649 , -0.0417773 , 0.0588855
6.74995 , 0.014661 , -0.0477964 , -0.0321972 , -0.011964 , -0.0405187 , 0.0547745
6.78441 , 0.0187547 , -0.044844 , -0.0319579 , -0.00874325 , -0.037986 , 0.0505984
6.81799 , 0.0231958 , -0.0424738 , -0.0377175 , -0.00570727 , -0.0354433 , 0.0461619
6.84869 , 0.026848 , -0.0387722 , -0.0420553 , -0.00277305 , -0.0310797 , 0.0426602
6.88321 , 0.0291986 , -0.0355932 , -0.0441658 , -0.000243123 , -0.0293318 , 0.0405239
6.9176 , 0.028881 , -0.034395 , -0.0495637 , 0.00131704 , -0.0289803 , 0.0391982
6.95224 , 0.0297253 , -0.034197 , -0.0493672 , 0.00305911 , -0.026052 , 0.0380855
6.98466 , 0.0321912 , -0.0309003 , -0.049564 , 0.00489404 , -0.0246849 , 0.0363434
7.01735 , 0.0347372 , -0.0221982 , -0.0471017 , 0.00769432 , -0.0176032 , 0.0358294
7.05103 , 0.0357903 , -0.0151506 , -0.0454062 , 0.0106629 , -0.00869347 , 0.0359175
7.08565 , 0.0358692 , -0.0108199 , -0.0430012 , 0.0133349 , -7.08534e-05 , 0.0359788
7.12143 , 0.0355395 , -0.00557831 , -0.0392297 , 0.0152881 , 0.00649515 , 0.0366637
7.15087 , 0.035074 , -0.000317215 , -0.0317331 , 0.0171784 , 0.0104841 , 0.037416
7.18517 , 0.0353172 , 0.00167416 , -0.0318402 , 0.0193941 , 0.00973762 , 0.037937
7.21964 , 0.0367313 , 0.00660119 , -0.0285854 , 0.021584 , 0.0119678 , 0.0384794
7.25319 , 0.0359257 , 0.00989795 , -0.0237433 , 0.0239313 , 0.0170613 , 0.0392608
7.28772 , 0.0347685 , 0.0143351 , -0.018633 , 0.0261384 , 0.0225671 , 0.0399706
7.32135 , 0.0329735 , 0.0193871 , -0.0149239 , 0.0281515 , 0.0280142 , 0.0409437
7.35727 , 0.0316776 , 0.0231199 , -0.00951113 , 0.0292152 , 0.0334998 , 0.0425028
7.3922 , 0.0302667 , 0.0269713 , -0.00509368 , 0.0285775 , 0.0343485 , 0.04516
7.42329 , 0.0261269 , 0.0334216 , 0.000592916 , 0.0284399 , 0.0349925 , 0.0483672
7.45803 , 0.0234875 , 0.0330654 , 0.00706129 , 0.0298 , 0.0357055 , 0.0521904
7.4871 , 0.0211778 , 0.0306234 , 0.00929963 , 0.0330568 , 0.0379674 , 0.0552409
7.52558 , 0.020096 , 0.0307569 , 0.0135781 , 0.0354121 , 0.0368968 , 0.0580235
7.56009 , 0.0176886 , 0.0290031 , 0.0167674 , 0.037199 , 0.0340522 , 0.0599668
7.59212 , 0.0145929 , 0.0218404 , 0.0223568 , 0.0387147 , 0.0327868 , 0.0613877
7.62112 , 0.0154456 , 0.022156 , 0.0234343 , 0.0399061 , 0.0278435 , 0.0627676
7.65701 , 0.0137055 , 0.0192002 , 0.0227772 , 0.0414352 , 0.023219 , 0.0633886
7.69234 , 0.0137246 , 0.0179274 , 0.0221215 , 0.0438936 , 0.0222957 , 0.0636842
7.72111 , 0.0126456 , 0.018156 , 0.0210509 , 0.0467921 , 0.019555 , 0.0634977
7.7576 , 0.012211 , 0.0174544 , 0.0191374 , 0.0489734 , 0.0162781 , 0.0642745
7.79094 , 0.0105809 , 0.0145473 , 0.0194587 , 0.0512355 , 0.0148922 , 0.0655397
7.82453 , 0.0112219 , 0.0152476 , 0.0187532 , 0.0532487 , 0.0120105 , 0.0666208
7.85636 , 0.0110108 , 0.0106199 , 0.0188157 , 0.0551908 , 0.00999451 , 0.0675947
7.89203 , 0.0113094 , 0.00932593 , 0.0186138 , 0.0567588 , 0.00785768 , 0.0681275
7.92502 , 0.0120882 , 0.00838141 , 0.0213134 , 0.0579202 , 0.00515501 , 0.06902
7.96115 , 0.0111798 , 0.00671588 , 0.0209859 , 0.0588905 , 0.00209483 , 0.0700318
7.99187 , 0.00953261 , 0.00590243 , 0.0219399 , 0.0596185 , 0.00114058 , 0.0704173
8.02554 , 0.00793476 , 0.00475765 , 0.0223544 , 0.0592276 , -0.00254694 , 0.0710084
8.06014 , 0.00718121 , 0.00501164 , 0.0245247 , 0.0589471 , -0.00329138 , 0.0719176
8.09228 , 0.0072541 , 0.0058066 , 0.0296719 , 0.0584672 , -0.00333817 , 0.072795
8.12669 , 0.00726097 , 0.00766891 , 0.0289147 , 0.0568875 , -0.00417755 , 0.0737447
8.16315 , 0.00488021 , 0.00867688 , 0.0286934 , 0.0542847 , -0.00307593 , 0.0755319
8.1941 , 0.00116272 , 0.00799563 , 0.0327316 , 0.051635 , -0.00371567 , 0.0768636
8.22644 , -0.000715846 , 0.00871066 , 0.0347757 , 0.0494527 , -0.00463027 , 0.0784979
8.26095 , -0.0033746 , 0.00785624 , 0.037463 , 0.0478859 , -0.00590465 , 0.0804932
8.29481 , -0.00384931 , 0.00706154 , 0.0383958 , 0.0463618 , -0.0100793 , 0.0825167
8.32496 , -0.00502402 , 0.00315504 , 0.0396731 , 0.0442044 , -0.0155734 , 0.0845873
8.35954 , -0.00655916 , 0.00116604 , 0.0329241 , 0.0416993 , -0.0173403 , 0.0854881
8.39403 , -0.00701736 , 0.00047839 , 0.0352173 , 0.038714 , -0.0181187 , 0.0854268
8.42865 , -0.00708429 , 0.00243182 , 0.0344917 , 0.0346352 , -0.0199013 , 0.0859369
8.46207 , -0.00826886 , 0.00198082 , 0.029739 , 0.0302397 , -0.0197124 , 0.0872811
8.49886 , -0.0100514 , 0.00337325 , 0.0267341 , 0.0257275 , -0.0195574 , 0.0891845
8.53321 , -0.0105958 , 0.00485861 , 0.0250914 , 0.0216626 , -0.0185994 , 0.0918815
8.56925 , -0.010363 , 0.00658085 , 0.0252044 , 0.0180863 , -0.0179341 , 0.0958339
8.61244 , -0.0103588 , 0.0057549 , 0.0268482 , 0.0154093 , -0.014105 , 0.100168
8.64762 , -0.0122749 , 0.0033819 , 0.0270806 , 0.0123981 , -0.0155669 , 0.104775
8.68193 , -0.0124655 , 0.0053088 , 0.0269153 , 0.0100246 , -0.0128247 , 0.109696
8.71272 , -0.0140819 , 0.00531778 , 0.0296837 , 0.00794629 , -0.0111749 , 0.114637
8.74705 , -0.0148191 , 0.00934113 , 0.0310581 , 0.00585207 , -0.00926958 , 0.118887
8.78377 , -0.0152083 , 0.010314 , 0.0308559 , 0.00356746 , -0.0073126 , 0.122457
8.82017 , -0.0147155 , 0.0126144 , 0.0304813 , 0.00145799 , -0.00437349 , 0.126124
8.86312 , -0.013856 , 0.012993 , 0.0306543 , -0.00102345 , -0.00458398 , 0.129216
8.89742 , -0.0119809 , 0.0115423 , 0.0290396 , -0.00286394 , -0.00186125 , 0.131426
8.9319 , -0.00935329 , 0.0132437 , 0.0284474 , -0.00432555 , -0.00112462 , 0.133207
8.96545 , -0.00586207 , 0.0140539 , 0.0289474 , -0.0060386 , 0.00141692 , 0.136071
8.99681 , -0.00363839 , 0.0173774 , 0.0288035 , -0.0064718 , 0.00342349 , 0.137385
9.0316 , 0.0011927 , 0.0178829 , 0.0278773 , -0.00820638 , 0.00283395 , 0.137421
9.06328 , 0.00474982 , 0.0173242 , 0.0259628 , -0.00892428 , 0.011846 , 0.138586
9.09981 , 0.007086 , 0.024085 , 0.0249067 , -0.00912485 , 0.0174438 , 0.140646
9.1352 , 0.0102662 , 0.0257865 , 0.0262025 , -0.0108458 , 0.0150584 , 0.141418
9.16501 , 0.0162858 , 0.0246851 , 0.0218036 , -0.01255 , 0.0177639 , 0.142551
9.1994 , 0.0214866 , 0.0309058 , 0.0217548 , -0.0112065 , 0.0235525 , 0.14304
9.23283 , 0.0255432 , 0.0319419 , 0.0220717 , -0.00896976 , 0.0278287 , 0.142774
9.2674 , 0.0294647 , 0.0294436 , 0.0173878 , -0.00678255 , 0.027768 , 0.143038
9.30096 , 0.0321949 , 0.0302121 , 0.0171068 , -0.00390499 , 0.0377253 , 0.144865
9.33146 , 0.0332592 , 0.03334 , 0.0122241 , -0.001654 , 0.0356225 , 0.145735
9.36703 , 0.0371864 , 0.033223 , 0.00971995 , 0.0024558 , 0.0361573 , 0.14546
9.40063 , 0.0423 , 0.0343966 , 0.00549409 , 0.00712357 , 0.0356183 , 0.145479
9.43521 , 0.0486269 , 0.0348286 , 0.00178558 , 0.0121409 , 0.0373675 , 0.143945
9.46837 , 0.0477799 , 0.0365972 , 0.000236452 , 0.0160786 , 0.0380249 , 0.142036
9.49941 , 0.0495505 , 0.0326778 , -0.00490311 , 0.0179675 , 0.0322795 , 0.140767
9.53483 , 0.0478244 , 0.0258031 , -0.00687019 , 0.0188411 , 0.024553 , 0.139327
9.56837 , 0.0459323 , 0.0180406 , -0.00787236 , 0.0206416 , 0.0180086 , 0.13766
9.60287 , 0.0467947 , 0.0124141 , -0.0116643 , 0.0228476 , 0.0155263 , 0.134877
9.63375 , 0.0451289 , 0.00762291 , -0.0112023 , 0.0248015 , 0.0150867 , 0.130595
9.66803 , 0.0444541 , 0.00666588 , -0.00898625 , 0.0233024 , 0.00788526 , 0.12654
9.7026 , 0.0446402 , 0.00660861 , -0.00836103 , 0.0240113 , 0.0120721 , 0.122501
9.73905 , 0.0463969 , 0.0121194 , -0.00855569 , 0.02468 , 0.0151274 , 0.118159
9.76769 , 0.0454682 , 0.0130171 , -0.00816401 , 0.0250446 , 0.019159 , 0.1136
9.8022 , 0.0458152 , 0.0181811 , -0.0100139 , 0.0248631 , 0.0228653 , 0.107434
9.83881 , 0.0464127 , 0.0188879 , -0.0134809 , 0.0242946 , 0.0275155 , 0.100731
9.86839 , 0.0468051 , 0.0202231 , -0.0143699 , 0.0239321 , 0.0265359 , 0.0940971
9.90399 , 0.0480575 , 0.024791 , -0.0169053 , 0.0243173 , 0.0302172 , 0.0897253
9.93847 , 0.0461556 , 0.0208819 , -0.0175355 , 0.0235673 , 0.029761 , 0.0858421
9.9691 , 0.046128 , 0.0219536 , -0.0193014 , 0.0220583 , 0.0297514 , 0.0824967
10.0043 , 0.0439448 , 0.0206359 , -0.020656 , 0.020396 , 0.0318625 , 0.0804352
10.0383 , 0.0424812 , 0.0236959 , -0.0217203 , 0.0186733 , 0.0323303 , 0.079133
10.0728 , 0.0391871 , 0.0241279 , -0.0253966 , 0.0168998 , 0.0329488 , 0.0780364
10.1062 , 0.0374375 , 0.022713 , -0.0269825 , 0.0158464 , 0.0327742 , 0.0768898
10.1369 , 0.0366055 , 0.0204352 , -0.0293447 , 0.0151055 , 0.0307854 , 0.0761965
10.1716 , 0.0357434 , 0.0158392 , -0.0330484 , 0.0140179 , 0.025143 , 0.0758246
10.2061 , 0.0349248 , 0.0113677 , -0.0385086 , 0.0130095 , 0.0157891 , 0.0750563
10.2404 , 0.0325398 , 0.000371898 , -0.0446371 , 0.0137081 , 0.0114213 , 0.0747515
10.2711 , 0.0310593 , -0.00944882 , -0.0510343 , 0.0136287 , -0.00148877 , 0.0737506
10.3056 , 0.0302076 , -0.0175898 , -0.0559378 , 0.0142783 , -0.0102467 , 0.0722695
10.3393 , 0.0309265 , -0.0265568 , -0.0616373 , 0.0153174 , -0.0210504 , 0.070276
10.3736 , 0.0313079 , -0.0351341 , -0.0654352 , 0.0166038 , -0.0296773 , 0.0677086
10.4082 , 0.029962 , -0.0442309 , -0.0651134 , 0.0178711 , -0.038931 , 0.0648603
10.4418 , 0.0272247 , -0.0503295 , -0.0634679 , 0.0191787 , -0.0449631 , 0.061948
10.4723 , 0.0252033 , -0.0543751 , -0.0625562 , 0.0200492 , -0.0504947 , 0.0596031
10.5079 , 0.0231345 , -0.0592343 , -0.0600074 , 0.0210121 , -0.0514801 , 0.0579743
10.5414 , 0.0211192 , -0.0581817 , -0.0539201 , 0.0221704 , -0.0554273 , 0.0566552
10.5758 , 0.0180084 , -0.0612295 , -0.0499337 , 0.0230628 , -0.0569668 , 0.0567096
10.6095 , 0.0152164 , -0.0631165 , -0.0459557 , 0.0232266 , -0.0625569 , 0.0569289
10.6404 , 0.0129996 , -0.0670757 , -0.040227 , 0.0241453 , -0.0682883 , 0.0562092
10.6756 , 0.0105593 , -0.0721075 , -0.0371241 , 0.0250387 , -0.0751049 , 0.0557789
10.709 , 0.00863236 , -0.0776687 , -0.0349101 , 0.0265529 , -0.0793577 , 0.0556743
10.7437 , 0.00677725 , -0.080186 , -0.0297093 , 0.0286641 , -0.0840108 , 0.0553834
10.7822 , 0.00602858 , -0.0834776 , -0.0266744 , 0.0309715 , -0.0876025 , 0.0550061
10.83 , 0.00639017 , -0.0824668 , -0.0248168 , 0.0336765 , -0.0866475 , 0.0541001
10.87 , 0.00640491 , -0.0788373 , -0.0206895 , 0.036288 , -0.0838551 , 0.0528587
10.9101 , 0.00658005 , -0.0702118 , -0.0167974 , 0.0384411 , -0.0804756 , 0.0517864
10.9467 , 0.00620638 , -0.0654668 , -0.013041 , 0.0403388 , -0.0724684 , 0.0506915
10.9779 , 0.00506637 , -0.0579079 , -0.00734333 , 0.0420864 , -0.0650809 , 0.0499701
11.0193 , 0.00445203 , -0.0529371 , -0.00687374 , 0.0432112 , -0.0580213 , 0.0490783
11.0625 , 0.00382978 , -0.0461518 , -0.00585071 , 0.0432582 , -0.051912 , 0.0486748
11.0968 , 0.00233513 , -0.0398545 , -8.16917e-05 , 0.0428038 , -0.0455189 , 0.0491944
11.1309 , 0.0039261 , -0.0355328 , 0.00487007 , 0.0426141 , -0.0403491 , 0.0498816
11.1618 , 0.00423435 , -0.0287657 , 0.00921457 , 0.0429373 , -0.0340719 , 0.0500416
11.1954 , 0.00456271 , -0.0228828 , 0.0123827 , 0.0427529 , -0.027741 , 0.0496998
11.2301 , 0.00038946 , -0.0138656 , 0.0181267 , 0.0420797 , -0.0185127 , 0.049158
11.2644 , -0.00153306 , -0.0052418 , 0.0233172 , 0.0413233 , -0.0114884 , 0.0478282
11.2973 , -0.00194178 , 0.0031056 , 0.027077 , 0.0409684 , -0.00529468 , 0.0459583
11.328 , -0.00209085 , 0.00950787 , 0.030891 , 0.0403761 , -7.75604e-05 , 0.0439136
11.3615 , -0.00170897 , 0.0138448 , 0.0327022 , 0.0399263 , 0.00265576 , 0.04203
11.3959 , -0.00197046 , 0.0163564 , 0.0327429 , 0.0396903 , 0.0020345 , 0.040388
11.4307 , -0.00313315 , 0.0142803 , 0.0325523 , 0.038468 , -0.00351772 , 0.0390186
11.4643 , -0.00458963 , 0.00856411 , 0.0304266 , 0.0356477 , -0.0094292 , 0.0381074
11.4988 , -0.00660097 , 0.00371381 , 0.0272508 , 0.0318196 , -0.014905 , 0.0378985
11.5296 , -0.0100749 , -0.00378269 , 0.0255463 , 0.0273545 , -0.0200299 , 0.0389048
11.5638 , -0.0120361 , -0.00584067 , 0.0267149 , 0.0232425 , -0.0224969 , 0.0401281
11.5983 , -0.0123988 , -0.001483 , 0.0266578 , 0.0196465 , -0.0246948 , 0.0410027
11.6319 , -0.0138632 , -0.001703 , 0.0263039 , 0.0168006 , -0.0191561 , 0.0429914
11.6663 , -0.0149296 , -0.0065735 , 0.0262827 , 0.0144367 , -0.015657 , 0.0465567
11.7037 , -0.0157521 , 0.00062139 , 0.0281388 , 0.0108313 , -0.0179089 , 0.0522072
11.7382 , -0.0161723 , 0.000897205 , 0.0293915 , 0.00758309 , -0.0133381 , 0.0589667
11.7712 , -0.0167124 , 0.00454494 , 0.0319325 , 0.0042579 , -0.0116905 , 0.0647779
11.8018 , -0.0164315 , 0.00428734 , 0.0298707 , 0.0014636 , -0.00625051 , 0.0700206
11.8346 , -0.0173752 , 0.00800444 , 0.0321833 , -0.00099776 , -0.00161886 , 0.0753621
11.8669 , -0.018697 , 0.0101232 , 0.0317518 , -0.00357867 , -0.00118945 , 0.0808457
11.8993 , -0.0187747 , 0.00959298 , 0.0327458 , -0.00599193 , -0.00373871 , 0.0852402
11.9339 , -0.0191407 , 0.00197057 , 0.0250442 , -0.00809494 , -0.0102481 , 0.0885896
11.9684 , -0.0166873 , -0.00537281 , 0.0166348 , -0.0088773 , -0.014207 , 0.0916034
12.0026 , -0.0152674 , -0.0107344 , 0.0156119 , -0.00987596 , -0.0198018 , 0.0944831
12.0375 , -0.0114099 , -0.013455 , 0.014258 , -0.0109593 , -0.0217369 , 0.0957166
12.0669 , -0.0075292 , -0.0127206 , 0.0137408 , -0.0117038 , -0.0222278 , 0.0952679
12.102 , -0.0028024 , -0.0103953 , 0.0129631 , -0.0114566 , -0.0186256 , 0.0939595
12.1381 , 0.00179261 , -0.00577436 , 0.0108484 , -0.0111103 , -0.0120413 , 0.0926352
12.1685 , 0.0067011 , 0.0010679 , 0.0124684 , -0.012157 , -0.00515414 , 0.092134
12.2028 , 0.0109532 , 0.00635629 , 0.0131823 , -0.0133365 , 0.00132406 , 0.0924872
12.2372 , 0.0152363 , 0.00986512 , 0.013605 , -0.0154947 , 0.00575739 , 0.093531
12.2708 , 0.0184713 , 0.0122012 , 0.0115003 , -0.0167748 , 0.0104748 , 0.0944372
12.3053 , 0.0224184 , 0.0105107 , 0.00625689 , -0.0172342 , 0.0111053 , 0.0958009
12.3392 , 0.0260352 , 0.00610103 , 0.00367822 , -0.0151324 , 0.0126191 , 0.0961618
12.3714 , 0.0271251 , 0.00148977 , 0.00258579 , -0.0138353 , 0.00682626 , 0.0967697
12.4015 , 0.0267752 , -0.00638907 , -0.00328602 , -0.0112745 , 0.00215736 , 0.0966151
12.4375 , 0.0300475 , -0.0130526 , -0.01202 , -0.00878724 , -0.00619537 , 0.0953937
12.4731 , 0.0307453 , -0.0196233 , -0.017593 , -0.00423973 , -0.010869 , 0.0940239
12.5036 , 0.0334659 , -0.0260174 , -0.0204115 , -0.00028668 , -0.0162653 , 0.0914944
12.5385 , 0.0343194 , -0.0292321 , -0.0267932 , 0.00341013 , -0.0221192 , 0.0872449
12.5713 , 0.0326471 , -0.0347429 , -0.0305004 , 0.00669262 , -0.0216375 , 0.0826448
12.6056 , 0.0324542 , -0.0350587 , -0.0337888 , 0.00844817 , -0.023777 , 0.079329
12.6407 , 0.0311018 , -0.0398909 , -0.0327951 , 0.00986288 , -0.0260105 , 0.0764211
12.6738 , 0.0315663 , -0.0394156 , -0.0320468 , 0.0115628 , -0.0274397 , 0.0729886
12.7037 , 0.0305884 , -0.0404416 , -0.0312179 , 0.0124826 , -0.0282034 , 0.0694643
12.7391 , 0.0297397 , -0.0405424 , -0.029063 , 0.012419 , -0.0270806 , 0.065998
12.7725 , 0.02904 , -0.036593 , -0.0297778 , 0.0126877 , -0.0196499 , 0.0621437
12.807 , 0.0272142 , -0.0342611 , -0.0314172 , 0.0127309 , -0.0150394 , 0.0577758
12.8377 , 0.0274352 , -0.0302499 , -0.0350472 , 0.0126009 , -0.00934271 , 0.0534324
12.8722 , 0.0290429 , -0.023426 , -0.0361641 , 0.0124927 , -0.00693764 , 0.0505628
12.9068 , 0.0284055 , -0.0212436 , -0.0375407 , 0.0125123 , -0.00466854 , 0.0489919
12.9403 , 0.0279514 , -0.0207169 , -0.0379811 , 0.0121823 , -0.00533205 , 0.0476168
12.9749 , 0.0273361 , -0.0205152 , -0.0376008 , 0.0121216 , -0.00358907 , 0.0462931
13.0075 , 0.0270291 , -0.018467 , -0.0386658 , 0.0124062 , -0.0042144 , 0.0450619
13.0405 , 0.0280396 , -0.0215528 , -0.0404867 , 0.0130688 , -0.00348453 , 0.0431689
13.0746 , 0.0273377 , -0.0185843 , -0.0437436 , 0.0138521 , -0.000691993 , 0.0406627
13.1081 , 0.0274519 , -0.0188741 , -0.0463373 , 0.0146442 , -0.000351202 , 0.0379494
13.1427 , 0.0282137 , -0.019964 , -0.0503506 , 0.0162177 , -0.00132096 , 0.0343657
13.1738 , 0.0272679 , -0.0220236 , -0.0522915 , 0.0194454 , 0.00250081 , 0.0303168
13.2078 , 0.0302627 , -0.0190463 , -0.0528272 , 0.0224202 , -0.00205813 , 0.0263184
13.2423 , 0.0301568 , -0.0189846 , -0.0543768 , 0.0246053 , -0.00629115 , 0.0227353
13.2759 , 0.0299386 , -0.0229255 , -0.0520938 , 0.0270916 , -0.00740945 , 0.020971
13.3103 , 0.0280483 , -0.0224434 , -0.0486156 , 0.0304564 , -0.00777942 , 0.0207754
13.341 , 0.0297967 , -0.0235057 , -0.0470588 , 0.0340954 , -0.0092258 , 0.0195672
13.3757 , 0.0289421 , -0.0234697 , -0.0454326 , 0.0376603 , -0.00980783 , 0.0180858
13.412 , 0.0270511 , -0.0237475 , -0.0417104 , 0.0410709 , -0.00996248 , 0.0176642
13.4453 , 0.0247727 , -0.0257009 , -0.0345307 , 0.0441021 , -0.0133835 , 0.017733
13.4782 , 0.0237592 , -0.0290394 , -0.0336438 , 0.0474461 , -0.0197323 , 0.0171783
13.5089 , 0.022433 , -0.0340862 , -0.0338355 , 0.0517057 , -0.0250116 , 0.0161722
13.5433 , 0.0234022 , -0.0392438 , -0.0331508 , 0.0560654 , -0.0297678 , 0.014653
13.5779 , 0.0228065 , -0.0416157 , -0.0325164 , 0.0602526 , -0.0329775 , 0.0126454
13.6123 , 0.021923 , -0.0434351 , -0.0317928 , 0.063942 , -0.0345647 , 0.0106735
13.6459 , 0.022348 , -0.0420754 , -0.0290687 , 0.0673067 , -0.0349058 , 0.00871112
13.6802 , 0.0222059 , -0.0430456 , -0.0283099 , 0.0699058 , -0.0384101 , 0.00682526
13.7102 , 0.0223472 , -0.0449777 , -0.025889 , 0.072126 , -0.0409061 , 0.0056765
13.7457 , 0.0242272 , -0.0433636 , -0.023316 , 0.073915 , -0.0387977 , 0.00538711
13.7802 , 0.0234613 , -0.0404182 , -0.0207163 , 0.0749774 , -0.0357922 , 0.00571162
13.8137 , 0.024081 , -0.0358908 , -0.0160834 , 0.0754036 , -0.0315135 , 0.00635502
13.8444 , 0.0235808 , -0.0296538 , -0.0100329 , 0.0756444 , -0.0256039 , 0.00775415
13.8828 , 0.0231813 , -0.0237955 , -0.00488169 , 0.0760973 , -0.0189594 , 0.0100526
13.9115 , 0.0253256 , -0.0155888 , -0.0019088 , 0.0771047 , -0.0131692 , 0.0127487
13.9485 , 0.0250183 , -0.00671499 , 0.00562831 , 0.0786464 , -0.00631152 , 0.0154141
13.9836 , 0.0260571 , -0.000648188 , 0.00946934 , 0.079978 , -0.000182416 , 0.0167393
14.0135 , 0.0243685 , 0.00663607 , 0.0158875 , 0.0806968 , 0.00620431 , 0.0169665
14.0476 , 0.0249959 , 0.0163895 , 0.0182091 , 0.0808168 , 0.0111118 , 0.0177774
14.0792 , 0.0314853 , 0.0399598 , 0.0312092 , 0.0802632 , 0.011432 , 0.0191191
14.1157 , 0.0241711 , 0.0205195 , 0.0273739 , 0.0802917 , 0.0129604 , 0.0206294
14.1462 , 0.0250656 , 0.0203355 , 0.0250255 , 0.0813761 , 0.0126934 , 0.0229333
14.1799 , 0.0233367 , 0.0202974 , 0.0256528 , 0.0821622 , 0.0112224 , 0.0252859
14.2154 , 0.0216955 , 0.0202292 , 0.0289394 , 0.0825749 , 0.00789919 , 0.0267138
14.247 , 0.0214474 , 0.016858 , 0.0291657 , 0.0829024 , 0.00442648 , 0.0271118
14.2834 , 0.0205315 , 0.0140753 , 0.0291122 , 0.0825256 , -0.00163999 , 0.0266553
14.317 , 0.018999 , 0.00936351 , 0.0264831 , 0.0814793 , -0.0105555 , 0.0258276
14.3516 , 0.018598 , 0.000842456 , 0.0238171 , 0.0801066 , -0.0172547 , 0.0239856
14.3886 , 0.0160329 , -0.0100683 , 0.01878 , 0.0779776 , -0.0308773 , 0.0214369
14.4179 , 0.0158803 , -0.0223084 , 0.00612775 , 0.0753462 , -0.045258 , 0.0190285
14.451 , 0.0141976 , -0.0361895 , -0.00515324 , 0.0721016 , -0.0612271 , 0.0172723
14.4818 , 0.0111266 , -0.0510491 , -0.0104995 , 0.0671399 , -0.074951 , 0.0171609
14.5164 , 0.00845071 , -0.0619246 , -0.0154756 , 0.0620652 , -0.0816003 , 0.017853
14.5509 , 0.00683383 , -0.0674619 , -0.0201728 , 0.0551065 , -0.0895353 , 0.0194721
14.588 , 0.00396884 , -0.0717831 , -0.0175487 , 0.0466464 , -0.0966492 , 0.0212487
14.6192 , 0.000989072 , -0.0785253 , -0.0167219 , 0.0379033 , -0.100398 , 0.0231923
14.6495 , -0.00246229 , -0.0852348 , -0.0191181 , 0.0302519 , -0.099217 , 0.0250099
14.6841 , -0.00823518 , -0.0806188 , -0.0143961 , 0.0225125 , -0.0968874 , 0.0278078
14.7184 , -0.0082481 , -0.0751984 , -0.0154749 , 0.0159598 , -0.0929272 , 0.0305717
14.7521 , -0.0118636 , -0.0737412 , -0.00910683 , 0.00924574 , -0.0896449 , 0.0339681
14.7899 , -0.0151165 , -0.0719134 , -0.0070944 , 0.00261653 , -0.0870379 , 0.0387377
14.8263 , -0.0185441 , -0.0724404 , -0.00240737 , -0.00272447 , -0.0862047 , 0.0441551
14.8706 , -0.0208467 , -0.0730773 , -0.000785412 , -0.00699362 , -0.08656 , 0.0493187
14.9012 , -0.0218943 , -0.073155 , -0.000294017 , -0.00991788 , -0.0838147 , 0.0536372
14.9357 , -0.021752 , -0.0698987 , 0.000725072 , -0.0119901 , -0.0809348 , 0.0568362
14.9702 , -0.0202962 , -0.0668228 , 0.00204837 , -0.0126563 , -0.0768367 , 0.0584617
15.004 , -0.017888 , -0.0662868 , -0.000254735 , -0.0138494 , -0.075235 , 0.0595514
15.0384 , -0.0146001 , -0.0620444 , 0.000403019 , -0.0145046 , -0.0722415 , 0.0601082
15.0691 , -0.0113498 , -0.0571265 , -0.000299291 , -0.0141572 , -0.0678089 , 0.0598882
15.1035 , -0.00875855 , -0.0545414 , -0.00179641 , -0.0140085 , -0.0652171 , 0.0597298
15.1381 , -0.00661894 , -0.0543854 , -0.00644827 , -0.0140628 , -0.0630777 , 0.0603858
15.1724 , -0.00330569 , -0.0535308 , -0.0056297 , -0.0149742 , -0.0624069 , 0.0613231
15.206 , 0.000263248 , -0.0543699 , -0.0060436 , -0.0164897 , -0.062032 , 0.0620486
15.2367 , 0.00436219 , -0.0521134 , -0.00636555 , -0.0178273 , -0.057985 , 0.0628408
15.2712 , 0.00804505 , -0.0498777 , -0.00617193 , -0.0199838 , -0.0549858 , 0.0637385
15.3058 , 0.00826149 , -0.048749 , -0.00568107 , -0.0218705 , -0.0516251 , 0.0645665
15.3403 , 0.0100989 , -0.046448 , -0.00480295 , -0.0238133 , -0.0462203 , 0.0664419
15.3709 , 0.0144939 , -0.044374 , -0.0067566 , -0.0250737 , -0.0429664 , 0.0682784
15.4055 , 0.0214449 , -0.0417919 , -0.00744187 , -0.0253633 , -0.0408486 , 0.0689903
15.4392 , 0.0225061 , -0.0430047 , -0.00791068 , -0.0242688 , -0.0377793 , 0.0681613
15.4741 , 0.0240315 , -0.0434216 , -0.00947737 , -0.0231754 , -0.0371867 , 0.066655
15.5079 , 0.02334 , -0.042647 , -0.0128788 , -0.0209144 , -0.0353452 , 0.0649607
15.5465 , 0.023805 , -0.0429346 , -0.0112057 , -0.0174553 , -0.0313447 , 0.0626833
15.5788 , 0.0254419 , -0.0423983 , -0.0123758 , -0.0147483 , -0.0318244 , 0.060265
15.6138 , 0.0260573 , -0.0376778 , -0.0139339 , -0.0125303 , -0.0269069 , 0.0568841
15.6437 , 0.0232457 , -0.0309533 , -0.0130007 , -0.0108576 , -0.0227398 , 0.0525981
15.6761 , 0.0220898 , -0.0301214 , -0.0129823 , -0.00958419 , -0.0205495 , 0.0476977
15.7094 , 0.0221716 , -0.0291093 , -0.0131352 , -0.00857512 , -0.0181889 , 0.0430793
15.74 , 0.0221569 , -0.0247537 , -0.0133203 , -0.00818088 , -0.0162946 , 0.0399369
15.7754 , 0.0216146 , -0.0233827 , -0.010536 , -0.00742836 , -0.0117585 , 0.0362405
15.8149 , 0.0221068 , -0.019211 , -0.0104123 , -0.00676255 , -0.00575045 , 0.0318545
15.8462 , 0.0240918 , -0.0147956 , -0.0145811 , -0.00606368 , 0.00119887 , 0.027772
15.8777 , 0.0268797 , -0.00930478 , -0.0185203 , -0.00493557 , 0.00946741 , 0.0243151
15.9116 , 0.0304184 , -0.00346859 , -0.0216589 , -0.00279337 , 0.0166053 , 0.0221573
15.9441 , 0.0328943 , 0.00234279 , -0.0249294 , -0.000285591 , 0.0223597 , 0.0217827
15.9797 , 0.0333546 , 0.004227 , -0.0250774 , 0.00242988 , 0.0258229 , 0.0224775
16.0137 , 0.0355402 , 0.0071234 , -0.0265735 , 0.00512996 , 0.0260166 , 0.0238654
16.0455 , 0.0391768 , 0.0104784 , -0.0289801 , 0.00806234 , 0.024593 , 0.0255831
16.082 , 0.040398 , 0.0100857 , -0.0311534 , 0.0108365 , 0.0264561 , 0.0275803
16.1123 , 0.0413105 , 0.0139204 , -0.0301748 , 0.013393 , 0.0285042 , 0.0294416
16.1523 , 0.0429641 , 0.0162705 , -0.0299243 , 0.0156674 , 0.0307038 , 0.0308903
16.1957 , 0.0430393 , 0.0157893 , -0.0301831 , 0.0177779 , 0.0328972 , 0.032151
16.2286 , 0.0420323 , 0.0206447 , -0.0326589 , 0.0198777 , 0.0354264 , 0.0326999
16.2646 , 0.0429153 , 0.0217479 , -0.0308022 , 0.0224428 , 0.0374748 , 0.0332255
16.2962 , 0.0425266 , 0.0237011 , -0.031177 , 0.0249269 , 0.0379105 , 0.0335785
16.3327 , 0.0429349 , 0.0270939 , -0.0314599 , 0.0278888 , 0.0419229 , 0.0345886
16.3638 , 0.0420781 , 0.0289167 , -0.027316 , 0.0309895 , 0.0437792 , 0.036397
16.402 , 0.0412549 , 0.0284316 , -0.0237409 , 0.0338234 , 0.046079 , 0.0383103
16.4334 , 0.0391084 , 0.029552 , -0.0228733 , 0.0364757 , 0.0467496 , 0.0400797
16.462 , 0.0375837 , 0.028816 , -0.0201077 , 0.0387722 , 0.0465086 , 0.0418509
16.4965 , 0.035646 , 0.0301576 , -0.0191736 , 0.0414492 , 0.0443207 , 0.0439152
16.5321 , 0.0344723 , 0.0274471 , -0.0170906 , 0.044442 , 0.0404795 , 0.0462717
16.5651 , 0.0337553 , 0.0173241 , -0.0143291 , 0.0474637 , 0.0328042 , 0.048522
16.6002 , 0.0322877 , 0.0137021 , -0.0123311 , 0.051289 , 0.0275398 , 0.050195
16.6337 , 0.032049 , 0.0109071 , -0.0112942 , 0.0551551 , 0.0229858 , 0.0516641
16.6646 , 0.0305957 , 0.00580178 , -0.011749 , 0.0588264 , 0.0163666 , 0.0530363
16.6999 , 0.0298172 , 0.00138678 , -0.0161603 , 0.062134 , 0.00816326 , 0.0539238
16.7343 , 0.0297692 , -0.00277841 , -0.0170881 , 0.0658091 , 0.0045836 , 0.05418
16.7644 , 0.0292742 , -0.00537964 , -0.0170104 , 0.0697493 , 0.00315868 , 0.0540597
16.7979 , 0.0298958 , -0.00458107 , -0.0159915 , 0.0731228 , 0.000317713 , 0.0537748
16.8315 , 0.0290379 , -0.00348975 , -0.0158084 , 0.0758243 , -0.00322853 , 0.0530354
16.8659 , 0.0275597 , -0.00419627 , -0.0137586 , 0.0786162 , -0.00332638 , 0.0515497
16.9004 , 0.0281912 , -0.00571554 , -0.0127886 , 0.0811712 , -0.00230793 , 0.0498069
16.9348 , 0.0287362 , -0.00192776 , -0.0102676 , 0.0828093 , -0.00330791 , 0.0477374
16.9651 , 0.027666 , -0.00184325 , -0.00852946 , 0.0825548 , -0.000165848 , 0.0456164
16.9993 , 0.0262505 , -0.00115177 , -0.00562757 , 0.0807965 , 0.000628288 , 0.0437208
17.0339 , 0.021944 , -0.000130969 , -0.00279151 , 0.0781521 , 0.00151908 , 0.0425642
17.0682 , 0.0222867 , -0.000511361 , 0.00322813 , 0.0756505 , 0.000190421 , 0.0419789
17.1018 , 0.0217135 , -0.00200182 , 0.00258273 , 0.0734842 , -0.00124245 , 0.0413046
17.139 , 0.0164089 , -0.00198582 , 0.00905729 , 0.0699604 , -0.00172025 , 0.0407338
17.1742 , 0.0115595 , 8.60183e-05 , 0.0173058 , 0.0653631 , -0.000681547 , 0.0404312
17.2035 , 0.00714995 , 0.00349052 , 0.0242361 , 0.0597251 , -0.000494306 , 0.0415148
17.2363 , 0.00232034 , 0.00139832 , 0.0281477 , 0.0529907 , -0.00556417 , 0.0430518
17.2696 , -0.00393132 , -0.00215383 , 0.0292333 , 0.0450658 , -0.0119457 , 0.0437169
17.3012 , -0.0108799 , -0.0109626 , 0.0293025 , 0.036827 , -0.0217675 , 0.0429358
17.3357 , -0.0187225 , -0.0231928 , 0.0281256 , 0.0280681 , -0.0370718 , 0.0405556
17.3695 , -0.0260074 , -0.0386215 , 0.0232348 , 0.0202595 , -0.0512666 , 0.036196
17.4009 , -0.03146 , -0.0546683 , 0.0155948 , 0.014049 , -0.0697173 , 0.0319712
17.4373 , -0.0330482 , -0.0678784 , 0.00604124 , 0.00974109 , -0.0811196 , 0.0295267
17.468 , -0.033599 , -0.08007 , 0.000344875 , 0.00731921 , -0.0921492 , 0.0286683
17.5036 , -0.0356964 , -0.089865 , -0.0027402 , 0.00223848 , -0.110827 , 0.0292448
17.5369 , -0.0393177 , -0.0977657 , -0.00469975 , -0.00382715 , -0.1214 , 0.028976
17.5715 , -0.0448859 , -0.110336 , -0.00564342 , -0.00994719 , -0.124241 , 0.0295665
17.6053 , -0.0478914 , -0.114108 , -0.0091823 , -0.0179969 , -0.133785 , 0.0316402
17.6357 , -0.0517927 , -0.122218 , -0.00684929 , -0.0245551 , -0.132993 , 0.0331798
17.6728 , -0.0508958 , -0.121396 , -0.0139615 , -0.0328555 , -0.138299 , 0.0355188
17.7063 , -0.055269 , -0.127026 , -0.012928 , -0.0410568 , -0.141979 , 0.0384683
17.7408 , -0.0575262 , -0.127039 , -0.0110486 , -0.0478921 , -0.144719 , 0.0398389
17.7737 , -0.0583991 , -0.125294 , -0.0106198 , -0.0542673 , -0.137313 , 0.0407434
17.8035 , -0.0626649 , -0.121984 , -0.00593147 , -0.0604757 , -0.132348 , 0.0419966
17.8394 , -0.0649448 , -0.118353 , -0.00347265 , -0.0659544 , -0.126625 , 0.0433011
17.8725 , -0.0643125 , -0.113014 , -0.00176263 , -0.0699675 , -0.121462 , 0.0441574
17.9071 , -0.0639199 , -0.109015 , -0.00226843 , -0.072862 , -0.11772 , 0.0445574
17.9379 , -0.0627696 , -0.105078 , -0.00152008 , -0.0749632 , -0.113544 , 0.0449302
17.9722 , -0.0622857 , -0.101442 , -0.0013168 , -0.076555 , -0.10996 , 0.0454244
18.0049 , -0.0622206 , -0.098254 , -0.000119408 , -0.0775495 , -0.105574 , 0.0459954
18.041 , -0.0595073 , -0.0932574 , -0.000563192 , -0.0774324 , -0.0999585 , 0.046292
18.0721 , -0.054471 , -0.0868953 , -0.00223515 , -0.076376 , -0.0930932 , 0.0466029
18.1065 , -0.0518069 , -0.0841275 , 0.00135104 , -0.0755474 , -0.0864674 , 0.0473963
18.1402 , -0.0488383 , -0.0770983 , 0.0038858 , -0.0745241 , -0.0786985 , 0.0481601
18.1747 , -0.0461004 , -0.0674072 , 0.00497484 , -0.0739202 , -0.0694856 , 0.0498136
18.2081 , -0.043005 , -0.0582322 , 0.0072827 , -0.0729855 , -0.0602153 , 0.0515303
18.2425 , -0.0406629 , -0.0500042 , 0.0164717 , -0.0722567 , -0.048864 , 0.0527882
18.2732 , -0.035481 , -0.039023 , 0.0176257 , -0.0718787 , -0.0386289 , 0.0542153
18.3077 , -0.0315468 , -0.0306864 , 0.0217995 , -0.0722855 , -0.0284073 , 0.0570413
18.3441 , -0.0270487 , -0.0220854 , 0.0259606 , -0.0716554 , -0.0175858 , 0.0593938
18.3783 , -0.0218765 , -0.0149571 , 0.0278021 , -0.0718009 , -0.00730111 , 0.0617633
18.4121 , -0.0201986 , -0.00879658 , 0.0309661 , -0.0718568 , -0.00278608 , 0.0640786
18.4426 , -0.0165356 , -0.00801075 , 0.0273067 , -0.0723546 , -0.000370614 , 0.0659778
18.4775 , -0.0130964 , -0.0111511 , 0.0250722 , -0.0705791 , -0.000570576 , 0.066349
18.5115 , -0.011795 , -0.0152508 , 0.0260474 , -0.0680773 , -0.00737077 , 0.0653044
18.5456 , -0.00644762 , -0.0192405 , 0.0171993 , -0.0645953 , -0.0118302 , 0.0630135
18.5754 , -0.00413791 , -0.0213405 , 0.0106155 , -0.0594312 , -0.0139759 , 0.0597143
18.6088 , -0.000904447 , -0.0252708 , 0.00733918 , -0.0538414 , -0.0158659 , 0.0566551
18.6433 , 0.00081809 , -0.0242166 , 0.00622058 , -0.0472909 , -0.0150202 , 0.0529262
18.6779 , 0.00553327 , -0.0219603 , 0.00065714 , -0.0406477 , -0.0113658 , 0.048012
18.7125 , 0.00900655 , -0.0159596 , -0.00113385 , -0.0363162 , -0.0088921 , 0.0430339
18.7461 , 0.00948043 , -0.0106288 , -0.000678931 , -0.0332999 , -0.000752241 , 0.0385228
18.7764 , 0.0102099 , -0.00761062 , -0.00198861 , -0.0316526 , 0.00387072 , 0.0343748
18.8168 , 0.0096657 , 0.00266616 , 6.2248e-05 , -0.030745 , 0.00774533 , 0.0313146
18.8517 , 0.00765216 , 0.00334431 , 0.00276088 , -0.0310947 , 0.00960191 , 0.0296606
18.8831 , 0.00707236 , 0.00397155 , 0.00709293 , -0.0320664 , 0.0159454 , 0.028752
18.914 , 0.00523132 , 0.00509362 , 0.00878367 , -0.033905 , 0.0171054 , 0.0281697
18.9478 , 0.00278232 , 0.00582512 , 0.00985812 , -0.0360241 , 0.0179405 , 0.0278704
18.9834 , 0.00218337 , 0.00676094 , 0.0109617 , -0.0373105 , 0.0172244 , 0.0275126
19.0167 , 0.00272012 , 0.00865735 , 0.00901297 , -0.0374943 , 0.019757 , 0.0271962
19.0538 , 0.00302057 , 0.00910234 , 0.00819986 , -0.0365748 , 0.0219523 , 0.0266961
19.1005 , 0.00374994 , 0.0101446 , 0.00429463 , -0.0349467 , 0.0219551 , 0.0262348
19.1349 , 0.00568863 , 0.0126117 , 0.00455254 , -0.0332158 , 0.0204854 , 0.0258857
19.1676 , 0.00903746 , 0.014102 , 0.000937007 , -0.03012 , 0.02121 , 0.0254972
19.1962 , 0.0122537 , 0.0128933 , -0.0027116 , -0.025636 , 0.0205928 , 0.0253777
19.2313 , 0.0146105 , 0.0116202 , -0.00661757 , -0.0204707 , 0.0200098 , 0.0256597
19.2629 , 0.0161226 , 0.0118799 , -0.00873231 , -0.0153004 , 0.020338 , 0.0264636
19.2994 , 0.0173825 , 0.0126974 , -0.00859507 , -0.0104288 , 0.0202588 , 0.0275036
19.3387 , 0.01849 , 0.0130484 , -0.00896105 , -0.00613848 , 0.019339 , 0.0284549
19.3883 , 0.0190288 , 0.0121289 , -0.00939552 , -0.00234368 , 0.0185379 , 0.0292598
19.4253 , 0.0187581 , 0.0108757 , -0.00809165 , 0.00111627 , 0.0178782 , 0.0300411
19.4665 , 0.0184602 , 0.0127784 , -0.0080501 , 0.00446869 , 0.01777 , 0.030726
19.4979 , 0.0182874 , 0.0139172 , -0.00729922 , 0.00829814 , 0.0176797 , 0.0306925
19.5325 , 0.0184149 , 0.00994223 , -0.00626295 , 0.012549 , 0.0196363 , 0.0299455
19.5671 , 0.0212713 , 0.012192 , -0.00817793 , 0.0162075 , 0.0148965 , 0.0289831
19.6005 , 0.0214032 , 0.0121106 , -0.00736508 , 0.0211287 , 0.0169358 , 0.0273802
19.6367 , 0.0229313 , 0.00960404 , -0.00842289 , 0.0265885 , 0.0125606 , 0.0255173
19.6673 , 0.0257329 , 0.00705465 , -0.0102289 , 0.0322416 , 0.00921679 , 0.0238597
19.7009 , 0.0290962 , 0.00407235 , -0.011045 , 0.0381856 , 0.00666782 , 0.0224968
19.7342 , 0.0312169 , 0.00365142 , -0.0123666 , 0.0441132 , 0.00462518 , 0.02171
19.7699 , 0.0314493 , 0.00199135 , -0.0123568 , 0.0494825 , 0.00361085 , 0.0214316
19.8044 , 0.0323574 , 0.000309179 , -0.0106068 , 0.0544528 , 0.0022048 , 0.0211622
19.8351 , 0.035021 , 0.0027374 , -0.0103413 , 0.0582179 , 0.00146593 , 0.021323
19.8689 , 0.0355012 , 0.00358267 , -0.00917137 , 0.0612936 , 0.00161438 , 0.0220712
19.9044 , 0.0364634 , 0.00478953 , -0.00685653 , 0.0640916 , 0.00371551 , 0.02296
19.9354 , 0.037872 , 0.00804045 , -0.0100809 , 0.0665687 , 0.0050298 , 0.0223366
19.9722 , 0.0381542 , 0.0083295 , -0.0102714 , 0.068552 , 0.00669396 , 0.0207023
20.0036 , 0.0385277 , 0.00963555 , -0.00933208 , 0.0695437 , 0.00819123 , 0.0186109
20.0375 , 0.0386522 , 0.0134183 , -0.00760776 , 0.0699568 , 0.0110815 , 0.0164103
20.0729 , 0.0378696 , 0.0159343 , -0.00228093 , 0.0701406 , 0.0155269 , 0.0143074
20.1065 , 0.0378291 , 0.0180569 , -0.00310692 , 0.0702584 , 0.0170856 , 0.0119139
20.1402 , 0.0405359 , 0.0203525 , -0.00669307 , 0.0701976 , 0.0205286 , 0.00880444
20.1698 , 0.0410747 , 0.0197056 , -0.00423428 , 0.0697644 , 0.0194506 , 0.00620206
20.2056 , 0.0412598 , 0.0229557 , -0.00340788 , 0.0706692 , 0.0234662 , 0.0052744
20.2363 , 0.0392284 , 0.0228849 , -0.00116595 , 0.0707009 , 0.0214706 , 0.00488497
20.2725 , 0.037394 , 0.0250895 , 0.000603242 , 0.0690558 , 0.0205441 , 0.00453881
20.3062 , 0.0372493 , 0.0240447 , -0.000212408 , 0.0665767 , 0.0202712 , 0.00441828
20.3387 , 0.0365065 , 0.0232342 , 0.00107216 , 0.0558761 , 0.0115384 , 0.00512624
20.3725 , 0.0344776 , 0.0216015 , 0.00298255 , 0.0410089 , 0.00761138 , 0.00638931
20.408 , 0.0321261 , 0.0201957 , 0.00085305 , 0.0332579 , 0.0125702 , 0.00491906
20.4396 , 0.0294383 , 0.0182853 , 0.000334971 , 0.0283961 , 0.015128 , 0.00225227
20.4762 , 0.0279335 , 0.0148944 , 0.00172445 , 0.0244796 , 0.0151731 , -0.000183876
20.5103 , 0.0244973 , 0.0152818 , 0.000761522 , 0.0216658 , 0.0150172 , -0.00258172
20.5414 , 0.0212116 , 0.011646 , 0.00479289 , 0.0189227 , 0.0128142 , -0.00482371
20.5745 , 0.0185991 , 0.0126046 , 0.00350407 , 0.0171969 , 0.0106034 , -0.0078826
20.6103 , 0.0157166 , 0.00934189 , 0.00235582 , 0.0155431 , 0.00467491 , -0.0122383
20.6466 , 0.0133845 , 0.00588945 , 0.00228335 , 0.0129565 , 0.00261434 , -0.0167211
20.6814 , 0.0106618 , 0.00318787 , 0.00181843 , 0.0104444 , -0.00540531 , -0.0204955
20.7282 , 0.00781819 , -0.00112779 , 0.00587981 , 0.00645728 , -0.00470726 , -0.0234
20.7595 , 0.00493935 , -0.00340327 , 0.00740553 , 0.00189261 , -0.00736466 , -0.0260431
20.7941 , 0.00386366 , -0.00696651 , 0.00638307 , -0.00390078 , -0.00985262 , -0.0293294
20.8257 , -5.72641e-05 , -0.011817 , 0.00581056 , -0.00930088 , -0.0136577 , -0.0329104
20.862 , -0.00467615 , -0.0143342 , 0.0057791 , -0.0140599 , -0.0176829 , -0.0350552
20.8967 , -0.00818901 , -0.0187942 , 0.00454753 , -0.0183972 , -0.0258329 , -0.0360741
20.9279 , -0.0124043 , -0.0276358 , 0.0032859 , -0.0215539 , -0.0283464 , -0.0362096
20.9601 , -0.0162219 , -0.0298377 , 0.00605296 , -0.0230079 , -0.0320023 , -0.0369092
20.9953 , -0.0203282 , -0.0386456 , -0.00083477 , -0.0242257 , -0.0396744 , -0.0395922
21.0308 , -0.0229625 , -0.0422935 , -0.000167789 , -0.0256411 , -0.0464502 , -0.0418421
21.0623 , -0.025821 , -0.0456634 , 0.00170618 , -0.0270628 , -0.0505398 , -0.042821
21.0939 , -0.0280073 , -0.049888 , 0.00129083 , -0.0285658 , -0.0536776 , -0.0436562
21.1274 , -0.0301447 , -0.0512688 , 0.00199417 , -0.0298584 , -0.054273 , -0.0451342
21.1607 , -0.0322955 , -0.0530559 , 0.00250119 , -0.0313197 , -0.0581331 , -0.0439403
21.1971 , -0.0339493 , -0.0591794 , 0.00317833 , -0.0319692 , -0.063697 , -0.0459167
21.2319 , -0.0326873 , -0.0638446 , -0.000902541 , -0.0318324 , -0.0664786 , -0.0478982
21.2661 , -0.031939 , -0.0656341 , -0.00154033 , -0.0314643 , -0.0690825 , -0.049068
21.2973 , -0.0316988 , -0.0675699 , -0.0032963 , -0.0314528 , -0.0711327 , -0.0497488
21.3289 , -0.0323221 , -0.0697172 , -0.00449705 , -0.0311899 , -0.0713165 , -0.0491899
21.3653 , -0.0349385 , -0.0708901 , -0.00153567 , -0.0308487 , -0.0745081 , -0.0489263
21.3961 , -0.0358831 , -0.0734551 , -0.00175292 , -0.0305747 , -0.0742462 , -0.0492476
21.438 , -0.0337745 , -0.0760309 , -0.00741737 , -0.0300567 , -0.0791285 , -0.0495478
21.4809 , -0.0344774 , -0.0782444 , -0.00735284 , -0.0295445 , -0.0817316 , -0.0500505
21.5144 , -0.0336666 , -0.0789407 , -0.00866559 , -0.0287876 , -0.082627 , -0.0507808
21.5506 , -0.0342788 , -0.0799802 , -0.00667024 , -0.0281263 , -0.0837653 , -0.05108
