627

0.026277 , 0.22344 , -0.0126566 , 0.0481208 , 0.246839 , -0.00874332 , 0.0471613
0.06183 , 0.223404 , -0.0126561 , 0.048103 , 0.205346 , -0.0026047 , 0.0711674
0.098736 , 0.223374 , -0.0126492 , 0.0480888 , 0.193548 , 0.00632495 , 0.0588233
0.144522 , 0.223352 , -0.0126464 , 0.048083 , 0.203492 , -0.00493092 , 0.0496383
0.184999 , 0.223338 , -0.0126226 , 0.0480655 , 0.210839 , -0.0172128 , 0.044315
0.231934 , 0.223343 , -0.0125847 , 0.0480328 , 0.212414 , -0.0207857 , 0.0393162
0.282304 , 0.223365 , -0.0125484 , 0.0479931 , 0.215345 , -0.0189941 , 0.0343014
0.334268 , 0.223369 , -0.0125401 , 0.0479868 , 0.222801 , -0.0162278 , 0.0313757
0.384166 , 0.223371 , -0.0125401 , 0.0479868 , 0.231757 , -0.0135551 , 0.0314951
0.427998 , 0.22337 , -0.0125306 , 0.0479815 , 0.23867 , -0.010921 , 0.0339065
0.46486 , 0.22337 , -0.0125326 , 0.0479814 , 0.241558 , -0.00888625 , 0.0374244
0.499438 , 0.22337 , -0.0125326 , 0.0479814 , 0.240412 , -0.00818036 , 0.0409963
0.546162 , 0.22337 , -0.0125326 , 0.0479814 , 0.237248 , -0.00887381 , 0.0438595
0.583012 , 0.22337 , -0.0125326 , 0.0479814 , 0.232873 , -0.0105254 , 0.046214
0.629967 , 0.22337 , -0.0125326 , 0.0479814 , 0.228493 , -0.0122313 , 0.0476708
0.663016 , 0.22337 , -0.0125326 , 0.0479814 , 0.224899 , -0.0133294 , 0.0483205
0.69503 , 0.22337 , -0.0125326 , 0.0479814 , 0.222655 , -0.0142333 , 0.0487699
0.72971 , 0.22337 , -0.0125326 , 0.0479814 , 0.221384 , -0.0137485 , 0.0485353
0.763473 , 0.22337 , -0.0125326 , 0.0479814 , 0.220975 , -0.0127592 , 0.0483601
0.798211 , 0.22337 , -0.0125326 , 0.0479814 , 0.221328 , -0.0120783 , 0.0484429
0.829942 , 0.22337 , -0.0125326 , 0.0479814 , 0.221906 , -0.0117707 , 0.0487738
0.861793 , 0.22337 , -0.0125326 , 0.0479814 , 0.222745 , -0.0114655 , 0.049261
0.895382 , 0.22337 , -0.0125326 , 0.0479814 , 0.223905 , -0.0116313 , 0.0496162
0.930903 , 0.22337 , -0.0125326 , 0.0479814 , 0.224816 , -0.0121792 , 0.0492204
0.96961 , 0.22337 , -0.0125326 , 0.0479814 , 0.225647 , -0.0125814 , 0.0491561
1.0149 , 0.22337 , -0.0125326 , 0.0479814 , 0.226279 , -0.0129071 , 0.049215
1.04648 , 0.22337 , -0.0125326 , 0.0479814 , 0.22648 , -0.0130231 , 0.049127
1.08114 , 0.22337 , -0.0125307 , 0.0479819 , 0.22625 , -0.0128499 , 0.0489899
1.11479 , 0.224141 , -0.0112429 , 0.0471264 , 0.230672 , -0.0170687 , 0.0479991
1.14946 , 0.224141 , -0.0112429 , 0.0471264 , 0.222172 , -0.0145182 , 0.0500151
1.18052 , 0.224361 , -0.0113112 , 0.0470143 , 0.225778 , -0.00949633 , 0.0499701
1.21819 , 0.224989 , -0.011648 , 0.0465825 , 0.227992 , -0.00797873 , 0.0475482
1.25031 , 0.225021 , -0.0116902 , 0.0465347 , 0.227086 , -0.00822685 , 0.0467804
1.28194 , 0.225021 , -0.0116902 , 0.0465347 , 0.225261 , -0.00901475 , 0.0473727
1.31469 , 0.225177 , -0.0119453 , 0.0468485 , 0.225095 , -0.0101947 , 0.0473148
1.34984 , 0.225214 , -0.012065 , 0.0468105 , 0.225693 , -0.0113127 , 0.0468892
1.38591 , 0.225299 , -0.0122648 , 0.0467063 , 0.22694 , -0.0121155 , 0.0465823
1.42357 , 0.225393 , -0.0124086 , 0.0466436 , 0.227634 , -0.0127763 , 0.0463601
1.4693 , 0.225381 , -0.0125398 , 0.0467256 , 0.227615 , -0.0129473 , 0.046523
1.50454 , 0.225534 , -0.0125735 , 0.046845 , 0.228033 , -0.0127837 , 0.0468467
1.53782 , 0.225556 , -0.0127365 , 0.0469518 , 0.227654 , -0.012515 , 0.0469198
1.57035 , 0.225754 , -0.0128255 , 0.0469995 , 0.227701 , -0.0123015 , 0.0470208
1.60467 , 0.22584 , -0.0128889 , 0.0471302 , 0.227873 , -0.0123855 , 0.046957
1.63912 , 0.22588 , -0.0129649 , 0.0470597 , 0.227432 , -0.0125041 , 0.0477155
1.67336 , 0.225865 , -0.0127989 , 0.0472147 , 0.228223 , -0.0122111 , 0.0478808
1.70741 , 0.225757 , -0.0126873 , 0.0473329 , 0.227975 , -0.0115712 , 0.0479083
1.75217 , 0.225726 , -0.0125558 , 0.0473825 , 0.227674 , -0.0117216 , 0.0475072
1.78466 , 0.225666 , -0.0124567 , 0.0474912 , 0.227626 , -0.0121968 , 0.0472638
1.81816 , 0.22555 , -0.0123995 , 0.0475614 , 0.228143 , -0.0122793 , 0.0471534
1.8547 , 0.225306 , -0.0122242 , 0.0476638 , 0.22823 , -0.012183 , 0.0465666
1.88958 , 0.225291 , -0.012256 , 0.0475936 , 0.227443 , -0.0120239 , 0.0474831
1.92168 , 0.224907 , -0.0120184 , 0.0475199 , 0.22771 , -0.0117326 , 0.0474982
1.95552 , 0.224624 , -0.0120133 , 0.0475414 , 0.226841 , -0.0115982 , 0.0471834
1.98751 , 0.22434 , -0.0120015 , 0.0475698 , 0.226012 , -0.0121374 , 0.0476792
2.02246 , 0.22372 , -0.0122711 , 0.047431 , 0.225612 , -0.012228 , 0.0481302
2.06342 , 0.223326 , -0.0121975 , 0.0473258 , 0.225285 , -0.0121463 , 0.0479595
2.10621 , 0.222853 , -0.0121841 , 0.0471576 , 0.224815 , -0.0123465 , 0.0479318
2.13725 , 0.222182 , -0.012363 , 0.0471592 , 0.224607 , -0.0124594 , 0.0475455
2.17148 , 0.221334 , -0.0126751 , 0.0473999 , 0.223017 , -0.0126461 , 0.0479818
2.20919 , 0.22046 , -0.0129281 , 0.0477284 , 0.221718 , -0.0130012 , 0.0482959
2.24109 , 0.219575 , -0.0131432 , 0.0481075 , 0.220832 , -0.0128713 , 0.0490092
2.27746 , 0.217766 , -0.0133068 , 0.0483956 , 0.218384 , -0.0137476 , 0.0497605
2.32979 , 0.216323 , -0.0135521 , 0.0488253 , 0.214966 , -0.0135711 , 0.0506065
2.37802 , 0.21369 , -0.0135644 , 0.0500837 , 0.211274 , -0.0143067 , 0.0521977
2.42319 , 0.210457 , -0.0140509 , 0.0521108 , 0.207771 , -0.0142966 , 0.0554154
2.45558 , 0.208351 , -0.0137292 , 0.0554415 , 0.207073 , -0.0140969 , 0.0569384
2.49119 , 0.204698 , -0.0147132 , 0.0565091 , 0.205451 , -0.0145035 , 0.0574302
2.52279 , 0.201022 , -0.0138825 , 0.0624247 , 0.203258 , -0.0142897 , 0.0612633
2.55927 , 0.203146 , -0.0136798 , 0.0621995 , 0.201911 , -0.0134693 , 0.0639633
2.594 , 0.196997 , -0.0139071 , 0.0635599 , 0.198694 , -0.0130384 , 0.0648573
2.62522 , 0.194706 , -0.0130716 , 0.06716 , 0.197089 , -0.0117451 , 0.0662196
2.657 , 0.198363 , -0.0112413 , 0.0694725 , 0.196433 , -0.0106409 , 0.0693411
2.69339 , 0.198504 , -0.0101649 , 0.0724401 , 0.195875 , -0.00887268 , 0.0698946
2.72799 , 0.19585 , -0.00974394 , 0.0742389 , 0.195608 , -0.00653392 , 0.0706183
2.76223 , 0.194238 , -0.0082211 , 0.0743883 , 0.194408 , -0.00620467 , 0.0696689
2.7943 , 0.194231 , -0.00662352 , 0.0761004 , 0.192324 , -0.00490822 , 0.0685569
2.8259 , 0.192087 , -0.00566446 , 0.0761182 , 0.192882 , -0.00180752 , 0.0676965
2.86119 , 0.188918 , -0.00472388 , 0.0768886 , 0.192074 , 0.000215977 , 0.0649205
2.89266 , 0.191283 , -0.00144259 , 0.0760879 , 0.188999 , 0.00162052 , 0.0614714
2.92562 , 0.189233 , -0.000144872 , 0.0745359 , 0.18995 , 0.00540707 , 0.0601384
2.9595 , 0.188843 , 0.00260268 , 0.0738268 , 0.191033 , 0.00693364 , 0.0594904
2.99668 , 0.188539 , 0.00358478 , 0.0748679 , 0.191238 , 0.00547065 , 0.0576886
3.03554 , 0.189335 , 0.00559672 , 0.0742305 , 0.19253 , 0.0048513 , 0.055489
3.0784 , 0.189568 , 0.00708382 , 0.0719971 , 0.198387 , 0.00380523 , 0.052833
3.11008 , 0.18777 , 0.00758133 , 0.0718958 , 0.203114 , 0.000449626 , 0.049948
3.1419 , 0.189256 , 0.0103986 , 0.0700989 , 0.202167 , -0.000294782 , 0.0457334
3.17613 , 0.189781 , 0.0128445 , 0.0687483 , 0.198137 , 0.00118912 , 0.0476794
3.21035 , 0.191416 , 0.0150077 , 0.0670652 , 0.195582 , 0.00111615 , 0.0514117
3.24492 , 0.19061 , 0.016189 , 0.0649719 , 0.194152 , 0.00561248 , 0.0568849
3.27824 , 0.188103 , 0.0179368 , 0.0638585 , 0.194174 , 0.0114697 , 0.0609726
3.30887 , 0.188207 , 0.0202018 , 0.0643894 , 0.196133 , 0.0148308 , 0.0638124
3.34338 , 0.187326 , 0.0236877 , 0.0631459 , 0.199758 , 0.0184011 , 0.0668244
3.37789 , 0.187364 , 0.0275492 , 0.0648774 , 0.201829 , 0.0203156 , 0.0696754
3.41243 , 0.18722 , 0.0310961 , 0.0640767 , 0.203404 , 0.0216785 , 0.0700729
3.44609 , 0.18591 , 0.0351046 , 0.0627178 , 0.203879 , 0.022812 , 0.068163
3.4766 , 0.185854 , 0.0367789 , 0.0614549 , 0.201344 , 0.0259776 , 0.0646349
3.51613 , 0.185285 , 0.0401296 , 0.0585749 , 0.196547 , 0.0301789 , 0.0593038
3.55294 , 0.184937 , 0.0410407 , 0.0528398 , 0.189909 , 0.0391921 , 0.054718
3.60027 , 0.184561 , 0.0446501 , 0.0482473 , 0.18191 , 0.0431483 , 0.0487166
3.6294 , 0.18659 , 0.0478762 , 0.0429415 , 0.174382 , 0.0454821 , 0.041968
3.66601 , 0.185961 , 0.0496486 , 0.0379821 , 0.169272 , 0.0498414 , 0.0335554
3.69474 , 0.18694 , 0.0535754 , 0.0316838 , 0.167515 , 0.0543429 , 0.0249365
3.73151 , 0.19098 , 0.0558146 , 0.0239663 , 0.167113 , 0.0567052 , 0.013715
3.76326 , 0.190463 , 0.0572108 , 0.0123962 , 0.169182 , 0.0601927 , -0.000700309
3.79723 , 0.194 , 0.0607389 , 0.00156103 , 0.170502 , 0.0635933 , -0.0171851
3.83218 , 0.194216 , 0.063054 , -0.00903483 , 0.173537 , 0.0680692 , -0.0296253
3.86552 , 0.195318 , 0.0659091 , -0.0185628 , 0.177104 , 0.0739166 , -0.0417087
3.89603 , 0.195429 , 0.0695652 , -0.0241208 , 0.182281 , 0.0794937 , -0.0532729
3.93166 , 0.195616 , 0.0708464 , -0.0376917 , 0.184506 , 0.0833337 , -0.0628357
3.96545 , 0.196442 , 0.0724873 , -0.0403655 , 0.187313 , 0.0863757 , -0.0704559
3.99967 , 0.197771 , 0.0744499 , -0.0454666 , 0.191487 , 0.0888319 , -0.0758667
4.03323 , 0.199633 , 0.0752996 , -0.0507952 , 0.193136 , 0.0895392 , -0.0796685
4.06387 , 0.199943 , 0.0747194 , -0.0545183 , 0.195322 , 0.0899165 , -0.0821443
4.09928 , 0.199461 , 0.0748515 , -0.0574767 , 0.193486 , 0.0897815 , -0.0829644
4.13283 , 0.198586 , 0.0742442 , -0.0611718 , 0.193159 , 0.0894365 , -0.0850275
4.16744 , 0.198652 , 0.0732767 , -0.065814 , 0.194647 , 0.0875966 , -0.0879501
4.20164 , 0.20101 , 0.0707529 , -0.071375 , 0.196218 , 0.0840525 , -0.0902194
4.23155 , 0.200065 , 0.0674452 , -0.0775366 , 0.197931 , 0.0813349 , -0.0918932
4.2671 , 0.204577 , 0.0660879 , -0.0820775 , 0.199765 , 0.0784366 , -0.0928458
4.30051 , 0.204819 , 0.0616928 , -0.0848453 , 0.198942 , 0.0732145 , -0.0942625
4.33501 , 0.204174 , 0.0584651 , -0.0873755 , 0.198042 , 0.0690058 , -0.0941782
4.36577 , 0.20546 , 0.0541907 , -0.0891168 , 0.199024 , 0.0626174 , -0.0939936
4.40034 , 0.206936 , 0.0473898 , -0.0908394 , 0.201467 , 0.0566085 , -0.0932836
4.4349 , 0.208184 , 0.0409172 , -0.0922968 , 0.202524 , 0.0513812 , -0.091419
4.46836 , 0.209198 , 0.03504 , -0.0916545 , 0.203975 , 0.0443902 , -0.0876111
4.50293 , 0.211049 , 0.0276096 , -0.0890188 , 0.207166 , 0.0377261 , -0.0830421
4.53346 , 0.213553 , 0.0204257 , -0.0842772 , 0.209504 , 0.0309026 , -0.0746834
4.56806 , 0.216793 , 0.0127198 , -0.0770248 , 0.213643 , 0.0243469 , -0.0659679
4.60258 , 0.219392 , 0.00388329 , -0.0705548 , 0.218476 , 0.0187427 , -0.0590015
4.63618 , 0.224304 , -0.00434362 , -0.0626056 , 0.221371 , 0.009876 , -0.0525947
4.67067 , 0.226921 , -0.0133662 , -0.0566965 , 0.226059 , 0.00332222 , -0.0467821
4.70129 , 0.229768 , -0.0216569 , -0.0488508 , 0.229904 , -0.00510853 , -0.0378156
4.73587 , 0.234036 , -0.0307736 , -0.0404513 , 0.235412 , -0.01535 , -0.0320084
4.77025 , 0.238913 , -0.0412515 , -0.0315225 , 0.239072 , -0.0255551 , -0.0257497
4.80401 , 0.240655 , -0.0513803 , -0.0251373 , 0.244425 , -0.0344197 , -0.0208017
4.83851 , 0.243007 , -0.0577564 , -0.0179886 , 0.246599 , -0.0421918 , -0.0179936
4.86893 , 0.242395 , -0.0643442 , -0.0139958 , 0.247717 , -0.0474932 , -0.0152353
4.90613 , 0.240737 , -0.0705407 , -0.00912921 , 0.249239 , -0.0545082 , -0.0127221
4.94324 , 0.241368 , -0.0763647 , -0.00304681 , 0.251218 , -0.0597561 , -0.010721
4.97962 , 0.24218 , -0.0797544 , 0.00685401 , 0.253937 , -0.0663514 , -0.00656896
5.02209 , 0.244784 , -0.0889487 , 0.0123432 , 0.257319 , -0.0705701 , 0.000979729
5.05647 , 0.246578 , -0.0962437 , 0.0190197 , 0.262994 , -0.0799387 , 0.00421029
5.08999 , 0.245933 , -0.0999036 , 0.026304 , 0.264735 , -0.0891102 , 0.00623983
5.12089 , 0.249251 , -0.107081 , 0.0309764 , 0.267143 , -0.0967035 , 0.00814757
5.15526 , 0.251443 , -0.11091 , 0.0357377 , 0.270103 , -0.104677 , 0.0125885
5.18979 , 0.256437 , -0.115351 , 0.0417702 , 0.274531 , -0.113154 , 0.0183052
5.22447 , 0.259912 , -0.118155 , 0.0521717 , 0.278352 , -0.12016 , 0.0258413
5.25794 , 0.267026 , -0.124461 , 0.0599927 , 0.28468 , -0.127112 , 0.0336311
5.28847 , 0.270197 , -0.128101 , 0.0684989 , 0.288627 , -0.133668 , 0.0408947
5.32326 , 0.271665 , -0.134459 , 0.0743519 , 0.292114 , -0.138421 , 0.0473467
5.35755 , 0.276099 , -0.138552 , 0.0791407 , 0.297008 , -0.142451 , 0.0534769
5.39201 , 0.280209 , -0.141532 , 0.0826996 , 0.301599 , -0.143635 , 0.0589024
5.42467 , 0.284589 , -0.142721 , 0.0849148 , 0.303355 , -0.137045 , 0.06485
5.45881 , 0.28468 , -0.136805 , 0.0898787 , 0.311356 , -0.138995 , 0.0682603
5.48968 , 0.288844 , -0.136964 , 0.0904464 , 0.317322 , -0.139814 , 0.0690815
5.52527 , 0.285569 , -0.1324 , 0.087606 , 0.31908 , -0.137203 , 0.0666201
5.55989 , 0.286974 , -0.130918 , 0.0870297 , 0.312174 , -0.134388 , 0.0640285
5.59344 , 0.281474 , -0.128071 , 0.0845437 , 0.316037 , -0.130308 , 0.0615978
5.62399 , 0.285261 , -0.124073 , 0.0827823 , 0.318097 , -0.127634 , 0.0585933
5.65953 , 0.28436 , -0.120574 , 0.0802248 , 0.322838 , -0.123805 , 0.0573905
5.69315 , 0.284529 , -0.117188 , 0.079475 , 0.325468 , -0.121504 , 0.0566572
5.7246 , 0.282539 , -0.114403 , 0.0789598 , 0.325603 , -0.120037 , 0.0557425
5.76122 , 0.281323 , -0.110705 , 0.0786716 , 0.322439 , -0.120209 , 0.055541
5.79167 , 0.276052 , -0.108717 , 0.0779461 , 0.317642 , -0.122118 , 0.0560326
5.82721 , 0.272041 , -0.10664 , 0.0790596 , 0.314548 , -0.120183 , 0.0577981
5.86071 , 0.270602 , -0.107545 , 0.0827241 , 0.310619 , -0.118557 , 0.0607194
5.89531 , 0.272131 , -0.102915 , 0.0867432 , 0.307283 , -0.11628 , 0.0665826
5.92883 , 0.267478 , -0.0945204 , 0.0862547 , 0.300361 , -0.117028 , 0.0728438
5.95943 , 0.264147 , -0.0910286 , 0.088149 , 0.289014 , -0.116196 , 0.0745181
5.99933 , 0.259628 , -0.0872048 , 0.086766 , 0.278113 , -0.109741 , 0.0753325
6.03674 , 0.2567 , -0.0796497 , 0.0854389 , 0.265394 , -0.103471 , 0.0753361
6.08054 , 0.253055 , -0.0737728 , 0.0829344 , 0.253441 , -0.0978136 , 0.0728139
6.11418 , 0.251209 , -0.0676398 , 0.0777863 , 0.23869 , -0.0897057 , 0.0732009
6.14822 , 0.246819 , -0.0603909 , 0.0755838 , 0.226733 , -0.0821907 , 0.0721827
6.18052 , 0.244931 , -0.0560632 , 0.070831 , 0.216898 , -0.0753 , 0.0719446
6.21122 , 0.244056 , -0.0528129 , 0.0625605 , 0.205122 , -0.067276 , 0.0708678
6.24487 , 0.241983 , -0.047795 , 0.0551645 , 0.196048 , -0.0564467 , 0.06799
6.28031 , 0.236365 , -0.0450281 , 0.0535918 , 0.190444 , -0.0524349 , 0.0656093
6.31487 , 0.23402 , -0.0374478 , 0.0498948 , 0.185176 , -0.0460566 , 0.0640018
6.34876 , 0.230198 , -0.0304506 , 0.0469214 , 0.181941 , -0.0384127 , 0.0638489
6.38293 , 0.22614 , -0.0235185 , 0.0495375 , 0.179502 , -0.031394 , 0.0649837
6.41258 , 0.220879 , -0.017101 , 0.0515123 , 0.177263 , -0.0261317 , 0.0680711
6.44928 , 0.21482 , -0.0115874 , 0.0535664 , 0.176461 , -0.0222487 , 0.0707377
6.48319 , 0.208184 , -0.00592224 , 0.054221 , 0.176935 , -0.0187708 , 0.0700895
6.51513 , 0.203399 , -0.0003666 , 0.0545409 , 0.178324 , -0.012613 , 0.0671349
6.54854 , 0.198983 , 0.00579698 , 0.0521341 , 0.180672 , -0.00579022 , 0.0640891
6.58313 , 0.195534 , 0.0155861 , 0.0493639 , 0.182035 , 0.00111714 , 0.0587775
6.61384 , 0.191256 , 0.0241638 , 0.0467615 , 0.182007 , 0.00807127 , 0.0521043
6.65027 , 0.187338 , 0.0314738 , 0.0422452 , 0.181487 , 0.0140128 , 0.0433267
6.68084 , 0.183382 , 0.0385624 , 0.0351298 , 0.178998 , 0.020767 , 0.0330704
6.71557 , 0.178666 , 0.0462485 , 0.026112 , 0.17878 , 0.0298598 , 0.0205861
6.74995 , 0.179451 , 0.0549517 , 0.0173224 , 0.178229 , 0.0394791 , 0.00805833
6.78441 , 0.176057 , 0.0621703 , 0.00940583 , 0.175454 , 0.0506534 , -0.0034121
6.81799 , 0.176557 , 0.0702031 , 0.00377569 , 0.17283 , 0.0617352 , -0.0154689
6.84869 , 0.176144 , 0.0771301 , -0.0047985 , 0.17036 , 0.0711177 , -0.028059
6.88321 , 0.177682 , 0.081838 , -0.0158813 , 0.166023 , 0.0802656 , -0.0418039
6.9176 , 0.176227 , 0.0890815 , -0.0274206 , 0.166013 , 0.0873967 , -0.0603813
6.95224 , 0.180148 , 0.0947671 , -0.0420132 , 0.162287 , 0.0962319 , -0.078273
6.98466 , 0.17768 , 0.102583 , -0.0529188 , 0.158464 , 0.106835 , -0.0941053
7.01735 , 0.182718 , 0.109409 , -0.0679592 , 0.160366 , 0.115553 , -0.112616
7.05103 , 0.18321 , 0.115746 , -0.0797462 , 0.159518 , 0.123997 , -0.130796
7.08565 , 0.18508 , 0.121407 , -0.0944292 , 0.158103 , 0.132047 , -0.147066
7.12143 , 0.185111 , 0.125155 , -0.108374 , 0.157807 , 0.139353 , -0.161311
7.15087 , 0.185166 , 0.128791 , -0.118243 , 0.155791 , 0.145983 , -0.172074
7.18517 , 0.187596 , 0.131612 , -0.129578 , 0.158399 , 0.150156 , -0.181498
7.21964 , 0.176172 , 0.130484 , -0.138981 , 0.158288 , 0.15362 , -0.191592
7.25319 , 0.182286 , 0.134944 , -0.142081 , 0.160034 , 0.156422 , -0.196853
7.28772 , 0.182317 , 0.136151 , -0.146021 , 0.151449 , 0.160557 , -0.198534
7.32135 , 0.179879 , 0.139184 , -0.154753 , 0.146372 , 0.160267 , -0.199602
7.35727 , 0.172841 , 0.139203 , -0.15795 , 0.152928 , 0.159294 , -0.20194
7.3922 , 0.179321 , 0.135403 , -0.16304 , 0.155141 , 0.158102 , -0.201609
7.42329 , 0.16414 , 0.127753 , -0.169961 , 0.157018 , 0.156093 , -0.198858
7.45803 , 0.17467 , 0.131347 , -0.168896 , 0.156329 , 0.151764 , -0.198141
7.4871 , 0.173507 , 0.130259 , -0.174111 , 0.156985 , 0.147145 , -0.199745
7.52558 , 0.172219 , 0.124256 , -0.178908 , 0.154608 , 0.1429 , -0.200091
7.56009 , 0.16946 , 0.119834 , -0.182925 , 0.154857 , 0.137482 , -0.199805
7.59212 , 0.166379 , 0.114202 , -0.186981 , 0.155977 , 0.13013 , -0.198142
7.62112 , 0.163225 , 0.107728 , -0.189 , 0.155773 , 0.123415 , -0.194703
7.65701 , 0.161542 , 0.1007 , -0.189973 , 0.15679 , 0.11643 , -0.190024
7.69234 , 0.159399 , 0.0934875 , -0.190284 , 0.157141 , 0.109793 , -0.185226
7.72111 , 0.157139 , 0.086604 , -0.189113 , 0.15742 , 0.101005 , -0.180909
7.7576 , 0.155582 , 0.0782566 , -0.188481 , 0.158269 , 0.0930412 , -0.177826
7.79094 , 0.156732 , 0.0702921 , -0.187498 , 0.160005 , 0.0848943 , -0.178222
7.82453 , 0.15743 , 0.0616241 , -0.190041 , 0.163259 , 0.0752493 , -0.181027
7.85636 , 0.158643 , 0.0530553 , -0.192253 , 0.166946 , 0.0672569 , -0.185074
7.89203 , 0.158549 , 0.0427969 , -0.194361 , 0.168641 , 0.0588901 , -0.191168
7.92502 , 0.160642 , 0.0330535 , -0.196362 , 0.169521 , 0.0480728 , -0.196273
7.96115 , 0.162543 , 0.0218687 , -0.199347 , 0.171882 , 0.0369858 , -0.200747
7.99187 , 0.165471 , 0.00983464 , -0.199548 , 0.176712 , 0.0252418 , -0.202269
8.02554 , 0.169437 , -0.00165238 , -0.196428 , 0.183017 , 0.0135011 , -0.200816
8.06014 , 0.174309 , -0.0124523 , -0.188957 , 0.190206 , 0.0034846 , -0.195917
8.09228 , 0.179032 , -0.0205391 , -0.180087 , 0.197113 , -0.00550486 , -0.190209
8.12669 , 0.184025 , -0.0274076 , -0.169491 , 0.205366 , -0.0127086 , -0.183026
8.16315 , 0.190408 , -0.0356216 , -0.161074 , 0.211865 , -0.0228124 , -0.178127
8.1941 , 0.191919 , -0.046461 , -0.151488 , 0.216635 , -0.0332963 , -0.174397
8.22644 , 0.195726 , -0.0561559 , -0.143169 , 0.221121 , -0.0438767 , -0.171705
8.26095 , 0.198776 , -0.0631688 , -0.136498 , 0.225864 , -0.0528161 , -0.170411
8.29481 , 0.203078 , -0.0687733 , -0.131263 , 0.230448 , -0.0611881 , -0.169302
8.32496 , 0.206063 , -0.0768127 , -0.126056 , 0.237042 , -0.0676188 , -0.169409
8.35954 , 0.205585 , -0.0764265 , -0.127095 , 0.240689 , -0.0774304 , -0.168695
8.39403 , 0.210342 , -0.0808216 , -0.12436 , 0.244479 , -0.0813656 , -0.17093
8.42865 , 0.211448 , -0.0883948 , -0.123803 , 0.248994 , -0.0844687 , -0.17276
8.46207 , 0.212634 , -0.0913499 , -0.126288 , 0.253166 , -0.0889114 , -0.173029
8.49886 , 0.213155 , -0.0937039 , -0.128745 , 0.255134 , -0.0940902 , -0.17481
8.53321 , 0.211841 , -0.0963828 , -0.134048 , 0.257061 , -0.0977411 , -0.17696
8.56925 , 0.212436 , -0.096965 , -0.139209 , 0.259914 , -0.102005 , -0.174872
8.61244 , 0.21065 , -0.0984646 , -0.144758 , 0.259529 , -0.105778 , -0.173659
8.64762 , 0.212066 , -0.0981454 , -0.146458 , 0.261912 , -0.106091 , -0.174012
8.68193 , 0.210761 , -0.0985756 , -0.147351 , 0.262373 , -0.10631 , -0.172736
8.71272 , 0.212221 , -0.0976818 , -0.149928 , 0.263234 , -0.106332 , -0.171465
8.74705 , 0.210383 , -0.0972961 , -0.149648 , 0.263434 , -0.105625 , -0.170245
8.78377 , 0.209211 , -0.0966804 , -0.150365 , 0.262432 , -0.104956 , -0.168982
8.82017 , 0.20869 , -0.0947186 , -0.149912 , 0.261741 , -0.103236 , -0.166764
8.86312 , 0.207875 , -0.0924066 , -0.14918 , 0.259434 , -0.102509 , -0.164837
8.89742 , 0.208113 , -0.0920857 , -0.147815 , 0.255732 , -0.103213 , -0.163185
8.9319 , 0.204989 , -0.0912609 , -0.149476 , 0.248986 , -0.106805 , -0.163454
8.96545 , 0.20263 , -0.0906981 , -0.153666 , 0.245366 , -0.106345 , -0.163945
8.99681 , 0.203009 , -0.0846364 , -0.156549 , 0.233149 , -0.101487 , -0.166531
9.0316 , 0.198497 , -0.0820655 , -0.157622 , 0.220314 , -0.100354 , -0.164823
9.06328 , 0.194921 , -0.0776818 , -0.159955 , 0.20948 , -0.0990622 , -0.163249
9.09981 , 0.195167 , -0.0703979 , -0.163149 , 0.196488 , -0.093382 , -0.161705
9.1352 , 0.197167 , -0.0668877 , -0.159278 , 0.182228 , -0.0814829 , -0.159811
9.16501 , 0.193235 , -0.0611981 , -0.162173 , 0.171752 , -0.0734706 , -0.157117
9.1994 , 0.193047 , -0.0571575 , -0.161938 , 0.159963 , -0.0652125 , -0.150809
9.23283 , 0.195489 , -0.049954 , -0.158674 , 0.150101 , -0.0522173 , -0.147411
9.2674 , 0.192531 , -0.0409395 , -0.159246 , 0.139515 , -0.0396669 , -0.143726
9.30096 , 0.190619 , -0.0329425 , -0.156202 , 0.133654 , -0.0286296 , -0.138855
9.33146 , 0.192216 , -0.0281558 , -0.151155 , 0.132319 , -0.0169601 , -0.135718
9.36703 , 0.195236 , -0.0169579 , -0.150363 , 0.131919 , -0.00803501 , -0.133898
9.40063 , 0.193726 , -0.0112155 , -0.151913 , 0.136935 , 0.00125724 , -0.12954
9.43521 , 0.192969 , -1.31782e-06 , -0.15209 , 0.138373 , 0.00940407 , -0.12758
9.46837 , 0.198491 , 0.0108408 , -0.143271 , 0.146233 , 0.0145913 , -0.123575
9.49941 , 0.194944 , 0.0153241 , -0.144099 , 0.157138 , 0.0175069 , -0.120588
9.53483 , 0.196027 , 0.0219372 , -0.143508 , 0.165152 , 0.0182771 , -0.122519
9.56837 , 0.19758 , 0.0281777 , -0.142836 , 0.175333 , 0.0196097 , -0.125069
9.60287 , 0.196683 , 0.0331999 , -0.143792 , 0.183213 , 0.0213222 , -0.131521
9.63375 , 0.197078 , 0.0386881 , -0.149094 , 0.189921 , 0.0231939 , -0.143636
9.66803 , 0.198967 , 0.0434781 , -0.161319 , 0.197218 , 0.0262026 , -0.164357
9.7026 , 0.19998 , 0.0499869 , -0.180243 , 0.202318 , 0.0310897 , -0.190729
9.73905 , 0.20315 , 0.0565912 , -0.195597 , 0.20357 , 0.0371507 , -0.218123
9.76769 , 0.202077 , 0.0635398 , -0.213819 , 0.203806 , 0.0454711 , -0.242887
9.8022 , 0.197074 , 0.0693633 , -0.228146 , 0.200612 , 0.0562575 , -0.261355
9.83881 , 0.196677 , 0.0765801 , -0.238551 , 0.195407 , 0.066843 , -0.277239
9.86839 , 0.195044 , 0.0832482 , -0.249675 , 0.189303 , 0.0773435 , -0.290435
9.90399 , 0.191675 , 0.0898223 , -0.257272 , 0.179881 , 0.0864426 , -0.303252
9.93847 , 0.186633 , 0.0970883 , -0.262233 , 0.171333 , 0.0970325 , -0.309723
9.9691 , 0.184904 , 0.105322 , -0.262847 , 0.163042 , 0.108164 , -0.311914
10.0043 , 0.182929 , 0.111646 , -0.261709 , 0.155775 , 0.11804 , -0.311326
10.0383 , 0.180318 , 0.116027 , -0.259437 , 0.14999 , 0.127224 , -0.30832
10.0728 , 0.179697 , 0.12107 , -0.255627 , 0.145657 , 0.134219 , -0.304845
10.1062 , 0.179405 , 0.123246 , -0.252796 , 0.14152 , 0.139725 , -0.299134
10.1369 , 0.175659 , 0.1243 , -0.248644 , 0.138104 , 0.143904 , -0.29117
10.1716 , 0.172622 , 0.125169 , -0.243835 , 0.137391 , 0.149884 , -0.283761
10.2061 , 0.171746 , 0.123942 , -0.241551 , 0.135202 , 0.150833 , -0.27619
10.2404 , 0.17081 , 0.123807 , -0.241043 , 0.135145 , 0.149957 , -0.268676
10.2711 , 0.165863 , 0.12016 , -0.24028 , 0.13525 , 0.149149 , -0.261116
10.3056 , 0.165166 , 0.117122 , -0.239309 , 0.134297 , 0.144792 , -0.254788
10.3393 , 0.160386 , 0.111663 , -0.237746 , 0.135214 , 0.139918 , -0.247573
10.3736 , 0.160347 , 0.105472 , -0.237231 , 0.136078 , 0.133872 , -0.240649
10.4082 , 0.154688 , 0.100006 , -0.231736 , 0.136187 , 0.126856 , -0.233215
10.4418 , 0.152626 , 0.0957096 , -0.22641 , 0.137847 , 0.119764 , -0.22572
10.4723 , 0.15059 , 0.088907 , -0.221855 , 0.138606 , 0.113312 , -0.218835
10.5079 , 0.150162 , 0.0852736 , -0.218088 , 0.142645 , 0.107093 , -0.213979
10.5414 , 0.149949 , 0.0798971 , -0.213874 , 0.14272 , 0.103721 , -0.207579
10.5758 , 0.148719 , 0.0769584 , -0.209772 , 0.146325 , 0.0991623 , -0.201853
10.6095 , 0.14903 , 0.0727177 , -0.202934 , 0.147343 , 0.0943986 , -0.1942
10.6404 , 0.149045 , 0.0685544 , -0.197065 , 0.153223 , 0.0885273 , -0.187016
10.6756 , 0.151212 , 0.0619699 , -0.190884 , 0.154972 , 0.0822038 , -0.181304
10.709 , 0.152312 , 0.0553892 , -0.184916 , 0.159118 , 0.0740065 , -0.175914
10.7437 , 0.154137 , 0.0474674 , -0.178673 , 0.162378 , 0.0656909 , -0.167983
10.7822 , 0.154639 , 0.0389744 , -0.168567 , 0.164927 , 0.0568596 , -0.156973
10.83 , 0.157075 , 0.0296061 , -0.158226 , 0.166348 , 0.0467087 , -0.146619
10.87 , 0.158562 , 0.0196483 , -0.146984 , 0.166807 , 0.0384383 , -0.137501
10.9101 , 0.159157 , 0.0124421 , -0.140008 , 0.166447 , 0.030087 , -0.128562
10.9467 , 0.161861 , 0.00458242 , -0.129528 , 0.167799 , 0.0225496 , -0.12248
10.9779 , 0.165394 , -0.00334944 , -0.122411 , 0.170477 , 0.0145838 , -0.116243
11.0193 , 0.170035 , -0.0115245 , -0.114612 , 0.174331 , 0.00804861 , -0.108802
11.0625 , 0.174085 , -0.0194663 , -0.107242 , 0.178648 , 0.0036087 , -0.103517
11.0968 , 0.178499 , -0.0244994 , -0.10052 , 0.186001 , -0.000276356 , -0.100571
11.1309 , 0.183792 , -0.0289602 , -0.0939173 , 0.193434 , -0.00483338 , -0.099919
11.1618 , 0.187957 , -0.0348716 , -0.0894161 , 0.199495 , -0.0118366 , -0.100669
11.1954 , 0.191863 , -0.041907 , -0.0860129 , 0.20431 , -0.019086 , -0.102922
11.2301 , 0.195772 , -0.0474731 , -0.0832921 , 0.209332 , -0.0260937 , -0.107312
11.2644 , 0.199211 , -0.0515529 , -0.0832328 , 0.214177 , -0.0317342 , -0.115138
11.2973 , 0.202976 , -0.0561977 , -0.0839138 , 0.220352 , -0.0377852 , -0.122878
11.328 , 0.206259 , -0.060353 , -0.0846544 , 0.225093 , -0.0454969 , -0.131057
11.3615 , 0.209435 , -0.0633366 , -0.0860856 , 0.230658 , -0.0539892 , -0.137276
11.3959 , 0.211628 , -0.0672205 , -0.0868662 , 0.238202 , -0.0624221 , -0.139394
11.4307 , 0.215295 , -0.0694858 , -0.0850607 , 0.245952 , -0.0695504 , -0.13962
11.4643 , 0.219252 , -0.0727617 , -0.082936 , 0.254335 , -0.0768882 , -0.134966
11.4988 , 0.222857 , -0.0764813 , -0.0804967 , 0.261465 , -0.0834267 , -0.131545
11.5296 , 0.227796 , -0.0788107 , -0.0760897 , 0.268881 , -0.0882448 , -0.127017
11.5638 , 0.231589 , -0.0798027 , -0.0748214 , 0.276666 , -0.087161 , -0.128861
11.5983 , 0.234314 , -0.0774936 , -0.0806863 , 0.283097 , -0.0880607 , -0.133871
11.6319 , 0.235888 , -0.0772312 , -0.0891846 , 0.288704 , -0.0873724 , -0.133033
11.6663 , 0.236949 , -0.0749417 , -0.0989849 , 0.293522 , -0.0844444 , -0.134411
11.7037 , 0.237415 , -0.0742096 , -0.0973648 , 0.298342 , -0.0818561 , -0.136487
11.7382 , 0.238774 , -0.0729205 , -0.098656 , 0.3016 , -0.0798599 , -0.136037
11.7712 , 0.237364 , -0.0728147 , -0.100927 , 0.306413 , -0.0765543 , -0.13698
11.8018 , 0.240761 , -0.069652 , -0.103708 , 0.308835 , -0.0735081 , -0.136321
11.8346 , 0.240677 , -0.0684989 , -0.106989 , 0.309168 , -0.0699462 , -0.138045
11.8669 , 0.238393 , -0.0642283 , -0.108814 , 0.306298 , -0.0663319 , -0.138739
11.8993 , 0.239214 , -0.0601719 , -0.105903 , 0.303374 , -0.0622859 , -0.135713
11.9339 , 0.238808 , -0.0616965 , -0.096841 , 0.299454 , -0.0635377 , -0.126965
11.9684 , 0.233307 , -0.0644093 , -0.0916492 , 0.29482 , -0.0702402 , -0.112702
12.0026 , 0.233019 , -0.0629594 , -0.0854961 , 0.288027 , -0.0741633 , -0.0994085
12.0375 , 0.233856 , -0.060606 , -0.0753698 , 0.278159 , -0.0768269 , -0.0882152
12.0669 , 0.227977 , -0.0621114 , -0.0691971 , 0.262503 , -0.0791152 , -0.0807148
12.102 , 0.221486 , -0.0598264 , -0.0671573 , 0.242498 , -0.0796053 , -0.0768713
12.1381 , 0.215148 , -0.0565516 , -0.0664213 , 0.225581 , -0.0784709 , -0.0722898
12.1685 , 0.211128 , -0.0539975 , -0.0631794 , 0.208693 , -0.0784972 , -0.0649232
12.2028 , 0.209458 , -0.0463905 , -0.0611845 , 0.189671 , -0.0732919 , -0.0565396
12.2372 , 0.207131 , -0.0433941 , -0.0569468 , 0.17285 , -0.062935 , -0.0495549
12.2708 , 0.202169 , -0.0387433 , -0.0525704 , 0.156966 , -0.0528179 , -0.0423129
12.3053 , 0.19857 , -0.0319447 , -0.0468608 , 0.143544 , -0.0443825 , -0.0324139
12.3392 , 0.19434 , -0.0241228 , -0.0415333 , 0.130338 , -0.0312051 , -0.0241217
12.3714 , 0.18997 , -0.0193139 , -0.0332586 , 0.12516 , -0.0198008 , -0.0104303
12.4015 , 0.18915 , -0.0119488 , -0.0230702 , 0.122742 , -0.00756648 , -0.000712752
12.4375 , 0.185047 , -0.000666137 , -0.0199463 , 0.123919 , 0.000808155 , 0.0074933
12.4731 , 0.182497 , 0.00802688 , -0.0156472 , 0.125564 , 0.00954825 , 0.0117352
12.5036 , 0.178438 , 0.0155926 , -0.0126636 , 0.130732 , 0.0140885 , 0.0166236
12.5385 , 0.178806 , 0.0200773 , -0.00708144 , 0.137478 , 0.0201546 , 0.0199239
12.5713 , 0.174924 , 0.0303664 , -0.00833466 , 0.145815 , 0.0211941 , 0.0198619
12.6056 , 0.175222 , 0.0370489 , -0.0108742 , 0.154254 , 0.0239041 , 0.0139714
12.6407 , 0.172966 , 0.044349 , -0.0191776 , 0.162094 , 0.0280549 , 0.00125227
12.6738 , 0.173832 , 0.0554955 , -0.0283536 , 0.170433 , 0.0360396 , -0.0169173
12.7037 , 0.17886 , 0.064227 , -0.0436092 , 0.178262 , 0.0422349 , -0.0429771
12.7391 , 0.177264 , 0.0736061 , -0.065679 , 0.186485 , 0.051537 , -0.0753184
12.7725 , 0.180173 , 0.0831884 , -0.0886143 , 0.18751 , 0.063825 , -0.106372
12.807 , 0.1799 , 0.0930352 , -0.110322 , 0.188047 , 0.0746566 , -0.135679
12.8377 , 0.180447 , 0.099061 , -0.128416 , 0.185472 , 0.0851129 , -0.1641
12.8722 , 0.179427 , 0.103699 , -0.146983 , 0.18124 , 0.0953929 , -0.190155
12.9068 , 0.179945 , 0.110532 , -0.165734 , 0.176325 , 0.105891 , -0.21615
12.9403 , 0.181632 , 0.117792 , -0.184753 , 0.172652 , 0.117924 , -0.242099
12.9749 , 0.182021 , 0.124762 , -0.201578 , 0.165376 , 0.129157 , -0.26312
13.0075 , 0.182437 , 0.130744 , -0.213384 , 0.159155 , 0.140767 , -0.278124
13.0405 , 0.183042 , 0.135972 , -0.222505 , 0.152508 , 0.150692 , -0.289394
13.0746 , 0.182498 , 0.139985 , -0.228021 , 0.147539 , 0.158048 , -0.296433
13.1081 , 0.184305 , 0.142254 , -0.231164 , 0.143162 , 0.163628 , -0.298974
13.1427 , 0.181851 , 0.143958 , -0.232934 , 0.139004 , 0.168896 , -0.297495
13.1738 , 0.181479 , 0.146228 , -0.234588 , 0.134616 , 0.172562 , -0.293697
13.2078 , 0.179557 , 0.145817 , -0.235484 , 0.136415 , 0.174273 , -0.289866
13.2423 , 0.180727 , 0.146332 , -0.238773 , 0.13836 , 0.173402 , -0.287161
13.2759 , 0.182084 , 0.144093 , -0.242041 , 0.142462 , 0.170924 , -0.284847
13.3103 , 0.183091 , 0.141931 , -0.246263 , 0.136445 , 0.171855 , -0.279559
13.341 , 0.171043 , 0.145612 , -0.245096 , 0.147798 , 0.166219 , -0.281951
13.3757 , 0.182486 , 0.138481 , -0.255998 , 0.153777 , 0.15989 , -0.283396
13.412 , 0.183319 , 0.134856 , -0.260668 , 0.158628 , 0.153613 , -0.281822
13.4453 , 0.18366 , 0.130129 , -0.26427 , 0.163951 , 0.14618 , -0.278436
13.4782 , 0.18486 , 0.124742 , -0.265134 , 0.169014 , 0.13688 , -0.271925
13.5089 , 0.18622 , 0.117083 , -0.262184 , 0.173114 , 0.126193 , -0.261606
13.5433 , 0.18335 , 0.108398 , -0.253132 , 0.176254 , 0.115772 , -0.248288
13.5779 , 0.184225 , 0.100167 , -0.245329 , 0.180793 , 0.104036 , -0.234196
13.6123 , 0.185929 , 0.0910492 , -0.238135 , 0.182875 , 0.093694 , -0.221809
13.6459 , 0.183617 , 0.0818707 , -0.229898 , 0.185163 , 0.0839406 , -0.209567
13.6802 , 0.18303 , 0.0726682 , -0.221002 , 0.183777 , 0.0747028 , -0.196491
13.7102 , 0.181564 , 0.0615732 , -0.208853 , 0.183097 , 0.0651619 , -0.182538
13.7457 , 0.178154 , 0.05108 , -0.193871 , 0.180155 , 0.0577319 , -0.165845
13.7802 , 0.176936 , 0.0429737 , -0.175366 , 0.176527 , 0.0516627 , -0.14853
13.8137 , 0.174274 , 0.0337529 , -0.156879 , 0.173368 , 0.0457581 , -0.132495
13.8444 , 0.172892 , 0.0261411 , -0.140656 , 0.171098 , 0.041826 , -0.121026
13.8828 , 0.171309 , 0.0203713 , -0.125205 , 0.169245 , 0.0381379 , -0.110958
13.9115 , 0.17246 , 0.016683 , -0.111064 , 0.169649 , 0.0350895 , -0.102256
13.9485 , 0.171736 , 0.0108742 , -0.097582 , 0.169434 , 0.0318696 , -0.0946429
13.9836 , 0.173369 , 0.00524214 , -0.0841745 , 0.170681 , 0.0267199 , -0.0878183
14.0135 , 0.176223 , -0.00352409 , -0.076791 , 0.173357 , 0.0227079 , -0.0808854
14.0476 , 0.17959 , -0.0119418 , -0.0681951 , 0.178844 , 0.0182898 , -0.074627
14.0792 , 0.182586 , -0.0182098 , -0.0596409 , 0.184845 , 0.0113922 , -0.0695696
14.1157 , 0.185377 , -0.0248672 , -0.0497979 , 0.191871 , 0.00194549 , -0.0646024
14.1462 , 0.189907 , -0.0372011 , -0.0453478 , 0.199284 , -0.00807047 , -0.0615897
14.1799 , 0.194424 , -0.0474313 , -0.0399839 , 0.206405 , -0.0178849 , -0.0596877
14.2154 , 0.199978 , -0.0556278 , -0.0351366 , 0.214998 , -0.0277277 , -0.0583902
14.247 , 0.206072 , -0.0628966 , -0.0301463 , 0.223705 , -0.0369024 , -0.0576992
14.2834 , 0.21129 , -0.0699707 , -0.0259184 , 0.231638 , -0.0466047 , -0.057507
14.317 , 0.214333 , -0.070026 , -0.0231681 , 0.237352 , -0.0573426 , -0.055973
14.3516 , 0.220361 , -0.0815691 , -0.0170843 , 0.242526 , -0.0625912 , -0.0552059
14.3886 , 0.225603 , -0.085462 , -0.0105712 , 0.250615 , -0.0732148 , -0.0504619
14.4179 , 0.231173 , -0.0902565 , -0.00291415 , 0.25671 , -0.083336 , -0.0425318
14.451 , 0.233118 , -0.0909495 , 0.00924982 , 0.262815 , -0.092247 , -0.0305687
14.4818 , 0.238488 , -0.0992114 , 0.0169454 , 0.271483 , -0.0991809 , -0.0195644
14.5164 , 0.243919 , -0.102315 , 0.0239537 , 0.274643 , -0.104277 , -0.00845588
14.5509 , 0.243234 , -0.103477 , 0.0333177 , 0.283421 , -0.113907 , 0.000421103
14.588 , 0.248343 , -0.107495 , 0.0394026 , 0.29151 , -0.119582 , 0.00659241
14.6192 , 0.252974 , -0.108775 , 0.0447125 , 0.298487 , -0.120637 , 0.010752
14.6495 , 0.254286 , -0.104403 , 0.0501749 , 0.302197 , -0.118044 , 0.0150354
14.6841 , 0.254765 , -0.104876 , 0.0519821 , 0.307469 , -0.116446 , 0.0177012
14.7184 , 0.251358 , -0.104351 , 0.0541131 , 0.308767 , -0.114463 , 0.0165204
14.7521 , 0.251934 , -0.103647 , 0.0560651 , 0.314862 , -0.111362 , 0.020014
14.7899 , 0.256069 , -0.102088 , 0.0603286 , 0.316803 , -0.110613 , 0.0216741
14.8263 , 0.254481 , -0.101527 , 0.0612803 , 0.319045 , -0.109131 , 0.0223362
14.8706 , 0.252426 , -0.100909 , 0.0614058 , 0.319541 , -0.107502 , 0.02247
14.9012 , 0.250127 , -0.099315 , 0.0612834 , 0.319685 , -0.105482 , 0.021145
14.9357 , 0.248619 , -0.09695 , 0.0591931 , 0.317728 , -0.103527 , 0.019849
14.9702 , 0.24746 , -0.0932333 , 0.0565693 , 0.314904 , -0.10201 , 0.0193492
15.004 , 0.245216 , -0.0906235 , 0.0539203 , 0.309058 , -0.0999487 , 0.0205955
15.0384 , 0.242797 , -0.086583 , 0.0545884 , 0.30072 , -0.0979553 , 0.0237152
15.0691 , 0.238147 , -0.0830041 , 0.0540462 , 0.290507 , -0.0974589 , 0.0274809
15.1035 , 0.233379 , -0.0794808 , 0.0541821 , 0.277656 , -0.0982238 , 0.0304483
15.1381 , 0.229122 , -0.0771556 , 0.0535961 , 0.262766 , -0.0970639 , 0.0337479
15.1724 , 0.225986 , -0.075171 , 0.0545932 , 0.244966 , -0.0947747 , 0.0382835
15.206 , 0.221164 , -0.0680268 , 0.0547342 , 0.226977 , -0.0931128 , 0.045762
15.2367 , 0.217708 , -0.0634432 , 0.0560738 , 0.207931 , -0.0882584 , 0.0531327
15.2712 , 0.214314 , -0.0578807 , 0.056576 , 0.188868 , -0.0802869 , 0.0590031
15.3058 , 0.212442 , -0.0533885 , 0.0554507 , 0.170493 , -0.0686594 , 0.062841
15.3403 , 0.209912 , -0.0472218 , 0.0538023 , 0.156271 , -0.0582167 , 0.0654517
15.3709 , 0.207139 , -0.0398729 , 0.0512732 , 0.14364 , -0.0462089 , 0.0709314
15.4055 , 0.203884 , -0.0310074 , 0.0497632 , 0.132287 , -0.0317586 , 0.0724055
15.4392 , 0.200485 , -0.0217653 , 0.0482755 , 0.124896 , -0.0179768 , 0.0719168
15.4741 , 0.196423 , -0.012979 , 0.0455158 , 0.123003 , -0.00702837 , 0.0710272
15.5079 , 0.194872 , 0.000121814 , 0.0417937 , 0.123915 , 0.0045802 , 0.068146
15.5465 , 0.191146 , 0.0107772 , 0.0375292 , 0.128221 , 0.00996016 , 0.061396
15.5788 , 0.185849 , 0.0157254 , 0.0298745 , 0.134874 , 0.0115714 , 0.0524481
15.6138 , 0.183946 , 0.0238215 , 0.0202954 , 0.144487 , 0.0159793 , 0.0399764
15.6437 , 0.182048 , 0.0344113 , 0.00895665 , 0.153449 , 0.0208791 , 0.0217414
15.6761 , 0.180098 , 0.0440713 , -0.00457685 , 0.161068 , 0.026818 , 0.00240413
15.7094 , 0.176402 , 0.0527523 , -0.021075 , 0.17065 , 0.0318563 , -0.019514
15.74 , 0.17478 , 0.0630523 , -0.0380252 , 0.176985 , 0.0401389 , -0.0450968
15.7754 , 0.170914 , 0.0747496 , -0.0569254 , 0.182507 , 0.0504104 , -0.0692046
15.8149 , 0.169008 , 0.0830972 , -0.0738678 , 0.185975 , 0.0628187 , -0.0915463
15.8462 , 0.167815 , 0.0927941 , -0.0889782 , 0.184715 , 0.0749634 , -0.113358
15.8777 , 0.166435 , 0.100175 , -0.103025 , 0.181711 , 0.0871191 , -0.133798
15.9116 , 0.166283 , 0.107029 , -0.114834 , 0.176062 , 0.0997596 , -0.150523
15.9441 , 0.168157 , 0.112195 , -0.124211 , 0.171018 , 0.108914 , -0.165813
15.9797 , 0.167347 , 0.117354 , -0.13121 , 0.163788 , 0.116019 , -0.18005
16.0137 , 0.167454 , 0.121807 , -0.137705 , 0.155432 , 0.124447 , -0.191627
16.0455 , 0.167854 , 0.127493 , -0.1441 , 0.147074 , 0.132053 , -0.20196
16.082 , 0.169028 , 0.130051 , -0.148233 , 0.139072 , 0.139263 , -0.211095
16.1123 , 0.169872 , 0.133021 , -0.152089 , 0.131948 , 0.146259 , -0.218197
16.1523 , 0.16909 , 0.134546 , -0.15555 , 0.124811 , 0.153276 , -0.223858
16.1957 , 0.167527 , 0.13524 , -0.157711 , 0.119943 , 0.159572 , -0.226696
16.2286 , 0.166981 , 0.135627 , -0.159268 , 0.11725 , 0.164167 , -0.226581
16.2646 , 0.166898 , 0.134699 , -0.16078 , 0.116478 , 0.167529 , -0.225043
16.2962 , 0.165685 , 0.132798 , -0.161653 , 0.116403 , 0.168444 , -0.221008
16.3327 , 0.164603 , 0.129801 , -0.161147 , 0.117641 , 0.168042 , -0.215762
16.3638 , 0.164065 , 0.127334 , -0.160637 , 0.119936 , 0.167488 , -0.209107
16.402 , 0.16237 , 0.126549 , -0.160182 , 0.122977 , 0.164861 , -0.202922
16.4334 , 0.161193 , 0.123602 , -0.161985 , 0.126454 , 0.160419 , -0.197953
16.462 , 0.159876 , 0.119963 , -0.163617 , 0.13 , 0.156115 , -0.192699
16.4965 , 0.157333 , 0.116467 , -0.164572 , 0.134516 , 0.149828 , -0.187826
16.5321 , 0.156152 , 0.112327 , -0.167033 , 0.138606 , 0.142044 , -0.18322
16.5651 , 0.154688 , 0.107802 , -0.168919 , 0.141703 , 0.132864 , -0.177768
16.6002 , 0.15227 , 0.102294 , -0.169685 , 0.145439 , 0.120832 , -0.172768
16.6337 , 0.148485 , 0.0941228 , -0.170728 , 0.14783 , 0.10809 , -0.166215
16.6646 , 0.147633 , 0.0870816 , -0.168498 , 0.15113 , 0.0966411 , -0.158347
16.6999 , 0.147364 , 0.0784377 , -0.163924 , 0.154085 , 0.0859827 , -0.147659
16.7343 , 0.146211 , 0.0704222 , -0.156743 , 0.155377 , 0.0738223 , -0.133419
16.7644 , 0.148209 , 0.0603418 , -0.147612 , 0.155451 , 0.0636024 , -0.119416
16.7979 , 0.147903 , 0.0505298 , -0.136163 , 0.156712 , 0.0531962 , -0.105317
16.8315 , 0.148948 , 0.0402752 , -0.127259 , 0.158476 , 0.0431797 , -0.0928894
16.8659 , 0.151214 , 0.0306382 , -0.116686 , 0.161338 , 0.0348228 , -0.0850541
16.9004 , 0.155343 , 0.0212382 , -0.103306 , 0.165145 , 0.0267529 , -0.0770302
16.9348 , 0.157475 , 0.0122988 , -0.0930693 , 0.168218 , 0.0184659 , -0.0701896
16.9651 , 0.162114 , 0.00362832 , -0.0813295 , 0.17153 , 0.0137973 , -0.0618777
16.9993 , 0.168213 , -0.00609103 , -0.070964 , 0.179034 , 0.0084099 , -0.0550666
17.0339 , 0.172069 , -0.017875 , -0.0605819 , 0.186047 , -0.000260926 , -0.0494452
17.0682 , 0.177273 , -0.0264488 , -0.0483041 , 0.193168 , -0.00881627 , -0.0443401
17.1018 , 0.182916 , -0.034128 , -0.0339492 , 0.199195 , -0.016637 , -0.0395485
17.139 , 0.18788 , -0.0438311 , -0.0226707 , 0.205078 , -0.0282527 , -0.0362775
17.1742 , 0.194162 , -0.0550103 , -0.0130271 , 0.210955 , -0.0396593 , -0.0355621
17.2035 , 0.20109 , -0.0642998 , -0.00602154 , 0.219732 , -0.0521627 , -0.0369662
17.2363 , 0.208494 , -0.0706936 , 0.00188168 , 0.226924 , -0.0621897 , -0.0392852
17.2696 , 0.215037 , -0.0762449 , 0.00806373 , 0.234571 , -0.0729808 , -0.0396568
17.3012 , 0.222466 , -0.0826149 , 0.0171556 , 0.243777 , -0.0828407 , -0.0355383
17.3357 , 0.227176 , -0.0886762 , 0.0298468 , 0.251742 , -0.0920135 , -0.0270133
17.3695 , 0.233381 , -0.0999972 , 0.0417037 , 0.259845 , -0.0965695 , -0.0124745
17.4009 , 0.24083 , -0.108424 , 0.0532292 , 0.266561 , -0.106919 , 0.00962499
17.4373 , 0.245211 , -0.11569 , 0.0710488 , 0.276739 , -0.119088 , 0.0307296
17.468 , 0.251508 , -0.123195 , 0.0843215 , 0.285131 , -0.128443 , 0.0523169
17.5036 , 0.256578 , -0.12883 , 0.0992507 , 0.292537 , -0.140495 , 0.0676877
17.5369 , 0.258759 , -0.133497 , 0.113785 , 0.295908 , -0.145389 , 0.0811236
17.5715 , 0.262667 , -0.140477 , 0.11823 , 0.299967 , -0.142909 , 0.0988232
17.6053 , 0.265227 , -0.142461 , 0.131948 , 0.305363 , -0.146685 , 0.109787
17.6357 , 0.267293 , -0.147375 , 0.136654 , 0.306402 , -0.144157 , 0.125549
17.6728 , 0.266026 , -0.148659 , 0.153291 , 0.309796 , -0.145906 , 0.133839
17.7063 , 0.266785 , -0.150962 , 0.156576 , 0.313193 , -0.144775 , 0.141995
17.7408 , 0.268202 , -0.152494 , 0.167431 , 0.317736 , -0.142388 , 0.152074
17.7737 , 0.27059 , -0.151072 , 0.175698 , 0.3187 , -0.144317 , 0.155768
17.8035 , 0.268777 , -0.151639 , 0.17641 , 0.318577 , -0.145162 , 0.154956
17.8394 , 0.268205 , -0.151927 , 0.178328 , 0.318166 , -0.145008 , 0.152814
17.8725 , 0.267615 , -0.150579 , 0.179147 , 0.317979 , -0.144167 , 0.152217
17.9071 , 0.266878 , -0.14833 , 0.179127 , 0.318663 , -0.145916 , 0.151446
17.9379 , 0.265478 , -0.145298 , 0.177455 , 0.31726 , -0.146903 , 0.149329
17.9722 , 0.263106 , -0.141633 , 0.173653 , 0.313794 , -0.146957 , 0.145339
18.0049 , 0.26055 , -0.13744 , 0.16858 , 0.308226 , -0.146858 , 0.139859
18.041 , 0.256915 , -0.13286 , 0.161913 , 0.300958 , -0.145659 , 0.133974
18.0721 , 0.254976 , -0.128822 , 0.152826 , 0.293076 , -0.144527 , 0.126148
18.1065 , 0.253423 , -0.124527 , 0.138498 , 0.284055 , -0.142768 , 0.115166
18.1402 , 0.24954 , -0.117745 , 0.124024 , 0.272486 , -0.13881 , 0.102552
18.1747 , 0.244728 , -0.111236 , 0.10526 , 0.260219 , -0.133778 , 0.0871208
18.2081 , 0.242495 , -0.10349 , 0.0933949 , 0.245662 , -0.125819 , 0.0740726
18.2425 , 0.236494 , -0.0956861 , 0.0790568 , 0.229077 , -0.11709 , 0.0636697
18.2732 , 0.233717 , -0.0872238 , 0.0675834 , 0.213109 , -0.106217 , 0.0554796
18.3077 , 0.229369 , -0.0754886 , 0.0555424 , 0.198884 , -0.0962 , 0.0504051
18.3441 , 0.224521 , -0.0638158 , 0.0451044 , 0.183199 , -0.0776585 , 0.0441639
18.3783 , 0.221331 , -0.0515556 , 0.0355464 , 0.170476 , -0.0623674 , 0.0362439
18.4121 , 0.215656 , -0.0416875 , 0.0253648 , 0.160385 , -0.0472359 , 0.0318236
18.4426 , 0.210213 , -0.032388 , 0.0176631 , 0.152985 , -0.0364279 , 0.0286933
18.4775 , 0.206411 , -0.0200246 , 0.0139203 , 0.147559 , -0.024887 , 0.0279704
18.5115 , 0.203056 , -0.0117953 , 0.00981954 , 0.14514 , -0.0133456 , 0.0292406
18.5456 , 0.198224 , -0.00345355 , 0.00675298 , 0.145755 , -0.00885782 , 0.028881
18.5754 , 0.19426 , 0.00536405 , 0.00376869 , 0.148662 , -0.000276679 , 0.0264242
18.6088 , 0.191219 , 0.0131788 , -0.00259397 , 0.149955 , 0.00733473 , 0.0209544
18.6433 , 0.187385 , 0.020986 , -0.012307 , 0.15335 , 0.0101568 , 0.0102342
18.6779 , 0.185617 , 0.0261885 , -0.018252 , 0.159393 , 0.0131141 , -0.000553004
18.7125 , 0.183056 , 0.0323523 , -0.0259565 , 0.163663 , 0.0161255 , -0.0126876
18.7461 , 0.17892 , 0.0401842 , -0.0335319 , 0.166153 , 0.0216035 , -0.027824
18.7764 , 0.174739 , 0.049306 , -0.040453 , 0.168667 , 0.0275532 , -0.0421125
18.8168 , 0.172037 , 0.053188 , -0.0481965 , 0.170199 , 0.033214 , -0.0555456
18.8517 , 0.169484 , 0.0579117 , -0.0546213 , 0.170487 , 0.0391586 , -0.0674239
18.8831 , 0.169068 , 0.0624206 , -0.0585813 , 0.17129 , 0.0454623 , -0.0800791
18.914 , 0.169104 , 0.0665872 , -0.0655439 , 0.174052 , 0.0515344 , -0.0934582
18.9478 , 0.169246 , 0.069596 , -0.0721173 , 0.17421 , 0.0575519 , -0.106338
18.9834 , 0.167968 , 0.0725053 , -0.0776091 , 0.171614 , 0.0632196 , -0.118676
19.0167 , 0.167593 , 0.0752772 , -0.0865888 , 0.166992 , 0.0694747 , -0.130904
19.0538 , 0.165978 , 0.0776036 , -0.0945535 , 0.16136 , 0.0759809 , -0.14335
19.1005 , 0.166407 , 0.0807288 , -0.103778 , 0.155085 , 0.0829619 , -0.153397
19.1349 , 0.166213 , 0.0839713 , -0.111118 , 0.149435 , 0.088707 , -0.162434
19.1676 , 0.165006 , 0.0854298 , -0.118413 , 0.142627 , 0.0942359 , -0.168837
19.1962 , 0.163251 , 0.0880544 , -0.123487 , 0.135696 , 0.0988233 , -0.173824
19.2313 , 0.161567 , 0.0894008 , -0.126963 , 0.131086 , 0.101919 , -0.175063
19.2629 , 0.160956 , 0.0899668 , -0.129692 , 0.126903 , 0.103502 , -0.174833
19.2994 , 0.160514 , 0.0901676 , -0.132088 , 0.124536 , 0.104917 , -0.174791
19.3387 , 0.159663 , 0.089842 , -0.134437 , 0.123509 , 0.105874 , -0.17485
19.3883 , 0.158865 , 0.0881542 , -0.137164 , 0.124337 , 0.10609 , -0.174416
19.4253 , 0.159271 , 0.0887623 , -0.139919 , 0.126894 , 0.10688 , -0.173661
19.4665 , 0.159408 , 0.0887241 , -0.14271 , 0.131323 , 0.106555 , -0.172687
19.4979 , 0.159083 , 0.087695 , -0.143573 , 0.136143 , 0.104432 , -0.169589
19.5325 , 0.160629 , 0.0850349 , -0.146023 , 0.142201 , 0.100887 , -0.167089
19.5671 , 0.160278 , 0.081416 , -0.149477 , 0.147492 , 0.0950575 , -0.164182
19.6005 , 0.16133 , 0.0777237 , -0.152416 , 0.151417 , 0.0881917 , -0.160808
19.6367 , 0.159456 , 0.0715325 , -0.153569 , 0.15672 , 0.0814604 , -0.157051
19.6673 , 0.161677 , 0.0673126 , -0.155432 , 0.161096 , 0.0738689 , -0.153842
19.7009 , 0.160862 , 0.0623331 , -0.156594 , 0.164888 , 0.0663771 , -0.151092
19.7342 , 0.161806 , 0.0574793 , -0.158979 , 0.167585 , 0.0590071 , -0.150566
19.7699 , 0.163464 , 0.0526247 , -0.162527 , 0.17089 , 0.0515082 , -0.152709
19.8044 , 0.165973 , 0.0470866 , -0.16797 , 0.1715 , 0.0456767 , -0.15617
19.8351 , 0.166867 , 0.0414745 , -0.171622 , 0.175836 , 0.0380883 , -0.16006
19.8689 , 0.17012 , 0.0366134 , -0.174364 , 0.177563 , 0.0331411 , -0.164353
19.9044 , 0.171532 , 0.0330291 , -0.175643 , 0.177501 , 0.0281562 , -0.166699
19.9354 , 0.169496 , 0.0273388 , -0.17613 , 0.176134 , 0.0229818 , -0.165366
19.9722 , 0.169807 , 0.0208437 , -0.172619 , 0.175179 , 0.0183932 , -0.162354
20.0036 , 0.16833 , 0.0161197 , -0.168078 , 0.175676 , 0.0141152 , -0.160436
20.0375 , 0.171504 , 0.0104953 , -0.165532 , 0.176295 , 0.00996193 , -0.158047
20.0729 , 0.172815 , 0.00606384 , -0.160922 , 0.178372 , 0.00789537 , -0.15321
20.1065 , 0.174145 , 0.00200379 , -0.155005 , 0.18067 , 0.00758444 , -0.147814
20.1402 , 0.17449 , -0.000724198 , -0.148532 , 0.182783 , 0.00613872 , -0.143896
20.1698 , 0.177371 , -0.00200656 , -0.142688 , 0.187251 , 0.00248028 , -0.140474
20.2056 , 0.180432 , -0.00360831 , -0.138829 , 0.192603 , -0.0023182 , -0.13833
20.2363 , 0.180764 , -0.00736945 , -0.135907 , 0.197284 , -0.00652868 , -0.139316
20.2725 , 0.182114 , -0.0098823 , -0.133758 , 0.201686 , -0.0108411 , -0.140955
20.3062 , 0.184738 , -0.0124985 , -0.131192 , 0.205711 , -0.015138 , -0.141633
20.3387 , 0.186669 , -0.0145357 , -0.128402 , 0.213854 , -0.0267587 , -0.1435
20.3725 , 0.186537 , -0.016361 , -0.124957 , 0.232533 , -0.0307513 , -0.140489
20.408 , 0.187682 , -0.0178312 , -0.121182 , 0.236797 , -0.0224473 , -0.133687
20.4396 , 0.188661 , -0.0195965 , -0.11859 , 0.23191 , -0.0148863 , -0.129197
20.4762 , 0.190353 , -0.0220298 , -0.117021 , 0.223461 , -0.0140948 , -0.126591
20.5103 , 0.19021 , -0.0228532 , -0.113644 , 0.212415 , -0.0157601 , -0.121546
20.5414 , 0.190156 , -0.0253893 , -0.115789 , 0.205958 , -0.017266 , -0.116759
20.5745 , 0.191723 , -0.0260602 , -0.113748 , 0.197166 , -0.0189326 , -0.111625
20.6103 , 0.191245 , -0.0254008 , -0.111569 , 0.190426 , -0.019943 , -0.101003
20.6466 , 0.190866 , -0.0242479 , -0.108181 , 0.185529 , -0.0256371 , -0.096696
20.6814 , 0.190371 , -0.0277384 , -0.111513 , 0.181672 , -0.0295074 , -0.0920264
20.7282 , 0.188334 , -0.0269463 , -0.109554 , 0.183795 , -0.0317328 , -0.0905277
20.7595 , 0.188937 , -0.0296161 , -0.112777 , 0.18493 , -0.0306011 , -0.0908923
20.7941 , 0.189691 , -0.0292736 , -0.109578 , 0.189474 , -0.0291616 , -0.0892131
20.8257 , 0.189225 , -0.0266214 , -0.110127 , 0.193985 , -0.0272139 , -0.0876831
20.862 , 0.190125 , -0.0248221 , -0.109641 , 0.196744 , -0.0264106 , -0.0877297
20.8967 , 0.188839 , -0.0262078 , -0.110153 , 0.195885 , -0.0270054 , -0.0906809
20.9279 , 0.18793 , -0.0267003 , -0.111042 , 0.194177 , -0.0277603 , -0.0925418
20.9601 , 0.188359 , -0.0274342 , -0.110417 , 0.192188 , -0.0262445 , -0.0925164
20.9953 , 0.189434 , -0.0265984 , -0.10911 , 0.190468 , -0.0252079 , -0.0942648
21.0308 , 0.191387 , -0.0274491 , -0.108281 , 0.191236 , -0.0264507 , -0.0968235
21.0623 , 0.192575 , -0.0256077 , -0.109542 , 0.192264 , -0.0262089 , -0.0987405
21.0939 , 0.193136 , -0.023248 , -0.114309 , 0.191982 , -0.0252475 , -0.10146
21.1274 , 0.194494 , -0.0250088 , -0.119219 , 0.194329 , -0.0280338 , -0.107291
21.1607 , 0.195995 , -0.0263232 , -0.12407 , 0.197452 , -0.0292509 , -0.113175
21.1971 , 0.197295 , -0.0255706 , -0.127421 , 0.200042 , -0.0286314 , -0.115681
21.2319 , 0.197461 , -0.0245684 , -0.12821 , 0.201336 , -0.0274843 , -0.11408
21.2661 , 0.198622 , -0.0240177 , -0.12409 , 0.201996 , -0.027451 , -0.113184
21.2973 , 0.19913 , -0.0250793 , -0.121693 , 0.201723 , -0.0257348 , -0.112478
21.3289 , 0.19888 , -0.024457 , -0.121261 , 0.20089 , -0.0255849 , -0.111111
21.3653 , 0.198378 , -0.0238925 , -0.118835 , 0.200953 , -0.0254069 , -0.110401
21.3961 , 0.198386 , -0.0231 , -0.115414 , 0.199785 , -0.0241369 , -0.105821
21.438 , 0.19673 , -0.0216432 , -0.108745 , 0.198897 , -0.0230485 , -0.0998578
21.4809 , 0.195085 , -0.0210933 , -0.101294 , 0.198749 , -0.0215396 , -0.0936892
21.5144 , 0.195484 , -0.0192461 , -0.0973871 , 0.198947 , -0.0192321 , -0.0890925
21.5506 , 0.196747 , -0.0178443 , -0.0933793 , 0.199945 , -0.017308 , -0.0850852
