627

0.026277 , -0.00936404 , -0.0162337 , -0.0243669 , 0.00601033 , -0.022112 , 0.0219556
0.06183 , -0.00935808 , -0.0162396 , -0.0243709 , -0.00321883 , -0.00908737 , 0.0463889
0.098736 , -0.009356 , -0.016256 , -0.0243846 , -0.000616775 , -0.0140492 , 0.00991412
0.144522 , -0.00936567 , -0.0162814 , -0.0244053 , 0.00265007 , -0.0201472 , 0.0149447
0.184999 , -0.0093735 , -0.0163005 , -0.0244203 , 0.00132985 , -0.0267744 , 0.0178924
0.231934 , -0.00937807 , -0.0163311 , -0.0244191 , -0.00228733 , -0.0293799 , 0.0187761
0.282304 , -0.0093727 , -0.0163952 , -0.0244176 , -0.00349926 , -0.0289543 , 0.0191123
0.334268 , -0.00937196 , -0.0164114 , -0.0244193 , -0.000387778 , -0.0272569 , 0.018477
0.384166 , -0.00937395 , -0.0164116 , -0.0244191 , 0.00533294 , -0.0251253 , 0.0174637
0.427998 , -0.00937203 , -0.0164094 , -0.0244193 , 0.0106102 , -0.0231346 , 0.017054
0.46486 , -0.00937203 , -0.0164094 , -0.0244193 , 0.0137551 , -0.0217829 , 0.0174522
0.499438 , -0.00937203 , -0.0164094 , -0.0244193 , 0.0142656 , -0.0213753 , 0.0182736
0.546162 , -0.00937203 , -0.0164094 , -0.0244193 , 0.0126839 , -0.0218171 , 0.0191277
0.583012 , -0.00937203 , -0.0164094 , -0.0244193 , 0.0101891 , -0.0227034 , 0.0198459
0.629967 , -0.00937203 , -0.0164094 , -0.0244193 , 0.00769658 , -0.023566 , 0.0203249
0.663016 , -0.00937203 , -0.0164094 , -0.0244193 , 0.00589351 , -0.0240756 , 0.0204491
0.69503 , -0.00937203 , -0.0164094 , -0.0244193 , 0.00507891 , -0.024189 , 0.0202467
0.72971 , -0.00937203 , -0.0164094 , -0.0244193 , 0.00508421 , -0.0239788 , 0.0198755
0.763473 , -0.00937203 , -0.0164094 , -0.0244193 , 0.00555843 , -0.0235028 , 0.0193995
0.798211 , -0.00937203 , -0.0164094 , -0.0244193 , 0.00633401 , -0.0231072 , 0.0189942
0.829942 , -0.00937203 , -0.0164094 , -0.0244193 , 0.00706254 , -0.0229078 , 0.0187112
0.861793 , -0.00937203 , -0.0164094 , -0.0244193 , 0.00761037 , -0.022874 , 0.0185521
0.895382 , -0.00937203 , -0.0164094 , -0.0244193 , 0.00793904 , -0.0229785 , 0.0185255
0.930903 , -0.00937203 , -0.0164094 , -0.0244193 , 0.00814913 , -0.0232047 , 0.0185159
0.96961 , -0.00937203 , -0.0164094 , -0.0244193 , 0.0082104 , -0.0233982 , 0.018479
1.0149 , -0.00937203 , -0.0164094 , -0.0244193 , 0.00832608 , -0.0235464 , 0.0185162
1.04648 , -0.00937203 , -0.0164094 , -0.0244193 , 0.00833344 , -0.0236025 , 0.0185405
1.08114 , -0.009372 , -0.0164094 , -0.0244193 , 0.00822033 , -0.0235597 , 0.0185203
1.11479 , -0.00937174 , -0.0160249 , -0.0243203 , 0.00375056 , -0.0264249 , 0.0199672
1.14946 , -0.00937174 , -0.0160249 , -0.0243203 , 0.00346096 , -0.0244826 , 0.0199286
1.18052 , -0.00895717 , -0.0156374 , -0.0243468 , 0.013521 , -0.0220713 , 0.0185774
1.21819 , -0.00875209 , -0.015677 , -0.0247834 , 0.0136076 , -0.0211484 , 0.0179967
1.25031 , -0.00872386 , -0.0156316 , -0.0247985 , 0.0100747 , -0.0209618 , 0.0178155
1.28194 , -0.00872386 , -0.0156316 , -0.0247985 , 0.00777759 , -0.0211588 , 0.017674
1.31469 , -0.00833218 , -0.0156194 , -0.02459 , 0.00761779 , -0.0220977 , 0.0179641
1.34984 , -0.00823084 , -0.0154059 , -0.0246475 , 0.00791749 , -0.0226584 , 0.0183554
1.38591 , -0.00812841 , -0.0153342 , -0.0247007 , 0.00830298 , -0.0230516 , 0.0186297
1.42357 , -0.00799238 , -0.0152508 , -0.024794 , 0.00864442 , -0.0231853 , 0.0189267
1.4693 , -0.00795608 , -0.0149965 , -0.0248388 , 0.00889435 , -0.0229168 , 0.0189385
1.50454 , -0.00800763 , -0.0147672 , -0.024789 , 0.00872325 , -0.0222742 , 0.0186144
1.53782 , -0.00801163 , -0.0145496 , -0.0247755 , 0.00867854 , -0.0217062 , 0.0185413
1.57035 , -0.00785558 , -0.0144418 , -0.0247399 , 0.00918251 , -0.0213623 , 0.0184934
1.60467 , -0.00780859 , -0.0143216 , -0.0248665 , 0.00936586 , -0.0209697 , 0.0184505
1.63912 , -0.00782887 , -0.0142514 , -0.0249507 , 0.00905564 , -0.0200641 , 0.0173788
1.67336 , -0.00799753 , -0.0142664 , -0.0253024 , 0.00864802 , -0.021148 , 0.0167995
1.70741 , -0.00846826 , -0.0137533 , -0.0252216 , 0.00820443 , -0.0212467 , 0.0171627
1.75217 , -0.00891426 , -0.0135442 , -0.0251048 , 0.00760492 , -0.0209696 , 0.0176368
1.78466 , -0.00904972 , -0.0135157 , -0.0250583 , 0.00742642 , -0.0214665 , 0.0176798
1.81816 , -0.00899938 , -0.0141684 , -0.0252207 , 0.00738747 , -0.0216161 , 0.0176978
1.8547 , -0.00894655 , -0.0138307 , -0.0250654 , 0.00727271 , -0.0213177 , 0.0179286
1.88958 , -0.00899795 , -0.013788 , -0.0252122 , 0.00757166 , -0.0218283 , 0.0171863
1.92168 , -0.00922075 , -0.0147221 , -0.025136 , 0.00765902 , -0.0219196 , 0.0172493
1.95552 , -0.00909039 , -0.0151386 , -0.0255251 , 0.00739238 , -0.0218391 , 0.0177086
1.98751 , -0.00904182 , -0.0156 , -0.0256444 , 0.00784569 , -0.0229574 , 0.0175314
2.02246 , -0.00865692 , -0.0155171 , -0.0258135 , 0.00779504 , -0.0221641 , 0.0173814
2.06342 , -0.00872464 , -0.0162903 , -0.0256613 , 0.00780543 , -0.0231676 , 0.0176848
2.10621 , -0.00890236 , -0.0166964 , -0.0253929 , 0.00748719 , -0.0236934 , 0.0179372
2.13725 , -0.00892086 , -0.0170042 , -0.0250516 , 0.00731333 , -0.0241539 , 0.0184953
2.17148 , -0.00844012 , -0.0176198 , -0.0247299 , 0.00739071 , -0.0252093 , 0.0189216
2.20919 , -0.00828862 , -0.0179502 , -0.0247582 , 0.00751252 , -0.0250052 , 0.0189106
2.24109 , -0.00831181 , -0.0198226 , -0.0245461 , 0.00851438 , -0.0262822 , 0.0190824
2.27746 , -0.0077477 , -0.0202034 , -0.0244636 , 0.00805845 , -0.0279885 , 0.01894
2.32979 , -0.00820796 , -0.0219782 , -0.0238751 , 0.00863911 , -0.0268677 , 0.0192623
2.37802 , -0.00816084 , -0.0220832 , -0.0232875 , 0.00951467 , -0.026259 , 0.0198199
2.42319 , -0.00799289 , -0.0237216 , -0.0231057 , 0.00973474 , -0.0309064 , 0.0201114
2.45558 , -0.00833712 , -0.0269033 , -0.022874 , 0.0082716 , -0.0323611 , 0.020879
2.49119 , -0.00657347 , -0.0250648 , -0.0239121 , 0.00793814 , -0.0376662 , 0.0210702
2.52279 , -0.00796546 , -0.0349411 , -0.0241938 , 0.00753593 , -0.0421147 , 0.0199448
2.55927 , -0.00962587 , -0.0390743 , -0.0224974 , 0.0057096 , -0.0442507 , 0.0205898
2.594 , -0.00993244 , -0.0401736 , -0.0223176 , 0.00477123 , -0.0475705 , 0.0216715
2.62522 , -0.0131229 , -0.0452996 , -0.0234288 , 0.004378 , -0.0515425 , 0.0210809
2.657 , -0.0153274 , -0.0475164 , -0.022979 , 0.00451713 , -0.0548409 , 0.0184298
2.69339 , -0.0183021 , -0.0505692 , -0.0245085 , 0.00332682 , -0.0558955 , 0.0164382
2.72799 , -0.0201652 , -0.0512878 , -0.026401 , 0.00170483 , -0.0577038 , 0.0152537
2.76223 , -0.0226438 , -0.0531949 , -0.0259276 , 0.000456888 , -0.0628483 , 0.014365
2.7943 , -0.0256281 , -0.0572887 , -0.0247412 , -0.00113173 , -0.0651198 , 0.013072
2.8259 , -0.0276258 , -0.0610341 , -0.0270112 , -0.00273578 , -0.0653662 , 0.0132318
2.86119 , -0.0288995 , -0.0618445 , -0.0263895 , -0.00182153 , -0.066756 , 0.0119439
2.89266 , -0.0321053 , -0.0600691 , -0.0254978 , -0.00320435 , -0.0672333 , 0.00749641
2.92562 , -0.0350035 , -0.0589132 , -0.02727 , -0.00557405 , -0.0640349 , 0.00548418
2.9595 , -0.0381983 , -0.0610714 , -0.0279245 , -0.0086061 , -0.063561 , 0.00553532
2.99668 , -0.0411488 , -0.0556851 , -0.0271989 , -0.0111072 , -0.0615728 , 0.00545102
3.03554 , -0.0441871 , -0.0589776 , -0.0254507 , -0.0123736 , -0.0631568 , 0.00505306
3.0784 , -0.0455388 , -0.0538802 , -0.0246106 , -0.0141402 , -0.0662331 , 0.00545989
3.11008 , -0.0489932 , -0.0543158 , -0.0239747 , -0.0153938 , -0.0633693 , 0.00419069
3.1419 , -0.0521948 , -0.0553598 , -0.023208 , -0.0172984 , -0.0653142 , -0.0019887
3.17613 , -0.055206 , -0.0567345 , -0.0228099 , -0.030009 , -0.0661374 , -0.000123223
3.21035 , -0.0576072 , -0.0588623 , -0.0225454 , -0.0401275 , -0.0673664 , 0.0104351
3.24492 , -0.0596851 , -0.0593802 , -0.0212438 , -0.0440337 , -0.0649685 , 0.0211816
3.27824 , -0.0616826 , -0.0608338 , -0.0197884 , -0.043699 , -0.0667242 , 0.0272568
3.30887 , -0.0625041 , -0.0605313 , -0.017638 , -0.0416128 , -0.0669451 , 0.0292191
3.34338 , -0.0633862 , -0.0636708 , -0.0170612 , -0.0413354 , -0.0688033 , 0.0304288
3.37789 , -0.0652578 , -0.0698876 , -0.0138966 , -0.0410546 , -0.0750951 , 0.0317267
3.41243 , -0.0653939 , -0.0683716 , -0.0129106 , -0.0412396 , -0.0767698 , 0.0324523
3.44609 , -0.0668825 , -0.0704462 , -0.0119909 , -0.0411545 , -0.0785243 , 0.0308868
3.4766 , -0.0664968 , -0.0710798 , -0.00999494 , -0.0403027 , -0.0794927 , 0.0294969
3.51613 , -0.0673625 , -0.07364 , -0.0106005 , -0.0408582 , -0.0812215 , 0.0293004
3.55294 , -0.0673271 , -0.0741373 , -0.0117338 , -0.0410272 , -0.0802986 , 0.0282423
3.60027 , -0.0668182 , -0.0740614 , -0.0108267 , -0.0400306 , -0.0861629 , 0.0265487
3.6294 , -0.0666499 , -0.0781278 , -0.0123145 , -0.0399062 , -0.0820426 , 0.0257505
3.66601 , -0.0642406 , -0.0782379 , -0.0124086 , -0.0405551 , -0.0818073 , 0.0260118
3.69474 , -0.0637943 , -0.0770278 , -0.0120695 , -0.0405601 , -0.0819287 , 0.0257705
3.73151 , -0.0616599 , -0.0786922 , -0.0120555 , -0.0394698 , -0.0848184 , 0.0249121
3.76326 , -0.0610533 , -0.0813176 , -0.0117937 , -0.037453 , -0.0861809 , 0.0233637
3.79723 , -0.0569002 , -0.0832631 , -0.0134215 , -0.0336219 , -0.0905929 , 0.0211924
3.83218 , -0.0527547 , -0.0841436 , -0.0143098 , -0.0292376 , -0.0873209 , 0.0193294
3.86552 , -0.0498093 , -0.0830842 , -0.0146418 , -0.0250038 , -0.0843543 , 0.0182288
3.89603 , -0.0455447 , -0.0828073 , -0.0157042 , -0.0220674 , -0.0844306 , 0.0168584
3.93166 , -0.0439988 , -0.0849737 , -0.0161167 , -0.0192133 , -0.082053 , 0.0146948
3.96545 , -0.0410396 , -0.0781026 , -0.0184686 , -0.0171858 , -0.0783145 , 0.0126808
3.99967 , -0.039846 , -0.0786987 , -0.0186196 , -0.0174665 , -0.0758111 , 0.0124714
4.03323 , -0.0371945 , -0.0762899 , -0.0199037 , -0.016011 , -0.0721202 , 0.0119435
4.06387 , -0.0325913 , -0.0715742 , -0.0216792 , -0.0147339 , -0.0715573 , 0.0117831
4.09928 , -0.0309982 , -0.0700502 , -0.0221743 , -0.0145224 , -0.06939 , 0.012025
4.13283 , -0.0294465 , -0.065881 , -0.0232611 , -0.0137003 , -0.0657245 , 0.0115119
4.16744 , -0.026154 , -0.0636345 , -0.0244527 , -0.0117676 , -0.0624068 , 0.00953317
4.20164 , -0.0231297 , -0.0606912 , -0.0258852 , -0.0098944 , -0.0606316 , 0.00755525
4.23155 , -0.0208065 , -0.0547832 , -0.0277812 , -0.00713027 , -0.0560506 , 0.00472869
4.2671 , -0.0185497 , -0.0529888 , -0.0293292 , -0.00550974 , -0.051361 , 0.00207999
4.30051 , -0.0154191 , -0.0487616 , -0.0313326 , -0.00366731 , -0.0475065 , 0.000547961
4.33501 , -0.0130634 , -0.0467556 , -0.031602 , -0.0025706 , -0.0482718 , 0.000583415
4.36577 , -0.00969187 , -0.0470508 , -0.0306295 , -0.00117316 , -0.0458275 , 0.0011655
4.40034 , -0.00688358 , -0.0486706 , -0.0318993 , 0.000542927 , -0.0445057 , 0.00107304
4.4349 , -0.00340808 , -0.0437624 , -0.0322593 , 0.00240092 , -0.0434911 , -0.000478568
4.46836 , -0.000438819 , -0.0387118 , -0.0336398 , 0.00451769 , -0.041968 , -0.00167359
4.50293 , 0.00264192 , -0.0389523 , -0.0353331 , 0.00638007 , -0.0408333 , -0.0022187
4.53346 , 0.0052435 , -0.0391702 , -0.0368912 , 0.00724135 , -0.0434918 , -0.00190979
4.56806 , 0.00761546 , -0.037388 , -0.0378315 , 0.00998037 , -0.0396649 , -0.0025586
4.60258 , 0.00996047 , -0.0389356 , -0.0383264 , 0.0120619 , -0.0379671 , -0.00243438
4.63618 , 0.0135738 , -0.0391442 , -0.0389344 , 0.0136011 , -0.0404911 , -0.00286361
4.67067 , 0.0171428 , -0.041321 , -0.0386836 , 0.0147228 , -0.0422716 , -0.00372693
4.70129 , 0.021566 , -0.0429126 , -0.0394306 , 0.0173812 , -0.0499019 , -0.00446884
4.73587 , 0.0262206 , -0.0465343 , -0.0392306 , 0.0205539 , -0.0484787 , -0.00368528
4.77025 , 0.029253 , -0.0520572 , -0.0367672 , 0.0216404 , -0.0547179 , -0.00228967
4.80401 , 0.0361967 , -0.0508143 , -0.0382186 , 0.0253929 , -0.056029 , -0.00325338
4.83851 , 0.039777 , -0.0573359 , -0.0380558 , 0.0300775 , -0.0569637 , -0.00492496
4.86893 , 0.0458625 , -0.0527369 , -0.0402121 , 0.0360219 , -0.0583991 , -0.00671582
4.90613 , 0.0504014 , -0.0535622 , -0.0409593 , 0.0412768 , -0.0603807 , -0.00833023
4.94324 , 0.0597642 , -0.0566482 , -0.04258 , 0.0457756 , -0.0631408 , -0.00931286
4.97962 , 0.0659184 , -0.0615591 , -0.0452377 , 0.0516469 , -0.071378 , -0.0111935
5.02209 , 0.0742061 , -0.0635386 , -0.050192 , 0.0578924 , -0.0739589 , -0.0136582
5.05647 , 0.0804749 , -0.0665432 , -0.0548865 , 0.0653236 , -0.0739219 , -0.0194707
5.08999 , 0.0860227 , -0.0700303 , -0.0584956 , 0.0714811 , -0.0752158 , -0.0244096
5.12089 , 0.0905639 , -0.070533 , -0.0621311 , 0.0768219 , -0.077474 , -0.0254201
5.15526 , 0.0981072 , -0.0687229 , -0.0634713 , 0.0829848 , -0.0762077 , -0.0241917
5.18979 , 0.10673 , -0.0632626 , -0.0621314 , 0.0897794 , -0.0725122 , -0.0205411
5.22447 , 0.116016 , -0.0554274 , -0.0570198 , 0.0979584 , -0.0717482 , -0.0149363
5.25794 , 0.126722 , -0.0566377 , -0.0510535 , 0.108347 , -0.0721107 , -0.00796012
5.28847 , 0.138088 , -0.055507 , -0.0437035 , 0.119571 , -0.0782915 , -0.00130512
5.32326 , 0.151028 , -0.0593451 , -0.0383442 , 0.13317 , -0.0816036 , 0.00243928
5.35755 , 0.163084 , -0.0628123 , -0.0354577 , 0.147946 , -0.0818029 , 0.0038668
5.39201 , 0.173767 , -0.0609727 , -0.0346702 , 0.162266 , -0.0767749 , 0.00303016
5.42467 , 0.183204 , -0.0624467 , -0.0334948 , 0.171371 , -0.0795035 , 0.00154095
5.45881 , 0.189479 , -0.0622845 , -0.0322535 , 0.178745 , -0.0768306 , 0.00315818
5.48968 , 0.195081 , -0.0598979 , -0.028951 , 0.184582 , -0.0739574 , 0.00542946
5.52527 , 0.196609 , -0.0558403 , -0.0236302 , 0.1896 , -0.0744747 , 0.00640355
5.55989 , 0.201619 , -0.056532 , -0.0261489 , 0.192661 , -0.0720289 , 0.00607677
5.59344 , 0.204631 , -0.0566138 , -0.0279735 , 0.197142 , -0.0697808 , 0.00228554
5.62399 , 0.206632 , -0.05335 , -0.0302003 , 0.200584 , -0.0678336 , -0.00084383
5.65953 , 0.20699 , -0.0531068 , -0.0315231 , 0.202829 , -0.0632632 , -0.00140727
5.69315 , 0.205507 , -0.0496434 , -0.032397 , 0.203995 , -0.0590787 , -0.00124805
5.7246 , 0.202057 , -0.0483217 , -0.0336235 , 0.202946 , -0.0583443 , -0.00298828
5.76122 , 0.199432 , -0.0470449 , -0.0354318 , 0.200368 , -0.0587004 , -0.00491085
5.79167 , 0.194556 , -0.0469626 , -0.0381396 , 0.196332 , -0.057838 , -0.00691668
5.82721 , 0.189827 , -0.0436725 , -0.0408575 , 0.190961 , -0.0562826 , -0.00948602
5.86071 , 0.182525 , -0.0452393 , -0.0444604 , 0.186779 , -0.0516425 , -0.0129364
5.89531 , 0.178417 , -0.0372392 , -0.049321 , 0.183036 , -0.0484079 , -0.015879
5.92883 , 0.168973 , -0.0364804 , -0.0528819 , 0.177356 , -0.0433802 , -0.0181824
5.95943 , 0.16076 , -0.0335374 , -0.0562254 , 0.172014 , -0.0391291 , -0.0201417
5.99933 , 0.152904 , -0.0309766 , -0.0584696 , 0.16436 , -0.0374793 , -0.0211057
6.03674 , 0.142761 , -0.0313934 , -0.059767 , 0.154838 , -0.0361111 , -0.020622
6.08054 , 0.133606 , -0.0300307 , -0.0600018 , 0.146384 , -0.0350216 , -0.0196522
6.11418 , 0.124988 , -0.0320297 , -0.0606062 , 0.138196 , -0.037876 , -0.0188254
6.14822 , 0.114492 , -0.0326792 , -0.0600965 , 0.130193 , -0.0369836 , -0.0177039
6.18052 , 0.104759 , -0.0340136 , -0.0603783 , 0.120798 , -0.0390037 , -0.0184118
6.21122 , 0.0971566 , -0.031558 , -0.0624779 , 0.110575 , -0.0404892 , -0.0192026
6.24487 , 0.0879654 , -0.032489 , -0.0623377 , 0.0995526 , -0.0421665 , -0.0168034
6.28031 , 0.0772004 , -0.0399722 , -0.0635334 , 0.0920584 , -0.0464355 , -0.0186103
6.31487 , 0.0682631 , -0.0468794 , -0.0630029 , 0.0866074 , -0.0498181 , -0.0202943
6.34876 , 0.0611373 , -0.0480517 , -0.0624509 , 0.0808406 , -0.0527959 , -0.0186833
6.38293 , 0.0533774 , -0.0530667 , -0.0623933 , 0.0743158 , -0.0532365 , -0.015996
6.41258 , 0.04435 , -0.0596425 , -0.0592347 , 0.0674987 , -0.055914 , -0.0135986
6.44928 , 0.0352989 , -0.0643618 , -0.058569 , 0.0609115 , -0.0601592 , -0.0104988
6.48319 , 0.0297587 , -0.0695006 , -0.0563312 , 0.0537072 , -0.0685418 , -0.00708197
6.51513 , 0.0245851 , -0.076819 , -0.0544179 , 0.0481994 , -0.0737159 , -0.00277695
6.54854 , 0.0197992 , -0.0823004 , -0.0514022 , 0.0434382 , -0.0820043 , 0.000462866
6.58313 , 0.0181976 , -0.0883377 , -0.0485983 , 0.0410795 , -0.0874472 , 0.00510266
6.61384 , 0.0150507 , -0.0961631 , -0.0425465 , 0.0390381 , -0.094194 , 0.0117465
6.65027 , 0.0134521 , -0.102558 , -0.0358929 , 0.0375847 , -0.0997069 , 0.0184455
6.68084 , 0.0120224 , -0.104214 , -0.030051 , 0.0348151 , -0.101172 , 0.0250903
6.71557 , 0.00774563 , -0.10763 , -0.0255479 , 0.0301812 , -0.103264 , 0.0296705
6.74995 , 0.00156207 , -0.110452 , -0.0230124 , 0.0237853 , -0.105586 , 0.0316739
6.78441 , -0.00455377 , -0.114867 , -0.0218366 , 0.0161259 , -0.107737 , 0.0346113
6.81799 , -0.0126147 , -0.118718 , -0.0168116 , 0.00881019 , -0.110913 , 0.0386886
6.84869 , -0.0183342 , -0.124118 , -0.0141198 , 0.00232137 , -0.116418 , 0.0409146
6.88321 , -0.0218946 , -0.126381 , -0.0143353 , -0.00206192 , -0.120807 , 0.0407559
6.9176 , -0.0247882 , -0.134241 , -0.0127378 , -0.00338426 , -0.122912 , 0.0399907
6.95224 , -0.026081 , -0.137055 , -0.0133518 , -0.00537416 , -0.130172 , 0.0394422
6.98466 , -0.027808 , -0.141555 , -0.012029 , -0.00796535 , -0.131775 , 0.0410844
7.01735 , -0.0300339 , -0.14499 , -0.0117324 , -0.0118625 , -0.137569 , 0.0408405
7.05103 , -0.0313337 , -0.150129 , -0.0084223 , -0.0156463 , -0.140529 , 0.0398673
7.08565 , -0.0322304 , -0.152336 , -0.00381496 , -0.0192644 , -0.144853 , 0.0392885
7.12143 , -0.0328292 , -0.152792 , -0.00276542 , -0.0206593 , -0.148309 , 0.0374347
7.15087 , -0.033687 , -0.157227 , -0.00316521 , -0.0218679 , -0.15155 , 0.0359714
7.18517 , -0.0338268 , -0.157803 , -0.00227589 , -0.0232911 , -0.151201 , 0.035436
7.21964 , -0.0367343 , -0.163489 , -0.00205089 , -0.0249345 , -0.153215 , 0.0352391
7.25319 , -0.0342168 , -0.165902 , -0.00278473 , -0.0266757 , -0.158724 , 0.0349256
7.28772 , -0.0324231 , -0.17085 , -0.00341319 , -0.0280672 , -0.163001 , 0.0353662
7.32135 , -0.030598 , -0.170271 , -0.00180247 , -0.0288728 , -0.165181 , 0.0359739
7.35727 , -0.028323 , -0.170898 , -0.00251642 , -0.0273621 , -0.164593 , 0.0364969
7.3922 , -0.0259265 , -0.172425 , -0.00243008 , -0.0222038 , -0.163622 , 0.0349173
7.42329 , -0.0232784 , -0.176207 , -0.00359742 , -0.0182329 , -0.163944 , 0.0320068
7.45803 , -0.018467 , -0.174453 , -0.0057419 , -0.0157246 , -0.166775 , 0.0272024
7.4871 , -0.0139374 , -0.171815 , -0.00680555 , -0.0172662 , -0.167589 , 0.0255042
7.52558 , -0.0114601 , -0.173299 , -0.00988885 , -0.0165791 , -0.168211 , 0.0238842
7.56009 , -0.00846228 , -0.173506 , -0.0134194 , -0.0149858 , -0.167092 , 0.0228415
7.59212 , -0.0037082 , -0.173061 , -0.0163626 , -0.0128331 , -0.170702 , 0.0221264
7.62112 , -0.00259382 , -0.176696 , -0.0166025 , -0.0100642 , -0.171616 , 0.0207068
7.65701 , 0.00220362 , -0.177109 , -0.0193397 , -0.00820237 , -0.16899 , 0.0205241
7.69234 , 0.00475957 , -0.177124 , -0.0216265 , -0.00742392 , -0.1708 , 0.0206673
7.72111 , 0.00697207 , -0.180259 , -0.0236878 , -0.00787283 , -0.176517 , 0.0216402
7.7576 , 0.00989754 , -0.182935 , -0.0259476 , -0.00538646 , -0.176302 , 0.0200152
7.79094 , 0.0140105 , -0.1822 , -0.0305271 , -0.00265979 , -0.183054 , 0.0169889
7.82453 , 0.0174616 , -0.187139 , -0.0333661 , 0.000154095 , -0.185526 , 0.0140778
7.85636 , 0.0242176 , -0.186774 , -0.0377589 , 0.00253436 , -0.188632 , 0.0113245
7.89203 , 0.0281746 , -0.193151 , -0.0404156 , 0.00562496 , -0.19288 , 0.00895319
7.92502 , 0.0343821 , -0.193183 , -0.0445615 , 0.00938922 , -0.199081 , 0.00472294
7.96115 , 0.0386252 , -0.196271 , -0.0475862 , 0.0126223 , -0.200743 , -0.000115134
7.99187 , 0.0444462 , -0.198536 , -0.0524112 , 0.0157279 , -0.205064 , -0.00360377
8.02554 , 0.0499485 , -0.199545 , -0.05698 , 0.0207391 , -0.204536 , -0.00781558
8.06014 , 0.0551081 , -0.197853 , -0.0616815 , 0.0254285 , -0.205376 , -0.0129467
8.09228 , 0.0602915 , -0.197491 , -0.066412 , 0.0300079 , -0.205181 , -0.0177823
8.12669 , 0.0658729 , -0.194243 , -0.0706649 , 0.0361071 , -0.203047 , -0.0222279
8.16315 , 0.0727551 , -0.189828 , -0.0740822 , 0.0446399 , -0.19962 , -0.0280712
8.1941 , 0.079102 , -0.185009 , -0.0787868 , 0.0519445 , -0.195556 , -0.031763
8.22644 , 0.0834574 , -0.176383 , -0.0823424 , 0.0579756 , -0.188615 , -0.0352015
8.26095 , 0.0902028 , -0.168851 , -0.088235 , 0.0622245 , -0.182405 , -0.0386543
8.29481 , 0.0929042 , -0.161786 , -0.0912476 , 0.0651892 , -0.176323 , -0.041194
8.32496 , 0.0964726 , -0.153584 , -0.0926028 , 0.068299 , -0.169223 , -0.0430042
8.35954 , 0.0963181 , -0.145436 , -0.0892421 , 0.0709194 , -0.159734 , -0.0416743
8.39403 , 0.100647 , -0.135249 , -0.0911994 , 0.0742551 , -0.153809 , -0.037632
8.42865 , 0.103544 , -0.130622 , -0.0891995 , 0.0800591 , -0.148387 , -0.0343337
8.46207 , 0.109531 , -0.125668 , -0.0886668 , 0.086945 , -0.144938 , -0.0326643
8.49886 , 0.115166 , -0.123265 , -0.0885265 , 0.0944763 , -0.142389 , -0.0319245
8.53321 , 0.120826 , -0.122617 , -0.0902715 , 0.101735 , -0.142013 , -0.0326288
8.56925 , 0.126705 , -0.120837 , -0.0931919 , 0.108278 , -0.142869 , -0.0355974
8.61244 , 0.132853 , -0.117804 , -0.097241 , 0.113159 , -0.144252 , -0.0391183
8.64762 , 0.137073 , -0.112865 , -0.100185 , 0.116844 , -0.139896 , -0.0414921
8.68193 , 0.136509 , -0.110778 , -0.102529 , 0.119219 , -0.135777 , -0.0445291
8.71272 , 0.136775 , -0.104666 , -0.104784 , 0.119908 , -0.13185 , -0.0472854
8.74705 , 0.13482 , -0.102759 , -0.106481 , 0.119857 , -0.127766 , -0.0483981
8.78377 , 0.132282 , -0.100335 , -0.106423 , 0.119539 , -0.124718 , -0.0484401
8.82017 , 0.129697 , -0.0994139 , -0.10744 , 0.1187 , -0.12395 , -0.0495902
8.86312 , 0.125539 , -0.0982967 , -0.108946 , 0.117111 , -0.121378 , -0.0500544
8.89742 , 0.119712 , -0.0976097 , -0.108089 , 0.114363 , -0.124255 , -0.0501695
8.9319 , 0.113592 , -0.100181 , -0.108325 , 0.109093 , -0.122354 , -0.0497365
8.96545 , 0.107187 , -0.0995518 , -0.1099 , 0.105828 , -0.120802 , -0.0524828
8.99681 , 0.101837 , -0.0989815 , -0.112635 , 0.096758 , -0.119932 , -0.05194
9.0316 , 0.092444 , -0.0992095 , -0.111618 , 0.0903662 , -0.119427 , -0.0485906
9.06328 , 0.0852027 , -0.0964328 , -0.110231 , 0.0855052 , -0.121081 , -0.0482841
9.09981 , 0.0795678 , -0.0938924 , -0.112335 , 0.077626 , -0.120915 , -0.049095
9.1352 , 0.0711766 , -0.0935814 , -0.111208 , 0.0698475 , -0.112823 , -0.0460901
9.16501 , 0.059245 , -0.0943975 , -0.10467 , 0.0660953 , -0.104245 , -0.0445735
9.1994 , 0.0502487 , -0.0925472 , -0.103594 , 0.0557699 , -0.104463 , -0.0417272
9.23283 , 0.0416633 , -0.0910087 , -0.100922 , 0.0443023 , -0.102909 , -0.0363979
9.2674 , 0.0292528 , -0.0905099 , -0.0940993 , 0.0331686 , -0.100675 , -0.0321553
9.30096 , 0.0175528 , -0.0927355 , -0.0922926 , 0.0274411 , -0.10135 , -0.0324909
9.33146 , 0.0100164 , -0.0886337 , -0.0937499 , 0.019621 , -0.0970325 , -0.0308991
9.36703 , -0.000501255 , -0.0875774 , -0.0916225 , 0.00920247 , -0.0897087 , -0.0270049
9.40063 , -0.0135482 , -0.086927 , -0.0892011 , -0.0002385 , -0.0864186 , -0.0253578
9.43521 , -0.0244605 , -0.0902241 , -0.0856315 , -0.00943846 , -0.088973 , -0.0217205
9.46837 , -0.0292121 , -0.0879191 , -0.0868995 , -0.0147668 , -0.0881152 , -0.0185843
9.49941 , -0.0365817 , -0.0880811 , -0.0859131 , -0.0169366 , -0.0826543 , -0.0187675
9.53483 , -0.0397548 , -0.0845664 , -0.088329 , -0.0171232 , -0.077465 , -0.0200551
9.56837 , -0.0421986 , -0.0812672 , -0.0913215 , -0.0201167 , -0.078034 , -0.0223791
9.60287 , -0.0457394 , -0.0839685 , -0.0934024 , -0.0238482 , -0.0818345 , -0.0236968
9.63375 , -0.0474056 , -0.0882451 , -0.0925838 , -0.0273607 , -0.0911522 , -0.0226732
9.66803 , -0.0480094 , -0.0963972 , -0.0905726 , -0.0252968 , -0.0819018 , -0.022851
9.7026 , -0.0474795 , -0.0964502 , -0.0874616 , -0.0248093 , -0.0916039 , -0.0229625
9.73905 , -0.0491118 , -0.106613 , -0.08408 , -0.0248556 , -0.0918755 , -0.0221984
9.76769 , -0.0491888 , -0.102711 , -0.0776321 , -0.0255941 , -0.0943135 , -0.020433
9.8022 , -0.0503772 , -0.106123 , -0.071599 , -0.0276398 , -0.0959312 , -0.0148947
9.83881 , -0.0538622 , -0.107929 , -0.0646768 , -0.0302871 , -0.095404 , -0.00800788
9.86839 , -0.0569724 , -0.108409 , -0.0590663 , -0.0356766 , -0.0996878 , -0.000635991
9.90399 , -0.0603422 , -0.116211 , -0.0535459 , -0.0408623 , -0.105492 , 0.00212578
9.93847 , -0.0617212 , -0.115835 , -0.0495219 , -0.0436467 , -0.108449 , 0.00490769
9.9691 , -0.062917 , -0.120243 , -0.0467582 , -0.0444904 , -0.110642 , 0.00781698
10.0043 , -0.0609945 , -0.119512 , -0.0445443 , -0.0444331 , -0.112002 , 0.00899412
10.0383 , -0.0594959 , -0.122912 , -0.0437852 , -0.0442345 , -0.112335 , 0.00977917
10.0728 , -0.0570819 , -0.122299 , -0.0424684 , -0.0431417 , -0.11166 , 0.0113824
10.1062 , -0.0553291 , -0.120942 , -0.0424979 , -0.0435433 , -0.111737 , 0.0139457
10.1369 , -0.0558344 , -0.119882 , -0.0420929 , -0.0443762 , -0.109024 , 0.0157862
10.1716 , -0.0563911 , -0.117286 , -0.0427617 , -0.044224 , -0.105865 , 0.0167594
10.2061 , -0.0567429 , -0.1162 , -0.0437875 , -0.0445961 , -0.0972174 , 0.0183146
10.2404 , -0.0541052 , -0.109831 , -0.0448737 , -0.0468703 , -0.0957892 , 0.0186542
10.2711 , -0.0550616 , -0.106005 , -0.0477931 , -0.0477388 , -0.0860559 , 0.0194112
10.3056 , -0.0551014 , -0.0990878 , -0.051084 , -0.0491163 , -0.0861139 , 0.0202041
10.3393 , -0.05551 , -0.0985061 , -0.05335 , -0.0505998 , -0.0818611 , 0.0211497
10.3736 , -0.0548495 , -0.0953361 , -0.0529002 , -0.0508636 , -0.0800112 , 0.0224223
10.4082 , -0.0533449 , -0.0893742 , -0.0516373 , -0.0504412 , -0.0796227 , 0.0235028
10.4418 , -0.0501519 , -0.088413 , -0.0504425 , -0.0495147 , -0.0806016 , 0.0246932
10.4723 , -0.0466621 , -0.0870527 , -0.0487116 , -0.0477398 , -0.0809456 , 0.0250515
10.5079 , -0.0432437 , -0.0829798 , -0.0461009 , -0.0459056 , -0.0814318 , 0.0244064
10.5414 , -0.0391503 , -0.0836094 , -0.0458768 , -0.0460671 , -0.0770485 , 0.0233233
10.5758 , -0.0351153 , -0.0803288 , -0.0452134 , -0.0444287 , -0.0752515 , 0.0195829
10.6095 , -0.0308675 , -0.0779962 , -0.0458857 , -0.0414128 , -0.0716355 , 0.0157393
10.6404 , -0.0269793 , -0.0735153 , -0.0463132 , -0.04064 , -0.0715394 , 0.0142112
10.6756 , -0.0229703 , -0.0705856 , -0.0464793 , -0.0379715 , -0.0687514 , 0.0121112
10.709 , -0.0194581 , -0.068756 , -0.0463521 , -0.035189 , -0.0693588 , 0.00949102
10.7437 , -0.0159477 , -0.0694274 , -0.0462748 , -0.0339384 , -0.0709233 , 0.0072863
10.7822 , -0.0120025 , -0.0682623 , -0.0455398 , -0.0324351 , -0.0709094 , 0.00509318
10.83 , -0.00856217 , -0.0691505 , -0.0446681 , -0.0311458 , -0.0748331 , 0.00452723
10.87 , -0.00351785 , -0.0730554 , -0.0435559 , -0.0290447 , -0.0785081 , 0.00494793
10.9101 , 0.000368554 , -0.0772085 , -0.0408026 , -0.0263348 , -0.0812904 , 0.00542056
10.9467 , 0.00621149 , -0.0808099 , -0.038173 , -0.0233763 , -0.0864314 , 0.00707915
10.9779 , 0.0124662 , -0.0825014 , -0.0359007 , -0.0202135 , -0.0907712 , 0.00753902
11.0193 , 0.0172356 , -0.0846927 , -0.0350158 , -0.0162069 , -0.0909723 , 0.00827514
11.0625 , 0.0231118 , -0.0840918 , -0.0354407 , -0.010449 , -0.0905342 , 0.00787376
11.0968 , 0.0296064 , -0.0823056 , -0.0367571 , -0.00330217 , -0.0903904 , 0.00517332
11.1309 , 0.0350478 , -0.0813849 , -0.0378374 , 0.0030264 , -0.0900335 , 0.00188577
11.1618 , 0.0414836 , -0.0830837 , -0.0388322 , 0.00840505 , -0.0919404 , -0.000670143
11.1954 , 0.0482937 , -0.0858575 , -0.0390659 , 0.0152329 , -0.0964993 , -0.00227153
11.2301 , 0.0552828 , -0.0915674 , -0.0385103 , 0.0233194 , -0.100188 , -0.00347538
11.2644 , 0.0615302 , -0.090781 , -0.0365682 , 0.030461 , -0.0994566 , -0.00240303
11.2973 , 0.0668287 , -0.0901185 , -0.0333858 , 0.0354263 , -0.102889 , 0.000107127
11.328 , 0.0714495 , -0.0914468 , -0.0297769 , 0.040437 , -0.101381 , 0.00357168
11.3615 , 0.0748706 , -0.0869284 , -0.0261531 , 0.0450448 , -0.102149 , 0.00719789
11.3959 , 0.0770049 , -0.0903433 , -0.0224168 , 0.0484345 , -0.104363 , 0.0103812
11.4307 , 0.0801434 , -0.089501 , -0.0197267 , 0.0534606 , -0.103263 , 0.0131519
11.4643 , 0.0870149 , -0.0859725 , -0.0177134 , 0.0623596 , -0.103386 , 0.0155848
11.4988 , 0.0961241 , -0.0850276 , -0.0154102 , 0.0736462 , -0.102874 , 0.0171534
11.5296 , 0.107393 , -0.0836933 , -0.0174313 , 0.0856902 , -0.106021 , 0.0166279
11.5638 , 0.11572 , -0.0855216 , -0.018959 , 0.0960681 , -0.102007 , 0.0169163
11.5983 , 0.120548 , -0.0856216 , -0.0176516 , 0.103737 , -0.0979528 , 0.0202392
11.6319 , 0.126849 , -0.0805935 , -0.0163211 , 0.109437 , -0.100159 , 0.0215356
11.6663 , 0.128614 , -0.0724797 , -0.0132867 , 0.112589 , -0.100439 , 0.0209244
11.7037 , 0.13327 , -0.077018 , -0.0179563 , 0.118485 , -0.0947392 , 0.0171259
11.7382 , 0.136456 , -0.0735465 , -0.0226836 , 0.124471 , -0.0926474 , 0.0103233
11.7712 , 0.139435 , -0.072129 , -0.0274411 , 0.129651 , -0.0873513 , 0.00594868
11.8018 , 0.14058 , -0.0678054 , -0.0292133 , 0.133372 , -0.0870262 , 0.00199401
11.8346 , 0.139925 , -0.065795 , -0.0317629 , 0.135742 , -0.0853148 , -0.00238086
11.8669 , 0.139399 , -0.0650989 , -0.0370219 , 0.137031 , -0.0801205 , -0.00730856
11.8993 , 0.136025 , -0.0615621 , -0.0402934 , 0.136408 , -0.0740996 , -0.0103108
11.9339 , 0.131935 , -0.0560434 , -0.0429235 , 0.133421 , -0.0652097 , -0.0119579
11.9684 , 0.126947 , -0.0488495 , -0.0495752 , 0.12795 , -0.0610346 , -0.0149172
12.0026 , 0.122472 , -0.0466095 , -0.0590932 , 0.122828 , -0.0609173 , -0.0186578
12.0375 , 0.115063 , -0.0499633 , -0.0629148 , 0.117854 , -0.0643679 , -0.0203478
12.0669 , 0.107388 , -0.0527655 , -0.0636683 , 0.111177 , -0.0694421 , -0.0189665
12.102 , 0.0980279 , -0.0583427 , -0.061642 , 0.101781 , -0.0773336 , -0.0159444
12.1381 , 0.0885378 , -0.0701358 , -0.0592062 , 0.0915011 , -0.0863219 , -0.0129325
12.1685 , 0.0788906 , -0.0805011 , -0.0574241 , 0.0846367 , -0.0913595 , -0.0116893
12.2028 , 0.0715757 , -0.0865631 , -0.0573578 , 0.0771617 , -0.0986102 , -0.011829
12.2372 , 0.0630178 , -0.092165 , -0.056644 , 0.0723732 , -0.0989587 , -0.0125036
12.2708 , 0.0551908 , -0.095817 , -0.0565508 , 0.0663116 , -0.0983815 , -0.0124789
12.3053 , 0.0470313 , -0.0955976 , -0.0561997 , 0.0599591 , -0.0940688 , -0.0135304
12.3392 , 0.0379783 , -0.0936134 , -0.0562217 , 0.0490588 , -0.0928096 , -0.0123255
12.3714 , 0.0283956 , -0.0914436 , -0.0560678 , 0.041773 , -0.0835817 , -0.0120287
12.4015 , 0.0190588 , -0.0864095 , -0.0557556 , 0.0333559 , -0.0822964 , -0.0108934
12.4375 , 0.00892283 , -0.0906942 , -0.0552212 , 0.0277815 , -0.0758037 , -0.0078833
12.4731 , 0.00150419 , -0.0884247 , -0.0572425 , 0.0181971 , -0.0798408 , -0.00634004
12.5036 , -0.00790283 , -0.0940194 , -0.0558142 , 0.0116028 , -0.0831812 , -0.00440618
12.5385 , -0.0120646 , -0.0963686 , -0.0573099 , 0.00601144 , -0.0852851 , -0.000478983
12.5713 , -0.0179214 , -0.0982936 , -0.0551321 , 0.00310111 , -0.0889381 , 0.00305106
12.6056 , -0.0183396 , -0.101226 , -0.0550997 , 0.00380764 , -0.0918522 , 0.002916
12.6407 , -0.0176764 , -0.104351 , -0.0553415 , 0.00485761 , -0.0951724 , 0.00132536
12.6738 , -0.0187727 , -0.106389 , -0.0548193 , 0.00450175 , -0.0991669 , 0.00113623
12.7037 , -0.0183409 , -0.107494 , -0.0540246 , 0.00510114 , -0.100405 , 0.00139237
12.7391 , -0.0180563 , -0.108842 , -0.0515374 , 0.00658122 , -0.0978516 , 0.00196474
12.7725 , -0.0194652 , -0.108689 , -0.0483742 , 0.00630637 , -0.100919 , 0.00366969
12.807 , -0.0206982 , -0.107357 , -0.0438255 , 0.00405612 , -0.0944204 , 0.00711313
12.8377 , -0.0237253 , -0.10764 , -0.0394454 , 0.00100936 , -0.0936566 , 0.0113503
12.8722 , -0.0273093 , -0.107198 , -0.0368878 , -0.0023562 , -0.0889519 , 0.0129978
12.9068 , -0.030141 , -0.104972 , -0.0338233 , -0.00584137 , -0.0847562 , 0.0124871
12.9403 , -0.0337991 , -0.0991651 , -0.0318633 , -0.00855973 , -0.0773762 , 0.0122319
12.9749 , -0.0372143 , -0.0928955 , -0.0303737 , -0.0113078 , -0.0730228 , 0.012395
13.0075 , -0.0394112 , -0.0888768 , -0.0290081 , -0.014512 , -0.0679598 , 0.0131163
13.0405 , -0.0406693 , -0.083426 , -0.027351 , -0.017329 , -0.0645644 , 0.0155064
13.0746 , -0.0404885 , -0.0844961 , -0.0239977 , -0.019329 , -0.0651071 , 0.0188749
13.1081 , -0.04286 , -0.087933 , -0.018256 , -0.0209364 , -0.0628168 , 0.0217421
13.1427 , -0.044453 , -0.0833211 , -0.0144879 , -0.0237586 , -0.0582294 , 0.0257789
13.1738 , -0.0443882 , -0.0759344 , -0.0124618 , -0.0296039 , -0.0626461 , 0.0304984
13.2078 , -0.0497574 , -0.0735383 , -0.00883512 , -0.0338233 , -0.0555706 , 0.0354381
13.2423 , -0.0517045 , -0.0719131 , -0.00589362 , -0.0350246 , -0.0508524 , 0.0397627
13.2759 , -0.0529557 , -0.0681853 , -0.00276931 , -0.0358593 , -0.0524174 , 0.0403497
13.3103 , -0.0536712 , -0.0717477 , -0.00288152 , -0.0378652 , -0.0578631 , 0.0374896
13.341 , -0.0547569 , -0.0726766 , -0.00165251 , -0.0396613 , -0.0551868 , 0.0374578
13.3757 , -0.054769 , -0.072618 , 0.000584099 , -0.0408002 , -0.0570137 , 0.0385235
13.412 , -0.0544694 , -0.0757393 , 0.00133278 , -0.0411604 , -0.0609287 , 0.0373535
13.4453 , -0.0531557 , -0.0765052 , 0.000753912 , -0.0404718 , -0.063002 , 0.0350911
13.4782 , -0.0516156 , -0.078744 , 0.000807827 , -0.0405379 , -0.0637432 , 0.0342619
13.5089 , -0.0507057 , -0.0795572 , 0.00132387 , -0.0425458 , -0.0665042 , 0.0342604
13.5433 , -0.052444 , -0.0790483 , 0.00230471 , -0.0449776 , -0.0695223 , 0.0351317
13.5779 , -0.0533604 , -0.0819053 , 0.00367104 , -0.0475154 , -0.0722216 , 0.0370507
13.6123 , -0.0540279 , -0.0846326 , 0.00741894 , -0.04928 , -0.0761075 , 0.0389626
13.6459 , -0.0529554 , -0.0886004 , 0.00792974 , -0.0506449 , -0.0815539 , 0.0412521
13.6802 , -0.0501591 , -0.0920463 , 0.0102064 , -0.0496529 , -0.0835759 , 0.0436772
13.7102 , -0.046468 , -0.0948696 , 0.0116908 , -0.0484734 , -0.091472 , 0.044823
13.7457 , -0.0420483 , -0.102414 , 0.0129289 , -0.0464294 , -0.10103 , 0.0443875
13.7802 , -0.0349476 , -0.107629 , 0.0141183 , -0.0429982 , -0.10751 , 0.0436181
13.8137 , -0.0279597 , -0.113287 , 0.0139026 , -0.0385176 , -0.111325 , 0.0432448
13.8444 , -0.020602 , -0.117395 , 0.013744 , -0.0334994 , -0.117273 , 0.0420104
13.8828 , -0.0133312 , -0.120356 , 0.0127795 , -0.0286412 , -0.122444 , 0.0391252
13.9115 , -0.00729625 , -0.123209 , 0.0111036 , -0.0250351 , -0.123766 , 0.0357586
13.9485 , -0.00147215 , -0.12292 , 0.00923772 , -0.0223993 , -0.125673 , 0.0324448
13.9836 , 0.00273757 , -0.120159 , 0.00844446 , -0.020439 , -0.123744 , 0.0313594
14.0135 , 0.00630596 , -0.117658 , 0.00699269 , -0.0185231 , -0.119552 , 0.0326659
14.0476 , 0.00661868 , -0.114507 , 0.00646641 , -0.0144272 , -0.1179 , 0.0325635
14.0792 , 0.000354647 , -0.127025 , -0.00897084 , -0.00696906 , -0.115643 , 0.0310767
14.1157 , 0.0212002 , -0.109067 , 0.000607699 , -0.000818657 , -0.112474 , 0.0289194
14.1462 , 0.0276926 , -0.101154 , -0.00389998 , 0.00299952 , -0.108161 , 0.0242686
14.1799 , 0.0329111 , -0.0991253 , -0.00782605 , 0.00810248 , -0.106165 , 0.018533
14.2154 , 0.0392895 , -0.0972137 , -0.011849 , 0.0138957 , -0.106025 , 0.0142024
14.247 , 0.0442908 , -0.0943039 , -0.0140307 , 0.0195155 , -0.107405 , 0.0118863
14.2834 , 0.0516982 , -0.0944575 , -0.0178721 , 0.0262636 , -0.1105 , 0.0110699
14.317 , 0.0614987 , -0.0949375 , -0.0186742 , 0.0330551 , -0.112613 , 0.0112939
14.3516 , 0.0663277 , -0.100033 , -0.0175107 , 0.0392137 , -0.116579 , 0.0138113
14.3886 , 0.0732193 , -0.0971829 , -0.0155533 , 0.0454567 , -0.114618 , 0.0179426
14.4179 , 0.0793968 , -0.090423 , -0.0142435 , 0.0523067 , -0.107763 , 0.0219955
14.451 , 0.0860985 , -0.0805181 , -0.0148389 , 0.0597772 , -0.0989735 , 0.0251669
14.4818 , 0.0952381 , -0.0697178 , -0.0150559 , 0.0714621 , -0.0933236 , 0.0252211
14.5164 , 0.105286 , -0.0655236 , -0.0169266 , 0.0818939 , -0.0968425 , 0.0240735
14.5509 , 0.115628 , -0.0662588 , -0.0188221 , 0.0964111 , -0.0951419 , 0.0221281
14.588 , 0.12887 , -0.0676822 , -0.0199796 , 0.11265 , -0.094117 , 0.0211213
14.6192 , 0.141765 , -0.0665074 , -0.0197567 , 0.128011 , -0.0926855 , 0.0208309
14.6495 , 0.151929 , -0.0621239 , -0.01769 , 0.139084 , -0.0903207 , 0.0211855
14.6841 , 0.160843 , -0.0607666 , -0.0188069 , 0.149919 , -0.0850378 , 0.0204249
14.7184 , 0.160305 , -0.0625405 , -0.0134158 , 0.156104 , -0.0807617 , 0.0202196
14.7521 , 0.168175 , -0.0548618 , -0.0172394 , 0.163743 , -0.071714 , 0.0188097
14.7899 , 0.173999 , -0.0519059 , -0.0187021 , 0.172521 , -0.0707692 , 0.0142965
14.8263 , 0.17782 , -0.0474261 , -0.0226317 , 0.178914 , -0.0673728 , 0.00845254
14.8706 , 0.179249 , -0.046182 , -0.0256474 , 0.183069 , -0.0642096 , 0.00274476
14.9012 , 0.178909 , -0.0458027 , -0.0289463 , 0.184309 , -0.0645506 , -0.00262888
14.9357 , 0.176592 , -0.048179 , -0.0325879 , 0.183069 , -0.065786 , -0.00639861
14.9702 , 0.172961 , -0.048882 , -0.0347535 , 0.1775 , -0.0667633 , -0.00727392
15.004 , 0.166479 , -0.0497522 , -0.0349467 , 0.171767 , -0.0653433 , -0.00731093
15.0384 , 0.157232 , -0.050854 , -0.0343357 , 0.16428 , -0.0669524 , -0.00702627
15.0691 , 0.146902 , -0.0552827 , -0.0352194 , 0.154082 , -0.0704061 , -0.00535107
15.1035 , 0.13653 , -0.058142 , -0.0361053 , 0.142873 , -0.0730339 , -0.00347118
15.1381 , 0.124845 , -0.060378 , -0.0359892 , 0.130674 , -0.0756273 , -0.00329862
15.1724 , 0.113836 , -0.0617573 , -0.0381316 , 0.119384 , -0.0769703 , -0.00350368
15.206 , 0.100968 , -0.0649255 , -0.0387141 , 0.108947 , -0.0779274 , -0.00334949
15.2367 , 0.0895869 , -0.0694214 , -0.0399287 , 0.0984831 , -0.0818374 , -0.00362737
15.2712 , 0.0779635 , -0.0751156 , -0.0397631 , 0.0898395 , -0.0845713 , -0.00368336
15.3058 , 0.0696936 , -0.0806919 , -0.0409303 , 0.0803877 , -0.088443 , -0.00310142
15.3403 , 0.0603028 , -0.0861047 , -0.041625 , 0.073192 , -0.0880544 , -0.0049082
15.3709 , 0.0511572 , -0.0874577 , -0.0422562 , 0.0658978 , -0.0858394 , -0.00685979
15.4055 , 0.0400506 , -0.0882223 , -0.0408801 , 0.0589076 , -0.0837446 , -0.00634238
15.4392 , 0.0337126 , -0.0893871 , -0.0397455 , 0.0508104 , -0.0864357 , -0.00333261
15.4741 , 0.0267681 , -0.0924231 , -0.0375673 , 0.0446681 , -0.0855673 , 3.80823e-05
15.5079 , 0.0191916 , -0.0959398 , -0.0356671 , 0.0380312 , -0.0900292 , 0.00229502
15.5465 , 0.0112315 , -0.101061 , -0.0339471 , 0.0310922 , -0.0989063 , 0.00424135
15.5788 , 0.0055441 , -0.105174 , -0.0311375 , 0.0270501 , -0.101754 , 0.00537695
15.6138 , 0.00319795 , -0.113862 , -0.0267098 , 0.0258013 , -0.107941 , 0.00743888
15.6437 , 0.00190514 , -0.121061 , -0.0244299 , 0.0258559 , -0.114541 , 0.0105921
15.6761 , 0.00167561 , -0.12291 , -0.0232269 , 0.0257532 , -0.116217 , 0.0142688
15.7094 , 0.00175849 , -0.122871 , -0.0205864 , 0.0256855 , -0.117888 , 0.0167142
15.74 , -6.18162e-05 , -0.122318 , -0.0198756 , 0.0267332 , -0.110379 , 0.0160053
15.7754 , -0.00112591 , -0.120757 , -0.0187211 , 0.0253385 , -0.110992 , 0.017104
15.8149 , -0.00298066 , -0.121864 , -0.0164238 , 0.02304 , -0.109287 , 0.0202337
15.8462 , -0.005286 , -0.119094 , -0.014834 , 0.0203955 , -0.10668 , 0.0236028
15.8777 , -0.00887181 , -0.122974 , -0.0122682 , 0.0163305 , -0.109403 , 0.0272186
15.9116 , -0.0145113 , -0.129124 , -0.0102793 , 0.00960187 , -0.113032 , 0.0298813
15.9441 , -0.0213019 , -0.135544 , -0.00955677 , 0.00310193 , -0.117384 , 0.0303538
15.9797 , -0.0246693 , -0.140349 , -0.0107675 , -0.00359655 , -0.121079 , 0.0300669
16.0137 , -0.0297245 , -0.143703 , -0.0102116 , -0.00985279 , -0.124279 , 0.0292063
16.0455 , -0.0362584 , -0.144364 , -0.00873938 , -0.0158907 , -0.127221 , 0.0284296
16.082 , -0.0377923 , -0.14603 , -0.00870113 , -0.0204831 , -0.131132 , 0.0274265
16.1123 , -0.0389302 , -0.149621 , -0.00893873 , -0.0242052 , -0.134329 , 0.0269917
16.1523 , -0.0390292 , -0.152528 , -0.00745587 , -0.0265908 , -0.134711 , 0.027657
16.1957 , -0.0387509 , -0.150591 , -0.0066878 , -0.0283346 , -0.13706 , 0.0284667
16.2286 , -0.0388211 , -0.152871 , -0.00648585 , -0.0300287 , -0.136115 , 0.0304867
16.2646 , -0.040584 , -0.151793 , -0.00575287 , -0.0326605 , -0.134438 , 0.0320842
16.2962 , -0.0411866 , -0.150741 , -0.0061292 , -0.0342845 , -0.131714 , 0.0336994
16.3327 , -0.0418602 , -0.149968 , -0.00528382 , -0.0356359 , -0.134191 , 0.0339153
16.3638 , -0.0413105 , -0.150296 , -0.00651845 , -0.0360808 , -0.135991 , 0.0325193
16.402 , -0.0395357 , -0.154187 , -0.00760589 , -0.0349794 , -0.140028 , 0.0310556
16.4334 , -0.035936 , -0.156151 , -0.0100721 , -0.033439 , -0.141617 , 0.0298921
16.462 , -0.0331028 , -0.157721 , -0.0117705 , -0.0311387 , -0.14168 , 0.029155
16.4965 , -0.0304011 , -0.158877 , -0.0141357 , -0.0295635 , -0.140954 , 0.0278737
16.5321 , -0.0274441 , -0.158907 , -0.017352 , -0.0280718 , -0.142376 , 0.0256666
16.5651 , -0.0249846 , -0.155347 , -0.0194803 , -0.0266743 , -0.140561 , 0.0234009
16.6002 , -0.0220848 , -0.153444 , -0.0231674 , -0.0271064 , -0.140112 , 0.0224331
16.6337 , -0.0197277 , -0.150554 , -0.026093 , -0.0278057 , -0.139023 , 0.0215345
16.6646 , -0.0172922 , -0.144982 , -0.0295916 , -0.0286097 , -0.136421 , 0.0203548
16.6999 , -0.0170094 , -0.142599 , -0.0304389 , -0.0292307 , -0.132244 , 0.0194407
16.7343 , -0.0164124 , -0.140736 , -0.0322984 , -0.0304138 , -0.135223 , 0.0191043
16.7644 , -0.014857 , -0.139471 , -0.0343731 , -0.0317902 , -0.136211 , 0.0187248
16.7979 , -0.0143096 , -0.139469 , -0.0350768 , -0.031886 , -0.135755 , 0.0174817
16.8315 , -0.0124572 , -0.14066 , -0.0338559 , -0.0315109 , -0.137367 , 0.0164899
16.8659 , -0.009533 , -0.138434 , -0.0342748 , -0.0315979 , -0.135277 , 0.0167502
16.9004 , -0.00666509 , -0.135533 , -0.0347712 , -0.0315931 , -0.133271 , 0.016625
16.9348 , -0.00540206 , -0.137015 , -0.0341993 , -0.0304172 , -0.133937 , 0.0159023
16.9651 , -0.0013256 , -0.131706 , -0.0329922 , -0.0274491 , -0.131765 , 0.0160942
16.9993 , 0.00353414 , -0.130942 , -0.0340873 , -0.0219834 , -0.126137 , 0.0158099
17.0339 , 0.0109413 , -0.127836 , -0.0353256 , -0.01381 , -0.123673 , 0.0128453
17.0682 , 0.018129 , -0.122807 , -0.0362701 , -0.00597366 , -0.119873 , 0.00812018
17.1018 , 0.0258233 , -0.117634 , -0.038316 , 0.000735467 , -0.115645 , 0.00395667
17.139 , 0.0359374 , -0.11444 , -0.0397813 , 0.0106724 , -0.115281 , -0.000477854
17.1742 , 0.0475058 , -0.113202 , -0.0433588 , 0.0226178 , -0.114781 , -0.00519055
17.2035 , 0.0603322 , -0.109969 , -0.0460152 , 0.0372717 , -0.114634 , -0.012641
17.2363 , 0.0753847 , -0.106461 , -0.0502481 , 0.0535169 , -0.113074 , -0.0204572
17.2696 , 0.0938047 , -0.104015 , -0.052978 , 0.0720414 , -0.111024 , -0.0260241
17.3012 , 0.111003 , -0.097863 , -0.0540075 , 0.0903134 , -0.106717 , -0.0278168
17.3357 , 0.128857 , -0.0871613 , -0.054473 , 0.109064 , -0.0978981 , -0.0250801
17.3695 , 0.145479 , -0.0753072 , -0.0516533 , 0.125312 , -0.0874151 , -0.0176692
17.4009 , 0.159755 , -0.0644876 , -0.0468861 , 0.13765 , -0.0794911 , -0.0100898
17.4373 , 0.169369 , -0.0567899 , -0.0455616 , 0.147979 , -0.0827985 , -0.00722854
17.468 , 0.178751 , -0.0557211 , -0.0445525 , 0.153711 , -0.0871842 , -0.00690484
17.5036 , 0.187405 , -0.0565857 , -0.0442409 , 0.164278 , -0.0845126 , -0.00672446
17.5369 , 0.199719 , -0.0617047 , -0.0472278 , 0.174876 , -0.0857186 , -0.00435296
17.5715 , 0.209137 , -0.0568493 , -0.042153 , 0.184478 , -0.0913848 , -0.00416894
17.6053 , 0.219115 , -0.0603564 , -0.0425768 , 0.196854 , -0.0886443 , -0.00333614
17.6357 , 0.230189 , -0.0583763 , -0.0392904 , 0.203926 , -0.0927736 , -0.00294582
17.6728 , 0.235951 , -0.063828 , -0.0395167 , 0.21567 , -0.0874851 , -0.00240495
17.7063 , 0.24554 , -0.0612611 , -0.0365466 , 0.226948 , -0.0829501 , -0.00398371
17.7408 , 0.252221 , -0.0627804 , -0.0354452 , 0.234827 , -0.07958 , -0.00302937
17.7737 , 0.256218 , -0.0628928 , -0.0319406 , 0.243186 , -0.0852926 , -0.00370665
17.8035 , 0.26044 , -0.0659465 , -0.0314685 , 0.250444 , -0.0870208 , -0.00444322
17.8394 , 0.263144 , -0.067923 , -0.029893 , 0.256199 , -0.0863391 , -0.00590944
17.8725 , 0.263711 , -0.068982 , -0.0297949 , 0.258841 , -0.083823 , -0.00698153
17.9071 , 0.262499 , -0.0669183 , -0.0291934 , 0.258929 , -0.0823881 , -0.00722226
17.9379 , 0.259572 , -0.0658684 , -0.0298479 , 0.257291 , -0.0817434 , -0.0078263
17.9722 , 0.255489 , -0.0659703 , -0.0309355 , 0.25429 , -0.0806997 , -0.00853061
18.0049 , 0.25027 , -0.0649361 , -0.0329 , 0.249821 , -0.0798441 , -0.00950917
18.041 , 0.242882 , -0.06474 , -0.0351024 , 0.242586 , -0.0796781 , -0.0101031
18.0721 , 0.231985 , -0.0656515 , -0.0339936 , 0.232638 , -0.0812252 , -0.0106317
18.1065 , 0.222942 , -0.0640027 , -0.0343614 , 0.222838 , -0.0817941 , -0.011359
18.1402 , 0.21211 , -0.0648565 , -0.0352044 , 0.211893 , -0.0824039 , -0.0112434
18.1747 , 0.201302 , -0.0637397 , -0.0362008 , 0.201466 , -0.0821738 , -0.0121001
18.2081 , 0.188268 , -0.0662609 , -0.0360079 , 0.188638 , -0.0830039 , -0.0124973
18.2425 , 0.176698 , -0.0690778 , -0.0364868 , 0.175644 , -0.0851367 , -0.0119042
18.2732 , 0.163134 , -0.0779926 , -0.036245 , 0.162632 , -0.0892066 , -0.011419
18.3077 , 0.150071 , -0.0820373 , -0.0356132 , 0.15217 , -0.0909025 , -0.0140328
18.3441 , 0.137484 , -0.0898485 , -0.0363454 , 0.139231 , -0.093868 , -0.0150992
18.3783 , 0.123559 , -0.0941895 , -0.0361338 , 0.129978 , -0.100292 , -0.0160754
18.4121 , 0.112283 , -0.103986 , -0.0368291 , 0.120591 , -0.102295 , -0.0167818
18.4426 , 0.101623 , -0.104596 , -0.0367494 , 0.114947 , -0.101194 , -0.0175207
18.4775 , 0.0903185 , -0.10454 , -0.0362877 , 0.104836 , -0.0967733 , -0.015932
18.5115 , 0.0800535 , -0.102209 , -0.0347789 , 0.0939099 , -0.093769 , -0.0120391
18.5456 , 0.0670056 , -0.101891 , -0.0314401 , 0.0830613 , -0.09326 , -0.00726947
18.5754 , 0.0528707 , -0.102806 , -0.028924 , 0.0704966 , -0.0936314 , -0.00175887
18.6088 , 0.0396279 , -0.100172 , -0.0262095 , 0.0586777 , -0.0929051 , 0.00210777
18.6433 , 0.0255125 , -0.094787 , -0.0231794 , 0.0463628 , -0.0898403 , 0.00647869
18.6779 , 0.0155578 , -0.0945459 , -0.0198316 , 0.0341491 , -0.0914566 , 0.0129598
18.7125 , 0.00641065 , -0.0958044 , -0.0145473 , 0.0272556 , -0.093173 , 0.0189437
18.7461 , 0.00225583 , -0.0989872 , -0.011016 , 0.0234827 , -0.0945351 , 0.0234222
18.7764 , -0.0021981 , -0.0982829 , -0.0052851 , 0.0213112 , -0.0974482 , 0.0271273
18.8168 , -0.00210876 , -0.103578 , -0.00303831 , 0.0200668 , -0.0978734 , 0.02811
18.8517 , -0.000819137 , -0.106348 , -0.00219107 , 0.0207804 , -0.0974389 , 0.0260823
18.8831 , 0.000355763 , -0.106502 , -0.00379963 , 0.0223983 , -0.100866 , 0.0231591
18.914 , 0.00284447 , -0.10921 , -0.00428332 , 0.0251277 , -0.101363 , 0.0207999
18.9478 , 0.00499219 , -0.113114 , -0.00545596 , 0.0284974 , -0.10314 , 0.0186829
18.9834 , 0.00646546 , -0.116229 , -0.00664658 , 0.0300376 , -0.105492 , 0.0175677
19.0167 , 0.006697 , -0.119491 , -0.00724998 , 0.0297021 , -0.109536 , 0.0171399
19.0538 , 0.00634743 , -0.123953 , -0.00715153 , 0.0273344 , -0.11337 , 0.0176312
19.1005 , 0.00445687 , -0.126 , -0.00685747 , 0.0237283 , -0.114867 , 0.0184554
19.1349 , 0.00192394 , -0.130389 , -0.00704412 , 0.0202706 , -0.118006 , 0.0197239
19.1676 , -0.00287243 , -0.134347 , -0.00613776 , 0.0147855 , -0.119488 , 0.0214231
19.1962 , -0.00719698 , -0.133844 , -0.0061149 , 0.00759464 , -0.121556 , 0.0228369
19.2313 , -0.0114988 , -0.133022 , -0.00592795 , -0.00019911 , -0.123594 , 0.0236086
19.2629 , -0.0152881 , -0.13352 , -0.00629223 , -0.00679828 , -0.126185 , 0.0231212
19.2994 , -0.0185992 , -0.134872 , -0.00776118 , -0.0120238 , -0.128409 , 0.0221386
19.3387 , -0.0207088 , -0.136722 , -0.00871914 , -0.0153791 , -0.128922 , 0.0214012
19.3883 , -0.0213581 , -0.136119 , -0.00950367 , -0.0169368 , -0.129424 , 0.0210843
19.4253 , -0.0214829 , -0.135819 , -0.0107311 , -0.0175653 , -0.128624 , 0.0205778
19.4665 , -0.021981 , -0.136214 , -0.0122486 , -0.0177003 , -0.129726 , 0.0192288
19.4979 , -0.0213387 , -0.136731 , -0.0128837 , -0.0189327 , -0.130903 , 0.0186531
19.5325 , -0.019607 , -0.13692 , -0.0134218 , -0.0215096 , -0.132249 , 0.0193587
19.5671 , -0.0226702 , -0.140236 , -0.0117012 , -0.0228626 , -0.134716 , 0.019697
19.6005 , -0.0244357 , -0.144068 , -0.0116974 , -0.0261433 , -0.140979 , 0.0209247
19.6367 , -0.0263215 , -0.146957 , -0.0118902 , -0.0301575 , -0.142476 , 0.0222803
19.6673 , -0.0299475 , -0.151123 , -0.011051 , -0.0345667 , -0.146435 , 0.0233696
19.7009 , -0.0335863 , -0.152582 , -0.0108618 , -0.0399138 , -0.149814 , 0.0242064
19.7342 , -0.0362731 , -0.152725 , -0.0118427 , -0.0455261 , -0.151799 , 0.0244136
19.7699 , -0.0394629 , -0.153029 , -0.0123032 , -0.0501485 , -0.153408 , 0.0239502
19.8044 , -0.0399452 , -0.155198 , -0.0151682 , -0.0556619 , -0.157538 , 0.0240065
19.8351 , -0.0447187 , -0.158775 , -0.014905 , -0.0581344 , -0.15805 , 0.0228475
19.8689 , -0.0439738 , -0.155674 , -0.0174858 , -0.0585946 , -0.157971 , 0.019798
19.9044 , -0.0462428 , -0.159698 , -0.0188017 , -0.058546 , -0.158898 , 0.0156441
19.9354 , -0.0471045 , -0.160669 , -0.0191993 , -0.0598168 , -0.160894 , 0.0143228
19.9722 , -0.0457813 , -0.158504 , -0.0203355 , -0.0611327 , -0.158968 , 0.0146019
20.0036 , -0.0441912 , -0.155972 , -0.0211015 , -0.0605074 , -0.155636 , 0.0148971
20.0375 , -0.0426358 , -0.15303 , -0.0210353 , -0.0588996 , -0.156058 , 0.014751
20.0729 , -0.0406111 , -0.153923 , -0.0217402 , -0.057798 , -0.152202 , 0.0145066
20.1065 , -0.0391555 , -0.151155 , -0.0222117 , -0.0567085 , -0.148299 , 0.0147075
20.1402 , -0.0395846 , -0.147655 , -0.0215483 , -0.0559654 , -0.146347 , 0.0170161
20.1698 , -0.0376583 , -0.146524 , -0.0216177 , -0.0544398 , -0.145551 , 0.0183147
20.2056 , -0.0395826 , -0.145856 , -0.0218652 , -0.0557587 , -0.146768 , 0.0165838
20.2363 , -0.0399808 , -0.144653 , -0.0211713 , -0.0561176 , -0.145967 , 0.0139339
20.2725 , -0.0385992 , -0.145214 , -0.0223363 , -0.0538696 , -0.145808 , 0.0114677
20.3062 , -0.0364247 , -0.144468 , -0.0234116 , -0.0507296 , -0.147113 , 0.00845067
20.3387 , -0.0335858 , -0.145594 , -0.0244102 , -0.0373896 , -0.155388 , 0.0047739
20.3725 , -0.0316161 , -0.146188 , -0.026161 , -0.0132741 , -0.157903 , -0.00132331
20.408 , -0.0288954 , -0.146351 , -0.0272113 , -0.00967609 , -0.155413 , -0.00159109
20.4396 , -0.0261615 , -0.147402 , -0.0276774 , -0.0109615 , -0.152146 , -0.000149381
20.4762 , -0.0227394 , -0.147555 , -0.0280709 , -0.0103878 , -0.150556 , 0.000506287
20.5103 , -0.0199371 , -0.15228 , -0.0276113 , -0.0102355 , -0.150327 , 0.000649292
20.5414 , -0.0159608 , -0.148613 , -0.0297633 , -0.00608723 , -0.151646 , -0.00020541
20.5745 , -0.0109793 , -0.152544 , -0.0315851 , -0.00472262 , -0.152276 , 0.000722928
20.6103 , -0.00689831 , -0.151077 , -0.033307 , -0.00487367 , -0.150582 , 0.00422789
20.6466 , -0.00495671 , -0.149758 , -0.0349472 , -0.00245935 , -0.150082 , 0.00771961
20.6814 , -0.00149566 , -0.147869 , -0.0360571 , -0.00219979 , -0.14935 , 0.00957631
20.7282 , 0.000428264 , -0.14752 , -0.0380053 , 0.00201909 , -0.148393 , 0.00960914
20.7595 , 0.00532804 , -0.146073 , -0.0380791 , 0.00639131 , -0.144767 , 0.00950443
20.7941 , 0.0107621 , -0.144734 , -0.0368057 , 0.0133385 , -0.145356 , 0.0109571
20.8257 , 0.0177729 , -0.143096 , -0.0343917 , 0.0196883 , -0.142791 , 0.0135828
20.862 , 0.0249243 , -0.14174 , -0.0342972 , 0.0259962 , -0.143271 , 0.0134161
20.8967 , 0.0323245 , -0.140084 , -0.0348236 , 0.0330855 , -0.139427 , 0.0115317
20.9279 , 0.0425 , -0.135275 , -0.0359891 , 0.0381714 , -0.136542 , 0.00754869
20.9601 , 0.0477457 , -0.131666 , -0.0407631 , 0.0401723 , -0.13547 , 0.00399061
20.9953 , 0.0525804 , -0.127117 , -0.0422751 , 0.0418228 , -0.127704 , 0.00463927
21.0308 , 0.0558372 , -0.125147 , -0.0449885 , 0.0442522 , -0.125073 , 0.00469321
21.0623 , 0.0580916 , -0.122835 , -0.0471072 , 0.0457652 , -0.123221 , 0.00262001
21.0939 , 0.0607277 , -0.118962 , -0.04792 , 0.0472173 , -0.120731 , 0.000908354
21.1274 , 0.0626431 , -0.115292 , -0.0492039 , 0.0474854 , -0.118852 , 0.00105742
21.1607 , 0.0644753 , -0.112331 , -0.0493914 , 0.0485415 , -0.116892 , 0.00093325
21.1971 , 0.0651547 , -0.108592 , -0.0487141 , 0.0481878 , -0.111386 , 0.0011352
21.2319 , 0.0636345 , -0.103249 , -0.0476499 , 0.0462227 , -0.111556 , 0.00127145
21.2661 , 0.0612585 , -0.103464 , -0.0482062 , 0.0439399 , -0.10781 , 0.0024504
21.2973 , 0.0596256 , -0.103898 , -0.0485943 , 0.0437991 , -0.107167 , 0.00261661
21.3289 , 0.0589373 , -0.103813 , -0.0487216 , 0.0433918 , -0.108234 , 0.00039629
21.3653 , 0.0583314 , -0.104703 , -0.0502386 , 0.0431112 , -0.107783 , -0.00100542
21.3961 , 0.0576448 , -0.104188 , -0.0502517 , 0.0427015 , -0.110681 , -0.00137948
21.438 , 0.0562793 , -0.104203 , -0.048802 , 0.0420935 , -0.108366 , -0.000881822
21.4809 , 0.0553052 , -0.104003 , -0.0488756 , 0.0413851 , -0.106419 , 3.51472e-05
21.5144 , 0.0539344 , -0.104341 , -0.0486207 , 0.0401329 , -0.107444 , 0.00135981
21.5506 , 0.0534643 , -0.105908 , -0.0476653 , 0.039572 , -0.109051 , 0.00208519
