627

0.026277 , 0.176938 , 0.0205149 , 0.0393915 , 0.0946055 , 0.0170493 , 0.0265767
0.06183 , 0.176946 , 0.0205062 , 0.0393862 , 0.0570464 , 0.0220374 , -0.00345778
0.098736 , 0.176945 , 0.0205026 , 0.0393862 , 0.137456 , 0.02842 , 0.00191672
0.144522 , 0.176946 , 0.0205293 , 0.0393854 , 0.174907 , 0.0198095 , 0.0266631
0.184999 , 0.176947 , 0.0205657 , 0.0393893 , 0.178519 , 0.0124543 , 0.0340333
0.231934 , 0.176944 , 0.0205766 , 0.0394026 , 0.171105 , 0.0102753 , 0.0304786
0.282304 , 0.176949 , 0.0205655 , 0.0394145 , 0.164512 , 0.0111377 , 0.0267412
0.334268 , 0.176947 , 0.0205614 , 0.0394158 , 0.163163 , 0.01297 , 0.025739
0.384166 , 0.176947 , 0.0205614 , 0.0394158 , 0.166555 , 0.01497 , 0.0264329
0.427998 , 0.176947 , 0.0205636 , 0.0394147 , 0.171177 , 0.01673 , 0.0276417
0.46486 , 0.176947 , 0.0205636 , 0.0394147 , 0.174234 , 0.0178676 , 0.0289131
0.499438 , 0.176947 , 0.0205636 , 0.0394147 , 0.174844 , 0.0181377 , 0.0300622
0.546162 , 0.176947 , 0.0205636 , 0.0394147 , 0.173556 , 0.0176535 , 0.030839
0.583012 , 0.176947 , 0.0205636 , 0.0394147 , 0.171507 , 0.0168003 , 0.0311532
0.629967 , 0.176947 , 0.0205636 , 0.0394147 , 0.16943 , 0.0160189 , 0.0310538
0.663016 , 0.176947 , 0.0205636 , 0.0394147 , 0.167776 , 0.0156089 , 0.030668
0.69503 , 0.176947 , 0.0205636 , 0.0394147 , 0.166654 , 0.0155906 , 0.0301731
0.72971 , 0.176947 , 0.0205636 , 0.0394147 , 0.166316 , 0.0158687 , 0.0297388
0.763473 , 0.176947 , 0.0205636 , 0.0394147 , 0.166544 , 0.0163846 , 0.0293551
0.798211 , 0.176947 , 0.0205636 , 0.0394147 , 0.166995 , 0.0167959 , 0.0291066
0.829942 , 0.176947 , 0.0205636 , 0.0394147 , 0.167724 , 0.0169897 , 0.0289671
0.861793 , 0.176947 , 0.0205636 , 0.0394147 , 0.168591 , 0.0170037 , 0.0289128
0.895382 , 0.176947 , 0.0205636 , 0.0394147 , 0.169254 , 0.0168767 , 0.0289406
0.930903 , 0.176947 , 0.0205636 , 0.0394147 , 0.169743 , 0.0166318 , 0.0289752
0.96961 , 0.176947 , 0.0205636 , 0.0394147 , 0.1701 , 0.0164265 , 0.0289552
1.0149 , 0.176947 , 0.0205636 , 0.0394147 , 0.170329 , 0.0162671 , 0.0289898
1.04648 , 0.176947 , 0.0205636 , 0.0394147 , 0.170442 , 0.0162037 , 0.0290179
1.08114 , 0.176947 , 0.0205616 , 0.0394147 , 0.1704 , 0.0162403 , 0.0290158
1.11479 , 0.175703 , 0.0176378 , 0.0394019 , 0.163821 , 0.0110936 , 0.0297501
1.14946 , 0.175703 , 0.0176378 , 0.0394019 , 0.168107 , 0.0119974 , 0.0267771
1.18052 , 0.176558 , 0.0172802 , 0.0393374 , 0.174359 , 0.0139819 , 0.0280433
1.21819 , 0.176357 , 0.015301 , 0.0389631 , 0.170977 , 0.0130894 , 0.0290512
1.25031 , 0.176357 , 0.0154742 , 0.0389527 , 0.168594 , 0.0130326 , 0.0291915
1.28194 , 0.176357 , 0.0154742 , 0.0389527 , 0.167911 , 0.0129457 , 0.0289274
1.31469 , 0.175827 , 0.0158375 , 0.0397273 , 0.167396 , 0.0123508 , 0.0291486
1.34984 , 0.175998 , 0.0159828 , 0.0396722 , 0.167513 , 0.011942 , 0.029307
1.38591 , 0.176225 , 0.0161951 , 0.0397092 , 0.168134 , 0.0114286 , 0.0292056
1.42357 , 0.176239 , 0.0168585 , 0.0396148 , 0.168245 , 0.0115894 , 0.0293052
1.4693 , 0.175946 , 0.017262 , 0.0395172 , 0.167895 , 0.0121168 , 0.0295091
1.50454 , 0.175641 , 0.0175873 , 0.0395604 , 0.167772 , 0.0129021 , 0.0297919
1.53782 , 0.175655 , 0.0176881 , 0.0396195 , 0.167641 , 0.0134977 , 0.0300734
1.57035 , 0.17602 , 0.0179636 , 0.0396634 , 0.168204 , 0.0139098 , 0.0300515
1.60467 , 0.176183 , 0.0185352 , 0.0397303 , 0.167799 , 0.0145755 , 0.0295795
1.63912 , 0.176244 , 0.0186552 , 0.0397536 , 0.168601 , 0.0160526 , 0.029132
1.67336 , 0.176259 , 0.0197936 , 0.0396507 , 0.169038 , 0.01684 , 0.0294301
1.70741 , 0.176293 , 0.0209086 , 0.0395785 , 0.16868 , 0.01612 , 0.0295692
1.75217 , 0.176288 , 0.0206516 , 0.0393211 , 0.168211 , 0.0156763 , 0.0292987
1.78466 , 0.17653 , 0.020347 , 0.0392743 , 0.168105 , 0.0162779 , 0.0294252
1.81816 , 0.176741 , 0.0208491 , 0.0391918 , 0.167312 , 0.0162463 , 0.0296004
1.8547 , 0.176782 , 0.0214539 , 0.0391042 , 0.166328 , 0.0165853 , 0.0294206
1.88958 , 0.176723 , 0.0213513 , 0.0391507 , 0.167685 , 0.0169533 , 0.0287372
1.92168 , 0.175895 , 0.0214387 , 0.0390568 , 0.168039 , 0.017208 , 0.0290167
1.95552 , 0.176098 , 0.021926 , 0.0389015 , 0.167317 , 0.0175827 , 0.0294932
1.98751 , 0.17587 , 0.0221061 , 0.0388466 , 0.166883 , 0.0176711 , 0.0295591
2.02246 , 0.176435 , 0.0220151 , 0.0393794 , 0.167374 , 0.0177026 , 0.0294522
2.06342 , 0.175675 , 0.0217905 , 0.0392975 , 0.167751 , 0.0174088 , 0.0294285
2.10621 , 0.174722 , 0.0223052 , 0.0394221 , 0.166714 , 0.0186272 , 0.0297928
2.13725 , 0.17421 , 0.0224902 , 0.0398235 , 0.164994 , 0.0192623 , 0.0305375
2.17148 , 0.173569 , 0.0231396 , 0.0404845 , 0.164039 , 0.0197148 , 0.0313054
2.20919 , 0.173264 , 0.0236342 , 0.041028 , 0.163664 , 0.0195237 , 0.031496
2.24109 , 0.172766 , 0.0228331 , 0.0418922 , 0.163782 , 0.0178591 , 0.032945
2.27746 , 0.172758 , 0.0228507 , 0.0432005 , 0.163612 , 0.0184926 , 0.0337547
2.32979 , 0.172508 , 0.0229307 , 0.0435709 , 0.164393 , 0.0191042 , 0.0343375
2.37802 , 0.172658 , 0.0236976 , 0.0446438 , 0.163704 , 0.0200092 , 0.0351796
2.42319 , 0.17359 , 0.024063 , 0.046006 , 0.164777 , 0.018035 , 0.0360453
2.45558 , 0.174627 , 0.0235036 , 0.0467462 , 0.16442 , 0.0204854 , 0.0376037
2.49119 , 0.17665 , 0.0232823 , 0.0478045 , 0.16428 , 0.0220038 , 0.0386771
2.52279 , 0.177062 , 0.0448288 , 0.0449803 , 0.165963 , 0.0355669 , 0.0361411
2.55927 , 0.176706 , 0.0439979 , 0.0453975 , 0.163699 , 0.0399053 , 0.0348744
2.594 , 0.176222 , 0.0442584 , 0.0462901 , 0.162792 , 0.0450708 , 0.0362955
2.62522 , 0.176673 , 0.0491031 , 0.0459405 , 0.160724 , 0.0490295 , 0.0374355
2.657 , 0.174769 , 0.0552116 , 0.0484408 , 0.158835 , 0.0550016 , 0.0361811
2.69339 , 0.172867 , 0.0604353 , 0.0478951 , 0.154912 , 0.0563285 , 0.0365228
2.72799 , 0.169752 , 0.0615158 , 0.0498576 , 0.149785 , 0.0632454 , 0.0376549
2.76223 , 0.165168 , 0.0669015 , 0.051174 , 0.142908 , 0.0680796 , 0.036608
2.7943 , 0.158512 , 0.0777693 , 0.0509418 , 0.134113 , 0.0764049 , 0.0360794
2.8259 , 0.151924 , 0.0841802 , 0.0506855 , 0.124893 , 0.0873632 , 0.037252
2.86119 , 0.143853 , 0.0904243 , 0.0511486 , 0.115869 , 0.0948183 , 0.0401909
2.89266 , 0.136259 , 0.102847 , 0.0547535 , 0.10927 , 0.103411 , 0.0420317
2.92562 , 0.132278 , 0.10559 , 0.0553153 , 0.106448 , 0.10708 , 0.0443556
2.9595 , 0.127127 , 0.103443 , 0.0548086 , 0.107034 , 0.109462 , 0.0444447
2.99668 , 0.125952 , 0.103338 , 0.0541258 , 0.109543 , 0.108325 , 0.040966
3.03554 , 0.125895 , 0.105867 , 0.0547314 , 0.112927 , 0.107291 , 0.0373456
3.0784 , 0.130114 , 0.102142 , 0.0557492 , 0.115624 , 0.110106 , 0.0368575
3.11008 , 0.137198 , 0.0962639 , 0.054428 , 0.118682 , 0.109308 , 0.0365034
3.1419 , 0.142769 , 0.0943926 , 0.0543486 , 0.161534 , 0.0895671 , 0.0486511
3.17613 , 0.152474 , 0.0789943 , 0.0548677 , 0.165801 , 0.0784159 , 0.0555032
3.21035 , 0.161279 , 0.0740741 , 0.0559345 , 0.153103 , 0.0732811 , 0.059514
3.24492 , 0.170249 , 0.0676469 , 0.0578692 , 0.14868 , 0.0690172 , 0.0647589
3.27824 , 0.178407 , 0.0670213 , 0.0611963 , 0.153276 , 0.0614239 , 0.0678679
3.30887 , 0.185816 , 0.0645582 , 0.0637251 , 0.158518 , 0.0641511 , 0.072092
3.34338 , 0.191718 , 0.0585622 , 0.0636028 , 0.165266 , 0.0582953 , 0.0755207
3.37789 , 0.198306 , 0.0545279 , 0.0664203 , 0.173657 , 0.053167 , 0.07543
3.41243 , 0.202773 , 0.0489741 , 0.0672752 , 0.182165 , 0.0476257 , 0.0725533
3.44609 , 0.213033 , 0.0574791 , 0.0656597 , 0.187571 , 0.0472536 , 0.0696354
3.4766 , 0.208433 , 0.0386226 , 0.0662484 , 0.193616 , 0.0386121 , 0.0649874
3.51613 , 0.211795 , 0.0316183 , 0.0660473 , 0.199337 , 0.0370419 , 0.0628382
3.55294 , 0.212771 , 0.0318565 , 0.0666426 , 0.203552 , 0.0294887 , 0.0598494
3.60027 , 0.216236 , 0.0230659 , 0.0658916 , 0.207068 , 0.0194524 , 0.0579925
3.6294 , 0.220247 , 0.0129429 , 0.0657337 , 0.211479 , 0.00980973 , 0.0592498
3.66601 , 0.223315 , 0.000470902 , 0.0672705 , 0.216503 , -0.0025816 , 0.0609118
3.69474 , 0.229291 , -0.011164 , 0.0675395 , 0.222732 , -0.0114543 , 0.0634445
3.73151 , 0.23492 , -0.0186503 , 0.0668536 , 0.231254 , -0.0167841 , 0.0666818
3.76326 , 0.242293 , -0.0214953 , 0.0660267 , 0.24203 , -0.0230966 , 0.0679141
3.79723 , 0.252475 , -0.0262029 , 0.0655634 , 0.254766 , -0.0253453 , 0.0693361
3.83218 , 0.264286 , -0.0280625 , 0.0668593 , 0.26949 , -0.0309262 , 0.0703009
3.86552 , 0.279106 , -0.0325953 , 0.067194 , 0.286385 , -0.0311001 , 0.0730137
3.89603 , 0.298531 , -0.0351063 , 0.0691173 , 0.3067 , -0.0359219 , 0.0757376
3.93166 , 0.318903 , -0.0325525 , 0.0749077 , 0.330491 , -0.0390884 , 0.0795704
3.96545 , 0.345486 , -0.0410014 , 0.0779234 , 0.357943 , -0.0456883 , 0.0867911
3.99967 , 0.372725 , -0.0442151 , 0.0859921 , 0.387657 , -0.0514162 , 0.0954962
4.03323 , 0.403077 , -0.0519611 , 0.0928167 , 0.418166 , -0.0541385 , 0.105064
4.06387 , 0.432924 , -0.0556349 , 0.100623 , 0.448968 , -0.0608989 , 0.112385
4.09928 , 0.464383 , -0.0596903 , 0.106495 , 0.480704 , -0.067111 , 0.11796
4.13283 , 0.495612 , -0.0648138 , 0.11343 , 0.512829 , -0.0754765 , 0.122414
4.16744 , 0.527014 , -0.0733943 , 0.117332 , 0.544553 , -0.082369 , 0.127397
4.20164 , 0.557526 , -0.0853985 , 0.121491 , 0.576661 , -0.094871 , 0.128673
4.23155 , 0.585435 , -0.0941705 , 0.126897 , 0.605557 , -0.0995217 , 0.129208
4.2671 , 0.611163 , -0.0982014 , 0.126655 , 0.63186 , -0.108323 , 0.128699
4.30051 , 0.637059 , -0.110261 , 0.125561 , 0.65797 , -0.113119 , 0.125726
4.33501 , 0.658737 , -0.11558 , 0.125745 , 0.682041 , -0.116794 , 0.121599
4.36577 , 0.68078 , -0.118697 , 0.121844 , 0.702583 , -0.11733 , 0.120487
4.40034 , 0.697787 , -0.107712 , 0.122216 , 0.720599 , -0.115173 , 0.119227
4.4349 , 0.711884 , -0.113623 , 0.123497 , 0.73481 , -0.11054 , 0.119421
4.46836 , 0.72305 , -0.10881 , 0.123624 , 0.744344 , -0.104773 , 0.12089
4.50293 , 0.72549 , -0.104359 , 0.130747 , 0.749442 , -0.093735 , 0.120951
4.53346 , 0.729148 , -0.0916877 , 0.125422 , 0.749721 , -0.082942 , 0.118989
4.56806 , 0.726835 , -0.0821633 , 0.123346 , 0.743837 , -0.072801 , 0.117264
4.60258 , 0.718282 , -0.069514 , 0.123836 , 0.729746 , -0.0702044 , 0.123636
4.63618 , 0.697768 , -0.0671152 , 0.13393 , 0.71379 , -0.0408353 , 0.127062
4.67067 , 0.673255 , -0.0442863 , 0.144084 , 0.685461 , -0.0368476 , 0.134092
4.70129 , 0.65373 , -0.0379643 , 0.127183 , 0.650796 , -0.0119349 , 0.149007
4.73587 , 0.614847 , -0.0116433 , 0.147699 , 0.614865 , 0.00101548 , 0.147484
4.77025 , 0.578216 , 0.00905162 , 0.144477 , 0.576441 , 0.0190899 , 0.139792
4.80401 , 0.536077 , 0.0365363 , 0.138672 , 0.533619 , 0.0447047 , 0.134005
4.83851 , 0.48951 , 0.0568012 , 0.13031 , 0.484182 , 0.0679154 , 0.127286
4.86893 , 0.43925 , 0.0796972 , 0.121834 , 0.430133 , 0.0869276 , 0.118503
4.90613 , 0.386161 , 0.0971097 , 0.113635 , 0.378588 , 0.10394 , 0.106346
4.94324 , 0.331916 , 0.117774 , 0.109526 , 0.325829 , 0.1181 , 0.0999624
4.97962 , 0.28132 , 0.131918 , 0.102413 , 0.271453 , 0.136128 , 0.0991347
5.02209 , 0.231831 , 0.136284 , 0.0956585 , 0.222314 , 0.143187 , 0.0963616
5.05647 , 0.191238 , 0.145919 , 0.0893194 , 0.184649 , 0.146262 , 0.0877059
5.08999 , 0.156227 , 0.149235 , 0.0766504 , 0.153284 , 0.151021 , 0.0799072
5.12089 , 0.128261 , 0.155671 , 0.0665042 , 0.128123 , 0.154543 , 0.0738372
5.15526 , 0.10679 , 0.158032 , 0.0578843 , 0.107715 , 0.155192 , 0.0668982
5.18979 , 0.0881556 , 0.161807 , 0.0534566 , 0.0907696 , 0.157971 , 0.0610823
5.22447 , 0.0730841 , 0.164069 , 0.0473105 , 0.0759899 , 0.161004 , 0.0562026
5.25794 , 0.0607808 , 0.16633 , 0.0425444 , 0.064885 , 0.164929 , 0.0533046
5.28847 , 0.051884 , 0.170459 , 0.0419286 , 0.0551663 , 0.168018 , 0.0515043
5.32326 , 0.0451469 , 0.17166 , 0.0394565 , 0.0479094 , 0.173899 , 0.0499799
5.35755 , 0.0389708 , 0.171606 , 0.0392494 , 0.0410245 , 0.176491 , 0.0486639
5.39201 , 0.0342366 , 0.169405 , 0.0383011 , 0.0321269 , 0.17456 , 0.0474122
5.42467 , 0.0269501 , 0.17611 , 0.0375781 , 0.0177122 , 0.179566 , 0.0442472
5.45881 , 0.0170191 , 0.177373 , 0.035097 , 0.0103872 , 0.177102 , 0.041872
5.48968 , 0.0121472 , 0.175516 , 0.0341864 , 0.00322848 , 0.17491 , 0.0384484
5.52527 , 0.00672724 , 0.177133 , 0.0308634 , -0.00528436 , 0.175698 , 0.0345363
5.55989 , 0.00297029 , 0.175311 , 0.0315422 , -0.0132397 , 0.177941 , 0.0300278
5.59344 , 0.000467095 , 0.1753 , 0.030555 , -0.0186234 , 0.175465 , 0.0284767
5.62399 , 0.000552228 , 0.175612 , 0.0315233 , -0.0221216 , 0.175621 , 0.0278213
5.65953 , 0.00206487 , 0.174772 , 0.0311311 , -0.0237953 , 0.175236 , 0.0276573
5.69315 , 0.00354307 , 0.174002 , 0.0307803 , -0.0243599 , 0.175397 , 0.0266812
5.7246 , 0.00406883 , 0.17528 , 0.0308539 , -0.023695 , 0.176351 , 0.0255933
5.76122 , 0.00685021 , 0.175697 , 0.0307929 , -0.0229499 , 0.176066 , 0.0250469
5.79167 , 0.0108037 , 0.173773 , 0.0314891 , -0.0199182 , 0.176372 , 0.0253521
5.82721 , 0.0171408 , 0.17156 , 0.0332638 , -0.0147174 , 0.174284 , 0.0259998
5.86071 , 0.024429 , 0.174265 , 0.0375878 , -0.0039199 , 0.172229 , 0.0275592
5.89531 , 0.0356168 , 0.171535 , 0.0393785 , 0.00952421 , 0.171767 , 0.030246
5.92883 , 0.0435772 , 0.169599 , 0.0385676 , 0.0229905 , 0.16872 , 0.0354763
5.95943 , 0.0537367 , 0.169034 , 0.0417999 , 0.0360365 , 0.168208 , 0.0398351
5.99933 , 0.064202 , 0.168138 , 0.0444361 , 0.0476396 , 0.16471 , 0.0420712
6.03674 , 0.0763965 , 0.166124 , 0.0468119 , 0.0626547 , 0.163175 , 0.0451793
6.08054 , 0.0914654 , 0.16078 , 0.0491393 , 0.0825084 , 0.158817 , 0.0496023
6.11418 , 0.109777 , 0.160023 , 0.0555998 , 0.102864 , 0.159637 , 0.0532303
6.14822 , 0.127559 , 0.157401 , 0.0586265 , 0.123709 , 0.15679 , 0.057607
6.18052 , 0.143494 , 0.157978 , 0.0654428 , 0.143676 , 0.152355 , 0.0600871
6.21122 , 0.161533 , 0.150615 , 0.0696779 , 0.165085 , 0.148595 , 0.0625848
6.24487 , 0.17999 , 0.138344 , 0.0696423 , 0.184242 , 0.138318 , 0.0698668
6.28031 , 0.201863 , 0.130966 , 0.0725489 , 0.204692 , 0.127992 , 0.0732235
6.31487 , 0.217503 , 0.12158 , 0.0796177 , 0.222311 , 0.124594 , 0.0744652
6.34876 , 0.231633 , 0.119222 , 0.0823996 , 0.236094 , 0.123407 , 0.0735809
6.38293 , 0.242197 , 0.120669 , 0.0804488 , 0.242641 , 0.119481 , 0.0753235
6.41258 , 0.248806 , 0.119361 , 0.080043 , 0.246699 , 0.117176 , 0.0737691
6.44928 , 0.25052 , 0.117043 , 0.0843746 , 0.249199 , 0.111887 , 0.0717504
6.48319 , 0.255339 , 0.112668 , 0.0844817 , 0.252336 , 0.103126 , 0.0696394
6.51513 , 0.260482 , 0.1033 , 0.0856535 , 0.253261 , 0.0962038 , 0.0723867
6.54854 , 0.266549 , 0.0937658 , 0.0852254 , 0.255184 , 0.0892401 , 0.0782523
6.58313 , 0.27306 , 0.0763464 , 0.0824228 , 0.260075 , 0.0770983 , 0.0796941
6.61384 , 0.280405 , 0.0672975 , 0.0836515 , 0.266363 , 0.0624007 , 0.0795713
6.65027 , 0.289101 , 0.0524978 , 0.0840613 , 0.274836 , 0.0503265 , 0.0824133
6.68084 , 0.300179 , 0.04201 , 0.0885377 , 0.286467 , 0.0415231 , 0.0891942
6.71557 , 0.314221 , 0.035461 , 0.0930562 , 0.300833 , 0.0314505 , 0.0961948
6.74995 , 0.329586 , 0.024626 , 0.0949068 , 0.317612 , 0.0195447 , 0.0997792
6.78441 , 0.345013 , 0.0117447 , 0.0961765 , 0.33418 , 0.00543367 , 0.102188
6.81799 , 0.360091 , -0.000708384 , 0.0999323 , 0.349181 , -0.00794267 , 0.106153
6.84869 , 0.375876 , -0.0130834 , 0.104295 , 0.365856 , -0.0201674 , 0.110997
6.88321 , 0.395772 , -0.0217698 , 0.108511 , 0.389031 , -0.0284837 , 0.113411
6.9176 , 0.421176 , -0.0320042 , 0.109297 , 0.418127 , -0.0375793 , 0.117078
6.95224 , 0.449736 , -0.0389708 , 0.110153 , 0.452869 , -0.0500091 , 0.117483
6.98466 , 0.479724 , -0.0528662 , 0.110555 , 0.486832 , -0.0671099 , 0.119031
7.01735 , 0.508903 , -0.0714827 , 0.109669 , 0.517449 , -0.087628 , 0.119703
7.05103 , 0.534764 , -0.0950667 , 0.106419 , 0.546843 , -0.105531 , 0.115707
7.08565 , 0.558755 , -0.103525 , 0.102773 , 0.57223 , -0.120083 , 0.111856
7.12143 , 0.57802 , -0.116009 , 0.0980474 , 0.593274 , -0.134662 , 0.106537
7.15087 , 0.593935 , -0.127224 , 0.0915918 , 0.610975 , -0.140123 , 0.101884
7.18517 , 0.607679 , -0.135649 , 0.0845693 , 0.625539 , -0.1445 , 0.0958805
7.21964 , 0.615199 , -0.133688 , 0.0832755 , 0.637276 , -0.149109 , 0.0926068
7.25319 , 0.623453 , -0.13968 , 0.0825437 , 0.645566 , -0.146484 , 0.0937527
7.28772 , 0.625533 , -0.132833 , 0.0856639 , 0.650814 , -0.143682 , 0.0988477
7.32135 , 0.629645 , -0.135688 , 0.0905289 , 0.652252 , -0.134307 , 0.104738
7.35727 , 0.626572 , -0.130037 , 0.0977312 , 0.649898 , -0.134427 , 0.108772
7.3922 , 0.622937 , -0.127328 , 0.101764 , 0.645887 , -0.131073 , 0.112134
7.42329 , 0.615913 , -0.11798 , 0.105289 , 0.639972 , -0.124562 , 0.110076
7.45803 , 0.609274 , -0.109985 , 0.104438 , 0.630931 , -0.0862583 , 0.113549
7.4871 , 0.601752 , -0.101188 , 0.100567 , 0.619561 , -0.101621 , 0.103666
7.52558 , 0.591077 , -0.103041 , 0.0959747 , 0.608431 , -0.0931481 , 0.0992722
7.56009 , 0.579193 , -0.0858028 , 0.0929291 , 0.595417 , -0.080925 , 0.090119
7.59212 , 0.567679 , -0.07269 , 0.0886054 , 0.581087 , -0.0640344 , 0.0851595
7.62112 , 0.554717 , -0.0558756 , 0.0854721 , 0.567811 , -0.0486683 , 0.0812501
7.65701 , 0.542635 , -0.037905 , 0.0832882 , 0.555746 , -0.0336373 , 0.0773137
7.69234 , 0.529905 , -0.0240112 , 0.0807535 , 0.544132 , -0.0135014 , 0.0753745
7.72111 , 0.519835 , -0.00462317 , 0.0783616 , 0.533455 , 0.00474374 , 0.0725468
7.7576 , 0.506516 , 0.0198803 , 0.0778671 , 0.520384 , 0.0203815 , 0.0672969
7.79094 , 0.495409 , 0.0351148 , 0.0681191 , 0.504796 , 0.0408236 , 0.0623095
7.82453 , 0.477875 , 0.0499661 , 0.0622455 , 0.486441 , 0.0592489 , 0.0542945
7.85636 , 0.456951 , 0.0662505 , 0.0585169 , 0.464132 , 0.0726091 , 0.0510218
7.89203 , 0.431941 , 0.114456 , 0.0548341 , 0.438571 , 0.0848586 , 0.0522102
7.92502 , 0.409158 , 0.0895991 , 0.0526998 , 0.412019 , 0.102242 , 0.0519345
7.96115 , 0.380308 , 0.10676 , 0.054315 , 0.384904 , 0.110074 , 0.0473227
7.99187 , 0.353347 , 0.114721 , 0.0503261 , 0.356449 , 0.116067 , 0.0455348
8.02554 , 0.323239 , 0.116544 , 0.0492335 , 0.32614 , 0.11766 , 0.044992
8.06014 , 0.292161 , 0.119443 , 0.0485292 , 0.293873 , 0.122422 , 0.0450184
8.09228 , 0.257574 , 0.125054 , 0.045245 , 0.258602 , 0.128171 , 0.0431981
8.12669 , 0.221304 , 0.128524 , 0.0392643 , 0.22101 , 0.128831 , 0.0401088
8.16315 , 0.183996 , 0.132145 , 0.0360363 , 0.183244 , 0.130691 , 0.0341607
8.1941 , 0.149139 , 0.13401 , 0.0280582 , 0.148447 , 0.132255 , 0.0277505
8.22644 , 0.120764 , 0.136035 , 0.0198705 , 0.120335 , 0.132154 , 0.0219151
8.26095 , 0.101262 , 0.131736 , 0.011996 , 0.101388 , 0.131037 , 0.0160727
8.29481 , 0.0874869 , 0.131892 , 0.00781322 , 0.0894651 , 0.132774 , 0.0112472
8.32496 , 0.0787512 , 0.134655 , 0.00476544 , 0.0820643 , 0.130355 , 0.00704341
8.35954 , 0.072899 , 0.133576 , 0.00244156 , 0.075472 , 0.137827 , 0.00738428
8.39403 , 0.0674135 , 0.136801 , 0.000105312 , 0.0695575 , 0.138681 , 0.00768481
8.42865 , 0.0625247 , 0.146056 , -2.59863e-05 , 0.0640981 , 0.141541 , 0.00678536
8.46207 , 0.0602247 , 0.146591 , -0.00166677 , 0.0566011 , 0.142107 , 0.00516957
8.49886 , 0.0550354 , 0.147252 , -0.00219883 , 0.0482317 , 0.139738 , 0.00206068
8.53321 , 0.050478 , 0.145244 , -0.00513737 , 0.0401544 , 0.141353 , -0.00114976
8.56925 , 0.0465752 , 0.143159 , -0.00656154 , 0.0339253 , 0.142676 , -0.00481652
8.61244 , 0.0457654 , 0.14195 , -0.00828387 , 0.0265534 , 0.14076 , -0.00864394
8.64762 , 0.043635 , 0.143517 , -0.00743693 , 0.019504 , 0.142905 , -0.0113644
8.68193 , 0.040037 , 0.140198 , -0.00891234 , 0.014883 , 0.143569 , -0.0131729
8.71272 , 0.0390776 , 0.140775 , -0.00779496 , 0.0124065 , 0.142839 , -0.014521
8.74705 , 0.0391963 , 0.141051 , -0.00735859 , 0.010089 , 0.14195 , -0.0157336
8.78377 , 0.0422001 , 0.141832 , -0.00721156 , 0.00975235 , 0.142638 , -0.0163884
8.82017 , 0.0470295 , 0.140047 , -0.00664215 , 0.0137912 , 0.141745 , -0.0165073
8.86312 , 0.0547286 , 0.138115 , -0.00584361 , 0.023192 , 0.140454 , -0.0157422
8.89742 , 0.0655964 , 0.1421 , -0.00301788 , 0.0367249 , 0.138653 , -0.0136485
8.9319 , 0.0780083 , 0.139951 , -0.00187427 , 0.0525721 , 0.141085 , -0.00863064
8.96545 , 0.0936131 , 0.136959 , 0.00163981 , 0.0721017 , 0.140656 , -0.00452912
8.99681 , 0.111472 , 0.141171 , 0.00384173 , 0.0941698 , 0.137687 , 0.000153016
9.0316 , 0.134056 , 0.139919 , 0.0111866 , 0.120308 , 0.140298 , 0.00867439
9.06328 , 0.156246 , 0.139854 , 0.0145223 , 0.148142 , 0.144362 , 0.0188019
9.09981 , 0.18039 , 0.13149 , 0.0172178 , 0.175637 , 0.136473 , 0.0293082
9.1352 , 0.20351 , 0.132858 , 0.0202454 , 0.204723 , 0.126945 , 0.0347224
9.16501 , 0.231919 , 0.127395 , 0.0344007 , 0.235471 , 0.124609 , 0.0370076
9.1994 , 0.257853 , 0.123499 , 0.0299666 , 0.26235 , 0.115543 , 0.0383447
9.23283 , 0.281241 , 0.111591 , 0.034187 , 0.289197 , 0.108777 , 0.0431714
9.2674 , 0.306971 , 0.0967019 , 0.0401834 , 0.31429 , 0.0920473 , 0.0468046
9.30096 , 0.325087 , 0.087164 , 0.0448757 , 0.336505 , 0.0895331 , 0.0499902
9.33146 , 0.339758 , 0.0787554 , 0.0434772 , 0.353229 , 0.0815159 , 0.0496333
9.36703 , 0.356242 , 0.0709169 , 0.0424911 , 0.366561 , 0.074909 , 0.0497523
9.40063 , 0.366954 , 0.0710604 , 0.0452535 , 0.376588 , 0.0851506 , 0.0428785
9.43521 , 0.37731 , 0.0663841 , 0.0393143 , 0.380911 , 0.0701962 , 0.0379456
9.46837 , 0.384796 , 0.0636905 , 0.0340506 , 0.383294 , 0.0678454 , 0.0342987
9.49941 , 0.387133 , 0.0628216 , 0.0322154 , 0.382329 , 0.0533632 , 0.027994
9.53483 , 0.387602 , 0.0498461 , 0.0302172 , 0.37735 , 0.0503918 , 0.0241313
9.56837 , 0.385961 , 0.0370966 , 0.0263572 , 0.371723 , 0.028476 , 0.021412
9.60287 , 0.382831 , 0.0143477 , 0.022662 , 0.364584 , 0.00489335 , 0.0198996
9.63375 , 0.380054 , -0.0172009 , 0.0210007 , 0.359015 , -0.0156615 , 0.0242846
9.66803 , 0.37991 , -0.0385147 , 0.0228403 , 0.356623 , -0.0468163 , 0.0248058
9.7026 , 0.381703 , -0.0569324 , 0.0266654 , 0.358458 , -0.0632203 , 0.0248748
9.73905 , 0.389397 , -0.0747225 , 0.0232587 , 0.36577 , -0.0803906 , 0.0220316
9.76769 , 0.397335 , -0.083965 , 0.0203792 , 0.375914 , -0.0894279 , 0.0211458
9.8022 , 0.409333 , -0.0933764 , 0.0172527 , 0.388068 , -0.10618 , 0.0200177
9.83881 , 0.422752 , -0.104307 , 0.017603 , 0.404032 , -0.116325 , 0.0203349
9.86839 , 0.440419 , -0.111464 , 0.0188691 , 0.426324 , -0.1207 , 0.0260452
9.90399 , 0.463609 , -0.114485 , 0.0231909 , 0.454015 , -0.132827 , 0.0265129
9.93847 , 0.492158 , -0.137016 , 0.0184164 , 0.488937 , -0.144379 , 0.0276922
9.9691 , 0.522955 , -0.146213 , 0.0183675 , 0.526424 , -0.15627 , 0.0274964
10.0043 , 0.555207 , -0.159148 , 0.0122298 , 0.564527 , -0.168579 , 0.0231525
10.0383 , 0.586606 , -0.169961 , 0.00702685 , 0.600455 , -0.178839 , 0.0181949
10.0728 , 0.615441 , -0.182387 , 0.00333888 , 0.632112 , -0.192062 , 0.0143081
10.1062 , 0.639968 , -0.195635 , 0.000909895 , 0.658946 , -0.206275 , 0.0110287
10.1369 , 0.658271 , -0.205315 , 0.000319904 , 0.679794 , -0.21489 , 0.011587
10.1716 , 0.672325 , -0.213687 , 0.00193396 , 0.698452 , -0.223435 , 0.00973719
10.2061 , 0.682909 , -0.21632 , 0.00695421 , 0.71121 , -0.227258 , 0.0141152
10.2404 , 0.694373 , -0.220602 , 0.00947203 , 0.720052 , -0.216712 , 0.0223165
10.2711 , 0.697068 , -0.215678 , 0.020242 , 0.72624 , -0.2181 , 0.0284763
10.3056 , 0.699253 , -0.218237 , 0.0257309 , 0.727106 , -0.223914 , 0.0349055
10.3393 , 0.694503 , -0.220936 , 0.0316728 , 0.722653 , -0.220485 , 0.0414949
10.3736 , 0.685299 , -0.214338 , 0.0396251 , 0.712788 , -0.213562 , 0.0491863
10.4082 , 0.671713 , -0.205271 , 0.0442721 , 0.697154 , -0.202808 , 0.056417
10.4418 , 0.654297 , -0.193248 , 0.0529421 , 0.677403 , -0.189487 , 0.0639693
10.4723 , 0.634634 , -0.176554 , 0.0608022 , 0.654139 , -0.176908 , 0.0713258
10.5079 , 0.612835 , -0.16556 , 0.0662664 , 0.628142 , -0.162148 , 0.0790602
10.5414 , 0.589796 , -0.149475 , 0.0765056 , 0.601846 , -0.144826 , 0.0838846
10.5758 , 0.565441 , -0.129822 , 0.0824312 , 0.574026 , -0.127509 , 0.0900332
10.6095 , 0.539621 , -0.110173 , 0.088493 , 0.54593 , -0.104254 , 0.0944292
10.6404 , 0.51175 , -0.0913304 , 0.0947137 , 0.518702 , -0.0855844 , 0.0952363
10.6756 , 0.485705 , -0.0720859 , 0.0961617 , 0.491527 , -0.062096 , 0.0949571
10.709 , 0.459002 , -0.0513694 , 0.0963155 , 0.463548 , -0.042335 , 0.0917121
10.7437 , 0.434065 , -0.0272175 , 0.0931382 , 0.437968 , -0.0212638 , 0.0905151
10.7822 , 0.409711 , -0.00812262 , 0.0933709 , 0.414518 , 0.00328156 , 0.0876385
10.83 , 0.387305 , 0.0133053 , 0.0937661 , 0.392908 , 0.0235726 , 0.0856075
10.87 , 0.366353 , 0.0462363 , 0.0883768 , 0.372716 , 0.0488071 , 0.08443
10.9101 , 0.344295 , 0.0584221 , 0.0920014 , 0.354066 , 0.0701597 , 0.079241
10.9467 , 0.325154 , 0.090833 , 0.0885277 , 0.332878 , 0.0865155 , 0.0802405
10.9779 , 0.304651 , 0.0956278 , 0.088629 , 0.310175 , 0.100513 , 0.0811285
11.0193 , 0.282668 , 0.109846 , 0.0889056 , 0.289163 , 0.112763 , 0.0793507
11.0625 , 0.260718 , 0.125066 , 0.0872111 , 0.269703 , 0.126759 , 0.0756425
11.0968 , 0.241596 , 0.134125 , 0.080572 , 0.248665 , 0.13937 , 0.0705765
11.1309 , 0.218606 , 0.14374 , 0.0765823 , 0.22531 , 0.147196 , 0.0662738
11.1618 , 0.19342 , 0.150098 , 0.0716534 , 0.199961 , 0.154765 , 0.0613292
11.1954 , 0.16744 , 0.162354 , 0.065933 , 0.171895 , 0.165008 , 0.0567383
11.2301 , 0.14089 , 0.170471 , 0.0591019 , 0.144203 , 0.171269 , 0.0511991
11.2644 , 0.11691 , 0.1771 , 0.0532455 , 0.120998 , 0.174173 , 0.0474372
11.2973 , 0.094558 , 0.174117 , 0.0481563 , 0.101602 , 0.176821 , 0.0444462
11.328 , 0.0771347 , 0.176339 , 0.0429085 , 0.0843867 , 0.181825 , 0.0439404
11.3615 , 0.0648136 , 0.177729 , 0.0396976 , 0.0726366 , 0.187707 , 0.0429847
11.3959 , 0.0584251 , 0.182846 , 0.0375462 , 0.0684673 , 0.186234 , 0.041166
11.4307 , 0.05915 , 0.18439 , 0.0355013 , 0.0685729 , 0.188259 , 0.0410094
11.4643 , 0.0643614 , 0.189379 , 0.035562 , 0.0720225 , 0.196739 , 0.0438681
11.4988 , 0.0709445 , 0.199912 , 0.0373308 , 0.0750852 , 0.200813 , 0.0468378
11.5296 , 0.0762784 , 0.199422 , 0.0388203 , 0.0760663 , 0.201404 , 0.0466342
11.5638 , 0.0790487 , 0.197883 , 0.0384273 , 0.0706038 , 0.19257 , 0.0458664
11.5983 , 0.0773752 , 0.197811 , 0.039834 , 0.0633589 , 0.188121 , 0.0458924
11.6319 , 0.0762436 , 0.194318 , 0.0405393 , 0.0588334 , 0.189889 , 0.0439999
11.6663 , 0.0780919 , 0.189489 , 0.0405872 , 0.0533316 , 0.192535 , 0.0413697
11.7037 , 0.0760284 , 0.193552 , 0.0403909 , 0.0476921 , 0.195503 , 0.0383038
11.7382 , 0.0727382 , 0.195326 , 0.0393735 , 0.0398982 , 0.197299 , 0.0340572
11.7712 , 0.0676506 , 0.19725 , 0.0368674 , 0.0298067 , 0.200853 , 0.0291119
11.8018 , 0.0625768 , 0.202421 , 0.0342383 , 0.0205151 , 0.196309 , 0.0237059
11.8346 , 0.0582887 , 0.204261 , 0.033271 , 0.0139177 , 0.191652 , 0.018912
11.8669 , 0.0559204 , 0.197194 , 0.0329166 , 0.0106491 , 0.191053 , 0.0169447
11.8993 , 0.0568185 , 0.197956 , 0.0328612 , 0.0113337 , 0.186177 , 0.0162003
11.9339 , 0.058822 , 0.196401 , 0.0331597 , 0.0150343 , 0.186512 , 0.0157268
11.9684 , 0.0611823 , 0.196263 , 0.0332182 , 0.0203735 , 0.19196 , 0.0179894
12.0026 , 0.0671153 , 0.184281 , 0.0327958 , 0.0275339 , 0.19122 , 0.0219994
12.0375 , 0.0704113 , 0.189525 , 0.0345815 , 0.0386274 , 0.188194 , 0.0246267
12.0669 , 0.0776575 , 0.186521 , 0.0337119 , 0.0533117 , 0.187791 , 0.0267069
12.102 , 0.0878965 , 0.183883 , 0.0358817 , 0.0710522 , 0.179819 , 0.0294273
12.1381 , 0.100917 , 0.180932 , 0.0389385 , 0.0909617 , 0.178129 , 0.0333791
12.1685 , 0.115785 , 0.179036 , 0.0400907 , 0.11269 , 0.178441 , 0.0382902
12.2028 , 0.13285 , 0.17422 , 0.0431823 , 0.134297 , 0.177815 , 0.044094
12.2372 , 0.147704 , 0.176619 , 0.0454489 , 0.156021 , 0.174176 , 0.0507744
12.2708 , 0.163429 , 0.17208 , 0.0502917 , 0.175362 , 0.169078 , 0.05596
12.3053 , 0.179082 , 0.166965 , 0.0555885 , 0.195101 , 0.162355 , 0.052393
12.3392 , 0.194611 , 0.159131 , 0.0548667 , 0.210607 , 0.161049 , 0.0524895
12.3714 , 0.207923 , 0.155863 , 0.0515418 , 0.223965 , 0.150218 , 0.0501351
12.4015 , 0.222117 , 0.147993 , 0.0538974 , 0.235546 , 0.155307 , 0.0469074
12.4375 , 0.233425 , 0.144069 , 0.057357 , 0.254638 , 0.186729 , 0.0554335
12.4731 , 0.246379 , 0.133259 , 0.0523747 , 0.259486 , 0.154614 , 0.0578641
12.5036 , 0.256565 , 0.127392 , 0.0555909 , 0.259479 , 0.132066 , 0.0496364
12.5385 , 0.264815 , 0.120344 , 0.0549136 , 0.264588 , 0.115764 , 0.043234
12.5713 , 0.274716 , 0.105399 , 0.0571725 , 0.268471 , 0.106791 , 0.0473671
12.6056 , 0.281707 , 0.0937083 , 0.0607181 , 0.273784 , 0.0904565 , 0.052813
12.6407 , 0.294888 , 0.0747046 , 0.0619091 , 0.285163 , 0.0685704 , 0.0547656
12.6738 , 0.312389 , 0.0507104 , 0.0644636 , 0.301435 , 0.0469379 , 0.0587276
12.7037 , 0.33296 , 0.0292493 , 0.0669198 , 0.322452 , 0.0265101 , 0.0630435
12.7391 , 0.357836 , 0.00838224 , 0.0693448 , 0.346515 , 0.00304427 , 0.0677285
12.7725 , 0.384792 , -0.0141999 , 0.069785 , 0.372916 , -0.0194495 , 0.0717091
12.807 , 0.410723 , -0.0379468 , 0.0730348 , 0.399868 , -0.0503319 , 0.071818
12.8377 , 0.439629 , -0.0642056 , 0.0740225 , 0.427051 , -0.0742629 , 0.0796396
12.8722 , 0.469948 , -0.0816299 , 0.0783551 , 0.458355 , -0.0953831 , 0.0850364
12.9068 , 0.503151 , -0.100296 , 0.0782051 , 0.494619 , -0.110189 , 0.087827
12.9403 , 0.533991 , -0.112661 , 0.0798017 , 0.531833 , -0.12662 , 0.0875761
12.9749 , 0.565725 , -0.130752 , 0.0747737 , 0.568549 , -0.146239 , 0.0821627
13.0075 , 0.596751 , -0.150001 , 0.0666782 , 0.604843 , -0.163782 , 0.0761933
13.0405 , 0.626446 , -0.165994 , 0.0602188 , 0.637739 , -0.182585 , 0.0703238
13.0746 , 0.653703 , -0.18558 , 0.0538111 , 0.66928 , -0.19613 , 0.0657266
13.1081 , 0.678463 , -0.194237 , 0.0526715 , 0.698687 , -0.205216 , 0.0665944
13.1427 , 0.700066 , -0.19483 , 0.0574998 , 0.724839 , -0.208207 , 0.0722025
13.1738 , 0.716204 , -0.195593 , 0.0644626 , 0.745837 , -0.204264 , 0.0786317
13.2078 , 0.728303 , -0.192531 , 0.0703293 , 0.760629 , -0.19954 , 0.0823258
13.2423 , 0.732376 , -0.189993 , 0.0758155 , 0.767854 , -0.195664 , 0.0871212
13.2759 , 0.734086 , -0.185647 , 0.0805457 , 0.766732 , -0.19414 , 0.0913085
13.3103 , 0.726914 , -0.18344 , 0.0848192 , 0.758745 , -0.191881 , 0.0934321
13.341 , 0.717578 , -0.182589 , 0.0862725 , 0.745835 , -0.1878 , 0.091571
13.3757 , 0.704603 , -0.176746 , 0.0876547 , 0.728805 , -0.178819 , 0.0946754
13.412 , 0.686586 , -0.170225 , 0.0898188 , 0.707383 , -0.172119 , 0.0923272
13.4453 , 0.66349 , -0.163402 , 0.0894202 , 0.679655 , -0.161948 , 0.0903876
13.4782 , 0.636028 , -0.151869 , 0.08929 , 0.64703 , -0.146576 , 0.0871809
13.5089 , 0.602373 , -0.13938 , 0.0913878 , 0.610127 , -0.13084 , 0.0845808
13.5433 , 0.567677 , -0.122127 , 0.0893895 , 0.570051 , -0.114202 , 0.0860825
13.5779 , 0.530697 , -0.104248 , 0.092966 , 0.530899 , -0.0941686 , 0.0883669
13.6123 , 0.494232 , -0.0875141 , 0.0944985 , 0.49507 , -0.0738808 , 0.0870476
13.6459 , 0.457545 , -0.0662596 , 0.0970268 , 0.460105 , -0.056115 , 0.0857573
13.6802 , 0.420148 , -0.0450474 , 0.101966 , 0.423692 , -0.0383506 , 0.087119
13.7102 , 0.386026 , -0.0281396 , 0.100011 , 0.386302 , -0.00884908 , 0.0904161
13.7457 , 0.354055 , -0.00807424 , 0.0971365 , 0.352158 , 0.0127343 , 0.0870488
13.7802 , 0.32247 , 0.0116645 , 0.0942092 , 0.323197 , 0.0286201 , 0.0825388
13.8137 , 0.293921 , 0.0378926 , 0.0919116 , 0.298438 , 0.0503637 , 0.0777111
13.8444 , 0.269851 , 0.0574891 , 0.087456 , 0.277612 , 0.0680398 , 0.0731902
13.8828 , 0.248144 , 0.0793133 , 0.0835607 , 0.259416 , 0.0917554 , 0.0686092
13.9115 , 0.228451 , 0.0931605 , 0.0834737 , 0.24335 , 0.106222 , 0.0652898
13.9485 , 0.21251 , 0.109568 , 0.0786484 , 0.227508 , 0.12231 , 0.0635394
13.9836 , 0.195958 , 0.128197 , 0.076285 , 0.206975 , 0.136816 , 0.0649324
14.0135 , 0.18025 , 0.146052 , 0.0749883 , 0.189026 , 0.14975 , 0.0662955
14.0476 , 0.159988 , 0.158225 , 0.0745277 , 0.174237 , 0.159894 , 0.0636108
14.0792 , 0.144558 , 0.167831 , 0.0711076 , 0.158379 , 0.170805 , 0.0608574
14.1157 , 0.129868 , 0.173909 , 0.0690896 , 0.144101 , 0.173499 , 0.0619106
14.1462 , 0.11638 , 0.171772 , 0.072383 , 0.133201 , 0.172813 , 0.0659654
14.1799 , 0.106401 , 0.171787 , 0.073344 , 0.123747 , 0.171701 , 0.0690907
14.2154 , 0.0978362 , 0.174172 , 0.0726593 , 0.11555 , 0.169366 , 0.0694878
14.247 , 0.0904809 , 0.171032 , 0.0676198 , 0.107255 , 0.173619 , 0.0683598
14.2834 , 0.0827169 , 0.175749 , 0.0642495 , 0.0999135 , 0.178143 , 0.064467
14.317 , 0.0772832 , 0.184784 , 0.0598688 , 0.0964334 , 0.183576 , 0.0612828
14.3516 , 0.0792198 , 0.18966 , 0.0557954 , 0.0959439 , 0.190426 , 0.0602839
14.3886 , 0.0850011 , 0.197319 , 0.0562589 , 0.101659 , 0.202242 , 0.0614083
14.4179 , 0.0935001 , 0.207533 , 0.0585091 , 0.108847 , 0.207878 , 0.0658022
14.451 , 0.105461 , 0.201038 , 0.0641371 , 0.116231 , 0.19843 , 0.0715233
14.4818 , 0.115369 , 0.206178 , 0.0678163 , 0.123819 , 0.195795 , 0.0782383
14.5164 , 0.124164 , 0.201834 , 0.0698885 , 0.126651 , 0.191709 , 0.0853632
14.5509 , 0.12875 , 0.198426 , 0.075515 , 0.130282 , 0.196895 , 0.0858906
14.588 , 0.132732 , 0.200408 , 0.0752526 , 0.12718 , 0.196737 , 0.0818075
14.6192 , 0.131838 , 0.199276 , 0.0757884 , 0.118878 , 0.198074 , 0.0804894
14.6495 , 0.124887 , 0.184291 , 0.0756161 , 0.107042 , 0.192383 , 0.081686
14.6841 , 0.12244 , 0.18836 , 0.0803961 , 0.0979853 , 0.188723 , 0.0844262
14.7184 , 0.117981 , 0.193082 , 0.0802538 , 0.0892237 , 0.188244 , 0.0839796
14.7521 , 0.116016 , 0.187348 , 0.0826975 , 0.0806097 , 0.194165 , 0.0840492
14.7899 , 0.113719 , 0.188143 , 0.08459 , 0.0723072 , 0.18669 , 0.0816229
14.8263 , 0.10838 , 0.185239 , 0.0835795 , 0.0657032 , 0.185387 , 0.078563
14.8706 , 0.106168 , 0.181759 , 0.0827642 , 0.0594403 , 0.181696 , 0.0758012
14.9012 , 0.102784 , 0.177189 , 0.0816564 , 0.0540094 , 0.176922 , 0.0726452
14.9357 , 0.0999338 , 0.173685 , 0.0796964 , 0.0499878 , 0.171318 , 0.0691156
14.9702 , 0.0970903 , 0.164167 , 0.0773847 , 0.0461241 , 0.174336 , 0.0688846
15.004 , 0.092761 , 0.160534 , 0.0755399 , 0.043119 , 0.165618 , 0.0662087
15.0384 , 0.0866118 , 0.162941 , 0.0731044 , 0.0415604 , 0.160136 , 0.0615177
15.0691 , 0.0838376 , 0.161667 , 0.0703162 , 0.0428813 , 0.159992 , 0.0587782
15.1035 , 0.0830109 , 0.158666 , 0.0688397 , 0.0480424 , 0.161009 , 0.0586297
15.1381 , 0.0851051 , 0.159747 , 0.0676212 , 0.0581427 , 0.161132 , 0.0600819
15.1724 , 0.0906437 , 0.158628 , 0.0674018 , 0.0737405 , 0.158135 , 0.0610084
15.206 , 0.100897 , 0.161341 , 0.0694374 , 0.0911493 , 0.158776 , 0.0633527
15.2367 , 0.114786 , 0.158835 , 0.071781 , 0.110594 , 0.156278 , 0.0675315
15.2712 , 0.132074 , 0.159133 , 0.0771083 , 0.134265 , 0.156381 , 0.0715075
15.3058 , 0.151984 , 0.15648 , 0.0793905 , 0.161517 , 0.153519 , 0.078038
15.3403 , 0.173159 , 0.157105 , 0.0853078 , 0.18931 , 0.14979 , 0.0818364
15.3709 , 0.194264 , 0.149539 , 0.086761 , 0.212272 , 0.148194 , 0.0820426
15.4055 , 0.211933 , 0.147248 , 0.0865621 , 0.229923 , 0.144896 , 0.0803152
15.4392 , 0.227054 , 0.14802 , 0.0848031 , 0.243547 , 0.143006 , 0.0758261
15.4741 , 0.238539 , 0.13484 , 0.0839588 , 0.253827 , 0.135721 , 0.0693741
15.5079 , 0.251044 , 0.131411 , 0.079648 , 0.262792 , 0.129288 , 0.0631069
15.5465 , 0.261847 , 0.127007 , 0.0764854 , 0.270597 , 0.122208 , 0.0596162
15.5788 , 0.272199 , 0.109426 , 0.0746646 , 0.274969 , 0.110195 , 0.0563148
15.6138 , 0.279525 , 0.102043 , 0.0763652 , 0.278402 , 0.10008 , 0.05678
15.6437 , 0.289655 , 0.0914964 , 0.0793758 , 0.283295 , 0.0870182 , 0.0616875
15.6761 , 0.29758 , 0.0731182 , 0.0830581 , 0.289179 , 0.0706394 , 0.0704171
15.7094 , 0.307969 , 0.0557922 , 0.0886432 , 0.294596 , 0.0540782 , 0.0798733
15.74 , 0.317407 , 0.0422777 , 0.0942442 , 0.299562 , 0.0354301 , 0.0869032
15.7754 , 0.327769 , 0.0300815 , 0.096293 , 0.308003 , 0.0295919 , 0.0950924
15.8149 , 0.339652 , 0.0229619 , 0.0970867 , 0.319832 , 0.0180206 , 0.097219
15.8462 , 0.355456 , 0.0126475 , 0.0909017 , 0.336141 , 0.00729677 , 0.0929763
15.8777 , 0.375428 , 0.000480323 , 0.0840655 , 0.356523 , -0.00836534 , 0.086521
15.9116 , 0.39927 , -0.0189701 , 0.0784238 , 0.381828 , -0.0328966 , 0.0814017
15.9441 , 0.425409 , -0.0390496 , 0.0750706 , 0.413259 , -0.052988 , 0.0817379
15.9797 , 0.455951 , -0.0623841 , 0.0714751 , 0.448688 , -0.075675 , 0.081614
16.0137 , 0.484552 , -0.0851529 , 0.0683932 , 0.48518 , -0.102722 , 0.0770259
16.0455 , 0.511891 , -0.106769 , 0.0675022 , 0.519396 , -0.124183 , 0.0735487
16.082 , 0.53695 , -0.126395 , 0.0616246 , 0.550049 , -0.140112 , 0.0708528
16.1123 , 0.558319 , -0.139213 , 0.0577906 , 0.576962 , -0.150435 , 0.066326
16.1523 , 0.574692 , -0.146052 , 0.0521325 , 0.59842 , -0.151089 , 0.0626912
16.1957 , 0.585962 , -0.143392 , 0.0493854 , 0.612734 , -0.152816 , 0.0588542
16.2286 , 0.59206 , -0.148159 , 0.0458139 , 0.621771 , -0.15357 , 0.055909
16.2646 , 0.593947 , -0.146407 , 0.0458258 , 0.625471 , -0.156731 , 0.0571639
16.2962 , 0.591113 , -0.146599 , 0.046731 , 0.626099 , -0.151164 , 0.0589789
16.3327 , 0.587399 , -0.144745 , 0.048718 , 0.62276 , -0.149221 , 0.0591711
16.3638 , 0.581238 , -0.139452 , 0.0504443 , 0.615617 , -0.144676 , 0.0595322
16.402 , 0.573985 , -0.133221 , 0.0491534 , 0.605417 , -0.138579 , 0.0583005
16.4334 , 0.563979 , -0.128056 , 0.0473789 , 0.593605 , -0.126151 , 0.0559487
16.462 , 0.552624 , -0.1141 , 0.0482857 , 0.578314 , -0.122465 , 0.0529657
16.4965 , 0.539221 , -0.111936 , 0.0462968 , 0.562696 , -0.114367 , 0.0515535
16.5321 , 0.529751 , -0.10546 , 0.0463834 , 0.548762 , -0.105699 , 0.0497023
16.5651 , 0.517899 , -0.0969919 , 0.0459271 , 0.535044 , -0.0905251 , 0.0486563
16.6002 , 0.505825 , -0.0829584 , 0.0477965 , 0.522097 , -0.0765611 , 0.0499053
16.6337 , 0.495469 , -0.0661098 , 0.0534569 , 0.510337 , -0.0555035 , 0.0527829
16.6646 , 0.484087 , -0.0500498 , 0.0578908 , 0.498835 , -0.0356037 , 0.0542296
16.6999 , 0.473562 , -0.0275645 , 0.0598568 , 0.486513 , -0.0162564 , 0.0531683
16.7343 , 0.462287 , -0.005517 , 0.0604233 , 0.473139 , 0.00815071 , 0.0525437
16.7644 , 0.4485 , 0.0139785 , 0.0628236 , 0.458086 , 0.029873 , 0.0513339
16.7979 , 0.432799 , 0.0359778 , 0.0633403 , 0.440293 , 0.0523153 , 0.0489851
16.8315 , 0.411412 , 0.060789 , 0.0661825 , 0.42038 , 0.0678324 , 0.0463183
16.8659 , 0.389425 , 0.0906345 , 0.0628849 , 0.395193 , 0.0907049 , 0.0463764
16.9004 , 0.367093 , 0.0876881 , 0.0621642 , 0.365893 , 0.10845 , 0.0461649
16.9348 , 0.334472 , 0.147435 , 0.0606291 , 0.334869 , 0.147836 , 0.0435865
16.9651 , 0.300801 , 0.120679 , 0.0663318 , 0.297391 , 0.136168 , 0.0483261
16.9993 , 0.265168 , 0.132644 , 0.0684059 , 0.261551 , 0.138444 , 0.0548544
17.0339 , 0.23105 , 0.140163 , 0.0694829 , 0.229472 , 0.146145 , 0.0582619
17.0682 , 0.198799 , 0.150331 , 0.0697618 , 0.199772 , 0.154667 , 0.05986
17.1018 , 0.174178 , 0.15876 , 0.0671761 , 0.174214 , 0.158719 , 0.0624386
17.139 , 0.149911 , 0.16625 , 0.0666255 , 0.15656 , 0.167441 , 0.0631756
17.1742 , 0.135715 , 0.170275 , 0.0669862 , 0.14662 , 0.171708 , 0.0636895
17.2035 , 0.129701 , 0.170007 , 0.0667142 , 0.144279 , 0.167283 , 0.0649111
17.2363 , 0.130887 , 0.165463 , 0.0664955 , 0.148298 , 0.164665 , 0.0686729
17.2696 , 0.139153 , 0.166888 , 0.0683529 , 0.159113 , 0.16555 , 0.0738403
17.3012 , 0.152063 , 0.170686 , 0.0724086 , 0.174121 , 0.168326 , 0.0810533
17.3357 , 0.169426 , 0.174798 , 0.0797349 , 0.191655 , 0.171809 , 0.0909869
17.3695 , 0.185956 , 0.176818 , 0.0869133 , 0.207097 , 0.175672 , 0.103238
17.4009 , 0.20244 , 0.183167 , 0.0954944 , 0.220653 , 0.173014 , 0.113971
17.4373 , 0.215803 , 0.177234 , 0.100371 , 0.231357 , 0.174393 , 0.122847
17.468 , 0.225641 , 0.181499 , 0.10825 , 0.236104 , 0.17625 , 0.129973
17.5036 , 0.230594 , 0.179101 , 0.113792 , 0.238232 , 0.167246 , 0.125265
17.5369 , 0.23062 , 0.167733 , 0.112349 , 0.235887 , 0.174849 , 0.122553
17.5715 , 0.231589 , 0.175775 , 0.113387 , 0.226269 , 0.166768 , 0.118897
17.6053 , 0.225764 , 0.169301 , 0.113323 , 0.219102 , 0.170047 , 0.118886
17.6357 , 0.223181 , 0.170033 , 0.114654 , 0.208358 , 0.164721 , 0.118194
17.6728 , 0.217235 , 0.165091 , 0.115957 , 0.202462 , 0.166497 , 0.118652
17.7063 , 0.215276 , 0.166452 , 0.117814 , 0.194121 , 0.161553 , 0.113763
17.7408 , 0.210122 , 0.164796 , 0.116447 , 0.185519 , 0.164281 , 0.112337
17.7737 , 0.204941 , 0.163627 , 0.117144 , 0.179441 , 0.165823 , 0.11242
17.8035 , 0.201109 , 0.161575 , 0.117775 , 0.170838 , 0.163743 , 0.11184
17.8394 , 0.195768 , 0.160696 , 0.118487 , 0.161538 , 0.161781 , 0.110963
17.8725 , 0.190623 , 0.158853 , 0.118435 , 0.152749 , 0.159473 , 0.110509
17.9071 , 0.185221 , 0.156459 , 0.118533 , 0.146147 , 0.157842 , 0.110286
17.9379 , 0.181014 , 0.154678 , 0.118043 , 0.140852 , 0.156202 , 0.109712
17.9722 , 0.176902 , 0.152238 , 0.117132 , 0.136565 , 0.153378 , 0.108569
18.0049 , 0.173042 , 0.14958 , 0.11527 , 0.132825 , 0.151154 , 0.107123
18.041 , 0.167923 , 0.149995 , 0.113079 , 0.129142 , 0.150767 , 0.105618
18.0721 , 0.162656 , 0.159739 , 0.11253 , 0.126044 , 0.149835 , 0.101793
18.1065 , 0.158659 , 0.157848 , 0.10782 , 0.124233 , 0.147676 , 0.0964546
18.1402 , 0.156168 , 0.155012 , 0.105063 , 0.124841 , 0.144634 , 0.092744
18.1747 , 0.155429 , 0.144598 , 0.0997265 , 0.129469 , 0.148527 , 0.0927842
18.2081 , 0.157278 , 0.140003 , 0.0963792 , 0.136754 , 0.144962 , 0.0914659
18.2425 , 0.161875 , 0.137002 , 0.0972963 , 0.145969 , 0.143254 , 0.0912402
18.2732 , 0.166616 , 0.144855 , 0.0964545 , 0.158114 , 0.141004 , 0.0913361
18.3077 , 0.176466 , 0.14489 , 0.0962671 , 0.173716 , 0.141576 , 0.089873
18.3441 , 0.189624 , 0.141471 , 0.0977883 , 0.18923 , 0.138758 , 0.0911118
18.3783 , 0.205653 , 0.139772 , 0.0992996 , 0.208246 , 0.136967 , 0.0932486
18.4121 , 0.222678 , 0.135726 , 0.103495 , 0.228907 , 0.131266 , 0.093733
18.4426 , 0.244044 , 0.127787 , 0.105221 , 0.253849 , 0.123273 , 0.0922311
18.4775 , 0.266491 , 0.114034 , 0.105032 , 0.276146 , 0.115968 , 0.090378
18.5115 , 0.28831 , 0.104913 , 0.103632 , 0.297504 , 0.103726 , 0.0876128
18.5456 , 0.309064 , 0.0954007 , 0.101589 , 0.318862 , 0.0967982 , 0.0828639
18.5754 , 0.327541 , 0.0852881 , 0.0975399 , 0.333575 , 0.0881288 , 0.0798819
18.6088 , 0.344565 , 0.0762761 , 0.0901425 , 0.344849 , 0.0814691 , 0.0779552
18.6433 , 0.355337 , 0.0734658 , 0.094298 , 0.354869 , 0.0757194 , 0.0750815
18.6779 , 0.369107 , 0.064624 , 0.084702 , 0.362631 , 0.0733121 , 0.0790684
18.7125 , 0.37671 , 0.0616269 , 0.0887089 , 0.369767 , 0.0647204 , 0.0796261
18.7461 , 0.382547 , 0.0575357 , 0.0915288 , 0.374211 , 0.0616252 , 0.0806117
18.7764 , 0.388133 , 0.0524303 , 0.092161 , 0.375265 , 0.0582609 , 0.0852726
18.8168 , 0.388374 , 0.0523847 , 0.0959228 , 0.372759 , 0.0496367 , 0.0916127
18.8517 , 0.390762 , 0.0427769 , 0.094644 , 0.371186 , 0.0392432 , 0.094791
18.8831 , 0.391254 , 0.0315935 , 0.0959224 , 0.371151 , 0.0257806 , 0.0956856
18.914 , 0.392107 , 0.014722 , 0.0954897 , 0.371562 , 0.00877526 , 0.0971521
18.9478 , 0.39246 , -0.00219251 , 0.0957985 , 0.374222 , -0.0107581 , 0.095793
18.9834 , 0.394905 , -0.0222179 , 0.0941044 , 0.380654 , -0.0310419 , 0.0927316
19.0167 , 0.401222 , -0.0431337 , 0.0882725 , 0.391309 , -0.0535942 , 0.0892085
19.0538 , 0.412886 , -0.0635334 , 0.0824334 , 0.407725 , -0.0709263 , 0.0864789
19.1005 , 0.430207 , -0.078069 , 0.0770122 , 0.430484 , -0.0868684 , 0.0828868
19.1349 , 0.453319 , -0.0919675 , 0.071403 , 0.460093 , -0.102372 , 0.0790954
19.1676 , 0.478885 , -0.104799 , 0.0693262 , 0.49326 , -0.1144 , 0.0774684
19.1962 , 0.505387 , -0.115956 , 0.0704904 , 0.525949 , -0.124331 , 0.0794703
19.2313 , 0.531439 , -0.125649 , 0.0732748 , 0.555829 , -0.137638 , 0.0822403
19.2629 , 0.555898 , -0.137433 , 0.0757523 , 0.584048 , -0.145607 , 0.0866244
19.2994 , 0.577725 , -0.146465 , 0.0808086 , 0.607873 , -0.154797 , 0.0904643
19.3387 , 0.596293 , -0.15293 , 0.0847738 , 0.626817 , -0.162294 , 0.0946212
19.3883 , 0.610839 , -0.159701 , 0.0881013 , 0.640891 , -0.167891 , 0.0962701
19.4253 , 0.62232 , -0.164462 , 0.0888928 , 0.651393 , -0.172142 , 0.0958403
19.4665 , 0.630688 , -0.166143 , 0.0872049 , 0.657348 , -0.170594 , 0.0921549
19.4979 , 0.633355 , -0.163042 , 0.0837916 , 0.657065 , -0.163957 , 0.0885634
19.5325 , 0.630022 , -0.150017 , 0.0843412 , 0.649133 , -0.151559 , 0.0894349
19.5671 , 0.621054 , -0.137529 , 0.084702 , 0.636146 , -0.134202 , 0.089316
19.6005 , 0.605239 , -0.120333 , 0.084366 , 0.616976 , -0.115056 , 0.0888089
19.6367 , 0.584341 , -0.101379 , 0.0872768 , 0.593806 , -0.0966402 , 0.0837301
19.6673 , 0.561583 , -0.0807603 , 0.0816444 , 0.568185 , -0.0737839 , 0.0776926
19.7009 , 0.53693 , -0.0615749 , 0.0716287 , 0.541235 , -0.0550559 , 0.0652499
19.7342 , 0.50953 , -0.0422954 , 0.059933 , 0.51002 , -0.0346143 , 0.0525419
19.7699 , 0.478382 , -0.0219541 , 0.047654 , 0.475799 , -0.0113561 , 0.0392282
19.8044 , 0.444514 , -0.00243957 , 0.0397135 , 0.440082 , 0.00796039 , 0.0303953
19.8351 , 0.40953 , 0.0127189 , 0.0360059 , 0.402582 , 0.0262832 , 0.0229612
19.8689 , 0.373273 , 0.0266818 , 0.0340731 , 0.365973 , 0.0338706 , 0.0185884
19.9044 , 0.338567 , 0.033916 , 0.0321705 , 0.330468 , 0.0437009 , 0.0160869
19.9354 , 0.303384 , 0.0427346 , 0.0304537 , 0.296627 , 0.049206 , 0.0166229
19.9722 , 0.271662 , 0.0469519 , 0.0319072 , 0.264738 , 0.0555217 , 0.0203087
20.0036 , 0.241263 , 0.0616956 , 0.0345566 , 0.236502 , 0.0636738 , 0.022852
20.0375 , 0.221139 , 0.071057 , 0.0341481 , 0.211563 , 0.0859753 , 0.0241427
20.0729 , 0.203163 , 0.0831386 , 0.0316417 , 0.189398 , 0.103043 , 0.0267592
20.1065 , 0.185771 , 0.105508 , 0.0330057 , 0.17714 , 0.103206 , 0.0244604
20.1402 , 0.181443 , 0.106745 , 0.0287205 , 0.171972 , 0.0999569 , 0.0265192
20.1698 , 0.175135 , 0.111992 , 0.0314085 , 0.166857 , 0.102394 , 0.0341483
20.2056 , 0.173996 , 0.0986294 , 0.0387134 , 0.168061 , 0.101459 , 0.0379825
20.2363 , 0.182189 , 0.0980605 , 0.0363993 , 0.177927 , 0.095778 , 0.0368014
20.2725 , 0.189404 , 0.0938454 , 0.0392202 , 0.189356 , 0.0920616 , 0.036047
20.3062 , 0.197872 , 0.0898208 , 0.0407757 , 0.198571 , 0.0866151 , 0.0372381
20.3387 , 0.205203 , 0.0864822 , 0.0443216 , 0.19124 , 0.0793258 , 0.0395242
20.3725 , 0.210066 , 0.0804912 , 0.0479085 , 0.194616 , 0.0749919 , 0.0509473
20.408 , 0.213575 , 0.0791119 , 0.0510353 , 0.195368 , 0.0764359 , 0.0531802
20.4396 , 0.215672 , 0.0761896 , 0.0511421 , 0.19162 , 0.0783911 , 0.0529057
20.4762 , 0.215544 , 0.0735973 , 0.0493907 , 0.185198 , 0.0787367 , 0.0535062
20.5103 , 0.21244 , 0.0690633 , 0.0459394 , 0.179938 , 0.0775347 , 0.0556228
20.5414 , 0.205498 , 0.0696819 , 0.0471127 , 0.174935 , 0.078764 , 0.0568082
20.5745 , 0.197433 , 0.0736671 , 0.0449432 , 0.163967 , 0.0784643 , 0.0573472
20.6103 , 0.186998 , 0.0692146 , 0.0391463 , 0.153752 , 0.0664129 , 0.0547237
20.6466 , 0.169159 , 0.0592966 , 0.0319446 , 0.138849 , 0.0662885 , 0.0506178
20.6814 , 0.14727 , 0.0532627 , 0.0196096 , 0.122236 , 0.0519171 , 0.0368591
20.7282 , 0.124587 , 0.0392896 , 0.0166651 , 0.114842 , 0.0424156 , 0.0237204
20.7595 , 0.112607 , 0.0394296 , 0.0136982 , 0.106389 , 0.0372266 , 0.0185142
20.7941 , 0.105949 , 0.033889 , 0.0103326 , 0.0987667 , 0.0346778 , 0.0194012
20.8257 , 0.0979423 , 0.0288242 , 0.0140238 , 0.0911949 , 0.0343512 , 0.0227944
20.862 , 0.089664 , 0.0258877 , 0.0184095 , 0.0841669 , 0.0348479 , 0.0253124
20.8967 , 0.0820245 , 0.0249905 , 0.0198143 , 0.0755516 , 0.0373573 , 0.0294036
20.9279 , 0.0721035 , 0.0281577 , 0.0241488 , 0.0701711 , 0.041034 , 0.0306374
20.9601 , 0.0671411 , 0.0307436 , 0.0231026 , 0.0730575 , 0.0359397 , 0.0249445
20.9953 , 0.0632318 , 0.0300958 , 0.021798 , 0.070416 , 0.0391293 , 0.0227812
21.0308 , 0.0587229 , 0.0302172 , 0.0200772 , 0.0635495 , 0.0361784 , 0.0252545
21.0623 , 0.0536 , 0.0283894 , 0.0208458 , 0.0584035 , 0.0330352 , 0.0279803
21.0939 , 0.0530558 , 0.0208562 , 0.0173146 , 0.0556216 , 0.029124 , 0.0262124
21.1274 , 0.0427586 , 0.0221908 , 0.0226616 , 0.0514785 , 0.030643 , 0.0250729
21.1607 , 0.0435726 , 0.0167297 , 0.0165398 , 0.0439583 , 0.0346214 , 0.0272414
21.1971 , 0.0334955 , 0.0196923 , 0.0226295 , 0.0389028 , 0.0314016 , 0.0281083
21.2319 , 0.0281723 , 0.0221421 , 0.0211061 , 0.0376363 , 0.0299378 , 0.0229903
21.2661 , 0.0292009 , 0.0190112 , 0.0160065 , 0.0352782 , 0.0313275 , 0.0189085
21.2973 , 0.0261838 , 0.0195116 , 0.0155015 , 0.0339366 , 0.0304759 , 0.019407
21.3289 , 0.0248292 , 0.019931 , 0.0156475 , 0.0332726 , 0.0282173 , 0.0191849
21.3653 , 0.0248536 , 0.0194073 , 0.0147596 , 0.0329773 , 0.0305893 , 0.01899
21.3961 , 0.0198084 , 0.0273335 , 0.0208108 , 0.0302776 , 0.0362627 , 0.02176
21.438 , 0.0268256 , 0.0194824 , 0.0147807 , 0.0276376 , 0.0396767 , 0.0264627
21.4809 , 0.0213323 , 0.0250972 , 0.0206965 , 0.0285662 , 0.0370674 , 0.0284578
21.5144 , 0.0220859 , 0.0244986 , 0.0210058 , 0.02976 , 0.0363805 , 0.0279593
21.5506 , 0.0230637 , 0.0232596 , 0.0207896 , 0.0306715 , 0.036768 , 0.0266616
