627

0.026277 , -0.160413 , -0.111244 , 0.148263 , -0.15071 , -0.101835 , 0.1461
0.06183 , -0.161421 , -0.11809 , 0.148811 , -0.150288 , -0.1185 , 0.1426
0.098736 , -0.162372 , -0.124177 , 0.149309 , -0.161845 , -0.125821 , 0.14726
0.144522 , -0.163266 , -0.129598 , 0.149752 , -0.174107 , -0.128353 , 0.150349
0.184999 , -0.164102 , -0.134352 , 0.15013 , -0.177364 , -0.134962 , 0.151279
0.231934 , -0.164875 , -0.138484 , 0.150451 , -0.172589 , -0.139348 , 0.15156
0.282304 , -0.165594 , -0.142157 , 0.150711 , -0.166543 , -0.14129 , 0.151982
0.334268 , -0.16574 , -0.142873 , 0.150757 , -0.163317 , -0.142305 , 0.152269
0.384166 , -0.165741 , -0.142881 , 0.150758 , -0.162655 , -0.142604 , 0.152086
0.427998 , -0.165829 , -0.143274 , 0.150775 , -0.16319 , -0.143079 , 0.151432
0.46486 , -0.165831 , -0.143278 , 0.150775 , -0.163667 , -0.143307 , 0.150493
0.499438 , -0.165831 , -0.143278 , 0.150775 , -0.163868 , -0.143452 , 0.149643
0.546162 , -0.165831 , -0.143278 , 0.150775 , -0.164139 , -0.143523 , 0.1492
0.583012 , -0.165831 , -0.143278 , 0.150775 , -0.164466 , -0.143533 , 0.149139
0.629967 , -0.165831 , -0.143278 , 0.150775 , -0.16494 , -0.143479 , 0.149508
0.663016 , -0.165831 , -0.143278 , 0.150775 , -0.165525 , -0.143368 , 0.150224
0.69503 , -0.165831 , -0.143278 , 0.150775 , -0.166002 , -0.143248 , 0.15095
0.72971 , -0.165831 , -0.143278 , 0.150775 , -0.166568 , -0.143143 , 0.151636
0.763473 , -0.165831 , -0.143278 , 0.150775 , -0.166772 , -0.143063 , 0.152112
0.798211 , -0.165831 , -0.143278 , 0.150775 , -0.166717 , -0.143037 , 0.152246
0.829942 , -0.165831 , -0.143278 , 0.150775 , -0.166493 , -0.143062 , 0.152094
0.861793 , -0.165831 , -0.143278 , 0.150775 , -0.166108 , -0.143129 , 0.151686
0.895382 , -0.165831 , -0.143278 , 0.150775 , -0.165724 , -0.143206 , 0.151199
0.930903 , -0.165831 , -0.143278 , 0.150775 , -0.165538 , -0.14329 , 0.150706
0.96961 , -0.165831 , -0.143278 , 0.150775 , -0.16511 , -0.143304 , 0.150623
1.0149 , -0.165831 , -0.143278 , 0.150775 , -0.164979 , -0.143318 , 0.150526
1.04648 , -0.165831 , -0.143278 , 0.150775 , -0.165054 , -0.143321 , 0.150513
1.08114 , -0.165837 , -0.143287 , 0.150775 , -0.164677 , -0.143348 , 0.150402
1.11479 , -0.160854 , 0.350518 , 0.045305 , -0.154854 , 0.235393 , 0.0729661
1.14946 , -0.160854 , 0.350518 , 0.045305 , -0.158754 , 0.32162 , 0.0521711
1.18052 , -0.162455 , 0.348109 , 0.0445224 , -0.161799 , 0.341944 , 0.0460598
1.21819 , -0.16538 , 0.350259 , 0.0422975 , -0.166164 , 0.348199 , 0.0422586
1.25031 , -0.165406 , 0.349999 , 0.0422203 , -0.167161 , 0.349405 , 0.0411053
1.28194 , -0.165406 , 0.349999 , 0.0422203 , -0.166549 , 0.348199 , 0.0402088
1.31469 , -0.16591 , 0.347832 , 0.0407637 , -0.167695 , 0.347949 , 0.0396477
1.34984 , -0.166006 , 0.347677 , 0.0408769 , -0.16677 , 0.348379 , 0.0406307
1.38591 , -0.166423 , 0.346397 , 0.0412753 , -0.165946 , 0.346925 , 0.041481
1.42357 , -0.166461 , 0.345455 , 0.0417843 , -0.165315 , 0.347084 , 0.0424207
1.4693 , -0.166265 , 0.344598 , 0.0418241 , -0.165425 , 0.345551 , 0.0427215
1.50454 , -0.166074 , 0.34581 , 0.0416766 , -0.165628 , 0.345822 , 0.0423746
1.53782 , -0.165635 , 0.347878 , 0.041529 , -0.165376 , 0.346967 , 0.0423913
1.57035 , -0.164796 , 0.349504 , 0.0415888 , -0.164954 , 0.348945 , 0.0419943
1.60467 , -0.163645 , 0.347754 , 0.041967 , -0.163821 , 0.348442 , 0.0422741
1.63912 , -0.163293 , 0.348154 , 0.0421232 , -0.161254 , 0.34467 , 0.0429175
1.67336 , -0.161535 , 0.344866 , 0.0427652 , -0.15923 , 0.347246 , 0.0428449
1.70741 , -0.159848 , 0.346582 , 0.0429115 , -0.158587 , 0.347756 , 0.0437768
1.75217 , -0.158696 , 0.347547 , 0.0433448 , -0.156614 , 0.34901 , 0.0438367
1.78466 , -0.157039 , 0.348631 , 0.0439108 , -0.154955 , 0.347769 , 0.0446749
1.81816 , -0.155618 , 0.350248 , 0.0444365 , -0.155189 , 0.349724 , 0.0448536
1.8547 , -0.154167 , 0.350377 , 0.0454254 , -0.153895 , 0.349905 , 0.0454668
1.88958 , -0.154116 , 0.350174 , 0.045587 , -0.153125 , 0.350674 , 0.0453174
1.92168 , -0.153539 , 0.351487 , 0.0464795 , -0.153397 , 0.351051 , 0.0460536
1.95552 , -0.153075 , 0.35139 , 0.0467275 , -0.153252 , 0.351093 , 0.0463765
1.98751 , -0.152944 , 0.349979 , 0.046719 , -0.153463 , 0.350619 , 0.0478178
2.02246 , -0.153471 , 0.349811 , 0.0473485 , -0.153325 , 0.349957 , 0.0480818
2.06342 , -0.153998 , 0.351077 , 0.047006 , -0.153884 , 0.350768 , 0.0471512
2.10621 , -0.155091 , 0.350953 , 0.0470534 , -0.155128 , 0.350414 , 0.0473226
2.13725 , -0.15623 , 0.352445 , 0.0467082 , -0.155504 , 0.35139 , 0.0475506
2.17148 , -0.157207 , 0.352475 , 0.0462557 , -0.155222 , 0.351429 , 0.047775
2.20919 , -0.157887 , 0.35106 , 0.0461113 , -0.156419 , 0.352061 , 0.0461621
2.24109 , -0.159966 , 0.352244 , 0.0454467 , -0.159615 , 0.353696 , 0.0454643
2.27746 , -0.161626 , 0.349767 , 0.0458825 , -0.162006 , 0.352885 , 0.0452746
2.32979 , -0.163991 , 0.347746 , 0.0456844 , -0.165695 , 0.350954 , 0.0458116
2.37802 , -0.166994 , 0.347582 , 0.0448799 , -0.166871 , 0.349101 , 0.0477162
2.42319 , -0.168793 , 0.349654 , 0.0457324 , -0.167719 , 0.351622 , 0.0461268
2.45558 , -0.171505 , 0.349534 , 0.0458193 , -0.173858 , 0.352113 , 0.0445974
2.49119 , -0.175343 , 0.347457 , 0.0463864 , -0.178461 , 0.349 , 0.0438457
2.52279 , -0.181135 , 0.348906 , 0.0455959 , -0.184792 , 0.352112 , 0.0422703
2.55927 , -0.187841 , 0.352408 , 0.0403241 , -0.190376 , 0.351321 , 0.0394219
2.594 , -0.192394 , 0.344974 , 0.0401572 , -0.196918 , 0.346583 , 0.0361109
2.62522 , -0.198988 , 0.341437 , 0.0386943 , -0.203611 , 0.345212 , 0.0332695
2.657 , -0.207242 , 0.344724 , 0.0312348 , -0.208118 , 0.340958 , 0.0361611
2.69339 , -0.212986 , 0.338682 , 0.031361 , -0.211036 , 0.337215 , 0.035716
2.72799 , -0.218207 , 0.334249 , 0.0323111 , -0.217837 , 0.334174 , 0.0349392
2.76223 , -0.223217 , 0.333782 , 0.0323129 , -0.228281 , 0.331535 , 0.0303131
2.7943 , -0.234745 , 0.335321 , 0.0234418 , -0.234108 , 0.333155 , 0.0315035
2.8259 , -0.24171 , 0.327207 , 0.0266422 , -0.245866 , 0.334817 , 0.0233089
2.86119 , -0.24857 , 0.32624 , 0.0268558 , -0.253769 , 0.325801 , 0.0252885
2.89266 , -0.264015 , 0.330386 , 0.0188605 , -0.26525 , 0.323929 , 0.0244765
2.92562 , -0.273182 , 0.323044 , 0.0227173 , -0.283823 , 0.329941 , 0.016023
2.9595 , -0.289321 , 0.321649 , 0.0184624 , -0.299373 , 0.326601 , 0.0114918
2.99668 , -0.304795 , 0.315581 , 0.0134037 , -0.313162 , 0.312909 , 0.0138007
3.03554 , -0.325149 , 0.318533 , 0.00626109 , -0.328825 , 0.307405 , 0.0099992
3.0784 , -0.340246 , 0.302269 , 0.00808811 , -0.350109 , 0.311659 , 0.00270553
3.11008 , -0.358981 , 0.311221 , 0.00051745 , -0.366472 , 0.30101 , 0.00284056
3.1419 , -0.381156 , 0.311966 , -0.00647197 , -0.38338 , 0.302783 , -0.000402971
3.17613 , -0.403035 , 0.31063 , -0.0109062 , -0.403501 , 0.300376 , -0.00504778
3.21035 , -0.423074 , 0.304698 , -0.0146437 , -0.426258 , 0.29431 , -0.0118186
3.24492 , -0.444523 , 0.300349 , -0.0215087 , -0.451027 , 0.286177 , -0.0189144
3.27824 , -0.464711 , 0.289567 , -0.0251481 , -0.472715 , 0.288587 , -0.0289481
3.30887 , -0.486197 , 0.28405 , -0.0326172 , -0.494332 , 0.284274 , -0.0328929
3.34338 , -0.506201 , 0.287277 , -0.0413333 , -0.514952 , 0.281502 , -0.0405011
3.37789 , -0.526101 , 0.283832 , -0.0479696 , -0.531094 , 0.280668 , -0.0463346
3.41243 , -0.542108 , 0.282237 , -0.052965 , -0.546001 , 0.287006 , -0.0561044
3.44609 , -0.557744 , 0.290194 , -0.0645005 , -0.558071 , 0.283636 , -0.0602814
3.4766 , -0.567223 , 0.27785 , -0.0622701 , -0.569279 , 0.286179 , -0.0665752
3.51613 , -0.577763 , 0.281899 , -0.0712099 , -0.578518 , 0.280479 , -0.0713163
3.55294 , -0.588119 , 0.281619 , -0.0779175 , -0.589881 , 0.27773 , -0.0784198
3.60027 , -0.596197 , 0.277104 , -0.0808739 , -0.596932 , 0.273873 , -0.0849212
3.6294 , -0.603957 , 0.270122 , -0.0879109 , -0.607954 , 0.274342 , -0.0917965
3.66601 , -0.611723 , 0.270115 , -0.0973229 , -0.61574 , 0.260903 , -0.0984524
3.69474 , -0.619033 , 0.257294 , -0.101581 , -0.625238 , 0.254747 , -0.10898
3.73151 , -0.625138 , 0.243895 , -0.110531 , -0.631151 , 0.248931 , -0.121249
3.76326 , -0.629097 , 0.237386 , -0.11747 , -0.636124 , 0.246345 , -0.134828
3.79723 , -0.632128 , 0.236875 , -0.130454 , -0.635154 , 0.231375 , -0.139124
3.83218 , -0.631343 , 0.228133 , -0.138758 , -0.63295 , 0.221302 , -0.141283
3.86552 , -0.628179 , 0.219149 , -0.145544 , -0.627461 , 0.212115 , -0.146893
3.89603 , -0.619988 , 0.208817 , -0.145957 , -0.620464 , 0.204392 , -0.151858
3.93166 , -0.61241 , 0.202229 , -0.153878 , -0.609711 , 0.203796 , -0.154843
3.96545 , -0.602938 , 0.203194 , -0.153583 , -0.599187 , 0.205555 , -0.157264
3.99967 , -0.590714 , 0.208417 , -0.155094 , -0.586875 , 0.207476 , -0.155453
4.03323 , -0.576866 , 0.208553 , -0.151822 , -0.572985 , 0.210105 , -0.152941
4.06387 , -0.562481 , 0.211821 , -0.150087 , -0.559347 , 0.212727 , -0.151421
4.09928 , -0.546886 , 0.213936 , -0.147331 , -0.542114 , 0.213991 , -0.148781
4.13283 , -0.531121 , 0.214043 , -0.141982 , -0.527838 , 0.221933 , -0.143491
4.16744 , -0.512401 , 0.217384 , -0.134334 , -0.508837 , 0.221791 , -0.134675
4.20164 , -0.494076 , 0.228433 , -0.127384 , -0.487473 , 0.237855 , -0.121447
4.23155 , -0.473608 , 0.234117 , -0.119565 , -0.465815 , 0.237669 , -0.115589
4.2671 , -0.450547 , 0.230712 , -0.10868 , -0.443266 , 0.240144 , -0.110117
4.30051 , -0.426942 , 0.234737 , -0.101275 , -0.417672 , 0.234231 , -0.100627
4.33501 , -0.401692 , 0.237981 , -0.0927631 , -0.393415 , 0.2424 , -0.0908969
4.36577 , -0.376884 , 0.252866 , -0.0845219 , -0.364378 , 0.253431 , -0.0776829
4.40034 , -0.346786 , 0.253685 , -0.0682697 , -0.338187 , 0.262889 , -0.0658886
4.4349 , -0.318691 , 0.268549 , -0.0562887 , -0.307905 , 0.270255 , -0.0499232
4.46836 , -0.288318 , 0.279697 , -0.0423677 , -0.277802 , 0.282804 , -0.0372586
4.50293 , -0.258671 , 0.283918 , -0.0267141 , -0.248536 , 0.289355 , -0.0232706
4.53346 , -0.228699 , 0.303809 , -0.0158195 , -0.21916 , 0.305302 , -0.0106279
4.56806 , -0.200348 , 0.317653 , -0.00228605 , -0.193091 , 0.318974 , 0.00238108
4.60258 , -0.171937 , 0.334344 , 0.0125071 , -0.166935 , 0.323479 , 0.0156919
4.63618 , -0.149713 , 0.344152 , 0.0226984 , -0.140153 , 0.325324 , 0.0320311
4.67067 , -0.12584 , 0.353391 , 0.0381199 , -0.118675 , 0.354799 , 0.0396202
4.70129 , -0.102974 , 0.366291 , 0.051953 , -0.0951974 , 0.370636 , 0.0552636
4.73587 , -0.0834813 , 0.358352 , 0.0587823 , -0.0746418 , 0.362027 , 0.0644012
4.77025 , -0.0588913 , 0.379786 , 0.0746896 , -0.053558 , 0.36502 , 0.0754771
4.80401 , -0.0399002 , 0.37824 , 0.0826225 , -0.0357443 , 0.389523 , 0.0846992
4.83851 , -0.0233484 , 0.377562 , 0.0911633 , -0.0183026 , 0.389264 , 0.094845
4.86893 , -0.00931102 , 0.383787 , 0.100649 , -0.00425142 , 0.388861 , 0.100585
4.90613 , 0.00838994 , 0.416082 , 0.112519 , 0.0116282 , 0.412547 , 0.111111
4.94324 , 0.0201927 , 0.401815 , 0.119566 , 0.0268799 , 0.425262 , 0.122024
4.97962 , 0.031856 , 0.403946 , 0.127112 , 0.0400828 , 0.422054 , 0.13198
5.02209 , 0.0423437 , 0.421264 , 0.132703 , 0.0502445 , 0.419986 , 0.137964
5.05647 , 0.0540382 , 0.412727 , 0.142364 , 0.057671 , 0.41954 , 0.141663
5.08999 , 0.0617156 , 0.411566 , 0.146573 , 0.0664329 , 0.419014 , 0.149864
5.12089 , 0.0660717 , 0.405825 , 0.150599 , 0.0739922 , 0.425594 , 0.157368
5.15526 , 0.0718521 , 0.414873 , 0.156242 , 0.0773891 , 0.415673 , 0.160232
5.18979 , 0.0744324 , 0.416231 , 0.15865 , 0.0792789 , 0.417713 , 0.162739
5.22447 , 0.075891 , 0.427681 , 0.163139 , 0.0793615 , 0.418911 , 0.164474
5.25794 , 0.0724604 , 0.417527 , 0.161878 , 0.0767382 , 0.419977 , 0.164499
5.28847 , 0.0703532 , 0.423845 , 0.162545 , 0.0721547 , 0.415252 , 0.162956
5.32326 , 0.0599863 , 0.416288 , 0.155153 , 0.0633254 , 0.412278 , 0.157813
5.35755 , 0.0495161 , 0.410076 , 0.150701 , 0.0519783 , 0.405973 , 0.150064
5.39201 , 0.0420866 , 0.419094 , 0.142482 , 0.0383649 , 0.40519 , 0.139203
5.42467 , 0.0288694 , 0.394129 , 0.132939 , 0.0238239 , 0.382128 , 0.128581
5.45881 , 0.0149175 , 0.379521 , 0.121176 , 0.0116236 , 0.371858 , 0.119338
5.48968 , -0.000165186 , 0.365639 , 0.109905 , -0.002551 , 0.357021 , 0.107551
5.52527 , -0.0186808 , 0.342038 , 0.0923732 , -0.0192322 , 0.339262 , 0.0939984
5.55989 , -0.0319866 , 0.337957 , 0.0819371 , -0.0361589 , 0.326507 , 0.0792359
5.59344 , -0.049719 , 0.320334 , 0.0701421 , -0.0531775 , 0.307842 , 0.0693325
5.62399 , -0.067279 , 0.310978 , 0.0585875 , -0.0683765 , 0.303831 , 0.058008
5.65953 , -0.0842158 , 0.292315 , 0.0490701 , -0.0888702 , 0.297082 , 0.0450239
5.69315 , -0.104389 , 0.28619 , 0.0376666 , -0.109943 , 0.28441 , 0.0340029
5.7246 , -0.124114 , 0.283608 , 0.0261118 , -0.131649 , 0.273218 , 0.0247426
5.76122 , -0.148189 , 0.274399 , 0.0157121 , -0.151617 , 0.270441 , 0.0154602
5.79167 , -0.1692 , 0.266902 , 0.0073475 , -0.172572 , 0.262393 , 0.00971093
5.82721 , -0.193275 , 0.261105 , -0.00106359 , -0.197465 , 0.259263 , -0.0025134
5.86071 , -0.215151 , 0.250232 , -0.00291203 , -0.22253 , 0.257041 , -0.010651
5.89531 , -0.241097 , 0.254987 , -0.00708791 , -0.249193 , 0.257692 , -0.0186719
5.92883 , -0.269049 , 0.253901 , -0.0280428 , -0.27152 , 0.252266 , -0.0210148
5.95943 , -0.290649 , 0.249488 , -0.0321091 , -0.293372 , 0.251134 , -0.0263177
5.99933 , -0.312096 , 0.239248 , -0.0365478 , -0.315472 , 0.247383 , -0.030715
6.03674 , -0.332947 , 0.238682 , -0.0423273 , -0.33824 , 0.244876 , -0.035089
6.08054 , -0.355385 , 0.235241 , -0.0456615 , -0.358426 , 0.241989 , -0.0391358
6.11418 , -0.376185 , 0.24411 , -0.0533539 , -0.382364 , 0.241213 , -0.0459713
6.14822 , -0.40105 , 0.244991 , -0.0602248 , -0.406973 , 0.241357 , -0.0525688
6.18052 , -0.424553 , 0.235469 , -0.063927 , -0.434377 , 0.244581 , -0.0614234
6.21122 , -0.44965 , 0.240924 , -0.0675519 , -0.459548 , 0.236925 , -0.0683373
6.24487 , -0.472253 , 0.233812 , -0.0708821 , -0.486267 , 0.226537 , -0.0793072
6.28031 , -0.501081 , 0.231094 , -0.0791931 , -0.514965 , 0.230487 , -0.0834579
6.31487 , -0.528747 , 0.229624 , -0.0869018 , -0.542299 , 0.224824 , -0.0886799
6.34876 , -0.557187 , 0.22093 , -0.0952817 , -0.571435 , 0.217025 , -0.0988769
6.38293 , -0.586624 , 0.207985 , -0.102605 , -0.600107 , 0.207807 , -0.106405
6.41258 , -0.614372 , 0.188708 , -0.109168 , -0.628999 , 0.199743 , -0.112939
6.44928 , -0.643188 , 0.184721 , -0.117442 , -0.658611 , 0.198816 , -0.127518
6.48319 , -0.67187 , 0.179506 , -0.132071 , -0.686966 , 0.183003 , -0.139669
6.51513 , -0.700675 , 0.16601 , -0.145583 , -0.714342 , 0.169579 , -0.154969
6.54854 , -0.727583 , 0.155688 , -0.164154 , -0.740424 , 0.148709 , -0.167342
6.58313 , -0.753382 , 0.143351 , -0.170548 , -0.760779 , 0.13209 , -0.175222
6.61384 , -0.77235 , 0.117541 , -0.178641 , -0.778917 , 0.113247 , -0.183592
6.65027 , -0.789745 , 0.0999726 , -0.187107 , -0.793828 , 0.0964395 , -0.196074
6.68084 , -0.804433 , 0.0857054 , -0.196687 , -0.807274 , 0.0821663 , -0.202753
6.71557 , -0.815043 , 0.0753664 , -0.207758 , -0.816744 , 0.0735365 , -0.216418
6.74995 , -0.822993 , 0.0633334 , -0.214568 , -0.823059 , 0.0653714 , -0.227732
6.78441 , -0.825472 , 0.0550939 , -0.224875 , -0.826002 , 0.0543797 , -0.234709
6.81799 , -0.826652 , 0.0537663 , -0.238903 , -0.824285 , 0.0478649 , -0.243339
6.84869 , -0.824206 , 0.0527804 , -0.24913 , -0.821827 , 0.0457074 , -0.250991
6.88321 , -0.82213 , 0.0617023 , -0.26232 , -0.820452 , 0.0554594 , -0.262466
6.9176 , -0.819898 , 0.0749574 , -0.273695 , -0.819696 , 0.0730679 , -0.276679
6.95224 , -0.817312 , 0.0853892 , -0.277514 , -0.819502 , 0.0905226 , -0.283164
6.98466 , -0.813347 , 0.0903753 , -0.280192 , -0.811608 , 0.0854091 , -0.284794
7.01735 , -0.806293 , 0.063625 , -0.269039 , -0.805481 , 0.0666157 , -0.276844
7.05103 , -0.800427 , 0.0668411 , -0.272292 , -0.798789 , 0.0640401 , -0.273662
7.08565 , -0.792341 , 0.0657009 , -0.271171 , -0.790187 , 0.0729457 , -0.279141
7.12143 , -0.782007 , 0.0736352 , -0.273925 , -0.779026 , 0.0876446 , -0.285103
7.15087 , -0.77032 , 0.0774306 , -0.274598 , -0.769664 , 0.0982467 , -0.288421
7.18517 , -0.756987 , 0.0963581 , -0.292904 , -0.754976 , 0.100926 , -0.293238
7.21964 , -0.740582 , 0.0958217 , -0.288324 , -0.736232 , 0.0877997 , -0.28834
7.25319 , -0.727204 , 0.0781058 , -0.27412 , -0.721714 , 0.0745948 , -0.271066
7.28772 , -0.715101 , 0.085624 , -0.266709 , -0.710121 , 0.0827792 , -0.262025
7.32135 , -0.699668 , 0.0903446 , -0.259347 , -0.692269 , 0.100926 , -0.263352
7.35727 , -0.679268 , 0.103378 , -0.256902 , -0.67632 , 0.118282 , -0.263855
7.3922 , -0.658731 , 0.119329 , -0.251808 , -0.657937 , 0.119005 , -0.249191
7.42329 , -0.637422 , 0.119304 , -0.24016 , -0.637462 , 0.11901 , -0.242615
7.45803 , -0.621337 , 0.109128 , -0.222672 , -0.612397 , 0.105741 , -0.219054
7.4871 , -0.60037 , 0.113472 , -0.2092 , -0.591279 , 0.101405 , -0.203226
7.52558 , -0.574883 , 0.108772 , -0.194068 , -0.566519 , 0.107351 , -0.19161
7.56009 , -0.548926 , 0.112979 , -0.183321 , -0.539097 , 0.109268 , -0.180609
7.59212 , -0.522975 , 0.114463 , -0.175287 , -0.512858 , 0.106984 , -0.170503
7.62112 , -0.496469 , 0.113823 , -0.163035 , -0.487413 , 0.107643 , -0.157253
7.65701 , -0.470186 , 0.107428 , -0.144111 , -0.459707 , 0.108614 , -0.141901
7.69234 , -0.441169 , 0.109998 , -0.128332 , -0.430486 , 0.111824 , -0.123622
7.72111 , -0.411021 , 0.119061 , -0.113714 , -0.400731 , 0.118991 , -0.110867
7.7576 , -0.37627 , 0.115826 , -0.0978738 , -0.371323 , 0.123783 , -0.0977345
7.79094 , -0.35299 , 0.121876 , -0.088209 , -0.341372 , 0.124809 , -0.0899443
7.82453 , -0.322237 , 0.124326 , -0.0851033 , -0.311867 , 0.122815 , -0.0823037
7.85636 , -0.292441 , 0.108525 , -0.0733463 , -0.281941 , 0.107951 , -0.0722187
7.89203 , -0.255338 , 0.0888366 , -0.0653729 , -0.248228 , 0.0890026 , -0.0689458
7.92502 , -0.230904 , 0.0760599 , -0.0617955 , -0.21702 , 0.0757723 , -0.0640762
7.96115 , -0.19836 , 0.0673516 , -0.0641888 , -0.187025 , 0.0560301 , -0.0648499
7.99187 , -0.165112 , 0.0446326 , -0.0653195 , -0.151773 , 0.0403348 , -0.0709112
8.02554 , -0.12809 , 0.0307686 , -0.0719089 , -0.111949 , 0.0240886 , -0.0706412
8.06014 , -0.0871987 , 0.0173292 , -0.0724815 , -0.0702207 , 0.0180969 , -0.0729658
8.09228 , -0.0452636 , 0.00966647 , -0.0728365 , -0.0301455 , 0.0062278 , -0.0720371
8.12669 , -0.00837003 , -0.00215629 , -0.0732446 , 0.00480758 , -0.00788246 , -0.0722078
8.16315 , 0.02302 , -0.0329396 , -0.0743948 , 0.0364687 , -0.0115626 , -0.0694973
8.1941 , 0.0527988 , -0.0340695 , -0.0696348 , 0.0631888 , -0.0287225 , -0.0705189
8.22644 , 0.0736179 , -0.0304515 , -0.070009 , 0.0823076 , -0.031026 , -0.072059
8.26095 , 0.0859586 , -0.0298544 , -0.0693768 , 0.091629 , -0.0247716 , -0.0709943
8.29481 , 0.0936672 , -0.0113255 , -0.0670383 , 0.0991015 , -0.0172411 , -0.0695472
8.32496 , 0.0998191 , -0.0115322 , -0.0633756 , 0.102389 , -0.0163877 , -0.0684286
8.35954 , 0.0978565 , -0.0230012 , -0.0706515 , 0.102936 , -0.0185772 , -0.0680518
8.39403 , 0.093007 , -0.0523644 , -0.0739086 , 0.096278 , -0.0386357 , -0.0766702
8.42865 , 0.090764 , -0.0465669 , -0.0720674 , 0.090753 , -0.0563052 , -0.0747263
8.46207 , 0.0838768 , -0.0612776 , -0.0731389 , 0.0824 , -0.0676143 , -0.0746378
8.49886 , 0.0768049 , -0.0574613 , -0.0700068 , 0.0747985 , -0.0723988 , -0.0726219
8.53321 , 0.0670924 , -0.0600085 , -0.0689843 , 0.0645155 , -0.071342 , -0.0679561
8.56925 , 0.055084 , -0.0588423 , -0.0664078 , 0.0528667 , -0.0661149 , -0.062031
8.61244 , 0.0389185 , -0.069465 , -0.0627853 , 0.0419226 , -0.0559707 , -0.0600642
8.64762 , 0.0255493 , -0.0616947 , -0.0578059 , 0.0261427 , -0.0570208 , -0.0544564
8.68193 , 0.0156817 , -0.0526348 , -0.0545654 , 0.0143149 , -0.0496768 , -0.0522524
8.71272 , 0.000610531 , -0.0420679 , -0.0514696 , 0.000505832 , -0.0507903 , -0.0507696
8.74705 , -0.0126186 , -0.0409617 , -0.0536297 , -0.0136491 , -0.0413504 , -0.0524271
8.78377 , -0.0270343 , -0.0356276 , -0.0547295 , -0.0282984 , -0.0400432 , -0.0531801
8.82017 , -0.0434735 , -0.0378669 , -0.0553984 , -0.0453321 , -0.0396883 , -0.0553719
8.86312 , -0.0613011 , -0.0374774 , -0.0579759 , -0.0645804 , -0.0400561 , -0.0582248
8.89742 , -0.080082 , -0.0344439 , -0.056683 , -0.0865774 , -0.0417545 , -0.0601063
8.9319 , -0.103814 , -0.0357495 , -0.0591259 , -0.108324 , -0.0322075 , -0.0597556
8.96545 , -0.128261 , -0.0288897 , -0.0584275 , -0.140724 , -0.0355989 , -0.0552538
8.99681 , -0.159801 , -0.0274179 , -0.0619004 , -0.162072 , -0.0334238 , -0.0600516
9.0316 , -0.179986 , -0.00442053 , -0.0613019 , -0.184211 , 0.000996566 , -0.0597749
9.06328 , -0.206634 , 0.0145989 , -0.0570829 , -0.214062 , 0.0141099 , -0.0487511
9.09981 , -0.237964 , 0.0307944 , -0.0576456 , -0.245974 , 0.0367717 , -0.039239
9.1352 , -0.272191 , 0.056883 , -0.0498895 , -0.274842 , 0.0606683 , -0.0544378
9.16501 , -0.294228 , 0.0766029 , -0.046593 , -0.304895 , 0.0722534 , -0.030875
9.1994 , -0.319691 , 0.0953749 , -0.0340362 , -0.33061 , 0.0993105 , -0.0223203
9.23283 , -0.345414 , 0.118676 , -0.0121646 , -0.354354 , 0.125376 , -0.0117431
9.2674 , -0.367856 , 0.149473 , -0.0104283 , -0.379458 , 0.154473 , -0.00770812
9.30096 , -0.393705 , 0.173382 , -0.00202487 , -0.40738 , 0.180038 , 0.00928543
9.33146 , -0.427 , 0.205527 , 0.00313716 , -0.438117 , 0.217402 , 0.00352248
9.36703 , -0.454474 , 0.238184 , 0.00510593 , -0.467714 , 0.25583 , -0.00196122
9.40063 , -0.485167 , 0.275498 , -0.00926657 , -0.503612 , 0.291676 , -0.0119827
9.43521 , -0.517265 , 0.299134 , -0.0228006 , -0.535624 , 0.312266 , -0.029118
9.46837 , -0.555838 , 0.304435 , -0.0301854 , -0.570043 , 0.328503 , -0.0449058
9.49941 , -0.587675 , 0.329674 , -0.0608589 , -0.603928 , 0.322455 , -0.0560379
9.53483 , -0.617548 , 0.3224 , -0.0707158 , -0.634083 , 0.318673 , -0.0742023
9.56837 , -0.649002 , 0.31651 , -0.0845931 , -0.665201 , 0.314211 , -0.0897295
9.60287 , -0.681374 , 0.308406 , -0.105227 , -0.695267 , 0.30239 , -0.107032
9.63375 , -0.712552 , 0.292368 , -0.120563 , -0.725364 , 0.289081 , -0.122662
9.66803 , -0.743826 , 0.272094 , -0.134156 , -0.752744 , 0.265623 , -0.138559
9.7026 , -0.771209 , 0.250505 , -0.15387 , -0.778767 , 0.238073 , -0.151096
9.73905 , -0.794905 , 0.216252 , -0.163214 , -0.802493 , 0.211116 , -0.163164
9.76769 , -0.818447 , 0.194746 , -0.173768 , -0.8235 , 0.177593 , -0.174274
9.8022 , -0.83534 , 0.154224 , -0.181148 , -0.844332 , 0.148717 , -0.189439
9.83881 , -0.853551 , 0.133963 , -0.194186 , -0.860136 , 0.122551 , -0.202766
9.86839 , -0.870004 , 0.117988 , -0.214234 , -0.870987 , 0.0931263 , -0.207177
9.90399 , -0.879318 , 0.0881227 , -0.216011 , -0.879375 , 0.0800553 , -0.225944
9.93847 , -0.884623 , 0.0898029 , -0.240523 , -0.882801 , 0.0729134 , -0.238638
9.9691 , -0.884165 , 0.0727848 , -0.246491 , -0.882583 , 0.0684168 , -0.253963
10.0043 , -0.880203 , 0.0630604 , -0.255406 , -0.881056 , 0.0710635 , -0.270021
10.0383 , -0.87415 , 0.0638373 , -0.266265 , -0.874151 , 0.0694558 , -0.279996
10.0728 , -0.864215 , 0.0704316 , -0.280155 , -0.863352 , 0.075763 , -0.294839
10.1062 , -0.85112 , 0.0725483 , -0.291203 , -0.848233 , 0.0690319 , -0.292487
10.1369 , -0.835631 , 0.0653392 , -0.287376 , -0.832765 , 0.0637772 , -0.293672
10.1716 , -0.820345 , 0.0628185 , -0.290437 , -0.823566 , 0.0702294 , -0.296903
10.2061 , -0.805824 , 0.0588196 , -0.292863 , -0.804745 , 0.0572396 , -0.301127
10.2404 , -0.797662 , 0.0704323 , -0.301607 , -0.790864 , 0.0449799 , -0.303067
10.2711 , -0.784889 , 0.038975 , -0.300359 , -0.786163 , 0.0413409 , -0.303804
10.3056 , -0.777748 , 0.032134 , -0.301227 , -0.776741 , 0.0108855 , -0.30084
10.3393 , -0.768284 , 0.0159932 , -0.318841 , -0.769294 , 0.0107995 , -0.314648
10.3736 , -0.762604 , 0.0118426 , -0.317656 , -0.762374 , -0.00222132 , -0.312165
10.4082 , -0.756689 , -0.0304624 , -0.30252 , -0.758249 , -0.0245111 , -0.302517
10.4418 , -0.748303 , -0.0256119 , -0.314896 , -0.752295 , -0.0239068 , -0.307004
10.4723 , -0.742468 , -0.0282108 , -0.313683 , -0.743138 , -0.0155362 , -0.30939
10.5079 , -0.733933 , -0.0170368 , -0.315047 , -0.733268 , -0.00622456 , -0.306887
10.5414 , -0.724119 , -0.000207826 , -0.308337 , -0.72 , 0.00159475 , -0.301454
10.5758 , -0.71003 , 0.0142018 , -0.293063 , -0.703075 , 0.0200721 , -0.283997
10.6095 , -0.692007 , 0.0376568 , -0.274838 , -0.683774 , 0.0466038 , -0.26782
10.6404 , -0.66988 , 0.056758 , -0.249503 , -0.660905 , 0.0729854 , -0.249489
10.6756 , -0.645576 , 0.0855087 , -0.225958 , -0.634761 , 0.10467 , -0.21944
10.709 , -0.619885 , 0.127228 , -0.204026 , -0.608359 , 0.144444 , -0.193572
10.7437 , -0.592045 , 0.174161 , -0.17896 , -0.58031 , 0.188284 , -0.165755
10.7822 , -0.562859 , 0.219369 , -0.153749 , -0.548548 , 0.225573 , -0.146161
10.83 , -0.527684 , 0.252923 , -0.135405 , -0.512402 , 0.259147 , -0.124439
10.87 , -0.488783 , 0.280228 , -0.111065 , -0.474069 , 0.293864 , -0.0998333
10.9101 , -0.44164 , 0.305071 , -0.0756858 , -0.431577 , 0.312266 , -0.0667788
10.9467 , -0.398672 , 0.321224 , -0.0419505 , -0.384949 , 0.331195 , -0.0293563
10.9779 , -0.354181 , 0.333778 , -0.00892825 , -0.341898 , 0.344293 , -0.00134166
11.0193 , -0.311661 , 0.347947 , 0.0172482 , -0.299809 , 0.365785 , 0.0229868
11.0625 , -0.27124 , 0.359906 , 0.0383337 , -0.260842 , 0.352801 , 0.042185
11.0968 , -0.234614 , 0.355444 , 0.0518127 , -0.22518 , 0.360385 , 0.057107
11.1309 , -0.200516 , 0.361562 , 0.0650689 , -0.190156 , 0.367424 , 0.069768
11.1618 , -0.167341 , 0.37513 , 0.077514 , -0.156147 , 0.375836 , 0.0794501
11.1954 , -0.137752 , 0.382207 , 0.0818575 , -0.128521 , 0.374743 , 0.0810629
11.2301 , -0.114696 , 0.375861 , 0.0782927 , -0.106721 , 0.369251 , 0.072835
11.2644 , -0.0966782 , 0.36588 , 0.0662865 , -0.093589 , 0.344669 , 0.0667537
11.2973 , -0.0813184 , 0.33481 , 0.0527347 , -0.076102 , 0.32285 , 0.0449702
11.328 , -0.0687575 , 0.30512 , 0.0385171 , -0.0569927 , 0.296747 , 0.0310847
11.3615 , -0.0542126 , 0.269695 , 0.0260812 , -0.0423589 , 0.256629 , 0.0167333
11.3959 , -0.0409717 , 0.236093 , 0.0140221 , -0.0311552 , 0.228929 , 0.00614585
11.4307 , -0.0330787 , 0.209651 , 0.0012871 , -0.0245584 , 0.232878 , -0.00608554
11.4643 , -0.0222901 , 0.219561 , -0.00637864 , -0.0144335 , 0.195621 , -0.00732999
11.4988 , -0.0168321 , 0.187045 , -0.013184 , -0.00929092 , 0.178684 , -0.0122249
11.5296 , -0.0116748 , 0.164479 , -0.0119146 , -0.00565304 , 0.171268 , -0.0138427
11.5638 , -0.0090941 , 0.167282 , -0.0137253 , -0.00632627 , 0.173753 , -0.0192495
11.5983 , -0.0106215 , 0.170319 , -0.0191241 , -0.0132236 , 0.171153 , -0.0198676
11.6319 , -0.0188215 , 0.170163 , -0.0223885 , -0.0180806 , 0.168294 , -0.021817
11.6663 , -0.0316795 , 0.172051 , -0.0283113 , -0.0297017 , 0.164557 , -0.0272781
11.7037 , -0.0427694 , 0.155935 , -0.0328746 , -0.0490464 , 0.153551 , -0.0349437
11.7382 , -0.0645484 , 0.142653 , -0.0413483 , -0.0691515 , 0.143683 , -0.0435317
11.7712 , -0.087322 , 0.137986 , -0.0514314 , -0.0960891 , 0.130883 , -0.0533165
11.8018 , -0.115345 , 0.120479 , -0.061641 , -0.120045 , 0.120302 , -0.0648081
11.8346 , -0.143075 , 0.102424 , -0.0713298 , -0.148394 , 0.109238 , -0.0774219
11.8669 , -0.172006 , 0.100837 , -0.0838125 , -0.179081 , 0.0968435 , -0.0888392
11.8993 , -0.207117 , 0.0867337 , -0.0958781 , -0.213381 , 0.0912559 , -0.103129
11.9339 , -0.24293 , 0.0745201 , -0.108256 , -0.248315 , 0.0756228 , -0.112725
11.9684 , -0.273768 , 0.0700185 , -0.116622 , -0.281982 , 0.0673712 , -0.120035
12.0026 , -0.309094 , 0.0663987 , -0.124323 , -0.318185 , 0.0650564 , -0.126411
12.0375 , -0.346525 , 0.0673205 , -0.126799 , -0.356243 , 0.0659823 , -0.127985
12.0669 , -0.383639 , 0.0750592 , -0.129299 , -0.390849 , 0.0768177 , -0.12841
12.102 , -0.418492 , 0.0783741 , -0.128759 , -0.422666 , 0.0777691 , -0.125179
12.1381 , -0.448606 , 0.0768602 , -0.127536 , -0.45635 , 0.082769 , -0.122701
12.1685 , -0.48129 , 0.0853136 , -0.12307 , -0.492425 , 0.0789288 , -0.111689
12.2028 , -0.515724 , 0.0917442 , -0.125136 , -0.523866 , 0.0907846 , -0.114164
12.2372 , -0.545879 , 0.0969302 , -0.112684 , -0.55431 , 0.100918 , -0.111331
12.2708 , -0.575183 , 0.111783 , -0.114278 , -0.582833 , 0.109691 , -0.111494
12.3053 , -0.600474 , 0.125779 , -0.116345 , -0.608463 , 0.129156 , -0.107673
12.3392 , -0.62237 , 0.128952 , -0.115939 , -0.629906 , 0.130249 , -0.116707
12.3714 , -0.643866 , 0.142718 , -0.123616 , -0.652887 , 0.148448 , -0.113319
12.4015 , -0.662488 , 0.153022 , -0.114933 , -0.67083 , 0.151355 , -0.115046
12.4375 , -0.67723 , 0.157336 , -0.11732 , -0.684503 , 0.160422 , -0.102522
12.4731 , -0.692151 , 0.178001 , -0.116541 , -0.698423 , 0.171263 , -0.113943
12.5036 , -0.702921 , 0.188003 , -0.119306 , -0.710989 , 0.180373 , -0.115269
12.5385 , -0.713756 , 0.191944 , -0.107592 , -0.721372 , 0.190913 , -0.110744
12.5713 , -0.72569 , 0.192483 , -0.111978 , -0.731649 , 0.201569 , -0.110653
12.6056 , -0.736412 , 0.205267 , -0.111904 , -0.738438 , 0.208461 , -0.108992
12.6407 , -0.743207 , 0.210513 , -0.111847 , -0.744721 , 0.206796 , -0.107411
12.6738 , -0.752333 , 0.21157 , -0.115099 , -0.753496 , 0.210276 , -0.112162
12.7037 , -0.756559 , 0.196018 , -0.113075 , -0.756099 , 0.19692 , -0.11568
12.7391 , -0.760987 , 0.197944 , -0.127371 , -0.759316 , 0.181894 , -0.121742
12.7725 , -0.765087 , 0.181602 , -0.131455 , -0.763366 , 0.173373 , -0.134359
12.807 , -0.768099 , 0.167086 , -0.138825 , -0.766538 , 0.163533 , -0.141951
12.8377 , -0.774443 , 0.163926 , -0.146897 , -0.771513 , 0.154096 , -0.150112
12.8722 , -0.779078 , 0.1549 , -0.156861 , -0.779611 , 0.150529 , -0.163948
12.9068 , -0.784689 , 0.151723 , -0.167702 , -0.786289 , 0.142762 , -0.172033
12.9403 , -0.79103 , 0.142723 , -0.174912 , -0.794028 , 0.136766 , -0.181058
12.9749 , -0.800204 , 0.13388 , -0.178273 , -0.804233 , 0.134859 , -0.187986
13.0075 , -0.811167 , 0.13339 , -0.18794 , -0.815085 , 0.121817 , -0.19246
13.0405 , -0.822258 , 0.117981 , -0.196176 , -0.829841 , 0.117199 , -0.208335
13.0746 , -0.837689 , 0.114845 , -0.20827 , -0.846444 , 0.106984 , -0.216867
13.1081 , -0.855012 , 0.0988755 , -0.2174 , -0.865724 , 0.0920601 , -0.228067
13.1427 , -0.873216 , 0.0886445 , -0.227904 , -0.883886 , 0.0783462 , -0.233439
13.1738 , -0.892269 , 0.077418 , -0.231631 , -0.904346 , 0.0895959 , -0.257965
13.2078 , -0.908757 , 0.0898049 , -0.257803 , -0.923123 , 0.084061 , -0.260402
13.2423 , -0.932547 , 0.0806454 , -0.257118 , -0.945023 , 0.0632798 , -0.250019
13.2759 , -0.95884 , 0.0948777 , -0.262868 , -0.969568 , 0.085416 , -0.260532
13.3103 , -0.982345 , 0.0957937 , -0.26306 , -0.983304 , 0.0634097 , -0.252185
13.341 , -0.999656 , 0.0745539 , -0.255902 , -1.0027 , 0.0524373 , -0.266067
13.3757 , -1.01732 , 0.066275 , -0.268119 , -1.0235 , 0.0458028 , -0.248618
13.412 , -1.03284 , 0.0530941 , -0.242793 , -1.0344 , 0.0479305 , -0.237572
13.4453 , -1.038 , 0.0568262 , -0.233721 , -1.03845 , 0.0732807 , -0.251078
13.4782 , -1.03528 , 0.0869146 , -0.252964 , -1.03017 , 0.0843817 , -0.253445
13.5089 , -1.02194 , 0.0966934 , -0.247807 , -1.01189 , 0.096802 , -0.241898
13.5433 , -0.998403 , 0.110095 , -0.233932 , -0.983622 , 0.116573 , -0.226747
13.5779 , -0.965734 , 0.127331 , -0.208832 , -0.946974 , 0.137868 , -0.202902
13.6123 , -0.925772 , 0.155722 , -0.180746 , -0.902741 , 0.171102 , -0.169867
13.6459 , -0.876436 , 0.197546 , -0.14709 , -0.851889 , 0.215203 , -0.141309
13.6802 , -0.81555 , 0.243647 , -0.116838 , -0.791582 , 0.259316 , -0.108753
13.7102 , -0.753958 , 0.290193 , -0.0890854 , -0.71622 , 0.302302 , -0.0729071
13.7457 , -0.681153 , 0.334686 , -0.0603673 , -0.641365 , 0.337551 , -0.0416681
13.7802 , -0.607439 , 0.37367 , -0.0372268 , -0.564914 , 0.366025 , -0.0140469
13.8137 , -0.518454 , 0.388074 , -9.72092e-05 , -0.484941 , 0.397828 , 0.0151093
13.8444 , -0.437189 , 0.412074 , 0.0285408 , -0.408896 , 0.409398 , 0.0360361
13.8828 , -0.361641 , 0.416014 , 0.0467665 , -0.335954 , 0.405378 , 0.0550933
13.9115 , -0.288073 , 0.408988 , 0.066175 , -0.264034 , 0.384814 , 0.0717231
13.9485 , -0.220353 , 0.382119 , 0.0815759 , -0.199125 , 0.363216 , 0.0833571
13.9836 , -0.160101 , 0.356199 , 0.086837 , -0.140175 , 0.343674 , 0.0882561
14.0135 , -0.105939 , 0.326029 , 0.0873244 , -0.0910216 , 0.329281 , 0.0837726
14.0476 , -0.0688931 , 0.282143 , 0.0890069 , -0.0486734 , 0.290519 , 0.07438
14.0792 , -0.0250004 , 0.265295 , 0.071126 , -0.0141271 , 0.274875 , 0.0656135
14.1157 , 0.00618774 , 0.284523 , 0.0651613 , 0.0162926 , 0.272633 , 0.0613715
14.1462 , 0.0332979 , 0.270101 , 0.0608966 , 0.0390861 , 0.264142 , 0.0548354
14.1799 , 0.048392 , 0.257426 , 0.0531534 , 0.0547253 , 0.264926 , 0.0489492
14.2154 , 0.0602412 , 0.252963 , 0.0450666 , 0.06514 , 0.236422 , 0.039225
14.247 , 0.0658312 , 0.240698 , 0.036746 , 0.0711333 , 0.225196 , 0.0290014
14.2834 , 0.068259 , 0.222334 , 0.0272347 , 0.0727264 , 0.214534 , 0.018729
14.317 , 0.0666111 , 0.208685 , 0.0138115 , 0.0752643 , 0.214622 , 0.0136212
14.3516 , 0.0707422 , 0.208039 , 0.0127855 , 0.0720286 , 0.225337 , 0.00361888
14.3886 , 0.0721737 , 0.229904 , 0.0101815 , 0.0719788 , 0.209139 , 0.0012999
14.4179 , 0.0637079 , 0.19955 , -0.000460041 , 0.0670888 , 0.195211 , -0.00576601
14.451 , 0.0599358 , 0.182424 , -0.00756778 , 0.0607785 , 0.185859 , -0.0110885
14.4818 , 0.0557972 , 0.180846 , -0.00829511 , 0.0570764 , 0.184964 , -0.0139536
14.5164 , 0.0503902 , 0.187665 , -0.00843658 , 0.0517035 , 0.171633 , -0.0142717
14.5509 , 0.0414644 , 0.181293 , -0.0124869 , 0.0439233 , 0.17763 , -0.0109127
14.588 , 0.0333536 , 0.19102 , -0.0122635 , 0.0348615 , 0.174683 , -0.00753577
14.6192 , 0.0223337 , 0.174422 , -0.0105349 , 0.0215428 , 0.178799 , -0.00739115
14.6495 , 0.00314293 , 0.174788 , -0.0169384 , 0.00621852 , 0.177672 , -0.0105813
14.6841 , -0.00682929 , 0.179753 , -0.0145072 , -0.0111267 , 0.178884 , -0.0121432
14.7184 , -0.0293717 , 0.174099 , -0.017392 , -0.0303831 , 0.174542 , -0.0151058
14.7521 , -0.0451995 , 0.177239 , -0.018989 , -0.0561336 , 0.180265 , -0.0179951
14.7899 , -0.0695775 , 0.180544 , -0.0209827 , -0.0758404 , 0.180083 , -0.0218541
14.8263 , -0.0944573 , 0.182511 , -0.0256715 , -0.103625 , 0.182688 , -0.0280432
14.8706 , -0.124802 , 0.178395 , -0.0303289 , -0.134343 , 0.180515 , -0.03451
14.9012 , -0.158555 , 0.178692 , -0.0381323 , -0.170038 , 0.176341 , -0.0413333
14.9357 , -0.195951 , 0.174128 , -0.0457569 , -0.20716 , 0.174833 , -0.0494605
14.9702 , -0.235252 , 0.171201 , -0.0532604 , -0.244984 , 0.157776 , -0.0510693
15.004 , -0.273587 , 0.159525 , -0.0586714 , -0.285133 , 0.152065 , -0.0594744
15.0384 , -0.315514 , 0.149707 , -0.0678868 , -0.325954 , 0.147744 , -0.06966
15.0691 , -0.354457 , 0.153021 , -0.0789879 , -0.366594 , 0.151435 , -0.0808444
15.1035 , -0.395242 , 0.152538 , -0.0872384 , -0.400594 , 0.154151 , -0.0839387
15.1381 , -0.425887 , 0.15617 , -0.0881285 , -0.434792 , 0.146482 , -0.0857852
15.1724 , -0.459792 , 0.163251 , -0.0887255 , -0.465223 , 0.154353 , -0.0911478
15.206 , -0.488665 , 0.165574 , -0.100002 , -0.495408 , 0.167925 , -0.0919466
15.2367 , -0.518889 , 0.169775 , -0.101167 , -0.524997 , 0.172496 , -0.0976752
15.2712 , -0.547288 , 0.167408 , -0.104903 , -0.555403 , 0.184547 , -0.105686
15.3058 , -0.575237 , 0.174734 , -0.106327 , -0.583283 , 0.175559 , -0.114319
15.3403 , -0.600189 , 0.181384 , -0.116071 , -0.608408 , 0.180234 , -0.115227
15.3709 , -0.625041 , 0.181322 , -0.116231 , -0.63717 , 0.177227 , -0.121863
15.4055 , -0.648153 , 0.176636 , -0.121324 , -0.661718 , 0.171364 , -0.125255
15.4392 , -0.671686 , 0.174184 , -0.125117 , -0.687047 , 0.160964 , -0.131136
15.4741 , -0.695037 , 0.158529 , -0.127167 , -0.709289 , 0.156171 , -0.132214
15.5079 , -0.715233 , 0.157501 , -0.132699 , -0.730929 , 0.143186 , -0.136187
15.5465 , -0.736737 , 0.160505 , -0.142339 , -0.747611 , 0.138447 , -0.143073
15.5788 , -0.753372 , 0.153294 , -0.152925 , -0.763499 , 0.138682 , -0.153028
15.6138 , -0.768381 , 0.130846 , -0.159561 , -0.778607 , 0.124486 , -0.160882
15.6437 , -0.780351 , 0.11033 , -0.163371 , -0.786439 , 0.106696 , -0.168648
15.6761 , -0.790389 , 0.0963621 , -0.176838 , -0.795361 , 0.0888041 , -0.176847
15.7094 , -0.799169 , 0.0769837 , -0.190185 , -0.800781 , 0.0685249 , -0.188992
15.74 , -0.806836 , 0.064552 , -0.197625 , -0.805758 , 0.0572577 , -0.20123
15.7754 , -0.811051 , 0.0547993 , -0.209653 , -0.808936 , 0.0534908 , -0.212398
15.8149 , -0.814594 , 0.0557088 , -0.217904 , -0.810824 , 0.0480743 , -0.217129
15.8462 , -0.818481 , 0.052457 , -0.225428 , -0.812208 , 0.0507396 , -0.229642
15.8777 , -0.817641 , 0.0581663 , -0.234023 , -0.812721 , 0.0539578 , -0.236571
15.9116 , -0.816148 , 0.0653382 , -0.238583 , -0.812462 , 0.0660511 , -0.242431
15.9441 , -0.812523 , 0.0763202 , -0.237052 , -0.806751 , 0.078994 , -0.24016
15.9797 , -0.801614 , 0.106625 , -0.245405 , -0.79861 , 0.0973158 , -0.236623
16.0137 , -0.793368 , 0.125366 , -0.241348 , -0.79101 , 0.126135 , -0.243231
16.0455 , -0.787911 , 0.123605 , -0.222248 , -0.783845 , 0.125707 , -0.226815
16.082 , -0.776052 , 0.12617 , -0.213599 , -0.774625 , 0.128271 , -0.21583
16.1123 , -0.765542 , 0.134131 , -0.205636 , -0.762569 , 0.133044 , -0.209068
16.1523 , -0.751733 , 0.136236 , -0.196466 , -0.750388 , 0.138075 , -0.202208
16.1957 , -0.737278 , 0.142284 , -0.192517 , -0.735918 , 0.140576 , -0.196038
16.2286 , -0.721117 , 0.146642 , -0.189891 , -0.725732 , 0.16202 , -0.2029
16.2646 , -0.710506 , 0.166064 , -0.195207 , -0.710862 , 0.149117 , -0.187904
16.2962 , -0.703953 , 0.158234 , -0.18002 , -0.701121 , 0.14865 , -0.176832
16.3327 , -0.69095 , 0.15312 , -0.165088 , -0.692358 , 0.154604 , -0.165776
16.3638 , -0.679671 , 0.163295 , -0.156125 , -0.682412 , 0.164349 , -0.155454
16.402 , -0.670211 , 0.17149 , -0.143781 , -0.670992 , 0.169724 , -0.140594
16.4334 , -0.659189 , 0.180431 , -0.130058 , -0.655933 , 0.176229 , -0.128191
16.462 , -0.642401 , 0.182991 , -0.114052 , -0.639376 , 0.176713 , -0.113861
16.4965 , -0.624749 , 0.185171 , -0.105986 , -0.620458 , 0.18734 , -0.105386
16.5321 , -0.603912 , 0.195357 , -0.0966818 , -0.597358 , 0.19593 , -0.0970942
16.5651 , -0.582268 , 0.203419 , -0.0921658 , -0.574455 , 0.205626 , -0.0942681
16.6002 , -0.556942 , 0.210095 , -0.0878984 , -0.545152 , 0.208197 , -0.0879746
16.6337 , -0.525204 , 0.223228 , -0.0906996 , -0.512234 , 0.222723 , -0.0919687
16.6646 , -0.489329 , 0.224958 , -0.0840088 , -0.475318 , 0.227291 , -0.0880609
16.6999 , -0.453714 , 0.231235 , -0.0830689 , -0.437396 , 0.234537 , -0.0811258
16.7343 , -0.415982 , 0.240508 , -0.0772046 , -0.399661 , 0.239512 , -0.0757305
16.7644 , -0.379091 , 0.247444 , -0.0702689 , -0.36144 , 0.249595 , -0.0697684
16.7979 , -0.339126 , 0.260147 , -0.0647247 , -0.323267 , 0.256931 , -0.0579853
16.8315 , -0.291545 , 0.261242 , -0.0445196 , -0.281118 , 0.269596 , -0.0480405
16.8659 , -0.250874 , 0.263933 , -0.0378871 , -0.23862 , 0.269121 , -0.0390539
16.9004 , -0.21792 , 0.26947 , -0.0385374 , -0.201434 , 0.258122 , -0.0315892
16.9348 , -0.177575 , 0.266764 , -0.0310893 , -0.166113 , 0.25498 , -0.0268495
16.9651 , -0.144965 , 0.261184 , -0.0271777 , -0.132744 , 0.266045 , -0.0201794
16.9993 , -0.113387 , 0.276053 , -0.0203658 , -0.104709 , 0.270785 , -0.021135
17.0339 , -0.0834716 , 0.266059 , -0.0172282 , -0.0770802 , 0.269176 , -0.0182971
17.0682 , -0.0632926 , 0.270727 , -0.0212826 , -0.0557546 , 0.272665 , -0.0176132
17.1018 , -0.045865 , 0.265618 , -0.0203568 , -0.0358568 , 0.275018 , -0.0157513
17.139 , -0.0252616 , 0.280118 , -0.014666 , -0.0188481 , 0.296482 , -0.0148974
17.1742 , -0.00874829 , 0.301561 , -0.012489 , -0.00502311 , 0.298543 , -0.0162869
17.2035 , 0.00227212 , 0.305105 , -0.0116703 , 0.00826869 , 0.315662 , -0.0133032
17.2363 , 0.00965213 , 0.309489 , -0.0135135 , 0.0195938 , 0.315603 , -0.0109276
17.2696 , 0.019977 , 0.306171 , -0.0146576 , 0.0295077 , 0.316806 , -0.00862653
17.3012 , 0.0294007 , 0.311622 , -0.00992152 , 0.0365454 , 0.328665 , -0.00477655
17.3357 , 0.0355045 , 0.330791 , -0.00362774 , 0.0427929 , 0.321839 , -0.00124271
17.3695 , 0.0390125 , 0.334006 , 0.000467607 , 0.0428201 , 0.327892 , -0.00159654
17.4009 , 0.0407867 , 0.335985 , 0.00516984 , 0.0434864 , 0.341816 , 0.00203058
17.4373 , 0.0409503 , 0.345457 , 0.00951565 , 0.0458978 , 0.324144 , 0.00618681
17.468 , 0.039421 , 0.337913 , 0.01074 , 0.0434539 , 0.316875 , 0.0105448
17.5036 , 0.0364585 , 0.332072 , 0.0144192 , 0.0392539 , 0.332213 , 0.0135574
17.5369 , 0.0281202 , 0.329882 , 0.00996682 , 0.031974 , 0.334002 , 0.0173664
17.5715 , 0.0236383 , 0.343531 , 0.0167389 , 0.0198679 , 0.340755 , 0.0143673
17.6053 , 0.0115708 , 0.341369 , 0.0143785 , 0.011819 , 0.340718 , 0.0181774
17.6357 , 0.00227444 , 0.34145 , 0.0150762 , -0.00233334 , 0.341984 , 0.0182896
17.6728 , -0.01297 , 0.339518 , 0.0155493 , -0.015075 , 0.342549 , 0.0173182
17.7063 , -0.0270003 , 0.341071 , 0.0140882 , -0.0329342 , 0.336946 , 0.0140364
17.7408 , -0.0470049 , 0.338379 , 0.0111799 , -0.0533795 , 0.348079 , 0.0158042
17.7737 , -0.067759 , 0.350141 , 0.0140361 , -0.0742085 , 0.357766 , 0.00966896
17.8035 , -0.0915434 , 0.36146 , 0.00595961 , -0.100247 , 0.362509 , 0.00271161
17.8394 , -0.119981 , 0.365167 , -0.00211235 , -0.129707 , 0.363093 , -0.00446259
17.8725 , -0.151352 , 0.361059 , -0.010693 , -0.161983 , 0.36071 , -0.0135044
17.9071 , -0.18642 , 0.357215 , -0.0202301 , -0.199567 , 0.356382 , -0.023793
17.9379 , -0.224918 , 0.352237 , -0.0303246 , -0.239511 , 0.353196 , -0.0349342
17.9722 , -0.267019 , 0.347222 , -0.041956 , -0.282267 , 0.347601 , -0.0468477
18.0049 , -0.312748 , 0.345418 , -0.0565001 , -0.328226 , 0.349979 , -0.0636075
18.041 , -0.359283 , 0.348793 , -0.0753007 , -0.373604 , 0.350401 , -0.0809755
18.0721 , -0.400053 , 0.327826 , -0.0840785 , -0.415406 , 0.346587 , -0.0968175
18.1065 , -0.442005 , 0.338268 , -0.104955 , -0.45332 , 0.344623 , -0.113003
18.1402 , -0.476225 , 0.316316 , -0.11143 , -0.487129 , 0.316049 , -0.117504
18.1747 , -0.507976 , 0.299614 , -0.117051 , -0.51579 , 0.28727 , -0.11994
18.2081 , -0.536961 , 0.274953 , -0.12257 , -0.542979 , 0.267161 , -0.126267
18.2425 , -0.560888 , 0.249366 , -0.121852 , -0.566154 , 0.242548 , -0.129102
18.2732 , -0.581087 , 0.23441 , -0.13488 , -0.585751 , 0.223137 , -0.133986
18.3077 , -0.595617 , 0.221519 , -0.134073 , -0.603256 , 0.20853 , -0.137135
18.3441 , -0.608177 , 0.203403 , -0.13435 , -0.615846 , 0.202211 , -0.14049
18.3783 , -0.620586 , 0.201776 , -0.140562 , -0.624885 , 0.188988 , -0.137607
18.4121 , -0.629746 , 0.196566 , -0.14242 , -0.63426 , 0.186688 , -0.149449
18.4426 , -0.633019 , 0.190563 , -0.144318 , -0.638672 , 0.187599 , -0.149482
18.4775 , -0.639827 , 0.18621 , -0.14988 , -0.642292 , 0.184869 , -0.151706
18.5115 , -0.642898 , 0.185905 , -0.154241 , -0.648655 , 0.181606 , -0.15839
18.5456 , -0.646357 , 0.178067 , -0.153385 , -0.654634 , 0.172465 , -0.160888
18.5754 , -0.652958 , 0.174772 , -0.159768 , -0.660274 , 0.166571 , -0.163321
18.6088 , -0.660196 , 0.167041 , -0.162275 , -0.664988 , 0.17414 , -0.173479
18.6433 , -0.667386 , 0.172201 , -0.181369 , -0.672578 , 0.177898 , -0.185894
18.6779 , -0.677118 , 0.165386 , -0.191389 , -0.680357 , 0.163111 , -0.193716
18.7125 , -0.684623 , 0.154845 , -0.197927 , -0.689619 , 0.154065 , -0.199918
18.7461 , -0.695919 , 0.146495 , -0.204077 , -0.698509 , 0.138763 , -0.203764
18.7764 , -0.709426 , 0.140394 , -0.211689 , -0.711082 , 0.129961 , -0.212605
18.8168 , -0.719841 , 0.126548 , -0.214117 , -0.723481 , 0.126402 , -0.216743
18.8517 , -0.733585 , 0.131641 , -0.216548 , -0.734711 , 0.120605 , -0.22406
18.8831 , -0.743132 , 0.118014 , -0.230687 , -0.744341 , 0.118985 , -0.236505
18.914 , -0.752426 , 0.119842 , -0.243904 , -0.753931 , 0.114761 , -0.246704
18.9478 , -0.76335 , 0.114712 , -0.249811 , -0.765047 , 0.111729 , -0.258142
18.9834 , -0.773818 , 0.115707 , -0.262972 , -0.776735 , 0.108511 , -0.265615
19.0167 , -0.786546 , 0.109413 , -0.26866 , -0.788168 , 0.104846 , -0.275303
19.0538 , -0.796573 , 0.104615 , -0.275154 , -0.79977 , 0.10293 , -0.281664
19.1005 , -0.806877 , 0.104627 , -0.282087 , -0.810971 , 0.106351 , -0.290911
19.1349 , -0.81705 , 0.107864 , -0.290049 , -0.817418 , 0.10028 , -0.290476
19.1676 , -0.822547 , 0.10154 , -0.287603 , -0.825267 , 0.0941904 , -0.287993
19.1962 , -0.827373 , 0.0910662 , -0.280784 , -0.829669 , 0.0896825 , -0.284756
19.2313 , -0.831431 , 0.090477 , -0.278927 , -0.832216 , 0.0851552 , -0.279793
19.2629 , -0.832375 , 0.0891733 , -0.27482 , -0.834792 , 0.0892881 , -0.277124
19.2994 , -0.833392 , 0.0936743 , -0.270855 , -0.836223 , 0.095896 , -0.274557
19.3387 , -0.834034 , 0.102126 , -0.268756 , -0.83661 , 0.103073 , -0.271929
19.3883 , -0.833793 , 0.113564 , -0.270381 , -0.835788 , 0.108871 , -0.26991
19.4253 , -0.832608 , 0.114911 , -0.265283 , -0.832354 , 0.109169 , -0.264174
19.4665 , -0.827303 , 0.110306 , -0.256252 , -0.825871 , 0.107427 , -0.259057
19.4979 , -0.819805 , 0.108239 , -0.252015 , -0.817424 , 0.105616 , -0.253373
19.5325 , -0.809591 , 0.110106 , -0.247014 , -0.804538 , 0.107133 , -0.249533
19.5671 , -0.794445 , 0.110942 , -0.243481 , -0.788091 , 0.110585 , -0.244955
19.6005 , -0.774699 , 0.116828 , -0.240955 , -0.766985 , 0.117316 , -0.240357
19.6367 , -0.752429 , 0.124682 , -0.236606 , -0.743421 , 0.123702 , -0.233877
19.6673 , -0.728092 , 0.13165 , -0.228411 , -0.717758 , 0.137901 , -0.226426
19.7009 , -0.701765 , 0.151578 , -0.218441 , -0.689904 , 0.157865 , -0.215633
19.7342 , -0.671749 , 0.171595 , -0.206846 , -0.65669 , 0.173854 , -0.201671
19.7699 , -0.634903 , 0.184872 , -0.193523 , -0.617719 , 0.191877 , -0.189421
19.8044 , -0.594584 , 0.20252 , -0.182427 , -0.576329 , 0.202709 , -0.172256
19.8351 , -0.551783 , 0.215375 , -0.165752 , -0.534529 , 0.217016 , -0.16057
19.8689 , -0.509084 , 0.225738 , -0.1513 , -0.489399 , 0.230904 , -0.148122
19.9044 , -0.463384 , 0.236031 , -0.137801 , -0.441875 , 0.226214 , -0.1251
19.9354 , -0.411582 , 0.229757 , -0.114656 , -0.392502 , 0.237684 , -0.108161
19.9722 , -0.363654 , 0.246395 , -0.0982871 , -0.343679 , 0.249008 , -0.0894313
20.0036 , -0.315932 , 0.254648 , -0.0779872 , -0.296697 , 0.258612 , -0.0711684
20.0375 , -0.269727 , 0.271875 , -0.0641305 , -0.252519 , 0.268168 , -0.056588
20.0729 , -0.226878 , 0.289859 , -0.0530579 , -0.211601 , 0.280121 , -0.0456006
20.1065 , -0.187106 , 0.289335 , -0.0393233 , -0.173464 , 0.293983 , -0.0326499
20.1402 , -0.150363 , 0.30655 , -0.0259354 , -0.141313 , 0.305164 , -0.0203641
20.1698 , -0.122073 , 0.319116 , -0.0158737 , -0.112017 , 0.319786 , -0.0111051
20.2056 , -0.0967724 , 0.324939 , -0.005386 , -0.0885356 , 0.325323 , -0.00281338
20.2363 , -0.0777573 , 0.329016 , 0.00235727 , -0.0711839 , 0.330101 , 0.00396556
20.2725 , -0.0631952 , 0.335428 , 0.00709723 , -0.0583861 , 0.333074 , 0.00976664
20.3062 , -0.0545894 , 0.333047 , 0.0121504 , -0.0509756 , 0.33401 , 0.0125989
20.3387 , -0.0532929 , 0.326792 , 0.0147068 , -0.0495363 , 0.329266 , 0.0131223
20.3725 , -0.0531985 , 0.330533 , 0.0125184 , -0.0538671 , 0.325234 , 0.0119825
20.408 , -0.0577631 , 0.323231 , 0.011451 , -0.0572809 , 0.327626 , 0.0129467
20.4396 , -0.063516 , 0.321674 , 0.0122637 , -0.0628234 , 0.323294 , 0.0130019
20.4762 , -0.0729737 , 0.319334 , 0.0103461 , -0.0697008 , 0.31962 , 0.0112816
20.5103 , -0.0776664 , 0.307338 , 0.00924554 , -0.0772338 , 0.302511 , 0.0145683
20.5414 , -0.0844802 , 0.316484 , 0.010352 , -0.0867995 , 0.309427 , 0.00935926
20.5745 , -0.0950028 , 0.3059 , 0.00486434 , -0.0971957 , 0.305238 , 0.00597371
20.6103 , -0.100015 , 0.304979 , 0.00404485 , -0.102537 , 0.313134 , 0.00441682
20.6466 , -0.103628 , 0.311421 , 0.00862806 , -0.111196 , 0.312503 , 0.00526802
20.6814 , -0.113456 , 0.307934 , 0.00688777 , -0.115424 , 0.313818 , 0.0105174
20.7282 , -0.115164 , 0.314541 , 0.0148733 , -0.120292 , 0.318 , 0.0145829
20.7595 , -0.121384 , 0.316013 , 0.0163747 , -0.123073 , 0.323349 , 0.0187171
20.7941 , -0.126138 , 0.329833 , 0.0210787 , -0.125211 , 0.334474 , 0.0230998
20.8257 , -0.128911 , 0.338205 , 0.0242103 , -0.130214 , 0.340446 , 0.0263895
20.862 , -0.135358 , 0.327854 , 0.02847 , -0.136869 , 0.341669 , 0.0301389
20.8967 , -0.143356 , 0.327668 , 0.0327973 , -0.145481 , 0.338621 , 0.0331578
20.9279 , -0.152777 , 0.32889 , 0.0365582 , -0.153555 , 0.328247 , 0.0392585
20.9601 , -0.161183 , 0.342288 , 0.0415862 , -0.163012 , 0.349418 , 0.0400398
20.9953 , -0.168935 , 0.352709 , 0.0442165 , -0.174185 , 0.354466 , 0.0424537
21.0308 , -0.178121 , 0.364409 , 0.0439762 , -0.185266 , 0.361761 , 0.0438708
21.0623 , -0.191433 , 0.36383 , 0.0465372 , -0.196826 , 0.36768 , 0.0451818
21.0939 , -0.199989 , 0.363566 , 0.0483845 , -0.206225 , 0.367892 , 0.0472949
21.1274 , -0.209743 , 0.36499 , 0.0497938 , -0.214986 , 0.365291 , 0.0486999
21.1607 , -0.21927 , 0.366383 , 0.0492882 , -0.224209 , 0.36359 , 0.0485257
21.1971 , -0.227457 , 0.368878 , 0.0470999 , -0.231949 , 0.363077 , 0.0465183
21.2319 , -0.236709 , 0.366037 , 0.0453567 , -0.241885 , 0.3628 , 0.0407738
21.2661 , -0.245008 , 0.357544 , 0.0424084 , -0.249666 , 0.361094 , 0.0388681
21.2973 , -0.254173 , 0.357215 , 0.0412285 , -0.258628 , 0.359136 , 0.0374075
21.3289 , -0.26123 , 0.354879 , 0.0377234 , -0.267331 , 0.35773 , 0.0340389
21.3653 , -0.266875 , 0.349378 , 0.0367288 , -0.272271 , 0.355568 , 0.0322874
21.3961 , -0.273132 , 0.352207 , 0.0336172 , -0.275028 , 0.355657 , 0.0291125
21.438 , -0.275825 , 0.350184 , 0.0309223 , -0.277536 , 0.353254 , 0.0265357
21.4809 , -0.277234 , 0.352509 , 0.0278723 , -0.277979 , 0.345819 , 0.0262232
21.5144 , -0.275303 , 0.347558 , 0.0298563 , -0.275029 , 0.343505 , 0.0272979
21.5506 , -0.274103 , 0.34534 , 0.0273501 , -0.273449 , 0.338921 , 0.0270942
