627

0.026277 , -2.9172 , 0.172491 , 3.04321 , -2.92551 , 0.172797 , 3.04166
0.06183 , -2.91726 , 0.172489 , 3.04318 , -2.92557 , 0.17148 , 3.0474
0.098736 , -2.91733 , 0.172524 , 3.04314 , -2.91729 , 0.170152 , 3.05343
0.144522 , -2.91741 , 0.172633 , 3.04307 , -2.90938 , 0.170024 , 3.05506
0.184999 , -2.9175 , 0.17275 , 3.04301 , -2.90653 , 0.171304 , 3.04993
0.231934 , -2.91761 , 0.172855 , 3.04295 , -2.90863 , 0.172925 , 3.04305
0.282304 , -2.91774 , 0.173019 , 3.0429 , -2.91354 , 0.174156 , 3.03768
0.334268 , -2.91777 , 0.173063 , 3.04288 , -2.91854 , 0.174738 , 3.03514
0.384166 , -2.91778 , 0.173063 , 3.04288 , -2.92193 , 0.174718 , 3.0353
0.427998 , -2.91779 , 0.173072 , 3.04287 , -2.9232 , 0.174289 , 3.03734
0.46486 , -2.91779 , 0.173074 , 3.04287 , -2.92276 , 0.173657 , 3.04025
0.499438 , -2.91779 , 0.173074 , 3.04287 , -2.92142 , 0.173032 , 3.04307
0.546162 , -2.91779 , 0.173074 , 3.04287 , -2.9197 , 0.172557 , 3.0452
0.583012 , -2.91779 , 0.173074 , 3.04287 , -2.91823 , 0.172334 , 3.04619
0.629967 , -2.91779 , 0.173074 , 3.04287 , -2.91722 , 0.172352 , 3.04612
0.663016 , -2.91779 , 0.173074 , 3.04287 , -2.91668 , 0.172539 , 3.0453
0.69503 , -2.91779 , 0.173074 , 3.04287 , -2.91615 , 0.172713 , 3.04451
0.72971 , -2.91779 , 0.173074 , 3.04287 , -2.91567 , 0.172927 , 3.0436
0.763473 , -2.91779 , 0.173074 , 3.04287 , -2.91595 , 0.173232 , 3.04222
0.798211 , -2.91779 , 0.173074 , 3.04287 , -2.91667 , 0.173432 , 3.04129
0.829942 , -2.91779 , 0.173074 , 3.04287 , -2.91729 , 0.173507 , 3.04094
0.861793 , -2.91779 , 0.173074 , 3.04287 , -2.91773 , 0.173524 , 3.04085
0.895382 , -2.91779 , 0.173074 , 3.04287 , -2.91792 , 0.173443 , 3.04119
0.930903 , -2.91779 , 0.173074 , 3.04287 , -2.91811 , 0.17332 , 3.04176
0.96961 , -2.91779 , 0.173074 , 3.04287 , -2.91853 , 0.173038 , 3.04303
1.0149 , -2.91779 , 0.173074 , 3.04287 , -2.91877 , 0.172727 , 3.04443
1.04648 , -2.91779 , 0.173074 , 3.04287 , -2.9185 , 0.172658 , 3.04475
1.08114 , -2.9178 , 0.173072 , 3.04287 , -2.91811 , 0.172865 , 3.04382
1.11479 , -2.91743 , 0.174813 , 3.0445 , -2.91853 , 0.174396 , 3.04451
1.14946 , -2.91743 , 0.174813 , 3.0445 , -2.91861 , 0.174154 , 3.04348
1.18052 , -2.91773 , 0.173617 , 3.04444 , -2.91644 , 0.174011 , 3.04369
1.21819 , -2.91762 , 0.171786 , 3.04522 , -2.91633 , 0.172227 , 3.04522
1.25031 , -2.91762 , 0.171049 , 3.0453 , -2.91724 , 0.171551 , 3.04554
1.28194 , -2.91762 , 0.171049 , 3.0453 , -2.9186 , 0.17287 , 3.04431
1.31469 , -2.91794 , 0.174112 , 3.04391 , -2.91917 , 0.176538 , 3.04481
1.34984 , -2.91802 , 0.17655 , 3.04439 , -2.91864 , 0.175148 , 3.04476
1.38591 , -2.91821 , 0.175158 , 3.04436 , -2.91821 , 0.175029 , 3.04512
1.42357 , -2.91815 , 0.174857 , 3.04444 , -2.91787 , 0.174845 , 3.04565
1.4693 , -2.91831 , 0.173854 , 3.04407 , -2.91805 , 0.174039 , 3.04462
1.50454 , -2.91791 , 0.176233 , 3.04398 , -2.91798 , 0.175717 , 3.04414
1.53782 , -2.91758 , 0.167362 , 3.04319 , -2.91794 , 0.169354 , 3.04323
1.57035 , -2.91753 , 0.173261 , 3.04308 , -2.91777 , 0.17236 , 3.04307
1.60467 , -2.91735 , 0.170506 , 3.04258 , -2.91755 , 0.170492 , 3.04271
1.63912 , -2.91731 , 0.170019 , 3.04264 , -2.91721 , 0.17043 , 3.04263
1.67336 , -2.91711 , 0.170375 , 3.04244 , -2.91742 , 0.169684 , 3.04305
1.70741 , -2.91734 , 0.17087 , 3.04246 , -2.91683 , 0.17245 , 3.04275
1.75217 , -2.91697 , 0.172928 , 3.04219 , -2.9167 , 0.17444 , 3.04236
1.78466 , -2.91716 , 0.174006 , 3.0421 , -2.91687 , 0.176916 , 3.0424
1.81816 , -2.91747 , 0.175625 , 3.04238 , -2.91752 , 0.175921 , 3.04246
1.8547 , -2.91808 , 0.174238 , 3.04215 , -2.91821 , 0.174527 , 3.04231
1.88958 , -2.91801 , 0.174099 , 3.04233 , -2.91864 , 0.17355 , 3.04217
1.92168 , -2.91772 , 0.171613 , 3.042 , -2.91809 , 0.172062 , 3.04207
1.95552 , -2.91773 , 0.17064 , 3.04165 , -2.91807 , 0.172029 , 3.04217
1.98751 , -2.91721 , 0.170326 , 3.04135 , -2.91767 , 0.17319 , 3.04177
2.02246 , -2.91713 , 0.174713 , 3.04173 , -2.91706 , 0.174492 , 3.04187
2.06342 , -2.91671 , 0.17548 , 3.04171 , -2.91664 , 0.174089 , 3.04158
2.10621 , -2.9162 , 0.174079 , 3.04103 , -2.91629 , 0.173963 , 3.04217
2.13725 , -2.91557 , 0.173981 , 3.04007 , -2.91491 , 0.173147 , 3.04035
2.17148 , -2.91442 , 0.174332 , 3.03867 , -2.91463 , 0.173986 , 3.03881
2.20919 , -2.91342 , 0.175783 , 3.03775 , -2.91393 , 0.17509 , 3.03738
2.24109 , -2.91253 , 0.176388 , 3.03662 , -2.91233 , 0.178589 , 3.03597
2.27746 , -2.91182 , 0.179364 , 3.03599 , -2.91049 , 0.177986 , 3.0346
2.32979 , -2.90969 , 0.177304 , 3.03421 , -2.90927 , 0.179192 , 3.03245
2.37802 , -2.90758 , 0.178298 , 3.0319 , -2.9061 , 0.177615 , 3.03276
2.42319 , -2.90391 , 0.175576 , 3.03088 , -2.90266 , 0.173738 , 3.03246
2.45558 , -2.90046 , 0.173859 , 3.03088 , -2.89913 , 0.174374 , 3.02845
2.49119 , -2.89797 , 0.176149 , 3.02667 , -2.8959 , 0.177597 , 3.02636
2.52279 , -2.89493 , 0.180175 , 3.02701 , -2.89018 , 0.177571 , 3.02492
2.55927 , -2.8879 , 0.178546 , 3.02208 , -2.886 , 0.175964 , 3.02159
2.594 , -2.88359 , 0.178396 , 3.02061 , -2.87938 , 0.176172 , 3.01797
2.62522 , -2.87701 , 0.172004 , 3.01796 , -2.87235 , 0.169388 , 3.01774
2.657 , -2.8683 , 0.170619 , 3.01433 , -2.86387 , 0.169778 , 3.01784
2.69339 , -2.86107 , 0.163991 , 3.01321 , -2.8575 , 0.165445 , 3.01338
2.72799 , -2.85536 , 0.168443 , 3.01137 , -2.84983 , 0.170852 , 3.01035
2.76223 , -2.84403 , 0.168306 , 3.01023 , -2.84222 , 0.169223 , 3.00962
2.7943 , -2.83676 , 0.16909 , 3.00573 , -2.83303 , 0.166041 , 3.0081
2.8259 , -2.82798 , 0.160981 , 3.00567 , -2.82427 , 0.160895 , 3.00265
2.86119 , -2.8189 , 0.157194 , 3.00326 , -2.81519 , 0.157737 , 3.00249
2.89266 , -2.81061 , 0.162551 , 2.99956 , -2.80754 , 0.159393 , 3.00165
2.92562 , -2.8023 , 0.156305 , 2.99943 , -2.79931 , 0.159748 , 2.99808
2.9595 , -2.79558 , 0.156371 , 2.99887 , -2.79357 , 0.159389 , 2.99598
2.99668 , -2.78968 , 0.157324 , 2.99756 , -2.78731 , 0.150692 , 2.99707
3.03554 , -2.78674 , 0.151772 , 2.99502 , -2.78382 , 0.148043 , 2.9992
3.0784 , -2.7833 , 0.144058 , 2.99746 , -2.78246 , 0.141618 , 2.99669
3.11008 , -2.78477 , 0.140383 , 2.99696 , -2.78134 , 0.138437 , 3.00123
3.1419 , -2.78542 , 0.139148 , 2.99903 , -2.78404 , 0.129633 , 3.00295
3.17613 , -2.78673 , 0.129644 , 2.99888 , -2.78702 , 0.128676 , 3.00237
3.21035 , -2.79087 , 0.124093 , 2.9981 , -2.79129 , 0.121143 , 2.99737
3.24492 , -2.79621 , 0.110346 , 2.99336 , -2.80024 , 0.116663 , 2.9896
3.27824 , -2.80339 , 0.121076 , 2.98914 , -2.80487 , 0.126613 , 2.98509
3.30887 , -2.80681 , 0.12174 , 2.98232 , -2.80347 , 0.13241 , 2.98441
3.34338 , -2.80925 , 0.134939 , 2.97756 , -2.80637 , 0.129894 , 2.97539
3.37789 , -2.81068 , 0.135443 , 2.96933 , -2.8104 , 0.136198 , 2.96927
3.41243 , -2.81383 , 0.143273 , 2.96484 , -2.81704 , 0.144041 , 2.96481
3.44609 , -2.82326 , 0.155059 , 2.95942 , -2.82587 , 0.154367 , 2.96284
3.4766 , -2.83252 , 0.154804 , 2.95727 , -2.83644 , 0.150384 , 2.95851
3.51613 , -2.84225 , 0.142455 , 2.95516 , -2.84662 , 0.141258 , 2.9559
3.55294 , -2.85075 , 0.133768 , 2.95693 , -2.85622 , 0.134751 , 2.95639
3.60027 , -2.86353 , 0.134242 , 2.95803 , -2.86808 , 0.129613 , 2.95934
3.6294 , -2.87435 , 0.129981 , 2.96128 , -2.88187 , 0.123839 , 2.96061
3.66601 , -2.89155 , 0.128837 , 2.96357 , -2.89496 , 0.125133 , 2.96403
3.69474 , -2.90505 , 0.12091 , 2.96637 , -2.90746 , 0.118043 , 2.97
3.73151 , -2.91938 , 0.115476 , 2.97049 , -2.92118 , 0.117578 , 2.97621
3.76326 , -2.93353 , 0.118098 , 2.97689 , -2.93235 , 0.111704 , 2.98187
3.79723 , -2.94301 , 0.113535 , 2.98324 , -2.94478 , 0.115334 , 2.98923
3.83218 , -2.95635 , 0.119484 , 2.99297 , -2.95685 , 0.124676 , 2.99933
3.86552 , -2.96545 , 0.12431 , 3.00371 , -2.96824 , 0.114556 , 3.00433
3.89603 , -2.97872 , 0.116718 , 3.00588 , -2.98094 , 0.122606 , 3.0122
3.93166 , -2.99048 , 0.131132 , 3.01164 , -2.99397 , 0.109574 , 3.01368
3.96545 , -2.99816 , 0.124964 , 3.01845 , -3.00078 , 0.121387 , 3.01851
3.99967 , -3.00479 , 0.122997 , 3.02202 , -3.00795 , 0.125959 , 3.0232
4.03323 , -3.00834 , 0.12155 , 3.02881 , -3.01319 , 0.123734 , 3.02814
4.06387 , -3.01445 , 0.107263 , 3.03453 , -3.02082 , 0.130477 , 3.03198
4.09928 , -3.02317 , 0.128277 , 3.03607 , -3.02846 , 0.138051 , 3.03573
4.13283 , -3.03005 , 0.136363 , 3.03835 , -3.03568 , 0.162082 , 3.03522
4.16744 , -3.03548 , 0.145103 , 3.0434 , -3.03797 , 0.135855 , 3.04526
4.20164 , -3.03935 , 0.137316 , 3.05219 , -3.04359 , 0.158238 , 3.04712
4.23155 , -3.04696 , 0.167787 , 3.05075 , -3.0459 , 0.172343 , 3.05282
4.2671 , -3.05106 , 0.179412 , 3.05374 , -3.05314 , 0.18635 , 3.05516
4.30051 , -3.05357 , 0.196175 , 3.05768 , -3.05295 , 0.199014 , 3.05867
4.33501 , -3.05097 , 0.208267 , 3.06293 , -3.05251 , 0.2077 , 3.06359
4.36577 , -3.04938 , 0.207599 , 3.06796 , -3.05084 , 0.21305 , 3.06814
4.40034 , -3.043 , 0.218407 , 3.0743 , -3.04544 , 0.200088 , 3.07648
4.4349 , -3.04217 , 0.23313 , 3.07564 , -3.04086 , 0.216465 , 3.08099
4.46836 , -3.0375 , 0.229889 , 3.08227 , -3.03787 , 0.221684 , 3.084
4.50293 , -3.03439 , 0.234245 , 3.08617 , -3.03117 , 0.226935 , 3.0887
4.53346 , -3.03105 , 0.236834 , 3.08691 , -3.03059 , 0.241216 , 3.09125
4.56806 , -3.02293 , 0.238941 , 3.09226 , -3.02142 , 0.242437 , 3.09525
4.60258 , -3.013 , 0.241067 , 3.09582 , -3.01206 , 0.235483 , 3.09931
4.63618 , -3.00559 , 0.243988 , 3.09815 , -2.99966 , 0.235861 , 3.10368
4.67067 , -2.99557 , 0.244256 , 3.10333 , -2.99099 , 0.238981 , 3.10373
4.70129 , -2.9847 , 0.24669 , 3.10261 , -2.98168 , 0.253223 , 3.10666
4.73587 , -2.96931 , 0.251964 , 3.10398 , -2.96803 , 0.26175 , 3.10329
4.77025 , -2.95739 , 0.273712 , 3.10199 , -2.95247 , 0.274777 , 3.10494
4.80401 , -2.93708 , 0.277997 , 3.10011 , -2.93644 , 0.289646 , 3.10113
4.83851 , -2.92355 , 0.292045 , 3.10039 , -2.9137 , 0.298524 , 3.10125
4.86893 , -2.90069 , 0.298731 , 3.09631 , -2.89112 , 0.302685 , 3.1002
4.90613 , -2.87777 , 0.298718 , 3.09017 , -2.86821 , 0.303844 , 3.09847
4.94324 , -2.8549 , 0.314035 , 3.09504 , -2.84327 , 0.30505 , 3.09422
4.97962 , -2.83127 , 0.318643 , 3.09309 , -2.81744 , 0.314667 , 3.09255
5.02209 , -2.80319 , 0.312348 , 3.08639 , -2.79995 , 0.323527 , 3.08765
5.05647 , -2.77697 , 0.315325 , 3.08409 , -2.76972 , 0.319709 , 3.08186
5.08999 , -2.75297 , 0.334287 , 3.08268 , -2.74022 , 0.329241 , 3.08809
5.12089 , -2.72311 , 0.325205 , 3.08511 , -2.70966 , 0.324047 , 3.08928
5.15526 , -2.68912 , 0.322875 , 3.08361 , -2.6772 , 0.326619 , 3.08945
5.18979 , -2.65575 , 0.313623 , 3.08173 , -2.64043 , 0.329657 , 3.09517
5.22447 , -2.61287 , 0.325853 , 3.10055 , -2.60647 , 0.304325 , 3.0864
5.25794 , -2.58299 , 0.293868 , 3.08678 , -2.56866 , 0.294992 , 3.09003
5.28847 , -2.54506 , 0.267254 , 3.08733 , -2.53114 , 0.281622 , 3.0927
5.32326 , -2.50778 , 0.25779 , 3.09168 , -2.49485 , 0.264271 , 3.09865
5.35755 , -2.46815 , 0.24731 , 3.10178 , -2.45562 , 0.24778 , 3.10348
5.39201 , -2.43221 , 0.232559 , 3.10455 , -2.41865 , 0.229931 , 3.09911
5.42467 , -2.39514 , 0.21666 , 3.10695 , -2.37475 , 0.198389 , 3.11763
5.45881 , -2.35348 , 0.198362 , 3.12598 , -2.34152 , 0.200996 , 3.12665
5.48968 , -2.31977 , 0.201212 , 3.13331 , -2.30705 , 0.195191 , 3.13614
5.52527 , -2.28319 , 0.18531 , -3.13617 , -2.27431 , 0.187659 , -3.13655
5.55989 , -2.25461 , 0.182238 , -3.13904 , -2.24489 , 0.166079 , 3.14101
5.59344 , -2.2303 , 0.163647 , -3.13789 , -2.22415 , 0.163965 , 3.14085
5.62399 , -2.21374 , 0.142237 , 3.13037 , -2.2076 , 0.140152 , 3.12562
5.65953 , -2.20018 , 0.136392 , 3.12557 , -2.19883 , 0.131129 , 3.11969
5.69315 , -2.19374 , 0.132945 , 3.12018 , -2.19541 , 0.13129 , 3.11611
5.7246 , -2.19608 , 0.120616 , 3.11279 , -2.20089 , 0.127341 , 3.11078
5.76122 , -2.20599 , 0.120448 , 3.10914 , -2.21437 , 0.121006 , 3.10787
5.79167 , -2.22103 , 0.122845 , 3.11163 , -2.23078 , 0.121461 , 3.11929
5.82721 , -2.2417 , 0.130555 , 3.12174 , -2.25722 , 0.126722 , 3.11624
5.86071 , -2.26669 , 0.147297 , -3.13707 , -2.28518 , 0.150044 , 3.13
5.89531 , -2.30291 , 0.162794 , -3.12855 , -2.32004 , 0.171328 , 3.13925
5.92883 , -2.34593 , 0.18299 , 3.14027 , -2.36299 , 0.191437 , -3.12488
5.95943 , -2.3916 , 0.202044 , -3.13064 , -2.41077 , 0.214385 , -3.13002
5.99933 , -2.44541 , 0.221723 , -3.13699 , -2.46728 , 0.226695 , -3.12864
6.03674 , -2.5063 , 0.228538 , -3.13665 , -2.52991 , 0.228074 , -3.13505
6.08054 , -2.5723 , 0.225383 , 3.14036 , -2.59421 , 0.223788 , 3.13939
6.11418 , -2.64081 , 0.21968 , 3.13403 , -2.66258 , 0.217736 , 3.13538
6.14822 , -2.71103 , 0.206118 , 3.1295 , -2.73119 , 0.206659 , 3.13215
6.18052 , -2.77819 , 0.181508 , 3.12668 , -2.79662 , 0.184256 , 3.13467
6.21122 , -2.84381 , 0.155159 , 3.1279 , -2.85936 , 0.156271 , 3.13743
6.24487 , -2.89785 , 0.133228 , 3.13587 , -2.91906 , 0.134944 , -3.13841
6.28031 , -2.9493 , 0.106722 , -3.1361 , -2.96369 , 0.10645 , -3.12424
6.31487 , -2.9901 , 0.0895003 , -3.1246 , -2.99936 , 0.0856693 , -3.11494
6.34876 , -3.02155 , 0.0747307 , -3.11499 , -3.02834 , 0.0611815 , -3.10791
6.38293 , -3.04566 , 0.0516335 , -3.10922 , -3.04905 , 0.0370266 , -3.09842
6.41258 , -3.06468 , 0.0272703 , -3.10386 , -3.06077 , 0.0277199 , -3.09509
6.44928 , -3.07379 , 0.0129542 , -3.10082 , -3.06815 , 0.00361449 , -3.09132
6.48319 , -3.07693 , -0.000254454 , -3.09969 , -3.06764 , -0.00693135 , -3.09437
6.51513 , -3.0749 , -0.0152961 , -3.09785 , -3.06404 , -0.0221947 , -3.09282
6.54854 , -3.06663 , -0.0351718 , -3.09887 , -3.06369 , -0.0454364 , -3.08938
6.58313 , -3.05602 , -0.054078 , -3.09359 , -3.05547 , -0.0916847 , -3.08287
6.61384 , -3.04488 , -0.0906984 , -3.09292 , -3.04286 , -0.105349 , -3.08448
6.65027 , -3.03169 , -0.116005 , -3.08994 , -3.02558 , -0.124154 , -3.08104
6.68084 , -3.01352 , -0.136873 , -3.08605 , -3.00707 , -0.151833 , -3.07489
6.71557 , -2.9914 , -0.167786 , -3.07862 , -2.98531 , -0.177849 , -3.06862
6.74995 , -2.97005 , -0.200339 , -3.06922 , -2.963 , -0.21752 , -3.05866
6.78441 , -2.94622 , -0.242381 , -3.05986 , -2.94498 , -0.239677 , -3.04846
6.81799 , -2.92997 , -0.261408 , -3.04778 , -2.92451 , -0.274467 , -3.04038
6.84869 , -2.91051 , -0.300605 , -3.04066 , -2.90763 , -0.309387 , -3.03491
6.88321 , -2.89733 , -0.333993 , -3.03337 , -2.89755 , -0.338155 , -3.02827
6.9176 , -2.89364 , -0.361924 , -3.02626 , -2.89148 , -0.365499 , -3.02189
6.95224 , -2.89239 , -0.375789 , -3.02085 , -2.89326 , -0.383744 , -3.01565
6.98466 , -2.89738 , -0.391945 , -3.01199 , -2.89853 , -0.399808 , -3.00525
7.01735 , -2.90014 , -0.413794 , -3.00153 , -2.90309 , -0.413584 , -2.9982
7.05103 , -2.91021 , -0.423572 , -2.99383 , -2.91274 , -0.418345 , -2.99039
7.08565 , -2.92025 , -0.422923 , -2.98489 , -2.92568 , -0.41797 , -2.98576
7.12143 , -2.93328 , -0.409717 , -2.97626 , -2.93415 , -0.415722 , -2.98315
7.15087 , -2.94452 , -0.423318 , -2.97316 , -2.94625 , -0.393679 , -2.98035
7.18517 , -2.94841 , -0.393778 , -2.97246 , -2.94847 , -0.399554 , -2.98071
7.21964 , -2.95818 , -0.380223 , -2.97239 , -2.95567 , -0.395318 , -2.97891
7.25319 , -2.96062 , -0.389907 , -2.97445 , -2.96321 , -0.392338 , -2.97714
7.28772 , -2.96238 , -0.390125 , -2.97533 , -2.96914 , -0.386561 , -2.97404
7.32135 , -2.96357 , -0.381654 , -2.97683 , -2.96986 , -0.374215 , -2.97776
7.35727 , -2.96368 , -0.370568 , -2.97812 , -2.96031 , -0.371981 , -2.98429
7.3922 , -2.95596 , -0.358819 , -2.98654 , -2.95331 , -0.348941 , -2.99219
7.42329 , -2.94766 , -0.310139 , -2.99846 , -2.9437 , -0.324943 , -3.00044
7.45803 , -2.93859 , -0.320598 , -2.99831 , -2.93394 , -0.324311 , -3.00588
7.4871 , -2.92708 , -0.303892 , -3.00861 , -2.92524 , -0.293703 , -3.01371
7.52558 , -2.91776 , -0.277581 , -3.01408 , -2.91567 , -0.274654 , -3.01918
7.56009 , -2.90621 , -0.264582 , -3.02176 , -2.90387 , -0.253314 , -3.02614
7.59212 , -2.89546 , -0.240573 , -3.02864 , -2.89021 , -0.238098 , -3.03111
7.62112 , -2.87925 , -0.230318 , -3.03574 , -2.87587 , -0.220974 , -3.03742
7.65701 , -2.86543 , -0.206655 , -3.04058 , -2.86222 , -0.202051 , -3.04199
7.69234 , -2.84827 , -0.191804 , -3.04771 , -2.84382 , -0.183438 , -3.04677
7.72111 , -2.82841 , -0.175053 , -3.05348 , -2.82356 , -0.158154 , -3.04913
7.7576 , -2.81051 , -0.145735 , -3.05524 , -2.80356 , -0.133606 , -3.05107
7.79094 , -2.78831 , -0.126502 , -3.05943 , -2.78195 , -0.109087 , -3.05465
7.82453 , -2.76692 , -0.0954248 , -3.05994 , -2.7607 , -0.0898011 , -3.05942
7.85636 , -2.74765 , -0.0693469 , -3.06417 , -2.74194 , -0.0771697 , -3.06593
7.89203 , -2.72957 , -0.0416735 , -3.06445 , -2.72356 , -0.0482403 , -3.06847
7.92502 , -2.70707 , -0.0333484 , -3.07502 , -2.70467 , -0.00983238 , -3.06795
7.96115 , -2.69001 , 0.0102749 , -3.07282 , -2.68264 , 0.00835157 , -3.07126
7.99187 , -2.66578 , 0.023357 , -3.07305 , -2.66078 , 0.0247272 , -3.06973
8.02554 , -2.6403 , 0.0284941 , -3.07374 , -2.64038 , 0.0318214 , -3.06614
8.06014 , -2.62358 , 0.0370593 , -3.06571 , -2.62 , 0.0326324 , -3.06133
8.09228 , -2.60297 , 0.0357001 , -3.05896 , -2.60072 , 0.0329777 , -3.05533
8.12669 , -2.58149 , 0.0344735 , -3.04952 , -2.58318 , 0.0159814 , -3.05776
8.16315 , -2.5703 , 0.0197599 , -3.0536 , -2.56476 , 0.0128718 , -3.04989
8.1941 , -2.5511 , 0.0116794 , -3.04652 , -2.54966 , 0.00267233 , -3.04231
8.22644 , -2.53455 , -0.000692543 , -3.03829 , -2.53185 , -0.0188291 , -3.04082
8.26095 , -2.51752 , -0.0219973 , -3.02731 , -2.5125 , -0.0297538 , -3.02535
8.29481 , -2.50292 , -0.0222906 , -3.00449 , -2.49135 , -0.05112 , -3.0284
8.32496 , -2.47672 , -0.0646494 , -3.00392 , -2.47045 , -0.0793023 , -3.01155
8.35954 , -2.45683 , -0.0865583 , -3.00354 , -2.4476 , -0.099163 , -2.99693
8.39403 , -2.43128 , -0.122527 , -3.00085 , -2.42232 , -0.130877 , -3.00668
8.42865 , -2.40815 , -0.144307 , -2.99346 , -2.40109 , -0.149982 , -2.9986
8.46207 , -2.38394 , -0.169547 , -2.9908 , -2.37542 , -0.182014 , -3.00475
8.49886 , -2.36102 , -0.201481 , -2.9982 , -2.35323 , -0.203697 , -3.00732
8.53321 , -2.33974 , -0.220013 , -2.99723 , -2.33203 , -0.221299 , -3.0082
8.56925 , -2.31824 , -0.238673 , -2.99803 , -2.31201 , -0.246225 , -3.00037
8.61244 , -2.29607 , -0.259292 , -3.00496 , -2.29184 , -0.261216 , -3.00098
8.64762 , -2.27608 , -0.275584 , -3.00702 , -2.2655 , -0.281991 , -3.01981
8.68193 , -2.2532 , -0.287962 , -3.0148 , -2.24574 , -0.291266 , -3.01671
8.71272 , -2.2269 , -0.306268 , -3.03217 , -2.22303 , -0.291591 , -3.01872
8.74705 , -2.20401 , -0.305504 , -3.03012 , -2.19576 , -0.299544 , -3.02961
8.78377 , -2.17682 , -0.304129 , -3.03503 , -2.16829 , -0.298029 , -3.03564
8.82017 , -2.14923 , -0.303141 , -3.04411 , -2.13964 , -0.294494 , -3.04398
8.86312 , -2.11829 , -0.289372 , -3.0525 , -2.10707 , -0.286834 , -3.05487
8.89742 , -2.08228 , -0.283224 , -3.07461 , -2.07252 , -0.266211 , -3.06266
8.9319 , -2.04268 , -0.264433 , -3.08896 , -2.02886 , -0.251263 , -3.09083
8.96545 , -1.99977 , -0.242278 , -3.11168 , -1.98947 , -0.23157 , -3.1065
8.99681 , -1.96826 , -0.214164 , -3.10423 , -1.95415 , -0.210657 , -3.10669
9.0316 , -1.92547 , -0.195296 , -3.11409 , -1.90978 , -0.183994 , -3.11373
9.06328 , -1.88678 , -0.162025 , -3.10121 , -1.87157 , -0.15138 , -3.1005
9.09981 , -1.85235 , -0.135028 , -3.09351 , -1.8347 , -0.125616 , -3.10297
9.1352 , -1.81512 , -0.108808 , -3.11191 , -1.80241 , -0.0978693 , -3.10211
9.16501 , -1.78824 , -0.0785337 , -3.10432 , -1.7758 , -0.0943141 , -3.1157
9.1994 , -1.7654 , -0.0585172 , -3.11545 , -1.75529 , -0.0679178 , -3.12472
9.23283 , -1.75027 , -0.0453384 , -3.13219 , -1.74548 , -0.0332508 , -3.13493
9.2674 , -1.74738 , -0.0101756 , 3.13775 , -1.74527 , 0.00134293 , -3.1401
9.30096 , -1.75722 , 0.0191716 , 3.13548 , -1.76146 , 0.029537 , 3.13883
9.33146 , -1.78295 , 0.0582536 , 3.13449 , -1.78837 , 0.0731489 , 3.13919
9.36703 , -1.81596 , 0.095109 , 3.1372 , -1.82369 , 0.116395 , -3.14011
9.40063 , -1.85907 , 0.144093 , -3.13366 , -1.87699 , 0.156751 , -3.13548
9.43521 , -1.91214 , 0.1826 , -3.13226 , -1.93415 , 0.205376 , -3.1302
9.46837 , -1.99505 , 0.237712 , 3.13641 , -2.01465 , 0.261017 , 3.13951
9.49941 , -2.07684 , 0.293432 , 3.12545 , -2.10993 , 0.316596 , 3.12001
9.53483 , -2.17778 , 0.340145 , 3.10414 , -2.21595 , 0.357204 , 3.09602
9.56837 , -2.2946 , 0.369594 , 3.06932 , -2.34017 , 0.384567 , 3.05936
9.60287 , -2.4215 , 0.395941 , 3.03792 , -2.47061 , 0.408775 , 3.02657
9.63375 , -2.5553 , 0.407072 , 3.00719 , -2.59442 , 0.422419 , 3.00201
9.66803 , -2.68713 , 0.413116 , 2.98186 , -2.72615 , 0.410166 , 2.98017
9.7026 , -2.79519 , 0.391294 , 2.97302 , -2.82669 , 0.386865 , 2.9812
9.73905 , -2.87625 , 0.37053 , 2.98347 , -2.90169 , 0.352871 , 2.99337
9.76769 , -2.93657 , 0.323406 , 3.00268 , -2.95528 , 0.311135 , 3.00801
9.8022 , -2.98269 , 0.283302 , 3.0165 , -2.99436 , 0.267626 , 3.02473
9.83881 , -3.01382 , 0.239684 , 3.03714 , -3.02286 , 0.220533 , 3.04409
9.86839 , -3.03262 , 0.184761 , 3.05704 , -3.04391 , 0.194227 , 3.05973
9.90399 , -3.04603 , 0.143722 , 3.07679 , -3.05042 , 0.153574 , 3.07984
9.93847 , -3.05658 , 0.106484 , 3.09236 , -3.05926 , 0.116859 , 3.09286
9.9691 , -3.06153 , 0.0888136 , 3.10387 , -3.06209 , 0.0905416 , 3.10938
10.0043 , -3.06245 , 0.0295975 , 3.12717 , -3.06124 , 0.0403307 , 3.13068
10.0383 , -3.06056 , 0.0127992 , 3.13918 , -3.05845 , 0.00803464 , -3.13433
10.0728 , -3.06018 , -0.00580928 , -3.13029 , -3.05296 , -0.00307669 , -3.12643
10.1062 , -3.05194 , -0.0166122 , -3.11981 , -3.05138 , -0.0162404 , -3.11197
10.1369 , -3.04806 , -0.0289717 , -3.10411 , -3.047 , -0.0401474 , -3.09281
10.1716 , -3.04246 , -0.0567913 , -3.08628 , -3.04874 , -0.0561619 , -3.0791
10.2061 , -3.04315 , -0.0745737 , -3.06589 , -3.0435 , -0.0898988 , -3.05425
10.2404 , -3.04443 , -0.0920061 , -3.0459 , -3.04182 , -0.109547 , -3.03488
10.2711 , -3.04142 , -0.124491 , -3.02476 , -3.04549 , -0.132043 , -3.0206
10.3056 , -3.04391 , -0.137953 , -3.01244 , -3.04815 , -0.142209 , -3.00757
10.3393 , -3.04753 , -0.150275 , -3.00725 , -3.04713 , -0.151149 , -3.00066
10.3736 , -3.04525 , -0.13224 , -3.00071 , -3.04338 , -0.1632 , -2.9934
10.4082 , -3.04407 , -0.147459 , -3.00088 , -3.0395 , -0.159976 , -2.99375
10.4418 , -3.04123 , -0.140954 , -3.00334 , -3.03336 , -0.155758 , -2.99679
10.4723 , -3.03528 , -0.125225 , -3.00787 , -3.02745 , -0.147518 , -3.00118
10.5079 , -3.02576 , -0.122544 , -3.01447 , -3.01641 , -0.136293 , -3.00874
10.5414 , -3.01587 , -0.113658 , -3.02092 , -3.01523 , -0.11839 , -3.0202
10.5758 , -3.00857 , -0.10736 , -3.0285 , -3.00592 , -0.121258 , -3.02753
10.6095 , -3.0019 , -0.0985097 , -3.03509 , -3.00299 , -0.0997426 , -3.03402
10.6404 , -2.99416 , -0.105468 , -3.04073 , -2.99532 , -0.097226 , -3.04011
10.6756 , -2.98737 , -0.0931275 , -3.04691 , -2.99074 , -0.0763803 , -3.04587
10.709 , -2.98669 , -0.0707524 , -3.05176 , -2.98586 , -0.0582822 , -3.05096
10.7437 , -2.98108 , -0.0480584 , -3.05867 , -2.98128 , -0.0384247 , -3.05763
10.7822 , -2.97568 , -0.0335147 , -3.06672 , -2.97472 , -0.0198001 , -3.06654
10.83 , -2.96787 , -0.0112481 , -3.07661 , -2.96439 , -0.00958904 , -3.07811
10.87 , -2.95547 , 0.00159901 , -3.08733 , -2.95071 , 0.0063836 , -3.0876
10.9101 , -2.94058 , 0.0203274 , -3.09884 , -2.93142 , 0.0199236 , -3.10148
10.9467 , -2.91661 , 0.0315161 , -3.11195 , -2.90605 , 0.0352575 , -3.11355
10.9779 , -2.88567 , 0.0422229 , -3.12363 , -2.87299 , 0.0448183 , -3.12495
11.0193 , -2.84669 , 0.0463787 , -3.13493 , -2.83524 , 0.0508879 , -3.13874
11.0625 , -2.8061 , 0.0564418 , 3.13606 , -2.79366 , 0.0572456 , 3.13116
11.0968 , -2.76333 , 0.062285 , 3.12471 , -2.7512 , 0.0618034 , 3.12292
11.1309 , -2.72149 , 0.0705503 , 3.11921 , -2.70622 , 0.074583 , 3.12251
11.1618 , -2.67406 , 0.0825228 , 3.12074 , -2.65877 , 0.0823125 , 3.12377
11.1954 , -2.62826 , 0.0774722 , 3.12111 , -2.61348 , 0.0930031 , 3.13253
11.2301 , -2.58097 , 0.0912213 , 3.12955 , -2.5665 , 0.0890656 , 3.12998
11.2644 , -2.5353 , 0.0878004 , 3.13013 , -2.5219 , 0.0828585 , 3.12985
11.2973 , -2.49041 , 0.0823551 , 3.13457 , -2.47564 , 0.0912514 , -3.1317
11.328 , -2.44589 , 0.0874081 , -3.12793 , -2.43394 , 0.0704129 , 3.14157
11.3615 , -2.40679 , 0.0774968 , -3.11543 , -2.39168 , 0.0564746 , -3.12886
11.3959 , -2.36906 , 0.0429654 , -3.12675 , -2.35595 , 0.0399281 , -3.12107
11.4307 , -2.33352 , 0.0180298 , -3.12115 , -2.3199 , 0.00961784 , -3.122
11.4643 , -2.30034 , -0.0100406 , -3.11478 , -2.2879 , -0.0208368 , -3.11465
11.4988 , -2.27077 , -0.0386681 , -3.10921 , -2.26034 , -0.0490849 , -3.10858
11.5296 , -2.24765 , -0.0626255 , -3.10068 , -2.239 , -0.067669 , -3.10019
11.5638 , -2.22754 , -0.0821383 , -3.0934 , -2.21956 , -0.0911211 , -3.09956
11.5983 , -2.20935 , -0.110662 , -3.09317 , -2.20299 , -0.106264 , -3.09891
11.6319 , -2.18988 , -0.128902 , -3.09474 , -2.18467 , -0.130337 , -3.09359
11.6663 , -2.17054 , -0.148667 , -3.09565 , -2.16492 , -0.144274 , -3.09179
11.7037 , -2.15045 , -0.157371 , -3.09064 , -2.1408 , -0.160917 , -3.10036
11.7382 , -2.12728 , -0.161308 , -3.09613 , -2.11817 , -0.15654 , -3.09906
11.7712 , -2.09958 , -0.159955 , -3.09952 , -2.09485 , -0.144314 , -3.09032
11.8018 , -2.06867 , -0.16636 , -3.11494 , -2.06232 , -0.15451 , -3.10223
11.8346 , -2.03489 , -0.16583 , -3.10745 , -2.02876 , -0.150579 , -3.0944
11.8669 , -2.0033 , -0.160075 , -3.1075 , -1.99372 , -0.147833 , -3.09158
11.8993 , -1.96564 , -0.174051 , -3.12031 , -1.95951 , -0.151439 , -3.09477
11.9339 , -1.92807 , -0.165753 , -3.10154 , -1.92302 , -0.145175 , -3.08814
11.9684 , -1.8938 , -0.147857 , -3.09721 , -1.88122 , -0.152627 , -3.10182
12.0026 , -1.86035 , -0.139325 , -3.09402 , -1.84777 , -0.138196 , -3.09647
12.0375 , -1.82608 , -0.15583 , -3.10811 , -1.81601 , -0.148037 , -3.10846
12.0669 , -1.79797 , -0.153225 , -3.12048 , -1.79042 , -0.145776 , -3.12261
12.102 , -1.77569 , -0.14317 , -3.13587 , -1.76869 , -0.135429 , -3.13099
12.1381 , -1.75787 , -0.123294 , -3.13508 , -1.75211 , -0.123428 , 3.14063
12.1685 , -1.74485 , -0.101469 , 3.13781 , -1.74133 , -0.10128 , 3.13305
12.2028 , -1.74038 , -0.0745779 , 3.14041 , -1.73639 , -0.0640888 , 3.13105
12.2372 , -1.73962 , -0.0624454 , 3.12959 , -1.74043 , -0.0480054 , 3.13063
12.2708 , -1.74759 , -0.0327062 , 3.13 , -1.75099 , -0.0271751 , 3.11879
12.3053 , -1.76392 , -0.0077814 , 3.1163 , -1.76829 , -0.00677645 , 3.12019
12.3392 , -1.78964 , 0.0251609 , 3.11969 , -1.79626 , 0.0268297 , 3.11313
12.3714 , -1.82142 , 0.0499462 , 3.11635 , -1.83187 , 0.0537822 , 3.11916
12.4015 , -1.86432 , 0.0726302 , 3.10403 , -1.87973 , 0.0837868 , 3.10686
12.4375 , -1.91572 , 0.100132 , 3.09986 , -1.93975 , 0.104424 , 3.0895
12.4731 , -1.97891 , 0.129435 , 3.09084 , -1.99976 , 0.133514 , 3.0864
12.5036 , -2.04707 , 0.146182 , 3.07925 , -2.0766 , 0.152341 , 3.07054
12.5385 , -2.13111 , 0.161092 , 3.07119 , -2.16602 , 0.163998 , 3.05938
12.5713 , -2.22371 , 0.170793 , 3.05367 , -2.25591 , 0.184745 , 3.06512
12.6056 , -2.31782 , 0.17637 , 3.06085 , -2.35061 , 0.187565 , 3.06959
12.6407 , -2.41215 , 0.177624 , 3.06441 , -2.45096 , 0.169435 , 3.06245
12.6738 , -2.51144 , 0.162305 , 3.0639 , -2.55009 , 0.164219 , 3.06767
12.7037 , -2.61155 , 0.148362 , 3.06904 , -2.64612 , 0.150074 , 3.07744
12.7391 , -2.70769 , 0.122258 , 3.08704 , -2.73468 , 0.112862 , 3.09078
12.7725 , -2.78888 , 0.0872635 , 3.10492 , -2.81401 , 0.0828514 , 3.11303
12.807 , -2.85786 , 0.0246147 , 3.12722 , -2.88354 , 0.0289349 , 3.13586
12.8377 , -2.91678 , -0.0108787 , -3.13046 , -2.93322 , -0.0249546 , -3.12113
12.8722 , -2.95991 , -0.0553291 , -3.10371 , -2.97337 , -0.0733533 , -3.09398
12.9068 , -2.99658 , -0.110019 , -3.08086 , -3.00796 , -0.118319 , -3.07211
12.9403 , -3.02483 , -0.146527 , -3.05941 , -3.03205 , -0.161197 , -3.0493
12.9749 , -3.0435 , -0.179281 , -3.04119 , -3.04929 , -0.179816 , -3.03434
13.0075 , -3.05407 , -0.197106 , -3.02568 , -3.05666 , -0.189092 , -3.02478
13.0405 , -3.0531 , -0.208079 , -3.01876 , -3.05336 , -0.201104 , -3.01921
13.0746 , -3.05072 , -0.201169 , -3.01536 , -3.04764 , -0.209643 , -3.01639
13.1081 , -3.04237 , -0.22 , -3.01181 , -3.03871 , -0.227514 , -3.01291
13.1427 , -3.03618 , -0.241139 , -3.00537 , -3.03257 , -0.240739 , -3.00882
13.1738 , -3.03019 , -0.248716 , -3.00205 , -3.02797 , -0.254474 , -3.00226
13.2078 , -3.02509 , -0.260962 , -2.99794 , -3.02205 , -0.269386 , -3.00043
13.2423 , -3.01986 , -0.283643 , -2.99519 , -3.01834 , -0.282244 , -2.99771
13.2759 , -3.01542 , -0.296433 , -2.99324 , -3.01508 , -0.288555 , -2.99777
13.3103 , -3.01129 , -0.291906 , -2.99417 , -3.02413 , -0.282271 , -2.99435
13.341 , -3.01816 , -0.292878 , -2.99053 , -3.01834 , -0.26479 , -3.00275
13.3757 , -3.0094 , -0.269307 , -2.99739 , -3.01046 , -0.272365 , -2.99955
13.412 , -3.00417 , -0.263249 , -3.00172 , -3.00632 , -0.25811 , -3.00513
13.4453 , -2.99979 , -0.247645 , -3.00895 , -2.99961 , -0.244262 , -3.01242
13.4782 , -2.98925 , -0.23969 , -3.0162 , -2.99506 , -0.210847 , -3.02394
13.5089 , -2.98113 , -0.22019 , -3.02463 , -2.98547 , -0.19564 , -3.03257
13.5433 , -2.97956 , -0.184928 , -3.03825 , -2.97538 , -0.180437 , -3.03945
13.5779 , -2.97027 , -0.166275 , -3.04794 , -2.96771 , -0.159549 , -3.05055
13.6123 , -2.96322 , -0.135533 , -3.05742 , -2.96048 , -0.133345 , -3.05811
13.6459 , -2.95802 , -0.103689 , -3.06524 , -2.95465 , -0.110803 , -3.0655
13.6802 , -2.95097 , -0.0813074 , -3.07236 , -2.94667 , -0.0873474 , -3.07235
13.7102 , -2.94105 , -0.0553082 , -3.08043 , -2.93499 , -0.0488317 , -3.07581
13.7457 , -2.92773 , -0.0367834 , -3.08754 , -2.9215 , -0.0272813 , -3.08357
13.7802 , -2.91175 , -0.0231407 , -3.09517 , -2.90146 , -0.0159261 , -3.09481
13.8137 , -2.88664 , -0.00208614 , -3.10215 , -2.87457 , -0.00170431 , -3.10495
13.8444 , -2.85514 , 0.00271591 , -3.11517 , -2.84084 , 0.0047079 , -3.11735
13.8828 , -2.81708 , 0.0104599 , -3.12689 , -2.80147 , 0.0109948 , -3.12967
13.9115 , -2.77433 , 0.016699 , -3.13892 , -2.75689 , 0.014552 , 3.14084
13.9485 , -2.72689 , 0.0175128 , 3.13284 , -2.70831 , 0.0106905 , 3.12754
13.9836 , -2.67602 , 0.0112917 , 3.12134 , -2.65638 , 0.0175611 , 3.12043
14.0135 , -2.62366 , 0.0154581 , 3.11309 , -2.60882 , 0.0195859 , 3.11232
14.0476 , -2.57361 , 0.0166634 , 3.10628 , -2.5569 , 0.0112557 , 3.10154
14.0792 , -2.52157 , 0.012686 , 3.10207 , -2.50665 , 0.00655825 , 3.10011
14.1157 , -2.47383 , -0.00221696 , 3.09863 , -2.45901 , -0.0129837 , 3.08607
14.1462 , -2.42745 , 0.00438811 , 3.10042 , -2.41433 , -0.0066543 , 3.09624
14.1799 , -2.38444 , -0.00428111 , 3.10209 , -2.37306 , -0.00919881 , 3.10456
14.2154 , -2.34423 , -0.0110984 , 3.1073 , -2.33439 , -0.015826 , 3.11256
14.247 , -2.30859 , -0.0191532 , 3.11631 , -2.29904 , -0.0250968 , 3.12161
14.2834 , -2.27553 , -0.033309 , 3.1264 , -2.26618 , -0.043311 , 3.12912
14.317 , -2.24531 , -0.0614702 , 3.13077 , -2.23703 , -0.0626652 , 3.1404
14.3516 , -2.21711 , -0.0743384 , -3.1372 , -2.20871 , -0.0885441 , -3.13875
14.3886 , -2.19077 , -0.0978538 , -3.12632 , -2.18099 , -0.10462 , -3.1248
14.4179 , -2.16444 , -0.119316 , -3.11546 , -2.15592 , -0.128354 , -3.11489
14.451 , -2.13851 , -0.14987 , -3.11435 , -2.13046 , -0.150947 , -3.10339
14.4818 , -2.11449 , -0.168398 , -3.10055 , -2.10185 , -0.178125 , -3.10606
14.5164 , -2.08585 , -0.187997 , -3.09574 , -2.0758 , -0.199893 , -3.09299
14.5509 , -2.06143 , -0.20502 , -3.08053 , -2.05508 , -0.20743 , -3.07668
14.588 , -2.0414 , -0.211369 , -3.06784 , -2.03497 , -0.215689 , -3.06635
14.6192 , -2.02314 , -0.222799 , -3.06135 , -2.01878 , -0.22564 , -3.06073
14.6495 , -2.00528 , -0.253981 , -3.06408 , -2.00513 , -0.240452 , -3.05745
14.6841 , -1.99534 , -0.245733 , -3.05413 , -1.99447 , -0.238721 , -3.05071
14.7184 , -1.98551 , -0.251481 , -3.04635 , -1.98707 , -0.238819 , -3.04441
14.7521 , -1.97996 , -0.235539 , -3.03818 , -1.98024 , -0.240467 , -3.04479
14.7899 , -1.97844 , -0.22927 , -3.03715 , -1.98026 , -0.215167 , -3.03553
14.8263 , -1.9785 , -0.212324 , -3.03665 , -1.98382 , -0.191393 , -3.03675
14.8706 , -1.98437 , -0.197354 , -3.04236 , -1.99301 , -0.185287 , -3.04286
14.9012 , -1.99605 , -0.173125 , -3.04105 , -2.00454 , -0.168522 , -3.04599
14.9357 , -2.01119 , -0.160251 , -3.0449 , -2.02211 , -0.151235 , -3.04649
14.9702 , -2.03207 , -0.142503 , -3.04214 , -2.04992 , -0.131455 , -3.02237
15.004 , -2.0588 , -0.118234 , -3.01362 , -2.07438 , -0.0965612 , -3.01334
15.0384 , -2.08819 , -0.0901885 , -3.00803 , -2.10411 , -0.0718714 , -3.01142
15.0691 , -2.12007 , -0.0615253 , -3.00899 , -2.12831 , -0.0714639 , -3.03677
15.1035 , -2.14706 , -0.0753678 , -3.05228 , -2.165 , -0.0324981 , -3.0322
15.1381 , -2.18323 , -0.0161184 , -3.0265 , -2.19427 , -0.00340188 , -3.04147
15.1724 , -2.21472 , 0.0123367 , -3.02967 , -2.22645 , 0.0187766 , -3.05384
15.206 , -2.25307 , 0.0432881 , -3.04191 , -2.26575 , 0.0323394 , -3.06402
15.2367 , -2.29379 , 0.0652005 , -3.05467 , -2.30789 , 0.0754093 , -3.06014
15.2712 , -2.3403 , 0.0971509 , -3.06586 , -2.35757 , 0.101714 , -3.07259
15.3058 , -2.39094 , 0.11806 , -3.08285 , -2.40628 , 0.120711 , -3.08798
15.3403 , -2.44261 , 0.135943 , -3.10019 , -2.46137 , 0.139042 , -3.10355
15.3709 , -2.50263 , 0.153888 , -3.11621 , -2.52588 , 0.159871 , -3.10696
15.4055 , -2.5655 , 0.169471 , -3.11738 , -2.58553 , 0.17779 , -3.11377
15.4392 , -2.63217 , 0.197219 , -3.12248 , -2.6517 , 0.20205 , -3.12245
15.4741 , -2.70275 , 0.224946 , -3.13381 , -2.7185 , 0.22221 , -3.12822
15.5079 , -2.76095 , 0.226102 , -3.13768 , -2.77994 , 0.2308 , -3.13623
15.5465 , -2.81886 , 0.23212 , 3.13962 , -2.83317 , 0.214668 , -3.13683
15.5788 , -2.86992 , 0.215844 , 3.13422 , -2.88249 , 0.212813 , -3.14085
15.6138 , -2.91175 , 0.199801 , 3.13729 , -2.92452 , 0.195761 , -3.13921
15.6437 , -2.94891 , 0.173822 , 3.13993 , -2.95696 , 0.176002 , -3.13707
15.6761 , -2.9777 , 0.151295 , -3.13794 , -2.98621 , 0.140376 , -3.12764
15.7094 , -2.99665 , 0.10896 , -3.1264 , -3.00333 , 0.0875919 , -3.11423
15.74 , -3.0082 , 0.0593353 , -3.11141 , -3.01141 , 0.0566179 , -3.10271
15.7754 , -3.01466 , 0.0322827 , -3.09775 , -3.01858 , 0.0190017 , -3.08893
15.8149 , -3.01723 , -0.0062729 , -3.08551 , -3.02002 , -0.0165851 , -3.07592
15.8462 , -3.01336 , -0.0370072 , -3.07319 , -3.0163 , -0.0687354 , -3.06121
15.8777 , -3.00867 , -0.0941396 , -3.06042 , -3.01109 , -0.106402 , -3.05084
15.9116 , -3.00332 , -0.134879 , -3.04791 , -3.00427 , -0.151745 , -3.03844
15.9441 , -2.99601 , -0.186135 , -3.03476 , -2.99868 , -0.196001 , -3.0258
15.9797 , -2.99107 , -0.231945 , -3.02312 , -2.9914 , -0.236694 , -3.0167
16.0137 , -2.98533 , -0.275045 , -3.01409 , -2.98278 , -0.27617 , -3.00869
16.0455 , -2.97586 , -0.284362 , -3.00563 , -2.97385 , -0.301173 , -3.00175
16.082 , -2.96941 , -0.322099 , -2.99799 , -2.96662 , -0.331544 , -2.99477
16.1123 , -2.96523 , -0.347202 , -2.99221 , -2.96391 , -0.341267 , -2.99407
16.1523 , -2.96207 , -0.371162 , -2.98789 , -2.96343 , -0.362437 , -2.99308
16.1957 , -2.96277 , -0.379668 , -2.98738 , -2.95912 , -0.383405 , -2.9917
16.2286 , -2.95752 , -0.385559 , -2.98895 , -2.95229 , -0.396445 , -2.99519
16.2646 , -2.94878 , -0.401312 , -2.99348 , -2.94363 , -0.404717 , -3.00051
16.2962 , -2.93882 , -0.409685 , -3.00332 , -2.93489 , -0.410368 , -3.01102
16.3327 , -2.92749 , -0.415479 , -3.01307 , -2.92262 , -0.413412 , -3.02212
16.3638 , -2.91283 , -0.412428 , -3.02386 , -2.90817 , -0.416979 , -3.03175
16.402 , -2.899 , -0.412483 , -3.03231 , -2.89475 , -0.408513 , -3.04229
16.4334 , -2.88693 , -0.394561 , -3.04314 , -2.88513 , -0.387296 , -3.05252
16.462 , -2.87433 , -0.374464 , -3.05651 , -2.87598 , -0.353034 , -3.06315
16.4965 , -2.86604 , -0.338076 , -3.0656 , -2.86437 , -0.333283 , -3.07369
16.5321 , -2.85569 , -0.315423 , -3.07838 , -2.85486 , -0.307643 , -3.08513
16.5651 , -2.84933 , -0.288566 , -3.09175 , -2.85084 , -0.273255 , -3.09604
16.6002 , -2.84179 , -0.264935 , -3.10546 , -2.84253 , -0.247826 , -3.10852
16.6337 , -2.83693 , -0.229714 , -3.11616 , -2.83666 , -0.218715 , -3.1202
16.6646 , -2.82934 , -0.196544 , -3.12551 , -2.82719 , -0.189794 , -3.12856
16.6999 , -2.81932 , -0.158837 , -3.13249 , -2.81443 , -0.152293 , -3.1307
16.7343 , -2.80287 , -0.153018 , -3.13532 , -2.79853 , -0.163307 , -3.13585
16.7644 , -2.78018 , -0.141123 , -3.13865 , -2.77431 , -0.138811 , -3.13528
16.7979 , -2.75641 , -0.118811 , -3.13888 , -2.74769 , -0.115187 , -3.13464
16.8315 , -2.72666 , -0.0997955 , -3.13762 , -2.71602 , -0.100961 , -3.13548
16.8659 , -2.69139 , -0.0869737 , 3.14119 , -2.68165 , -0.0898367 , -3.14065
16.9004 , -2.65723 , -0.0856493 , 3.13627 , -2.64493 , -0.0748595 , -3.14026
16.9348 , -2.61999 , -0.0632753 , 3.13684 , -2.606 , -0.0599576 , 3.13943
16.9651 , -2.58283 , -0.0526887 , 3.13299 , -2.56851 , -0.0479614 , 3.13865
16.9993 , -2.54529 , -0.0468997 , 3.13093 , -2.534 , -0.0584947 , 3.12649
17.0339 , -2.51029 , -0.0427437 , 3.12483 , -2.50052 , -0.0457898 , 3.12754
17.0682 , -2.47302 , -0.06012 , 3.11281 , -2.46308 , -0.05906 , 3.11483
17.1018 , -2.439 , -0.0592428 , 3.1133 , -2.42796 , -0.0675188 , 3.11246
17.139 , -2.40412 , -0.0692602 , 3.11037 , -2.39386 , -0.0785127 , 3.10875
17.1742 , -2.36871 , -0.0607443 , 3.11628 , -2.3602 , -0.0727451 , 3.1087
17.2035 , -2.3363 , -0.0695753 , 3.11772 , -2.32423 , -0.0814206 , 3.11516
17.2363 , -2.30364 , -0.0825584 , 3.11788 , -2.29366 , -0.0921455 , 3.12095
17.2696 , -2.2735 , -0.0947314 , 3.12406 , -2.26399 , -0.0960926 , 3.12935
17.3012 , -2.24601 , -0.101595 , 3.1308 , -2.23624 , -0.105303 , 3.13551
17.3357 , -2.21872 , -0.120302 , 3.1349 , -2.20906 , -0.12384 , 3.14033
17.3695 , -2.1909 , -0.141038 , 3.13728 , -2.18209 , -0.145218 , 3.14141
17.4009 , -2.16561 , -0.159481 , -3.13721 , -2.15679 , -0.167458 , -3.13751
17.4373 , -2.14148 , -0.177001 , -3.12887 , -2.13197 , -0.181185 , -3.13636
17.468 , -2.11937 , -0.193141 , -3.12827 , -2.11056 , -0.196186 , -3.13494
17.5036 , -2.09841 , -0.207093 , -3.12784 , -2.0923 , -0.210561 , -3.13085
17.5369 , -2.07875 , -0.225161 , -3.13466 , -2.07297 , -0.221457 , -3.12646
17.5715 , -2.06009 , -0.223987 , -3.12171 , -2.05433 , -0.225744 , -3.12692
17.6053 , -2.04237 , -0.223559 , -3.11699 , -2.03926 , -0.222364 , -3.11378
17.6357 , -2.02736 , -0.217883 , -3.10512 , -2.02037 , -0.222055 , -3.11216
17.6728 , -2.01094 , -0.214947 , -3.10183 , -2.01017 , -0.208271 , -3.09761
17.7063 , -2.00081 , -0.200457 , -3.08984 , -2.00012 , -0.203587 , -3.09337
17.7408 , -1.99179 , -0.19154 , -3.08363 , -1.99506 , -0.199314 , -3.08766
17.7737 , -1.98996 , -0.18455 , -3.07875 , -1.99298 , -0.178774 , -3.07862
17.8035 , -1.9905 , -0.169316 , -3.07827 , -1.9958 , -0.165152 , -3.07978
17.8394 , -1.99699 , -0.15767 , -3.08021 , -2.00493 , -0.150514 , -3.07928
17.8725 , -2.00903 , -0.142216 , -3.07912 , -2.01914 , -0.135591 , -3.07919
17.9071 , -2.0265 , -0.125719 , -3.07636 , -2.03837 , -0.116174 , -3.0756
17.9379 , -2.04815 , -0.104367 , -3.07124 , -2.06227 , -0.0947876 , -3.07413
17.9722 , -2.07541 , -0.0825098 , -3.07014 , -2.09008 , -0.0707813 , -3.07167
18.0049 , -2.10602 , -0.055857 , -3.06747 , -2.12165 , -0.0405073 , -3.06855
18.041 , -2.14041 , -0.0262632 , -3.06477 , -2.15821 , -0.0135467 , -3.06852
18.0721 , -2.18293 , 0.00546149 , -3.04993 , -2.19907 , 0.0218197 , -3.06073
18.1065 , -2.22597 , 0.0546058 , -3.03096 , -2.24354 , 0.0557444 , -3.05686
18.1402 , -2.27254 , 0.0924645 , -3.03004 , -2.2902 , 0.0936611 , -3.05656
18.1747 , -2.32848 , 0.117502 , -3.05071 , -2.34356 , 0.11733 , -3.07091
18.2081 , -2.38272 , 0.134633 , -3.06749 , -2.39969 , 0.130028 , -3.09069
18.2425 , -2.43884 , 0.151355 , -3.09005 , -2.45634 , 0.158824 , -3.10541
18.2732 , -2.49366 , 0.184218 , -3.10641 , -2.50938 , 0.195708 , -3.11054
18.3077 , -2.53749 , 0.213802 , -3.11982 , -2.55655 , 0.234874 , -3.11161
18.3441 , -2.5851 , 0.242812 , -3.11158 , -2.60235 , 0.253503 , -3.11637
18.3783 , -2.63466 , 0.261817 , -3.12038 , -2.64217 , 0.269631 , -3.11587
18.4121 , -2.67616 , 0.272397 , -3.12372 , -2.69081 , 0.276809 , -3.12369
18.4426 , -2.7193 , 0.272277 , -3.13056 , -2.73225 , 0.270009 , -3.1263
18.4775 , -2.76577 , 0.263908 , -3.138 , -2.7765 , 0.2635 , -3.13425
18.5115 , -2.80768 , 0.252566 , 3.13762 , -2.82383 , 0.249962 , 3.14043
18.5456 , -2.85065 , 0.23619 , 3.13162 , -2.87042 , 0.213359 , 3.13675
18.5754 , -2.89447 , 0.228602 , 3.12846 , -2.90763 , 0.217936 , 3.13442
18.6088 , -2.93065 , 0.221188 , 3.12727 , -2.94736 , 0.222361 , 3.12777
18.6433 , -2.96461 , 0.205887 , 3.125 , -2.97787 , 0.215808 , 3.12873
18.6779 , -2.99516 , 0.196429 , 3.1276 , -3.00274 , 0.205515 , 3.13162
18.7125 , -3.01477 , 0.179784 , 3.13378 , -3.02122 , 0.186404 , 3.13596
18.7461 , -3.03144 , 0.158974 , 3.13731 , -3.032 , 0.155186 , -3.14121
18.7764 , -3.04646 , 0.162586 , 3.13612 , -3.04212 , 0.154531 , -3.13992
18.8168 , -3.04571 , 0.148273 , -3.14016 , -3.04441 , 0.13094 , -3.13351
18.8517 , -3.04103 , 0.123546 , -3.13403 , -3.04437 , 0.115195 , -3.13008
18.8831 , -3.03916 , 0.109564 , -3.12915 , -3.03959 , 0.120361 , -3.12944
18.914 , -3.03073 , 0.100368 , -3.1266 , -3.0294 , 0.103195 , -3.12418
18.9478 , -3.01947 , 0.0920897 , -3.12172 , -3.01713 , 0.0902921 , -3.11864
18.9834 , -3.00964 , 0.0887313 , -3.11796 , -3.00282 , 0.0781106 , -3.11588
19.0167 , -2.99207 , 0.0541732 , -3.11353 , -2.98787 , 0.0349317 , -3.10714
19.0538 , -2.97785 , 0.00554757 , -3.10607 , -2.97429 , 0.00327643 , -3.10211
19.1005 , -2.96362 , -0.020712 , -3.09752 , -2.95972 , -0.0321974 , -3.09382
19.1349 , -2.9519 , -0.0546278 , -3.09072 , -2.94361 , -0.0621557 , -3.08748
19.1676 , -2.93894 , -0.0863317 , -3.08599 , -2.93273 , -0.0917044 , -3.0838
19.1962 , -2.92643 , -0.10601 , -3.08281 , -2.9211 , -0.11439 , -3.08307
19.2313 , -2.91487 , -0.128635 , -3.08195 , -2.9089 , -0.133941 , -3.08422
19.2629 , -2.9028 , -0.149147 , -3.08576 , -2.89775 , -0.14776 , -3.08925
19.2994 , -2.89199 , -0.162402 , -3.09121 , -2.88665 , -0.162353 , -3.0962
19.3387 , -2.88059 , -0.16744 , -3.09849 , -2.87486 , -0.172488 , -3.10531
19.3883 , -2.86772 , -0.166926 , -3.10831 , -2.86099 , -0.167306 , -3.11723
19.4253 , -2.85215 , -0.156236 , -3.12071 , -2.84812 , -0.136497 , -3.1293
19.4665 , -2.83859 , -0.119723 , -3.13253 , -2.83383 , -0.101821 , -3.14146
19.4979 , -2.82935 , -0.0726032 , 3.13673 , -2.82401 , -0.0658683 , 3.12932
19.5325 , -2.81513 , -0.0481787 , 3.1245 , -2.81124 , -0.0240158 , 3.11601
19.5671 , -2.80127 , -0.00991904 , 3.1116 , -2.79476 , -0.0053319 , 3.10523
19.6005 , -2.7854 , 0.017569 , 3.10103 , -2.78077 , 0.0216065 , 3.09326
19.6367 , -2.7717 , 0.0348836 , 3.08723 , -2.76564 , 0.0387786 , 3.08227
19.6673 , -2.75317 , 0.0488551 , 3.07817 , -2.74739 , 0.0553161 , 3.07559
19.7009 , -2.737 , 0.066977 , 3.07328 , -2.73258 , 0.0664097 , 3.06998
19.7342 , -2.72603 , 0.0778085 , 3.06678 , -2.72133 , 0.0772627 , 3.06647
19.7699 , -2.71034 , 0.0649396 , 3.06371 , -2.7083 , 0.0984724 , 3.06945
19.8044 , -2.70137 , 0.0947612 , 3.06604 , -2.69863 , 0.0978563 , 3.07121
19.8351 , -2.69165 , 0.0979624 , 3.06917 , -2.69106 , 0.100762 , 3.07089
19.8689 , -2.68592 , 0.105607 , 3.07427 , -2.68749 , 0.0935616 , 3.07244
19.9044 , -2.68736 , 0.102541 , 3.07333 , -2.68315 , 0.101865 , 3.08161
19.9354 , -2.68524 , 0.0998181 , 3.07978 , -2.68252 , 0.0934517 , 3.08321
19.9722 , -2.67967 , 0.08905 , 3.08589 , -2.67809 , 0.0860412 , 3.09262
20.0036 , -2.67313 , 0.0817801 , 3.09781 , -2.67053 , 0.0789543 , 3.09946
20.0375 , -2.66757 , 0.0739795 , 3.1032 , -2.66453 , 0.0719349 , 3.10659
20.0729 , -2.6603 , 0.0665235 , 3.10916 , -2.6598 , 0.0647085 , 3.10874
20.1065 , -2.65328 , 0.0601956 , 3.11092 , -2.6493 , 0.0555713 , 3.11315
20.1402 , -2.64346 , 0.0479794 , 3.10889 , -2.63593 , 0.0541189 , 3.11645
20.1698 , -2.63073 , 0.0510395 , 3.11433 , -2.62485 , 0.0441201 , 3.11117
20.2056 , -2.61563 , 0.0393395 , 3.11367 , -2.6106 , 0.042235 , 3.11427
20.2363 , -2.5995 , 0.0393316 , 3.11438 , -2.5932 , 0.0384172 , 3.11363
20.2725 , -2.58184 , 0.0418582 , 3.11594 , -2.57402 , 0.0375167 , 3.11521
20.3062 , -2.5595 , 0.0341097 , 3.11318 , -2.54998 , 0.0323462 , 3.11253
20.3387 , -2.53443 , 0.025424 , 3.10804 , -2.52651 , 0.0243029 , 3.10582
20.3725 , -2.51181 , 0.0211039 , 3.10187 , -2.50313 , 0.0179741 , 3.09872
20.408 , -2.48914 , 0.0119141 , 3.09503 , -2.48225 , 0.0101551 , 3.09139
20.4396 , -2.46945 , 0.0059192 , 3.08938 , -2.46681 , 0.00648741 , 3.08523
20.4762 , -2.45008 , -0.00198396 , 3.08189 , -2.4494 , -0.00124371 , 3.08065
20.5103 , -2.43157 , -0.00922497 , 3.08455 , -2.43439 , 0.000353029 , 3.07862
20.5414 , -2.42175 , 0.0032209 , 3.07332 , -2.42181 , 0.00401714 , 3.07183
20.5745 , -2.41173 , 0.00708585 , 3.06553 , -2.41081 , 0.0105856 , 3.06644
20.6103 , -2.40608 , 0.0174246 , 3.06159 , -2.40446 , 0.00584209 , 3.06306
20.6466 , -2.40711 , 0.0220188 , 3.05958 , -2.40406 , 0.026423 , 3.05498
20.6814 , -2.41007 , 0.0358302 , 3.05326 , -2.40952 , 0.0323162 , 3.05663
20.7282 , -2.41924 , 0.0389792 , 3.0497 , -2.42124 , 0.0457227 , 3.05175
20.7595 , -2.43345 , 0.0510112 , 3.04731 , -2.43855 , 0.0573023 , 3.04939
20.7941 , -2.45418 , 0.0638524 , 3.0461 , -2.46265 , 0.0665535 , 3.04639
20.8257 , -2.48096 , 0.0729382 , 3.04614 , -2.49211 , 0.0734413 , 3.04607
20.862 , -2.51065 , 0.0780572 , 3.04636 , -2.52403 , 0.0763881 , 3.04503
20.8967 , -2.54239 , 0.0791747 , 3.04387 , -2.55678 , 0.0805483 , 3.04402
20.9279 , -2.57792 , 0.0863364 , 3.04566 , -2.59384 , 0.0847833 , 3.04312
20.9601 , -2.61616 , 0.0895727 , 3.04476 , -2.63045 , 0.0878218 , 3.04195
20.9953 , -2.6533 , 0.0886093 , 3.04322 , -2.66974 , 0.0922286 , 3.04136
21.0308 , -2.69492 , 0.0936053 , 3.04224 , -2.70794 , 0.0959232 , 3.04127
21.0623 , -2.73646 , 0.0945156 , 3.0429 , -2.74712 , 0.0986254 , 3.04243
21.0939 , -2.77454 , 0.0972859 , 3.04707 , -2.78833 , 0.10083 , 3.04639
21.1274 , -2.81191 , 0.100852 , 3.05107 , -2.82482 , 0.102927 , 3.05161
21.1607 , -2.85071 , 0.113502 , 3.0564 , -2.86029 , 0.109532 , 3.05491
21.1971 , -2.88189 , 0.11698 , 3.06055 , -2.89484 , 0.119244 , 3.05931
21.2319 , -2.91267 , 0.12412 , 3.06265 , -2.92445 , 0.129357 , 3.06347
21.2661 , -2.93941 , 0.12539 , 3.06688 , -2.94724 , 0.127776 , 3.06645
21.2973 , -2.95911 , 0.124065 , 3.07131 , -2.96591 , 0.129858 , 3.06819
21.3289 , -2.97576 , 0.124676 , 3.07241 , -2.97802 , 0.124199 , 3.06892
21.3653 , -2.9831 , 0.118487 , 3.07267 , -2.9882 , 0.124542 , 3.06933
21.3961 , -2.99077 , 0.121903 , 3.07114 , -2.98673 , 0.115997 , 3.06972
21.438 , -2.99033 , 0.115025 , 3.0702 , -2.99213 , 0.121083 , 3.06683
21.4809 , -2.98864 , 0.114773 , 3.07224 , -2.99193 , 0.11842 , 3.06573
21.5144 , -2.98645 , 0.116263 , 3.06556 , -2.99016 , 0.116744 , 3.06318
21.5506 , -2.98129 , 0.116065 , 3.06468 , -2.98441 , 0.115376 , 3.06209
