481

0.022631 , -0.346147 , -0.0803559 , 0.247756 , -0.305907 , -0.077026 , 0.264889
0.05421 , -0.346161 , -0.0803472 , 0.247758 , -0.315018 , -0.0712698 , 0.276614
0.089463 , -0.346184 , -0.0803346 , 0.247767 , -0.352804 , -0.0699343 , 0.273033
0.124849 , -0.346201 , -0.0802711 , 0.247781 , -0.378635 , -0.0673742 , 0.278125
0.159566 , -0.346203 , -0.0802411 , 0.247787 , -0.396903 , -0.071319 , 0.264695
0.191347 , -0.346203 , -0.0802414 , 0.247787 , -0.394447 , -0.0785368 , 0.247862
0.227692 , -0.346203 , -0.0802394 , 0.247786 , -0.379012 , -0.0841934 , 0.235176
0.264095 , -0.346203 , -0.08024 , 0.247786 , -0.358744 , -0.0870661 , 0.22983
0.313601 , -0.346203 , -0.080238 , 0.247785 , -0.341388 , -0.0874986 , 0.230586
0.351095 , -0.346202 , -0.0802356 , 0.247787 , -0.331057 , -0.0862574 , 0.235017
0.395899 , -0.346202 , -0.0802338 , 0.247788 , -0.32788 , -0.0839938 , 0.241149
0.434643 , -0.346202 , -0.0802319 , 0.247787 , -0.328965 , -0.0813899 , 0.247284
0.480169 , -0.346202 , -0.0802302 , 0.247786 , -0.331662 , -0.0791017 , 0.252347
0.514005 , -0.346202 , -0.0802262 , 0.247787 , -0.334085 , -0.0775485 , 0.255602
0.553437 , -0.346202 , -0.0802262 , 0.247787 , -0.335976 , -0.0770269 , 0.256588
0.601987 , -0.346202 , -0.0802262 , 0.247787 , -0.338111 , -0.0774749 , 0.255337
0.654827 , -0.346202 , -0.0802262 , 0.247787 , -0.341148 , -0.0785981 , 0.252349
0.705118 , -0.346202 , -0.0802262 , 0.247787 , -0.345125 , -0.0800734 , 0.24831
0.754749 , -0.346202 , -0.0802262 , 0.247787 , -0.34869 , -0.0814027 , 0.244636
0.804009 , -0.346202 , -0.0802262 , 0.247787 , -0.351134 , -0.0823166 , 0.242153
0.854191 , -0.346202 , -0.0802262 , 0.247787 , -0.352496 , -0.0828942 , 0.240627
0.90654 , -0.346202 , -0.0802262 , 0.247787 , -0.352402 , -0.0828169 , 0.24081
0.956428 , -0.349081 , -0.077087 , 0.260941 , -0.346334 , -0.083135 , 0.249582
1.00578 , -0.350835 , -0.0794094 , 0.263236 , -0.351801 , -0.0830544 , 0.25452
1.05547 , -0.352237 , -0.0789044 , 0.264674 , -0.358149 , -0.0802334 , 0.261369
1.10546 , -0.353939 , -0.0789819 , 0.266833 , -0.360008 , -0.0766707 , 0.271052
1.15793 , -0.355852 , -0.0796432 , 0.269315 , -0.359604 , -0.0750189 , 0.279457
1.20819 , -0.357888 , -0.0785585 , 0.271276 , -0.357365 , -0.0736364 , 0.283545
1.25762 , -0.360318 , -0.0776578 , 0.273008 , -0.354687 , -0.0721077 , 0.283731
1.30763 , -0.363141 , -0.0757111 , 0.274858 , -0.355826 , -0.0736853 , 0.282912
1.35286 , -0.366119 , -0.075921 , 0.278072 , -0.359652 , -0.0758822 , 0.282047
1.38466 , -0.369155 , -0.0767837 , 0.282115 , -0.363658 , -0.075589 , 0.281167
1.41819 , -0.371431 , -0.0767963 , 0.285826 , -0.369698 , -0.0778405 , 0.282666
1.45416 , -0.376371 , -0.0742563 , 0.288981 , -0.375875 , -0.0773348 , 0.284646
1.49089 , -0.381959 , -0.0761383 , 0.294305 , -0.381664 , -0.0788551 , 0.289508
1.53812 , -0.387116 , -0.0755475 , 0.299936 , -0.385488 , -0.0743695 , 0.293783
1.57559 , -0.391782 , -0.0743778 , 0.30466 , -0.392842 , -0.0793799 , 0.303239
1.62539 , -0.400222 , -0.0706713 , 0.308389 , -0.400754 , -0.0777023 , 0.31119
1.67533 , -0.406167 , -0.0691933 , 0.315247 , -0.407409 , -0.0729994 , 0.320112
1.72185 , -0.412009 , -0.0726381 , 0.323489 , -0.415031 , -0.0725766 , 0.330372
1.75384 , -0.422521 , -0.0745934 , 0.331267 , -0.425763 , -0.0730907 , 0.338713
1.78536 , -0.432877 , -0.0672361 , 0.335299 , -0.437224 , -0.0711289 , 0.344443
1.8179 , -0.445637 , -0.0680876 , 0.343023 , -0.445123 , -0.0624837 , 0.347512
1.85434 , -0.456683 , -0.0687106 , 0.351565 , -0.458335 , -0.0644884 , 0.355337
1.88539 , -0.468934 , -0.0694619 , 0.360512 , -0.471235 , -0.0657357 , 0.362202
1.92233 , -0.484061 , -0.0696687 , 0.368764 , -0.483598 , -0.0619215 , 0.365878
1.95375 , -0.49696 , -0.0657904 , 0.37553 , -0.499992 , -0.0618047 , 0.373351
1.98606 , -0.514887 , -0.0656372 , 0.384936 , -0.515161 , -0.0658968 , 0.383378
2.01942 , -0.530748 , -0.06204 , 0.392603 , -0.532787 , -0.0684612 , 0.393426
2.0564 , -0.548812 , -0.0596035 , 0.401773 , -0.550614 , -0.0567553 , 0.398346
2.09765 , -0.565515 , -0.0579071 , 0.410065 , -0.570528 , -0.0576618 , 0.410796
2.14029 , -0.585054 , -0.0562064 , 0.419797 , -0.591137 , -0.0525757 , 0.418976
2.18173 , -0.605172 , -0.0483105 , 0.426772 , -0.611898 , -0.0508828 , 0.429593
2.22431 , -0.624297 , -0.0426208 , 0.434277 , -0.631227 , -0.0490371 , 0.439459
2.25992 , -0.646139 , -0.0441757 , 0.447116 , -0.652398 , -0.0468799 , 0.449584
2.2939 , -0.668187 , -0.0418388 , 0.456546 , -0.675899 , -0.0450314 , 0.460309
2.33194 , -0.689065 , -0.0276261 , 0.460415 , -0.696268 , -0.0376256 , 0.467205
2.37481 , -0.712175 , -0.0281425 , 0.472869 , -0.717838 , -0.0331187 , 0.475961
2.40984 , -0.733317 , -0.0220194 , 0.481953 , -0.74045 , -0.0305093 , 0.484771
2.44123 , -0.754852 , -0.0153509 , 0.490773 , -0.761597 , -0.026914 , 0.494248
2.47252 , -0.779031 , -0.000501186 , 0.494642 , -0.784148 , -0.0182157 , 0.502425
2.50898 , -0.802661 , -0.00891572 , 0.51563 , -0.807689 , -0.0137214 , 0.515424
2.54055 , -0.823698 , -0.00282345 , 0.526132 , -0.831914 , -0.00730242 , 0.528694
2.57348 , -0.842612 , 0.00737352 , 0.531899 , -0.851844 , -0.00169155 , 0.538605
2.60669 , -0.867491 , 0.00753383 , 0.552214 , -0.873612 , 0.00291518 , 0.554134
2.64226 , -0.891786 , 0.0135898 , 0.565892 , -0.896879 , 0.00981812 , 0.568857
2.67679 , -0.91041 , 0.0190746 , 0.582272 , -0.918271 , 0.0156118 , 0.587183
2.7112 , -0.934979 , 0.0235297 , 0.600283 , -0.943271 , 0.0214414 , 0.603255
2.7458 , -0.95897 , 0.0329441 , 0.61438 , -0.965335 , 0.0297339 , 0.618206
2.77755 , -0.976919 , 0.0375544 , 0.629803 , -0.985327 , 0.0352218 , 0.63385
2.80891 , -1.00106 , 0.0496484 , 0.647157 , -1.00478 , 0.0422198 , 0.64795
2.84656 , -1.0167 , 0.0517451 , 0.665439 , -1.02226 , 0.0462378 , 0.665647
2.88099 , -1.04086 , 0.0614769 , 0.680364 , -1.04601 , 0.05582 , 0.685432
2.91231 , -1.06446 , 0.0716019 , 0.698864 , -1.06617 , 0.0631654 , 0.707079
2.94339 , -1.07762 , 0.0748411 , 0.717542 , -1.08671 , 0.072865 , 0.721913
2.97659 , -1.10178 , 0.0885915 , 0.738196 , -1.10558 , 0.0806962 , 0.739351
3.01233 , -1.11645 , 0.0921269 , 0.752548 , -1.12315 , 0.0876495 , 0.75565
3.04672 , -1.13904 , 0.104033 , 0.770911 , -1.14391 , 0.0985277 , 0.774025
3.08255 , -1.15833 , 0.114857 , 0.791955 , -1.15777 , 0.0987474 , 0.803511
3.11391 , -1.1655 , 0.115028 , 0.81454 , -1.1748 , 0.110192 , 0.81763
3.14474 , -1.18772 , 0.126985 , 0.830453 , -1.19463 , 0.124207 , 0.833932
3.17713 , -1.20486 , 0.141359 , 0.847313 , -1.2117 , 0.138299 , 0.84707
3.21056 , -1.22201 , 0.156002 , 0.865795 , -1.22237 , 0.141797 , 0.869183
3.24637 , -1.2273 , 0.156085 , 0.878649 , -1.23696 , 0.152615 , 0.882982
3.28115 , -1.24527 , 0.172409 , 0.893359 , -1.24887 , 0.163032 , 0.90171
3.31615 , -1.25142 , 0.180658 , 0.91137 , -1.26575 , 0.179159 , 0.919762
3.35078 , -1.26794 , 0.193158 , 0.929114 , -1.27328 , 0.185707 , 0.927758
3.38591 , -1.28072 , 0.206844 , 0.945151 , -1.27627 , 0.188106 , 0.943388
3.43286 , -1.28954 , 0.216751 , 0.960727 , -1.28874 , 0.203651 , 0.962615
3.46426 , -1.30058 , 0.225996 , 0.978562 , -1.33719 , 0.277576 , 0.997835
3.49566 , -1.31255 , 0.242126 , 0.987114 , -1.3382 , 0.275292 , 0.99389
3.53722 , -1.31775 , 0.2455 , 1.01558 , -1.33797 , 0.275556 , 1.02847
3.58664 , -1.32595 , 0.260192 , 1.03433 , -1.34518 , 0.28293 , 1.04067
3.63078 , -1.33862 , 0.280577 , 1.04576 , -1.35122 , 0.282075 , 1.04906
3.66986 , -1.34728 , 0.292815 , 1.06641 , -1.35668 , 0.281409 , 1.06654
3.71637 , -1.35793 , 0.310781 , 1.07634 , -1.36505 , 0.291529 , 1.08783
3.75127 , -1.36637 , 0.329284 , 1.09437 , -1.37303 , 0.307943 , 1.10085
3.78518 , -1.36151 , 0.333426 , 1.13212 , -1.37144 , 0.31881 , 1.12941
3.81678 , -1.37267 , 0.357347 , 1.1492 , -1.33775 , 0.272484 , 1.16162
3.84972 , -1.34433 , 0.300672 , 1.17308 , -1.34931 , 0.279881 , 1.17464
3.88314 , -1.39236 , 0.385019 , 1.18095 , -1.39337 , 0.357066 , 1.18506
3.91645 , -1.40403 , 0.396178 , 1.18989 , -1.41794 , 0.398351 , 1.19365
3.95005 , -1.41573 , 0.408402 , 1.20107 , -1.57741 , 0.455747 , 0.947664
3.98429 , -1.40022 , 0.421034 , 1.25893 , -1.45103 , 0.439926 , 1.19763
4.01769 , -1.48562 , 0.534967 , 1.20105 , -1.49606 , 0.538735 , 1.20767
4.05088 , -1.4941 , 0.542362 , 1.20731 , -1.51619 , 0.573397 , 1.20459
4.08368 , -1.50446 , 0.551123 , 1.21449 , -1.5133 , 0.561399 , 1.21202
4.11816 , -1.5159 , 0.558607 , 1.22013 , -1.71056 , 0.544679 , 0.929173
4.15102 , -1.76245 , 0.566337 , 0.895022 , -1.73627 , 0.533811 , 0.917972
4.18479 , -1.76583 , 0.567327 , 0.907889 , -1.56078 , 0.54757 , 1.21668
4.21803 , -1.69678 , 0.749887 , 1.11067 , -1.66445 , 0.69256 , 1.14299
4.25225 , -1.7024 , 0.749521 , 1.11064 , -1.71083 , 0.744907 , 1.11173
4.28519 , -1.70829 , 0.748457 , 1.11191 , -1.71524 , 0.744725 , 1.11222
4.31923 , -1.71225 , 0.747537 , 1.11139 , -1.63997 , 0.606431 , 1.15672
4.35222 , -1.61529 , 0.579915 , 1.16635 , -1.61074 , 0.55711 , 1.17134
4.38596 , -1.6139 , 0.57689 , 1.16715 , -1.60514 , 0.546195 , 1.17301
4.42468 , -1.55324 , 0.472954 , 1.18016 , -1.56423 , 0.469693 , 1.17864
4.47485 , -1.54824 , 0.465185 , 1.18182 , -1.54613 , 0.447216 , 1.18377
4.52527 , -1.54109 , 0.458203 , 1.18128 , -1.54037 , 0.441249 , 1.18287
4.57575 , -1.5328 , 0.452455 , 1.17974 , -1.4844 , 0.357769 , 1.20003
4.62589 , -1.48188 , 0.371595 , 1.1986 , -1.47703 , 0.340184 , 1.1982
4.6761 , -1.47286 , 0.366443 , 1.19278 , -1.47721 , 0.341568 , 1.19292
4.72649 , -1.46177 , 0.362618 , 1.18722 , -1.46904 , 0.350906 , 1.18711
4.77587 , -1.44899 , 0.360923 , 1.18293 , -1.45396 , 0.359636 , 1.18294
4.81404 , -1.43634 , 0.358304 , 1.1804 , -1.43552 , 0.360997 , 1.18058
4.86075 , -1.42258 , 0.355484 , 1.18128 , -1.41094 , 0.354356 , 1.19726
4.91129 , -1.40194 , 0.352527 , 1.19721 , -1.39769 , 0.342148 , 1.19473
4.96153 , -1.38973 , 0.347551 , 1.19345 , -1.38399 , 0.328317 , 1.19239
5.00763 , -1.37676 , 0.341669 , 1.19158 , -1.36504 , 0.318981 , 1.20093
5.04075 , -1.35865 , 0.334539 , 1.19989 , -1.35279 , 0.311255 , 1.19633
5.07381 , -1.34424 , 0.3243 , 1.20021 , -1.33907 , 0.301117 , 1.19482
5.10726 , -1.33112 , 0.311302 , 1.19604 , -1.3646 , 0.368272 , 1.20024
5.14053 , -1.35149 , 0.37985 , 1.19398 , -1.35283 , 0.373489 , 1.18686
5.17457 , -1.33713 , 0.362631 , 1.18019 , -1.3329 , 0.352965 , 1.17307
5.20815 , -1.32417 , 0.341735 , 1.16558 , -1.31794 , 0.323635 , 1.15721
5.24137 , -1.31145 , 0.31843 , 1.14673 , -1.30564 , 0.291306 , 1.13854
5.27529 , -1.29899 , 0.29382 , 1.12774 , -1.29208 , 0.263135 , 1.11902
5.30794 , -1.28545 , 0.269504 , 1.10621 , -1.27677 , 0.239198 , 1.09793
5.34312 , -1.27264 , 0.243281 , 1.08051 , -1.26229 , 0.218684 , 1.07413
5.37673 , -1.26001 , 0.221975 , 1.0435 , -1.24798 , 0.200915 , 1.04007
5.4121 , -1.23765 , 0.195113 , 1.02411 , -1.22831 , 0.17641 , 1.01475
5.44779 , -1.21741 , 0.169969 , 1.00379 , -1.21069 , 0.156466 , 0.996877
5.48468 , -1.19005 , 0.141425 , 0.978984 , -1.1826 , 0.12854 , 0.972196
5.52643 , -1.16806 , 0.119861 , 0.959122 , -1.14367 , 0.0912237 , 0.943516
5.56418 , -1.14019 , 0.0942651 , 0.928698 , -1.12061 , 0.0795115 , 0.918568
5.60346 , -1.11165 , 0.0734376 , 0.901855 , -1.10159 , 0.0767819 , 0.891199
5.64457 , -1.07712 , 0.0506038 , 0.870705 , -1.07174 , 0.0596467 , 0.863254
5.68026 , -1.04316 , 0.0256887 , 0.846468 , -1.03299 , 0.027174 , 0.838706
5.71339 , -1.00979 , 0.00875505 , 0.819038 , -0.991377 , -0.00163782 , 0.807905
5.74919 , -0.976082 , -0.00963145 , 0.786307 , -0.957005 , -0.0223539 , 0.777845
5.78586 , -0.95033 , -0.0193934 , 0.761524 , -0.920778 , -0.0345597 , 0.747913
5.83202 , -0.911216 , -0.0343558 , 0.731977 , -0.881349 , -0.0543862 , 0.719734
5.86434 , -0.878138 , -0.0438103 , 0.709318 , -0.852675 , -0.057124 , 0.694636
5.89716 , -0.845167 , -0.049085 , 0.680678 , -0.829194 , -0.0531029 , 0.671332
5.92974 , -0.814486 , -0.060342 , 0.651257 , -0.808138 , -0.0508191 , 0.652389
5.96608 , -0.777902 , -0.0676474 , 0.625484 , -0.781422 , -0.0540121 , 0.632453
5.99803 , -0.743517 , -0.0774425 , 0.606468 , -0.750196 , -0.0581349 , 0.612518
6.02924 , -0.707098 , -0.0779695 , 0.579896 , -0.711642 , -0.062418 , 0.58955
6.06244 , -0.669529 , -0.0861928 , 0.564454 , -0.669833 , -0.0673841 , 0.569917
6.10299 , -0.634266 , -0.0826874 , 0.537765 , -0.630658 , -0.0715828 , 0.550577
6.14976 , -0.597555 , -0.0865532 , 0.519707 , -0.587255 , -0.0872921 , 0.537936
6.18692 , -0.560312 , -0.0890249 , 0.504059 , -0.551105 , -0.0788838 , 0.514456
6.2389 , -0.523773 , -0.0891201 , 0.486068 , -0.512577 , -0.0861423 , 0.504155
6.28684 , -0.486652 , -0.107094 , 0.482006 , -0.475992 , -0.0772326 , 0.488492
6.33562 , -0.448677 , -0.0914897 , 0.459798 , -0.438222 , -0.0882759 , 0.479445
6.37663 , -0.411892 , -0.107302 , 0.455824 , -0.400014 , -0.0835706 , 0.467492
6.42197 , -0.379218 , -0.0948988 , 0.43712 , -0.36226 , -0.0919887 , 0.458241
6.47178 , -0.342975 , -0.108278 , 0.433047 , -0.325224 , -0.091957 , 0.443777
6.52098 , -0.314333 , -0.102496 , 0.421414 , -0.29153 , -0.0971209 , 0.436133
6.55254 , -0.278128 , -0.105668 , 0.414229 , -0.254042 , -0.103429 , 0.429228
6.58636 , -0.247692 , -0.0965391 , 0.407378 , -0.226332 , -0.0939384 , 0.419943
6.62071 , -0.218029 , -0.096932 , 0.402714 , -0.19702 , -0.0984626 , 0.41509
6.65228 , -0.186692 , -0.100319 , 0.401128 , -0.170594 , -0.0887721 , 0.410483
6.68837 , -0.165635 , -0.0883288 , 0.394806 , -0.145366 , -0.0877649 , 0.405985
6.7197 , -0.138914 , -0.0930654 , 0.391078 , -0.119044 , -0.0980802 , 0.40046
6.75073 , -0.116481 , -0.0858034 , 0.386515 , -0.0955979 , -0.0903936 , 0.394596
6.78394 , -0.0902732 , -0.090688 , 0.382818 , -0.0734852 , -0.0913204 , 0.389908
6.81746 , -0.0700876 , -0.0945495 , 0.377452 , -0.0538602 , -0.0767906 , 0.37866
6.85293 , -0.060491 , -0.0752083 , 0.373958 , -0.0384738 , -0.094404 , 0.387073
6.88749 , -0.0342804 , -0.0906158 , 0.36769 , -0.025662 , -0.090187 , 0.377065
6.92236 , -0.0224851 , -0.0992797 , 0.36383 , -0.0136532 , -0.0935246 , 0.369408
6.95461 , -0.0148704 , -0.0955986 , 0.357924 , -0.00593853 , -0.102068 , 0.362677
6.98686 , -0.0103629 , -0.100606 , 0.352467 , -0.00371053 , -0.101993 , 0.355606
7.02196 , -0.00912286 , -0.104722 , 0.348679 , -0.00538281 , -0.106747 , 0.349777
7.0529 , -0.0106689 , -0.111536 , 0.345467 , -0.012734 , -0.0901475 , 0.338082
7.09316 , -0.0310225 , -0.084663 , 0.348374 , -0.0258452 , -0.110763 , 0.349897
7.14253 , -0.0266896 , -0.113974 , 0.34585 , -0.0321321 , -0.113553 , 0.349007
7.1924 , -0.0388314 , -0.111798 , 0.347409 , -0.0421513 , -0.112199 , 0.348633
7.24376 , -0.0517625 , -0.111499 , 0.351187 , -0.0530437 , -0.115341 , 0.350955
7.28911 , -0.0672807 , -0.112411 , 0.355634 , -0.0690707 , -0.118147 , 0.354992
7.3222 , -0.0813023 , -0.115228 , 0.361937 , -0.0860288 , -0.118912 , 0.360579
7.35525 , -0.0900564 , -0.11843 , 0.366503 , -0.101174 , -0.11821 , 0.367428
7.39058 , -0.105181 , -0.118201 , 0.373428 , -0.110795 , -0.120287 , 0.374951
7.42848 , -0.116815 , -0.119954 , 0.381268 , -0.121867 , -0.121061 , 0.383315
7.48143 , -0.131257 , -0.118789 , 0.388257 , -0.135815 , -0.121691 , 0.391569
7.53095 , -0.145784 , -0.118775 , 0.395704 , -0.153257 , -0.119587 , 0.398784
7.58064 , -0.160743 , -0.122974 , 0.402883 , -0.168551 , -0.121415 , 0.407027
7.62927 , -0.177412 , -0.12081 , 0.411529 , -0.184756 , -0.121307 , 0.416329
7.68005 , -0.195022 , -0.121635 , 0.420403 , -0.2025 , -0.123038 , 0.425728
7.72881 , -0.213567 , -0.121958 , 0.429436 , -0.223005 , -0.122362 , 0.435148
7.7606 , -0.233198 , -0.120549 , 0.438059 , -0.24207 , -0.120023 , 0.443909
7.79434 , -0.253607 , -0.118776 , 0.446986 , -0.261274 , -0.1178 , 0.452169
7.828 , -0.273506 , -0.117954 , 0.455309 , -0.282473 , -0.118583 , 0.461844
7.86332 , -0.293749 , -0.117843 , 0.465274 , -0.302119 , -0.115976 , 0.470419
7.90299 , -0.311238 , -0.11621 , 0.474309 , -0.322779 , -0.116513 , 0.48016
7.94629 , -0.331092 , -0.113354 , 0.483881 , -0.342259 , -0.104752 , 0.486637
7.98462 , -0.352278 , -0.113056 , 0.494572 , -0.361237 , -0.104306 , 0.49809
8.02967 , -0.375072 , -0.103554 , 0.503055 , -0.383031 , -0.109128 , 0.510407
8.06557 , -0.39814 , -0.111727 , 0.518093 , -0.407285 , -0.10933 , 0.521359
8.11359 , -0.420877 , -0.0959046 , 0.525351 , -0.433101 , -0.105857 , 0.532677
8.14945 , -0.450092 , -0.0949178 , 0.536211 , -0.46155 , -0.100521 , 0.544281
8.19622 , -0.475075 , -0.100558 , 0.552351 , -0.490916 , -0.0924244 , 0.554285
8.22666 , -0.503884 , -0.0807955 , 0.55919 , -0.521879 , -0.0907353 , 0.568268
8.2627 , -0.534258 , -0.080447 , 0.570793 , -0.551814 , -0.0863541 , 0.57987
8.29539 , -0.565209 , -0.079795 , 0.586768 , -0.582146 , -0.0727166 , 0.587325
8.33076 , -0.597656 , -0.069661 , 0.597534 , -0.61557 , -0.0596334 , 0.594616
8.36601 , -0.630257 , -0.0397054 , 0.599155 , -0.648407 , -0.0548525 , 0.607557
8.40207 , -0.665861 , -0.0470261 , 0.619734 , -0.679065 , -0.030491 , 0.609276
8.44912 , -0.699691 , -0.0292885 , 0.629895 , -0.713183 , -0.0236299 , 0.623015
8.48559 , -0.732536 , -0.00108992 , 0.641125 , -0.743901 , -0.0170308 , 0.643847
8.53332 , -0.768699 , -0.00246087 , 0.664617 , -0.778742 , -0.000659376 , 0.659537
8.56914 , -0.804221 , 0.0123407 , 0.6812 , -0.816081 , 0.0125444 , 0.678527
8.62414 , -0.837341 , 0.0226423 , 0.699877 , -0.848587 , 0.0205643 , 0.702756
8.67318 , -0.868918 , 0.0399435 , 0.723126 , -0.877343 , 0.042556 , 0.712813
8.72377 , -0.898566 , 0.0606124 , 0.73718 , -0.908441 , 0.051789 , 0.741391
8.77302 , -0.927192 , 0.0715991 , 0.761791 , -0.936189 , 0.0653689 , 0.765541
8.82309 , -0.952902 , 0.0932264 , 0.78192 , -0.964678 , 0.0796248 , 0.792489
8.87557 , -0.98241 , 0.103072 , 0.811271 , -0.990799 , 0.10126 , 0.814831
8.92285 , -1.00865 , 0.123809 , 0.835356 , -1.01356 , 0.114993 , 0.84902
8.97312 , -1.02662 , 0.132522 , 0.866594 , -1.03847 , 0.133028 , 0.873394
9.02168 , -1.04849 , 0.150347 , 0.898769 , -1.06083 , 0.147488 , 0.901799
9.06893 , -1.07841 , 0.170324 , 0.923193 , -1.0822 , 0.163268 , 0.935103
9.10506 , -1.09675 , 0.1845 , 0.956097 , -1.10862 , 0.186006 , 0.963242
9.14091 , -1.12432 , 0.209194 , 0.982801 , -1.12859 , 0.203933 , 1.00345
9.18401 , -1.13694 , 0.22271 , 1.01928 , -1.14848 , 0.22283 , 1.02502
9.2197 , -1.15489 , 0.239447 , 1.04618 , -1.16628 , 0.239905 , 1.05134
9.25157 , -1.17779 , 0.269148 , 1.07299 , -1.18304 , 0.261669 , 1.08705
9.28333 , -1.19396 , 0.288658 , 1.10561 , -1.20359 , 0.287469 , 1.11924
9.32048 , -1.21163 , 0.312039 , 1.1353 , -1.22115 , 0.313779 , 1.14745
9.3532 , -1.22846 , 0.339182 , 1.16309 , -1.2357 , 0.332519 , 1.17484
9.38433 , -1.24352 , 0.359804 , 1.19222 , -1.24957 , 0.357629 , 1.20266
9.42045 , -1.25766 , 0.382906 , 1.21971 , -1.26434 , 0.382936 , 1.22682
9.45134 , -1.27327 , 0.410475 , 1.24448 , -1.27854 , 0.414274 , 1.25688
9.48487 , -1.28409 , 0.438331 , 1.27134 , -1.28976 , 0.440679 , 1.28717
9.51942 , -1.29296 , 0.456932 , 1.29967 , -1.27729 , 0.386186 , 1.3089
9.55183 , -1.28024 , 0.404402 , 1.31983 , -1.30236 , 0.401921 , 1.32759
9.58844 , -1.29666 , 0.428597 , 1.33543 , -1.29289 , 0.416739 , 1.33765
9.61923 , -1.3341 , 0.514619 , 1.3473 , -1.33432 , 0.514737 , 1.35777
9.65244 , -1.34272 , 0.525777 , 1.36529 , -1.35534 , 0.545421 , 1.37065
9.68831 , -1.34705 , 0.542825 , 1.38123 , -1.36286 , 0.546544 , 1.3871
9.72165 , -1.35397 , 0.550396 , 1.39639 , -1.3709 , 0.545673 , 1.39998
9.75617 , -1.35905 , 0.557352 , 1.40872 , -1.37833 , 0.547602 , 1.40995
9.78684 , -1.38815 , 0.662191 , 1.42867 , -1.39941 , 0.631881 , 1.42736
9.8217 , -1.39711 , 0.66952 , 1.43041 , -1.41458 , 0.666759 , 1.42985
9.85652 , -1.40536 , 0.678055 , 1.43359 , -1.4186 , 0.67789 , 1.43384
9.88798 , -1.41187 , 0.685849 , 1.43597 , -1.41989 , 0.681394 , 1.43637
9.92387 , -1.41747 , 0.691614 , 1.43887 , -1.4212 , 0.681256 , 1.43956
9.95489 , -1.42217 , 0.697422 , 1.44236 , -1.42352 , 0.682488 , 1.44366
9.98809 , -1.42812 , 0.700092 , 1.44771 , -1.42827 , 0.686503 , 1.44791
10.0238 , -1.43024 , 0.703687 , 1.45033 , -1.43297 , 0.691401 , 1.45144
10.0554 , -1.43277 , 0.706048 , 1.4542 , -1.43869 , 0.695151 , 1.45352
10.0918 , -1.43624 , 0.708353 , 1.45476 , -1.44518 , 0.70099 , 1.45562
10.126 , -1.43966 , 0.709468 , 1.45786 , -1.45121 , 0.707334 , 1.45873
10.1603 , -1.441 , 0.712731 , 1.46114 , -1.45381 , 0.711353 , 1.4625
10.1952 , -1.50191 , 0.900272 , 1.41895 , -1.45964 , 0.702009 , 1.45429
10.2266 , -1.45162 , 0.719628 , 1.4513 , -1.46093 , 0.700105 , 1.45349
10.2592 , -1.49524 , 0.908658 , 1.4317 , -1.47223 , 0.707271 , 1.43334
10.2918 , -1.47008 , 0.737905 , 1.42999 , -1.47425 , 0.720106 , 1.42891
10.3251 , -1.46868 , 0.737442 , 1.4296 , -1.47055 , 0.721144 , 1.42782
10.3589 , -1.46286 , 0.734663 , 1.42976 , -1.46407 , 0.719679 , 1.42781
10.3907 , -1.45538 , 0.733001 , 1.42954 , -1.4541 , 0.713322 , 1.42933
10.4284 , -1.4472 , 0.731145 , 1.43115 , -1.44279 , 0.704815 , 1.43256
10.4598 , -1.43277 , 0.730487 , 1.4367 , -1.4273 , 0.703102 , 1.43894
10.4987 , -1.41553 , 0.727873 , 1.44522 , -1.41101 , 0.706389 , 1.44764
10.5506 , -1.3981 , 0.727055 , 1.45343 , -1.39669 , 0.714472 , 1.45549
10.6032 , -1.38145 , 0.725744 , 1.46063 , -1.38253 , 0.720729 , 1.46233
10.6525 , -1.327 , 0.612374 , 1.48247 , -1.33852 , 0.629738 , 1.4819
10.7029 , -1.30694 , 0.604089 , 1.49602 , -1.3081 , 0.591281 , 1.49552
10.7499 , -1.28968 , 0.595731 , 1.50039 , -1.28985 , 0.576879 , 1.49825
10.7958 , -1.27199 , 0.586655 , 1.50314 , -1.27287 , 0.566818 , 1.49968
10.828 , -1.2585 , 0.576896 , 1.50022 , -1.26024 , 0.561794 , 1.49595
10.8624 , -1.24513 , 0.567817 , 1.49248 , -1.24172 , 0.551749 , 1.49859
10.8969 , -1.22486 , 0.551651 , 1.49609 , -1.22972 , 0.538793 , 1.48956
10.9311 , -1.21455 , 0.533039 , 1.48493 , -1.21455 , 0.513859 , 1.47898
10.9623 , -1.20152 , 0.507789 , 1.47217 , -1.20174 , 0.486788 , 1.46616
11.0009 , -1.19036 , 0.481303 , 1.45668 , -1.19099 , 0.460099 , 1.44165
11.0503 , -1.18374 , 0.452532 , 1.42228 , -1.18314 , 0.430933 , 1.40758
11.0825 , -1.17707 , 0.427546 , 1.38003 , -1.17573 , 0.405946 , 1.36819
11.1156 , -1.17416 , 0.394072 , 1.32046 , -1.17001 , 0.375464 , 1.31517
11.1466 , -1.16068 , 0.35801 , 1.29139 , -1.18141 , 0.402641 , 1.28719
11.1821 , -1.18947 , 0.406779 , 1.23945 , -1.15808 , 0.332782 , 1.2201
11.2135 , -1.13483 , 0.290585 , 1.1971 , -1.13051 , 0.26979 , 1.18391
11.2463 , -1.11582 , 0.237186 , 1.16536 , -1.10551 , 0.217315 , 1.15394
11.2819 , -1.09205 , 0.195562 , 1.12467 , -1.08018 , 0.173274 , 1.11747
11.3164 , -1.06897 , 0.161899 , 1.10066 , -1.05549 , 0.142237 , 1.08149
11.3473 , -1.04581 , 0.134609 , 1.06886 , -1.03022 , 0.108678 , 1.04656
11.3804 , -1.01992 , 0.0995976 , 1.03514 , -1.00772 , 0.0855634 , 1.00503
11.4161 , -0.998517 , 0.0774251 , 0.993859 , -0.981823 , 0.0614307 , 0.965852
11.4476 , -0.973575 , 0.0553719 , 0.956166 , -0.953507 , 0.0344097 , 0.9325
11.4842 , -0.945082 , 0.0283684 , 0.925648 , -0.92928 , 0.0129735 , 0.909236
11.5152 , -0.917877 , 0.00876161 , 0.902125 , -0.901326 , -0.00305227 , 0.88507
11.5483 , -0.889876 , -0.0119185 , 0.878404 , -0.877441 , -0.0142832 , 0.856451
11.5856 , -0.861986 , -0.0217892 , 0.840548 , -0.85234 , -0.0344375 , 0.832192
11.618 , -0.832545 , -0.0430817 , 0.820981 , -0.820731 , -0.0514643 , 0.811003
11.6502 , -0.799987 , -0.0575419 , 0.789908 , -0.786518 , -0.0495505 , 0.781867
11.6866 , -0.775255 , -0.0626144 , 0.764074 , -0.760346 , -0.0543265 , 0.756709
11.7179 , -0.749432 , -0.0735128 , 0.73959 , -0.732745 , -0.0661834 , 0.730628
11.7531 , -0.718757 , -0.0806408 , 0.711253 , -0.701996 , -0.0745231 , 0.705147
11.7858 , -0.685227 , -0.0870918 , 0.682735 , -0.670784 , -0.0810036 , 0.683433
11.8167 , -0.652785 , -0.089766 , 0.652962 , -0.637711 , -0.0772093 , 0.659044
11.8517 , -0.612764 , -0.086682 , 0.623758 , -0.600137 , -0.0753232 , 0.634982
11.8855 , -0.580159 , -0.0843716 , 0.602383 , -0.561183 , -0.0707688 , 0.615554
11.9189 , -0.542657 , -0.0947094 , 0.584173 , -0.523933 , -0.0730399 , 0.599567
11.9522 , -0.505194 , -0.0905319 , 0.560352 , -0.484127 , -0.0858553 , 0.584423
11.9913 , -0.465658 , -0.0976776 , 0.54373 , -0.448421 , -0.0810055 , 0.567445
12.0404 , -0.424697 , -0.1027 , 0.530158 , -0.405629 , -0.0914075 , 0.558308
12.0933 , -0.383003 , -0.0982769 , 0.515256 , -0.367828 , -0.0856884 , 0.546137
12.1418 , -0.34209 , -0.10438 , 0.506145 , -0.322396 , -0.0911045 , 0.535446
12.1881 , -0.301497 , -0.0943259 , 0.492663 , -0.28505 , -0.0912167 , 0.526654
12.2206 , -0.263268 , -0.0897658 , 0.484379 , -0.243555 , -0.0894417 , 0.513968
12.2533 , -0.226068 , -0.0889671 , 0.475823 , -0.208706 , -0.0777535 , 0.501896
12.2948 , -0.187665 , -0.0806085 , 0.469536 , -0.173221 , -0.0710042 , 0.492091
12.342 , -0.15741 , -0.0703257 , 0.463556 , -0.133234 , -0.0652763 , 0.484441
12.3734 , -0.124831 , -0.0659466 , 0.458618 , -0.100121 , -0.061181 , 0.476187
12.4061 , -0.0932908 , -0.0576292 , 0.453398 , -0.0631364 , -0.056338 , 0.466706
12.4375 , -0.0630498 , -0.0552602 , 0.447183 , -0.0374733 , -0.0479071 , 0.45721
12.4715 , -0.0389415 , -0.0512843 , 0.441217 , -0.00877809 , -0.0574613 , 0.448504
12.5046 , -0.00765444 , -0.0556704 , 0.433849 , 0.0200697 , -0.0576597 , 0.439746
12.5411 , 0.014647 , -0.0506639 , 0.426869 , 0.0447382 , -0.0636789 , 0.430504
12.5756 , 0.0371014 , -0.0574105 , 0.418298 , 0.0647576 , -0.0674092 , 0.419546
12.6128 , 0.0568466 , -0.0695345 , 0.407607 , 0.0778292 , -0.074067 , 0.409371
12.6601 , 0.0734662 , -0.0827963 , 0.396903 , 0.0888581 , -0.0918365 , 0.396132
12.6969 , 0.0857198 , -0.0929125 , 0.385099 , 0.0921975 , -0.0970302 , 0.384706
12.7425 , 0.0908073 , -0.105677 , 0.374059 , 0.0940062 , -0.10583 , 0.37208
12.7767 , 0.0912653 , -0.110492 , 0.36424 , 0.0939625 , -0.120217 , 0.360753
12.8119 , 0.0897013 , -0.124048 , 0.356503 , 0.0899721 , -0.123953 , 0.353925
12.8452 , 0.0837176 , -0.13246 , 0.34836 , 0.0828455 , -0.131482 , 0.347465
12.878 , 0.0786447 , -0.1368 , 0.346883 , 0.0726478 , -0.132508 , 0.346147
12.9105 , 0.0695266 , -0.137972 , 0.34668 , 0.0587555 , -0.128574 , 0.347814
12.9462 , 0.0561484 , -0.134774 , 0.349935 , 0.0505974 , -0.137605 , 0.350237
12.9774 , 0.0463425 , -0.128815 , 0.354126 , 0.0421535 , -0.134821 , 0.354268
13.0085 , 0.0421681 , -0.136498 , 0.357335 , 0.0328288 , -0.128707 , 0.359404
13.0444 , 0.0316386 , -0.131393 , 0.363887 , 0.027412 , -0.132826 , 0.36264
13.0755 , 0.0280522 , -0.134761 , 0.366615 , 0.020111 , -0.132299 , 0.366637
13.1086 , 0.0205993 , -0.133976 , 0.370014 , 0.0155002 , -0.13573 , 0.371604
13.1441 , 0.0164469 , -0.138297 , 0.372268 , 0.0120446 , -0.138418 , 0.375958
13.1757 , 0.00701432 , -0.135348 , 0.376895 , 0.00438782 , -0.137036 , 0.380659
13.2123 , 0.00398478 , -0.139117 , 0.380262 , 0.000203794 , -0.140629 , 0.384702
13.2466 , -0.00156566 , -0.142167 , 0.382638 , -0.00577495 , -0.141905 , 0.388132
13.2776 , -0.00689174 , -0.144001 , 0.3868 , -0.0155153 , -0.136126 , 0.392391
13.3098 , -0.0176246 , -0.139986 , 0.392396 , -0.0223927 , -0.140391 , 0.396971
13.3453 , -0.0262385 , -0.13908 , 0.39788 , -0.0306906 , -0.141813 , 0.401685
13.3799 , -0.0389923 , -0.133653 , 0.40622 , -0.0424303 , -0.140314 , 0.40783
13.4165 , -0.0552163 , -0.126832 , 0.41536 , -0.0602007 , -0.130089 , 0.416205
13.4638 , -0.0740618 , -0.126288 , 0.425648 , -0.0798729 , -0.123374 , 0.42731
13.5031 , -0.0957711 , -0.120173 , 0.438079 , -0.102057 , -0.119907 , 0.439932
13.5476 , -0.118959 , -0.117083 , 0.449587 , -0.126595 , -0.115005 , 0.452602
13.5786 , -0.142811 , -0.113461 , 0.461773 , -0.150712 , -0.113848 , 0.465762
13.6162 , -0.166607 , -0.113438 , 0.474296 , -0.176798 , -0.111332 , 0.479016
13.6477 , -0.191656 , -0.114781 , 0.486383 , -0.199178 , -0.113866 , 0.492168
13.6789 , -0.21641 , -0.113909 , 0.497805 , -0.222767 , -0.112999 , 0.505076
13.7159 , -0.240822 , -0.115652 , 0.509387 , -0.248506 , -0.113831 , 0.516706
13.7514 , -0.267223 , -0.118581 , 0.520789 , -0.27285 , -0.117219 , 0.528364
13.7846 , -0.292003 , -0.113173 , 0.530283 , -0.299673 , -0.110251 , 0.536465
13.8178 , -0.318956 , -0.11277 , 0.541723 , -0.327008 , -0.109114 , 0.546015
13.8504 , -0.346961 , -0.106117 , 0.549837 , -0.354695 , -0.105769 , 0.554242
13.8857 , -0.373955 , -0.103287 , 0.558632 , -0.383436 , -0.100358 , 0.560629
13.9191 , -0.401165 , -0.0966124 , 0.564613 , -0.411014 , -0.104134 , 0.569746
13.9548 , -0.42694 , -0.0902975 , 0.569673 , -0.441456 , -0.0962583 , 0.573994
13.9985 , -0.452445 , -0.0936975 , 0.578705 , -0.469294 , -0.0886778 , 0.576839
14.0323 , -0.477843 , -0.0900557 , 0.583777 , -0.492502 , -0.0840122 , 0.582107
14.0661 , -0.501848 , -0.0904557 , 0.594526 , -0.51877 , -0.0892639 , 0.590258
14.1016 , -0.526914 , -0.0901745 , 0.602134 , -0.539703 , -0.0859538 , 0.599663
14.1327 , -0.551969 , -0.0754641 , 0.605675 , -0.560337 , -0.0810864 , 0.606353
14.1653 , -0.576815 , -0.0825312 , 0.62091 , -0.584588 , -0.0771552 , 0.614817
14.2049 , -0.603083 , -0.0765556 , 0.631466 , -0.612668 , -0.081726 , 0.629763
14.2364 , -0.629791 , -0.0741217 , 0.644942 , -0.636489 , -0.0679406 , 0.634371
14.2675 , -0.652993 , -0.055152 , 0.64763 , -0.664046 , -0.0668321 , 0.648905
14.2995 , -0.680436 , -0.0599309 , 0.656611 , -0.690771 , -0.0640722 , 0.661055
14.3333 , -0.710556 , -0.0505784 , 0.671623 , -0.718992 , -0.0517794 , 0.666029
14.369 , -0.732353 , -0.0483717 , 0.682112 , -0.748662 , -0.0564206 , 0.686615
14.4012 , -0.764515 , -0.0399126 , 0.695087 , -0.779029 , -0.0496844 , 0.69833
14.4345 , -0.791622 , -0.0306546 , 0.703084 , -0.809097 , -0.0450861 , 0.710137
14.4715 , -0.818596 , -0.0350092 , 0.719667 , -0.834545 , -0.0419322 , 0.721388
14.5026 , -0.845974 , -0.0210717 , 0.723558 , -0.862311 , -0.0326941 , 0.729522
14.5357 , -0.873939 , -0.0169188 , 0.747147 , -0.892853 , -0.0257504 , 0.748903
14.5705 , -0.893179 , -0.00658314 , 0.754108 , -0.917634 , -0.0164182 , 0.761744
14.6059 , -0.927165 , -0.001041 , 0.778139 , -0.94355 , -0.00510745 , 0.771635
14.6403 , -0.950994 , 0.00978471 , 0.78803 , -0.969902 , 0.00454368 , 0.790699
14.6794 , -0.9718 , 0.0212722 , 0.804386 , -0.990234 , 0.0125039 , 0.806856
14.7234 , -1.00386 , 0.0365433 , 0.828306 , -1.01168 , 0.0263744 , 0.825091
14.7598 , -1.02473 , 0.0503823 , 0.845158 , -1.03803 , 0.043495 , 0.851556
14.8072 , -1.0445 , 0.0628182 , 0.865604 , -1.06063 , 0.0592542 , 0.872738
14.8411 , -1.07167 , 0.0882342 , 0.888042 , -1.08358 , 0.0861373 , 0.892912
14.8725 , -1.13041 , 0.153701 , 0.924509 , -1.13585 , 0.148801 , 0.922218
14.9033 , -1.15364 , 0.180806 , 0.946648 , -1.16864 , 0.1839 , 0.953524
14.942 , -1.12676 , 0.151333 , 0.957179 , -1.1459 , 0.161109 , 0.983166
14.9808 , -1.14162 , 0.171641 , 0.997194 , -1.17352 , 0.218342 , 1.02239
15.0268 , -1.15329 , 0.20749 , 1.01287 , -1.16355 , 0.21918 , 1.04437
15.0619 , -1.16047 , 0.224232 , 1.0653 , -1.16523 , 0.232637 , 1.07104
15.1116 , -1.16982 , 0.250098 , 1.09849 , -1.1773 , 0.253102 , 1.10239
15.1607 , -1.17664 , 0.274833 , 1.13643 , -1.18562 , 0.270227 , 1.13624
15.2113 , -1.18933 , 0.302687 , 1.1614 , -1.19151 , 0.29414 , 1.17357
15.2446 , -1.19794 , 0.326781 , 1.19168 , -1.20069 , 0.320838 , 1.20628
15.2756 , -1.20379 , 0.351284 , 1.22367 , -1.21158 , 0.354298 , 1.24041
15.3129 , -1.21185 , 0.376714 , 1.25696 , -1.22327 , 0.377039 , 1.27203
15.3599 , -1.22153 , 0.388745 , 1.28596 , -1.25383 , 0.464832 , 1.30789
15.3995 , -1.35215 , 0.678358 , 1.26673 , -1.28487 , 0.524721 , 1.31714
15.4495 , -1.25689 , 0.609336 , 1.68378 , -0.892788 , 0.50674 , 1.81907
15.4963 , -0.760464 , 0.557622 , 1.95287 , -0.77929 , 0.527928 , 1.93328
15.5278 , -0.757223 , 0.573241 , 1.98386 , -0.737382 , 0.576511 , 1.98328
15.5618 , -0.753606 , 0.589176 , 2.01667 , -0.656113 , 0.705202 , 2.09649
15.5927 , -0.458606 , 0.97135 , 2.21953 , -0.490338 , 0.938202 , 2.22654
15.625 , -0.437799 , 0.973031 , 2.25983 , -0.396906 , 0.983045 , 2.32442
15.6583 , -0.4142 , 0.975764 , 2.30223 , -0.985718 , 0.949392 , 1.98037
15.6948 , -1.3697 , 0.848457 , 1.45051 , -1.37736 , 0.850089 , 1.5246
15.7253 , -1.38137 , 0.86061 , 1.45266 , -1.40986 , 0.786564 , 1.47338
15.759 , -1.39424 , 0.874445 , 1.45132 , -1.41684 , 0.811071 , 1.45608
15.7947 , -1.40172 , 0.887166 , 1.45204 , -1.42222 , 0.853444 , 1.4515
15.8263 , -1.40593 , 0.896457 , 1.45387 , -1.43111 , 0.898276 , 1.45294
15.8627 , -1.41115 , 0.907571 , 1.45482 , -1.43964 , 0.92416 , 1.45191
15.8967 , -1.41233 , 0.910873 , 1.45489 , -1.43944 , 0.930209 , 1.45167
15.9276 , -1.4121 , 0.914146 , 1.45321 , -1.42931 , 0.9243 , 1.452
15.9624 , -1.41108 , 0.914336 , 1.45135 , -1.41487 , 0.915855 , 1.45207
15.9968 , -1.4099 , 0.914153 , 1.44921 , -1.40523 , 0.909042 , 1.44892
16.0278 , -1.40851 , 0.912225 , 1.4474 , -1.40091 , 0.901377 , 1.446
16.0612 , -1.40509 , 0.910088 , 1.4441 , -1.40166 , 0.893682 , 1.44162
16.0958 , -1.40025 , 0.906208 , 1.44021 , -1.4028 , 0.887928 , 1.43698
16.1282 , -1.39168 , 0.904556 , 1.43748 , -1.3971 , 0.88262 , 1.43535
16.165 , -1.38134 , 0.901585 , 1.437 , -1.39054 , 0.880369 , 1.43445
16.1953 , -1.37074 , 0.896437 , 1.43643 , -1.34459 , 0.89619 , 1.45551
16.2288 , -1.3524 , 0.893984 , 1.44321 , -1.26826 , 0.676235 , 1.50362
16.2635 , -1.2405 , 0.6389 , 1.5133 , -1.25282 , 0.608785 , 1.50425
16.298 , -1.23351 , 0.626589 , 1.5032 , -1.24791 , 0.605947 , 1.49653
16.3295 , -1.22545 , 0.612511 , 1.49185 , -1.23852 , 0.595968 , 1.48357
16.3659 , -1.21687 , 0.595737 , 1.47872 , -1.2228 , 0.581083 , 1.47101
16.3965 , -1.16453 , 0.40548 , 1.4937 , -1.18999 , 0.496866 , 1.47424
16.4301 , -1.1679 , 0.47579 , 1.46658 , -1.16916 , 0.45183 , 1.45386
16.4657 , -1.16178 , 0.445962 , 1.44067 , -1.1616 , 0.434849 , 1.42519
16.4974 , -1.15132 , 0.419858 , 1.41001 , -1.1533 , 0.403286 , 1.39227
16.5344 , -1.14683 , 0.385163 , 1.35983 , -1.14523 , 0.362258 , 1.34168
16.5687 , -1.14163 , 0.350898 , 1.30644 , -1.13559 , 0.320771 , 1.28961
16.6002 , -1.1304 , 0.312678 , 1.25892 , -1.12285 , 0.28151 , 1.244
16.6315 , -1.11481 , 0.273888 , 1.21984 , -1.10825 , 0.250902 , 1.19214
16.6733 , -1.09929 , 0.245062 , 1.17936 , -1.0904 , 0.221414 , 1.16271
16.7239 , -1.07835 , 0.21122 , 1.1415 , -1.07158 , 0.193145 , 1.12918
16.77 , -1.05545 , 0.181538 , 1.0936 , -1.04581 , 0.167796 , 1.08171
16.8009 , -1.02875 , 0.163663 , 1.05264 , -1.01817 , 0.140422 , 1.04058
16.8361 , -0.998881 , 0.133765 , 1.0196 , -0.984514 , 0.112404 , 1.00771
16.8725 , -0.968033 , 0.110232 , 0.992932 , -0.949926 , 0.088802 , 0.97223
16.9036 , -0.931416 , 0.0875456 , 0.958723 , -0.914682 , 0.0654111 , 0.939
16.9387 , -0.895643 , 0.0660038 , 0.923954 , -0.874951 , 0.0383462 , 0.905027
16.9699 , -0.859075 , 0.042438 , 0.892952 , -0.8366 , 0.0135244 , 0.876194
17.0038 , -0.823857 , 0.0141989 , 0.869572 , -0.803763 , -0.00395928 , 0.850217
17.0364 , -0.787119 , -0.00122359 , 0.834575 , -0.768095 , -0.0170265 , 0.820478
17.0691 , -0.755574 , -0.018986 , 0.808068 , -0.729919 , -0.0318319 , 0.792043
17.1042 , -0.718242 , -0.0376062 , 0.778352 , -0.692824 , -0.046408 , 0.766916
17.1404 , -0.683138 , -0.0623426 , 0.753973 , -0.65849 , -0.0712198 , 0.746569
17.1734 , -0.655326 , -0.0759987 , 0.734416 , -0.624035 , -0.0813728 , 0.727424
17.2059 , -0.628456 , -0.0907542 , 0.72471 , -0.596926 , -0.0825182 , 0.711879
17.2382 , -0.595999 , -0.0846981 , 0.697615 , -0.568463 , -0.082541 , 0.698159
17.2705 , -0.559587 , -0.0954066 , 0.676722 , -0.54075 , -0.104524 , 0.690568
17.3051 , -0.538113 , -0.105152 , 0.66542 , -0.512756 , -0.0961104 , 0.67197
17.3414 , -0.498548 , -0.108565 , 0.643726 , -0.477195 , -0.102287 , 0.661239
17.378 , -0.464337 , -0.138352 , 0.637125 , -0.443364 , -0.119689 , 0.651841
17.4245 , -0.431591 , -0.135416 , 0.618732 , -0.412491 , -0.120276 , 0.641558
17.456 , -0.399191 , -0.152127 , 0.607965 , -0.38492 , -0.131143 , 0.636507
17.4933 , -0.368622 , -0.147872 , 0.592886 , -0.357329 , -0.132314 , 0.628721
17.5388 , -0.337247 , -0.163269 , 0.581816 , -0.327494 , -0.144907 , 0.620711
17.5719 , -0.306815 , -0.160366 , 0.567095 , -0.300501 , -0.143209 , 0.606698
17.608 , -0.279024 , -0.168436 , 0.556155 , -0.271771 , -0.152427 , 0.59527
17.6407 , -0.252803 , -0.165038 , 0.545497 , -0.245354 , -0.154845 , 0.57985
17.675 , -0.227183 , -0.172471 , 0.536169 , -0.217181 , -0.16931 , 0.563757
17.7142 , -0.202005 , -0.18575 , 0.530158 , -0.190855 , -0.17039 , 0.550202
17.7561 , -0.178413 , -0.178748 , 0.517778 , -0.16545 , -0.169236 , 0.533137
17.7907 , -0.155238 , -0.17687 , 0.509053 , -0.138493 , -0.167472 , 0.516298
17.8235 , -0.133858 , -0.165557 , 0.496519 , -0.11296 , -0.163497 , 0.499524
17.8576 , -0.113303 , -0.163762 , 0.485405 , -0.0892008 , -0.169988 , 0.483022
17.8913 , -0.0917305 , -0.166233 , 0.471696 , -0.0684178 , -0.175067 , 0.466039
17.9248 , -0.073254 , -0.169051 , 0.456277 , -0.0550335 , -0.166196 , 0.45206
17.9577 , -0.0595722 , -0.164717 , 0.443142 , -0.0436459 , -0.162544 , 0.439976
