481

0.022631 , -0.109147 , 0.0165697 , 0.0258336 , -0.092541 , 0.0165678 , 0.0252012
0.05421 , -0.109174 , 0.0167076 , 0.0256903 , -0.117321 , 0.0188874 , 0.0222663
0.089463 , -0.109188 , 0.0167299 , 0.0256596 , -0.135769 , 0.0183924 , 0.026368
0.124849 , -0.109222 , 0.0167203 , 0.0256699 , -0.090925 , 0.0154142 , 0.0292916
0.159566 , -0.10924 , 0.0167293 , 0.025661 , -0.0903354 , 0.0146595 , 0.0255772
0.191347 , -0.109238 , 0.0167292 , 0.025661 , -0.0976135 , 0.0163727 , 0.026876
0.227692 , -0.10924 , 0.016729 , 0.025659 , -0.107689 , 0.0179121 , 0.0278061
0.264095 , -0.10924 , 0.0167311 , 0.0256608 , -0.113139 , 0.0178594 , 0.0270881
0.313601 , -0.10924 , 0.0167311 , 0.0256608 , -0.114095 , 0.017089 , 0.0262956
0.351095 , -0.109243 , 0.016731 , 0.0256587 , -0.112138 , 0.0165111 , 0.0263157
0.395899 , -0.10924 , 0.0167328 , 0.0256584 , -0.109311 , 0.0161305 , 0.027292
0.434643 , -0.109242 , 0.0167328 , 0.0256584 , -0.106008 , 0.0165039 , 0.0280396
0.480169 , -0.109243 , 0.0167325 , 0.0256563 , -0.104196 , 0.0169739 , 0.0274643
0.514005 , -0.109243 , 0.0167344 , 0.0256561 , -0.104203 , 0.0171235 , 0.0271165
0.553437 , -0.109243 , 0.0167344 , 0.0256561 , -0.105345 , 0.017078 , 0.0270084
0.601987 , -0.109243 , 0.0167344 , 0.0256561 , -0.106719 , 0.0169037 , 0.0269562
0.654827 , -0.109243 , 0.0167344 , 0.0256561 , -0.107713 , 0.0167509 , 0.0268814
0.705118 , -0.109243 , 0.0167344 , 0.0256561 , -0.108115 , 0.0167303 , 0.0267888
0.754749 , -0.109243 , 0.0167344 , 0.0256561 , -0.108098 , 0.0167958 , 0.026738
0.804009 , -0.109243 , 0.0167344 , 0.0256561 , -0.108017 , 0.0168439 , 0.026664
0.854191 , -0.109243 , 0.0167344 , 0.0256561 , -0.107909 , 0.0168875 , 0.0266364
0.90654 , -0.109243 , 0.0167344 , 0.0256561 , -0.108024 , 0.0169145 , 0.0266093
0.956428 , -0.0930021 , 0.0712604 , 0.0575852 , -0.0945706 , 0.0650089 , 0.0500684
1.00578 , -0.0914164 , 0.0796361 , 0.062694 , -0.0927988 , 0.0856816 , 0.0711734
1.05547 , -0.0898667 , 0.0881152 , 0.0670229 , -0.0901272 , 0.0932104 , 0.0743395
1.10546 , -0.0889457 , 0.0953176 , 0.0704918 , -0.0846442 , 0.0988682 , 0.0731767
1.15793 , -0.0882414 , 0.100873 , 0.0722383 , -0.0831825 , 0.1025 , 0.0735038
1.20819 , -0.0874268 , 0.105517 , 0.074537 , -0.0833582 , 0.10623 , 0.0751989
1.25762 , -0.0871708 , 0.108948 , 0.0757558 , -0.0832252 , 0.10879 , 0.0767075
1.30763 , -0.0878192 , 0.113644 , 0.0753645 , -0.0865283 , 0.1085 , 0.0772453
1.35286 , -0.08736 , 0.110419 , 0.0774885 , -0.0875218 , 0.110109 , 0.0784342
1.38466 , -0.0879154 , 0.109717 , 0.0775366 , -0.0843655 , 0.110089 , 0.0797197
1.41819 , -0.0875632 , 0.108154 , 0.0768845 , -0.0865223 , 0.107409 , 0.078131
1.45416 , -0.0891473 , 0.105255 , 0.0764776 , -0.0876569 , 0.104077 , 0.0766391
1.49089 , -0.0914241 , 0.102371 , 0.0764352 , -0.0894797 , 0.101337 , 0.0773637
1.53812 , -0.0929304 , 0.0995655 , 0.0763514 , -0.0869213 , 0.0971147 , 0.0784012
1.57559 , -0.0921242 , 0.0961925 , 0.0772104 , -0.0939258 , 0.0930059 , 0.0777058
1.62539 , -0.0953347 , 0.0914585 , 0.0765788 , -0.0968662 , 0.0899576 , 0.077205
1.67533 , -0.095673 , 0.0881352 , 0.0763175 , -0.0970176 , 0.0866731 , 0.0768323
1.72185 , -0.0956126 , 0.0844141 , 0.0760293 , -0.0991142 , 0.0844182 , 0.0764369
1.75384 , -0.10135 , 0.082484 , 0.0761971 , -0.103866 , 0.0800683 , 0.0757655
1.78536 , -0.102973 , 0.0790763 , 0.075266 , -0.10478 , 0.0768264 , 0.0764022
1.8179 , -0.106658 , 0.0747108 , 0.0754928 , -0.101632 , 0.0758728 , 0.0770392
1.85434 , -0.109903 , 0.0739928 , 0.0765867 , -0.107881 , 0.0732171 , 0.0764686
1.88539 , -0.113597 , 0.0706759 , 0.0762459 , -0.112336 , 0.0719818 , 0.0764887
1.92233 , -0.118792 , 0.0687912 , 0.0778979 , -0.114002 , 0.0700768 , 0.0773445
1.95375 , -0.122 , 0.0689424 , 0.0778589 , -0.122314 , 0.068502 , 0.0783864
1.98606 , -0.12847 , 0.0681524 , 0.0796507 , -0.127043 , 0.0672903 , 0.0797252
2.01942 , -0.130631 , 0.0683927 , 0.0813947 , -0.133486 , 0.0677777 , 0.0825091
2.0564 , -0.135903 , 0.0689089 , 0.083203 , -0.132073 , 0.0702394 , 0.0849708
2.09765 , -0.13822 , 0.0700373 , 0.0845892 , -0.137457 , 0.071115 , 0.0858401
2.14029 , -0.142189 , 0.0732406 , 0.0874175 , -0.139985 , 0.0749534 , 0.0867612
2.18173 , -0.144344 , 0.0773496 , 0.0879924 , -0.143105 , 0.0763652 , 0.08934
2.22431 , -0.146798 , 0.0779588 , 0.0902605 , -0.145333 , 0.0816937 , 0.0917845
2.25992 , -0.150308 , 0.0804352 , 0.0919361 , -0.150211 , 0.0827639 , 0.0936283
2.2939 , -0.153948 , 0.0828426 , 0.0937964 , -0.155102 , 0.0832652 , 0.0947789
2.33194 , -0.154722 , 0.0864299 , 0.0959285 , -0.155281 , 0.0855687 , 0.095137
2.37481 , -0.160933 , 0.0859634 , 0.0950661 , -0.160433 , 0.0881399 , 0.0948093
2.40984 , -0.164424 , 0.0883735 , 0.0960666 , -0.164509 , 0.0911511 , 0.0963538
2.44123 , -0.169517 , 0.0884783 , 0.0964106 , -0.171333 , 0.0904538 , 0.0977111
2.47252 , -0.174571 , 0.0912491 , 0.10072 , -0.179365 , 0.0930937 , 0.100555
2.50898 , -0.187643 , 0.0949667 , 0.100775 , -0.187438 , 0.0911874 , 0.102049
2.54055 , -0.192811 , 0.0937802 , 0.102326 , -0.192678 , 0.0954016 , 0.102805
2.57348 , -0.19107 , 0.0961451 , 0.105107 , -0.195337 , 0.0962826 , 0.104536
2.60669 , -0.208575 , 0.0980777 , 0.105129 , -0.210531 , 0.096912 , 0.105334
2.64226 , -0.216977 , 0.0957232 , 0.108379 , -0.21931 , 0.0971321 , 0.10885
2.67679 , -0.22358 , 0.0951346 , 0.109523 , -0.225358 , 0.0968842 , 0.112291
2.7112 , -0.238559 , 0.0962853 , 0.111537 , -0.238746 , 0.0925486 , 0.113329
2.7458 , -0.247133 , 0.095616 , 0.113365 , -0.238763 , 0.0941787 , 0.114956
2.77755 , -0.252687 , 0.0995775 , 0.11614 , -0.249697 , 0.0979704 , 0.115911
2.80891 , -0.264682 , 0.100757 , 0.115749 , -0.261372 , 0.0966158 , 0.117952
2.84656 , -0.26825 , 0.0986131 , 0.117844 , -0.271737 , 0.099292 , 0.11839
2.88099 , -0.282701 , 0.102005 , 0.119092 , -0.285952 , 0.100757 , 0.119952
2.91231 , -0.29275 , 0.0990196 , 0.119205 , -0.277612 , 0.0998029 , 0.124225
2.94339 , -0.290818 , 0.100833 , 0.122272 , -0.285892 , 0.101058 , 0.12202
2.97659 , -0.302844 , 0.101258 , 0.119929 , -0.291592 , 0.0982447 , 0.11892
3.01233 , -0.303177 , 0.099361 , 0.12063 , -0.301739 , 0.0993937 , 0.12025
3.04672 , -0.314372 , 0.100944 , 0.120961 , -0.312779 , 0.105317 , 0.12289
3.08255 , -0.318683 , 0.101457 , 0.121452 , -0.301288 , 0.106212 , 0.130604
3.11391 , -0.309921 , 0.106393 , 0.125416 , -0.303222 , 0.101922 , 0.124762
3.14474 , -0.318488 , 0.0998536 , 0.121194 , -0.317056 , 0.103108 , 0.123458
3.17713 , -0.322778 , 0.0994313 , 0.120133 , -0.321418 , 0.103575 , 0.121403
3.21056 , -0.325635 , 0.1015 , 0.130797 , -0.309669 , 0.103841 , 0.123915
3.24637 , -0.319913 , 0.10067 , 0.118382 , -0.313875 , 0.102861 , 0.127975
3.28115 , -0.327732 , 0.1052 , 0.126611 , -0.31633 , 0.0988777 , 0.127516
3.31615 , -0.325855 , 0.101524 , 0.126469 , -0.327845 , 0.103549 , 0.127827
3.35078 , -0.330109 , 0.103867 , 0.127485 , -0.32092 , 0.104736 , 0.122563
3.38591 , -0.334175 , 0.105028 , 0.128681 , -0.326267 , 0.106413 , 0.123736
3.43286 , -0.33003 , 0.103213 , 0.122961 , -0.339431 , 0.107821 , 0.128456
3.46426 , -0.33 , 0.101503 , 0.122872 , -0.423427 , 0.125806 , 0.138674
3.49566 , -0.336797 , 0.104451 , 0.119173 , -0.347757 , 0.111807 , 0.129214
3.53722 , -0.330998 , 0.106897 , 0.120832 , -0.317054 , 0.105827 , 0.116896
3.58664 , -0.340687 , 0.106324 , 0.116235 , -0.327833 , 0.103328 , 0.110794
3.63078 , -0.346841 , 0.106262 , 0.111708 , -0.346108 , 0.103476 , 0.105593
3.66986 , -0.341183 , 0.106871 , 0.11367 , -0.349408 , 0.105226 , 0.10836
3.71637 , -0.355595 , 0.108186 , 0.111222 , -0.348353 , 0.111025 , 0.116935
3.75127 , -0.356859 , 0.107814 , 0.107762 , -0.353141 , 0.110901 , 0.115258
3.78518 , -0.351179 , 0.0970687 , 0.100051 , -0.3498 , 0.103466 , 0.104893
3.81678 , -0.356657 , 0.0956551 , 0.0987304 , -0.254753 , 0.0874976 , 0.0957076
3.84972 , -0.278465 , 0.0841316 , 0.0909631 , -0.281356 , 0.0807938 , 0.0886818
3.88314 , -0.360764 , 0.101648 , 0.110719 , -0.371645 , 0.094433 , 0.098278
3.91645 , -0.364704 , 0.0953889 , 0.10619 , -0.366562 , 0.0954862 , 0.108428
3.95005 , -0.36856 , 0.0907678 , 0.10479 , -0.347441 , 0.0755505 , 0.11533
3.98429 , -0.38179 , 0.0873281 , 0.0969527 , -0.354297 , 0.0784848 , 0.0878669
4.01769 , -0.49581 , 0.100543 , 0.10793 , -0.506679 , 0.094085 , 0.107687
4.05088 , -0.503869 , 0.0861676 , 0.0999994 , -0.492818 , 0.0874252 , 0.107133
4.08368 , -0.510636 , 0.0783809 , 0.097922 , -0.475958 , 0.0718688 , 0.0907401
4.11816 , -0.517349 , 0.0723731 , 0.0958662 , -0.501499 , 0.0522029 , 0.101093
4.15102 , -0.513585 , 0.050358 , 0.101383 , -0.522055 , 0.046443 , 0.0999982
4.18479 , -0.520253 , 0.0426914 , 0.0993823 , -0.542533 , 0.0522248 , 0.0814313
4.21803 , -0.790894 , 0.0709272 , 0.06839 , -0.763831 , 0.0622543 , 0.0634224
4.25225 , -0.796437 , 0.0628491 , 0.0658067 , -0.800148 , 0.0680403 , 0.0728235
4.28519 , -0.798508 , 0.0580781 , 0.0662483 , -0.776476 , 0.0631478 , 0.0722215
4.31923 , -0.800014 , 0.0555401 , 0.0664407 , -0.557266 , 0.0428045 , 0.0905799
4.35222 , -0.562845 , 0.0354705 , 0.0849408 , -0.542036 , 0.0322084 , 0.0817058
4.38596 , -0.563886 , 0.0334934 , 0.0863513 , -0.577915 , 0.0264082 , 0.0804168
4.42468 , -0.44726 , -0.00501727 , 0.0564913 , -0.469979 , -0.0032794 , 0.0604917
4.47485 , -0.444247 , -0.0129842 , 0.0567393 , -0.437043 , -0.0172861 , 0.0515857
4.52527 , -0.446536 , -0.0158059 , 0.0606096 , -0.438654 , -0.0161596 , 0.0606625
4.57575 , -0.451338 , -0.0149505 , 0.0632554 , -0.335204 , -0.0236854 , 0.0497722
4.62589 , -0.363616 , -0.0256752 , 0.0464737 , -0.375566 , -0.0284644 , 0.0474195
4.6761 , -0.368195 , -0.0274198 , 0.0479861 , -0.390295 , -0.0288496 , 0.048922
4.72649 , -0.374275 , -0.0309598 , 0.0490148 , -0.377255 , -0.0301709 , 0.0507477
4.77587 , -0.381529 , -0.0329497 , 0.0504829 , -0.370469 , -0.0324308 , 0.053407
4.81404 , -0.388527 , -0.0321303 , 0.0542877 , -0.379372 , -0.0330603 , 0.0553619
4.86075 , -0.399102 , -0.0334895 , 0.0550882 , -0.400456 , -0.0319519 , 0.0566837
4.91129 , -0.409238 , -0.0322269 , 0.0604812 , -0.408985 , -0.0323222 , 0.0603478
4.96153 , -0.414689 , -0.0282509 , 0.0677935 , -0.413238 , -0.0286811 , 0.0647853
5.00763 , -0.421644 , -0.0289254 , 0.0676208 , -0.426156 , -0.027016 , 0.0678658
5.04075 , -0.428199 , -0.0288726 , 0.0695677 , -0.425438 , -0.0256144 , 0.0738205
5.07381 , -0.438901 , -0.0268117 , 0.0710866 , -0.427297 , -0.0244379 , 0.0758445
5.10726 , -0.441452 , -0.0199468 , 0.0784367 , -0.548258 , 0.00282405 , 0.106814
5.14053 , -0.537426 , 0.00489078 , 0.109671 , -0.525391 , 0.0106717 , 0.114842
5.17457 , -0.542456 , 0.00810833 , 0.109441 , -0.517547 , 0.00657339 , 0.109482
5.20815 , -0.542682 , 0.00747046 , 0.109253 , -0.532797 , 0.00415941 , 0.106668
5.24137 , -0.544058 , 0.00682149 , 0.108083 , -0.543423 , 0.00695994 , 0.106876
5.27529 , -0.544065 , 0.0086487 , 0.108 , -0.543532 , 0.0110897 , 0.10987
5.30794 , -0.54078 , 0.013087 , 0.111328 , -0.537436 , 0.014472 , 0.117231
5.34312 , -0.53792 , 0.0149987 , 0.114599 , -0.529669 , 0.0164331 , 0.121248
5.37673 , -0.540872 , 0.011961 , 0.112633 , -0.529168 , 0.0146415 , 0.117827
5.4121 , -0.540757 , 0.0137123 , 0.114134 , -0.532242 , 0.0142768 , 0.113835
5.44779 , -0.542675 , 0.0167574 , 0.11773 , -0.539821 , 0.0160831 , 0.118024
5.48468 , -0.540444 , 0.0225092 , 0.11542 , -0.524372 , 0.0176614 , 0.114048
5.52643 , -0.538253 , 0.0259564 , 0.122031 , -0.519787 , 0.0243801 , 0.117687
5.56418 , -0.535364 , 0.0241025 , 0.117619 , -0.543885 , 0.0290904 , 0.127451
5.60346 , -0.529261 , 0.0199325 , 0.114 , -0.532375 , 0.0275268 , 0.116451
5.64457 , -0.520711 , 0.0214653 , 0.108185 , -0.501576 , 0.021698 , 0.102565
5.68026 , -0.513801 , 0.0239703 , 0.107357 , -0.491803 , 0.0207466 , 0.0989759
5.71339 , -0.505346 , 0.0232366 , 0.103528 , -0.494014 , 0.023625 , 0.101084
5.74919 , -0.500096 , 0.020839 , 0.0970809 , -0.503386 , 0.022965 , 0.104078
5.78586 , -0.501836 , 0.018064 , 0.0955471 , -0.492372 , 0.0192699 , 0.0938387
5.83202 , -0.491143 , 0.0214679 , 0.0892997 , -0.482355 , 0.015679 , 0.0887428
5.86434 , -0.485987 , 0.0194542 , 0.0906701 , -0.486252 , 0.0174674 , 0.0922602
5.89716 , -0.482643 , 0.0185852 , 0.0900109 , -0.476994 , 0.0196552 , 0.0896961
5.92974 , -0.47969 , 0.0157709 , 0.0867163 , -0.465667 , 0.0171724 , 0.0825247
5.96608 , -0.468843 , 0.0130486 , 0.0785959 , -0.455969 , 0.0160797 , 0.072342
5.99803 , -0.462334 , 0.00970916 , 0.0700255 , -0.447579 , 0.0107219 , 0.0669436
6.02924 , -0.452891 , 0.0142821 , 0.0653615 , -0.438949 , 0.0136569 , 0.0608085
6.06244 , -0.447179 , 0.0114792 , 0.0588397 , -0.43313 , 0.0139274 , 0.0567288
6.10299 , -0.437272 , 0.0119941 , 0.0524982 , -0.424455 , 0.0141692 , 0.0520188
6.14976 , -0.428319 , 0.0116064 , 0.0464773 , -0.41679 , 0.0103189 , 0.0457158
6.18692 , -0.419064 , 0.0120314 , 0.0406371 , -0.412347 , 0.0115503 , 0.0389444
6.2389 , -0.410881 , 0.0117809 , 0.0371575 , -0.399304 , 0.013748 , 0.0361585
6.28684 , -0.400657 , 0.0140202 , 0.038429 , -0.383615 , 0.0159105 , 0.0346833
6.33562 , -0.38332 , 0.0164324 , 0.0337869 , -0.366831 , 0.0158206 , 0.0339734
6.37663 , -0.366698 , 0.0173325 , 0.0331364 , -0.351788 , 0.0169899 , 0.0311798
6.42197 , -0.348857 , 0.0158765 , 0.0284987 , -0.337436 , 0.0162825 , 0.028543
6.47178 , -0.33015 , 0.012923 , 0.026499 , -0.32152 , 0.0171089 , 0.0268819
6.52098 , -0.315899 , 0.0153516 , 0.025439 , -0.305093 , 0.0163097 , 0.0253726
6.55254 , -0.298097 , 0.0168717 , 0.0233602 , -0.286316 , 0.0175833 , 0.0242164
6.58636 , -0.280217 , 0.020042 , 0.0210086 , -0.272666 , 0.0221328 , 0.0239049
6.62071 , -0.266364 , 0.0253018 , 0.0207038 , -0.255927 , 0.0245492 , 0.0222854
6.65228 , -0.24781 , 0.0274443 , 0.0211843 , -0.237724 , 0.0298808 , 0.0203475
6.68837 , -0.233409 , 0.0311727 , 0.019593 , -0.223001 , 0.0317459 , 0.0197731
6.7197 , -0.220388 , 0.0334703 , 0.0178852 , -0.213784 , 0.0364103 , 0.0188591
6.75073 , -0.207046 , 0.0398028 , 0.0180231 , -0.200706 , 0.0415963 , 0.0194461
6.78394 , -0.19419 , 0.0427799 , 0.0171349 , -0.190853 , 0.0437872 , 0.0187363
6.81746 , -0.184881 , 0.0447932 , 0.0164016 , -0.179458 , 0.0473064 , 0.0228894
6.85293 , -0.175416 , 0.0497327 , 0.0241154 , -0.167489 , 0.0511464 , 0.0175239
6.88749 , -0.164635 , 0.0492704 , 0.0157377 , -0.160672 , 0.0483742 , 0.0136737
6.92236 , -0.161022 , 0.0472181 , 0.0141522 , -0.155712 , 0.0466242 , 0.0141874
6.95461 , -0.153144 , 0.0463767 , 0.0143165 , -0.153191 , 0.043494 , 0.0139994
6.98686 , -0.149799 , 0.0425836 , 0.0122667 , -0.147004 , 0.0399667 , 0.0114501
7.02196 , -0.145748 , 0.0377457 , 0.00966249 , -0.143556 , 0.0366807 , 0.00952123
7.0529 , -0.141723 , 0.0349513 , 0.00942248 , -0.143446 , 0.0333706 , 0.0162645
7.09316 , -0.141137 , 0.0313617 , 0.0149139 , -0.137727 , 0.0309772 , 0.0111042
7.14253 , -0.138547 , 0.027045 , 0.00986257 , -0.135572 , 0.0277344 , 0.00731776
7.1924 , -0.137802 , 0.0250909 , 0.0105229 , -0.135509 , 0.0232228 , 0.0115995
7.24376 , -0.135779 , 0.0226096 , 0.0125228 , -0.132558 , 0.0213698 , 0.0148176
7.28911 , -0.137229 , 0.0196827 , 0.0143176 , -0.133106 , 0.0189306 , 0.0154026
7.3222 , -0.137311 , 0.0196312 , 0.0178128 , -0.135076 , 0.0181539 , 0.0168743
7.35525 , -0.133469 , 0.0167363 , 0.0180019 , -0.137071 , 0.0169133 , 0.0191663
7.39058 , -0.135815 , 0.0166552 , 0.0192689 , -0.131656 , 0.0173529 , 0.0204431
7.42848 , -0.134939 , 0.0173717 , 0.0205177 , -0.131189 , 0.018127 , 0.0215402
7.48143 , -0.135186 , 0.0183627 , 0.0224459 , -0.13112 , 0.0187513 , 0.0228911
7.53095 , -0.134575 , 0.0204964 , 0.024073 , -0.133087 , 0.0206036 , 0.0246678
7.58064 , -0.132573 , 0.0220934 , 0.0261145 , -0.130161 , 0.02519 , 0.0278313
7.62927 , -0.133046 , 0.0273501 , 0.0303673 , -0.130929 , 0.0294145 , 0.0319758
7.68005 , -0.133271 , 0.0309432 , 0.0334211 , -0.129892 , 0.0307672 , 0.0349906
7.72881 , -0.133333 , 0.0350888 , 0.0383927 , -0.132718 , 0.0354636 , 0.0394772
7.7606 , -0.135207 , 0.0381067 , 0.0421149 , -0.133964 , 0.0383966 , 0.0446246
7.79434 , -0.13834 , 0.041209 , 0.0463638 , -0.137442 , 0.0415551 , 0.047809
7.828 , -0.141464 , 0.0435481 , 0.0495274 , -0.142473 , 0.0448967 , 0.0521228
7.86332 , -0.146307 , 0.0467694 , 0.0543724 , -0.144491 , 0.0495741 , 0.0561871
7.90299 , -0.148983 , 0.0501924 , 0.0569899 , -0.149247 , 0.050878 , 0.0592665
7.94629 , -0.153667 , 0.0537868 , 0.0601401 , -0.152277 , 0.0529772 , 0.0608394
7.98462 , -0.161016 , 0.0542633 , 0.0622081 , -0.159205 , 0.0541741 , 0.0622306
8.02967 , -0.168211 , 0.0530953 , 0.062921 , -0.169876 , 0.05359 , 0.0652462
8.06557 , -0.176618 , 0.0513382 , 0.0671062 , -0.180399 , 0.0515887 , 0.0686151
8.11359 , -0.182883 , 0.0529754 , 0.069689 , -0.188573 , 0.0506801 , 0.0711684
8.14945 , -0.196781 , 0.0497799 , 0.0708114 , -0.198069 , 0.0489756 , 0.0721316
8.19622 , -0.20499 , 0.0500288 , 0.0739791 , -0.205898 , 0.0476472 , 0.0737814
8.22666 , -0.211361 , 0.0482311 , 0.0758109 , -0.215379 , 0.0458085 , 0.0767617
8.2627 , -0.221309 , 0.0460129 , 0.0783662 , -0.224604 , 0.0467332 , 0.0800118
8.29539 , -0.231495 , 0.04532 , 0.0821731 , -0.234841 , 0.0446455 , 0.0828936
8.33076 , -0.241143 , 0.0425044 , 0.0855217 , -0.243234 , 0.0433091 , 0.0846343
8.36601 , -0.247604 , 0.0462689 , 0.0886011 , -0.251599 , 0.045147 , 0.0903862
8.40207 , -0.260059 , 0.0460979 , 0.095996 , -0.25651 , 0.0493218 , 0.0987914
8.44912 , -0.268965 , 0.0484378 , 0.101615 , -0.26747 , 0.0501692 , 0.106289
8.48559 , -0.27374 , 0.0550519 , 0.108906 , -0.278334 , 0.0549649 , 0.111099
8.53332 , -0.288155 , 0.0575323 , 0.115368 , -0.28933 , 0.0566358 , 0.118525
8.56914 , -0.297229 , 0.0610085 , 0.122112 , -0.294666 , 0.060378 , 0.125447
8.62414 , -0.305625 , 0.0649431 , 0.128354 , -0.301609 , 0.0692993 , 0.130431
8.67318 , -0.31468 , 0.0720954 , 0.133007 , -0.305642 , 0.0712364 , 0.13565
8.72377 , -0.320275 , 0.0761487 , 0.137809 , -0.315485 , 0.076486 , 0.140215
8.77302 , -0.328151 , 0.0823539 , 0.142582 , -0.327059 , 0.0861993 , 0.144575
8.82309 , -0.331653 , 0.0830511 , 0.147454 , -0.33709 , 0.0865169 , 0.147613
8.87557 , -0.345681 , 0.092983 , 0.150586 , -0.340207 , 0.0916527 , 0.153432
8.92285 , -0.351345 , 0.0948756 , 0.154368 , -0.337286 , 0.0928315 , 0.15678
8.97312 , -0.350763 , 0.095051 , 0.158005 , -0.348881 , 0.099073 , 0.159553
9.02168 , -0.351551 , 0.0977153 , 0.164034 , -0.354454 , 0.103332 , 0.166297
9.06893 , -0.368599 , 0.10397 , 0.166985 , -0.359963 , 0.101118 , 0.170337
9.10506 , -0.370497 , 0.102146 , 0.170231 , -0.372272 , 0.104044 , 0.172608
9.14091 , -0.386165 , 0.102203 , 0.171559 , -0.375133 , 0.102999 , 0.172068
9.18401 , -0.387817 , 0.103901 , 0.171652 , -0.383448 , 0.103394 , 0.170832
9.2197 , -0.384508 , 0.101533 , 0.173466 , -0.385671 , 0.103156 , 0.174709
9.25157 , -0.394053 , 0.103977 , 0.175914 , -0.392256 , 0.1068 , 0.178258
9.28333 , -0.397376 , 0.10133 , 0.17491 , -0.393218 , 0.108852 , 0.1831
9.32048 , -0.399601 , 0.102226 , 0.176455 , -0.39478 , 0.107598 , 0.182752
9.3532 , -0.404846 , 0.102264 , 0.176201 , -0.390443 , 0.10218 , 0.180292
9.38433 , -0.40088 , 0.100879 , 0.177119 , -0.394698 , 0.104682 , 0.178142
9.42045 , -0.402044 , 0.102197 , 0.176639 , -0.395908 , 0.10169 , 0.177997
9.45134 , -0.404526 , 0.101715 , 0.177869 , -0.403848 , 0.107318 , 0.181347
9.48487 , -0.408951 , 0.103002 , 0.175285 , -0.403192 , 0.108547 , 0.181474
9.51942 , -0.410013 , 0.0936473 , 0.168669 , -0.303784 , 0.0768171 , 0.167931
9.55183 , -0.322429 , 0.0748763 , 0.157861 , -0.325863 , 0.0838999 , 0.17962
9.58844 , -0.313279 , 0.0777157 , 0.16807 , -0.313764 , 0.0679674 , 0.148349
9.61923 , -0.39441 , 0.0932823 , 0.174765 , -0.407513 , 0.0850207 , 0.178548
9.65244 , -0.392888 , 0.0867248 , 0.170691 , -0.364921 , 0.0864287 , 0.172882
9.68831 , -0.392487 , 0.0800849 , 0.16285 , -0.354995 , 0.0735538 , 0.157294
9.72165 , -0.388614 , 0.0674331 , 0.154073 , -0.378116 , 0.0619871 , 0.148983
9.75617 , -0.382734 , 0.0577963 , 0.149046 , -0.386601 , 0.0507739 , 0.143628
9.78684 , -0.493157 , 0.087936 , 0.173307 , -0.48615 , 0.0774967 , 0.160823
9.8217 , -0.494848 , 0.0845742 , 0.170961 , -0.49182 , 0.0866816 , 0.176226
9.85652 , -0.49534 , 0.0813704 , 0.168484 , -0.480141 , 0.0813771 , 0.170816
9.88798 , -0.495342 , 0.0755085 , 0.164129 , -0.480981 , 0.0722243 , 0.162608
9.92387 , -0.493269 , 0.0687936 , 0.161205 , -0.485164 , 0.0663258 , 0.160488
9.95489 , -0.489304 , 0.0663566 , 0.161137 , -0.486479 , 0.0651192 , 0.164095
9.98809 , -0.481911 , 0.0645783 , 0.168228 , -0.481219 , 0.0657254 , 0.168155
10.0238 , -0.479825 , 0.0607938 , 0.165775 , -0.475749 , 0.0618045 , 0.166445
10.0554 , -0.4793 , 0.0576104 , 0.163109 , -0.470393 , 0.0561593 , 0.164317
10.0918 , -0.474034 , 0.053904 , 0.162233 , -0.470417 , 0.0539053 , 0.162025
10.126 , -0.471668 , 0.0508255 , 0.162544 , -0.468988 , 0.051272 , 0.162344
10.1603 , -0.469877 , 0.0465712 , 0.162282 , -0.465879 , 0.0484195 , 0.162772
10.1952 , -0.727099 , 0.0718991 , 0.135494 , -0.446616 , 0.0437021 , 0.158877
10.2266 , -0.477273 , 0.0448853 , 0.15861 , -0.466741 , 0.0459228 , 0.164029
10.2592 , -0.732053 , 0.0698218 , 0.137379 , -0.482404 , 0.0469007 , 0.154913
10.2918 , -0.497903 , 0.0463096 , 0.155945 , -0.497385 , 0.046031 , 0.15673
10.3251 , -0.494377 , 0.043954 , 0.157849 , -0.490965 , 0.0402547 , 0.156166
10.3589 , -0.493918 , 0.0393533 , 0.158858 , -0.486232 , 0.0378483 , 0.155546
10.3907 , -0.492547 , 0.038569 , 0.160993 , -0.48173 , 0.0387992 , 0.16148
10.4284 , -0.492776 , 0.0394254 , 0.164372 , -0.484833 , 0.0428354 , 0.166703
10.4598 , -0.496378 , 0.0406271 , 0.165834 , -0.495295 , 0.0430118 , 0.168898
10.4987 , -0.498543 , 0.0422901 , 0.168173 , -0.500127 , 0.0431256 , 0.17102
10.5506 , -0.503565 , 0.0431963 , 0.171711 , -0.502574 , 0.044521 , 0.17393
10.6032 , -0.510221 , 0.0431352 , 0.173816 , -0.50737 , 0.0440172 , 0.174922
10.6525 , -0.39533 , 0.00117646 , 0.146918 , -0.400993 , 0.0110403 , 0.158172
10.7029 , -0.403981 , 0.00530769 , 0.150025 , -0.396123 , 0.00121886 , 0.144508
10.7499 , -0.411071 , 0.00298177 , 0.149754 , -0.416474 , 0.00073318 , 0.147349
10.7958 , -0.419641 , 0.000257345 , 0.146103 , -0.423105 , 0.00166971 , 0.149659
10.828 , -0.424424 , -0.00149051 , 0.146063 , -0.42333 , -0.00113305 , 0.148612
10.8624 , -0.431522 , -0.0030878 , 0.144036 , -0.434396 , -0.00245573 , 0.140509
10.8969 , -0.443448 , -0.00595274 , 0.138535 , -0.436338 , -0.00510695 , 0.137064
10.9311 , -0.44862 , -0.00594666 , 0.136987 , -0.445759 , -0.00581602 , 0.131079
10.9623 , -0.457733 , -0.00146839 , 0.136494 , -0.451943 , 0.000692573 , 0.135622
11.0009 , -0.459578 , 0.00285038 , 0.140684 , -0.457183 , 0.00537179 , 0.138911
11.0503 , -0.465737 , 0.00609108 , 0.137081 , -0.463208 , 0.00411855 , 0.137167
11.0825 , -0.47268 , 0.00437008 , 0.133205 , -0.469651 , 0.00558858 , 0.136898
11.1156 , -0.468001 , -0.00241488 , 0.125925 , -0.468289 , 0.00419919 , 0.133705
11.1466 , -0.478805 , 0.0101017 , 0.133728 , -0.575705 , 0.0328567 , 0.152658
11.1821 , -0.577746 , 0.044264 , 0.15644 , -0.494486 , 0.0290911 , 0.138853
11.2135 , -0.492997 , 0.0164667 , 0.130101 , -0.475454 , 0.0176014 , 0.130794
11.2463 , -0.494286 , 0.0161143 , 0.130384 , -0.48967 , 0.013638 , 0.130062
11.2819 , -0.492283 , 0.00788318 , 0.122248 , -0.498487 , 0.0077742 , 0.127161
11.3164 , -0.503941 , 0.00827417 , 0.124618 , -0.508479 , 0.00697836 , 0.120979
11.3473 , -0.512007 , 0.00372702 , 0.120595 , -0.503475 , 0.00279023 , 0.115231
11.3804 , -0.509818 , 0.000877755 , 0.115208 , -0.507332 , -0.00128554 , 0.1113
11.4161 , -0.515157 , -0.00429233 , 0.11039 , -0.509957 , -0.00468227 , 0.104502
11.4476 , -0.518229 , -0.00758708 , 0.103824 , -0.510768 , -0.00985824 , 0.0957856
11.4842 , -0.515314 , -0.0138803 , 0.0940887 , -0.516387 , -0.0119406 , 0.0932757
11.5152 , -0.518493 , -0.0108305 , 0.0924863 , -0.513049 , -0.00953537 , 0.0900536
11.5483 , -0.516127 , -0.0124556 , 0.0872967 , -0.515879 , -0.0118895 , 0.0855319
11.5856 , -0.525935 , -0.00740934 , 0.0808916 , -0.524547 , -0.0100754 , 0.0773486
11.618 , -0.524036 , -0.00974546 , 0.0770691 , -0.508992 , -0.0091514 , 0.0791268
11.6502 , -0.524785 , -0.00839586 , 0.0742056 , -0.515049 , -0.00793857 , 0.0762661
11.6866 , -0.525219 , -0.00667299 , 0.0753842 , -0.533318 , -0.00743209 , 0.0668361
11.7179 , -0.526869 , -0.0044744 , 0.073024 , -0.522132 , -0.00384284 , 0.0694319
11.7531 , -0.519922 , -0.00251426 , 0.0708706 , -0.509717 , 0.0043264 , 0.0736375
11.7858 , -0.516292 , 0.0018288 , 0.0692741 , -0.502425 , 0.00979233 , 0.0733383
11.8167 , -0.519544 , 0.00705148 , 0.0685831 , -0.499422 , 0.00987535 , 0.0710748
11.8517 , -0.503337 , 0.0129325 , 0.0675485 , -0.49644 , 0.0105785 , 0.0663739
11.8855 , -0.498763 , 0.0134539 , 0.0688512 , -0.483945 , 0.0122107 , 0.0647526
11.9189 , -0.488144 , 0.0145323 , 0.0675032 , -0.46825 , 0.0143317 , 0.0640563
11.9522 , -0.468139 , 0.0163024 , 0.0642442 , -0.452973 , 0.0171695 , 0.0615801
11.9913 , -0.454097 , 0.0196669 , 0.0606114 , -0.435754 , 0.0199058 , 0.0603726
12.0404 , -0.436361 , 0.0211888 , 0.0581858 , -0.416622 , 0.0222081 , 0.0577624
12.0933 , -0.41525 , 0.022278 , 0.0550393 , -0.399043 , 0.0234059 , 0.0545826
12.1418 , -0.39792 , 0.0252508 , 0.0534925 , -0.379517 , 0.0254605 , 0.0506729
12.1881 , -0.378178 , 0.0279733 , 0.0492194 , -0.366633 , 0.0259718 , 0.0491708
12.2206 , -0.36395 , 0.0288261 , 0.0461906 , -0.349394 , 0.0293598 , 0.0457971
12.2533 , -0.348113 , 0.0302711 , 0.0433024 , -0.338697 , 0.031707 , 0.0412643
12.2948 , -0.327704 , 0.0303017 , 0.0386567 , -0.322409 , 0.0323089 , 0.0372248
12.342 , -0.31906 , 0.034651 , 0.0370509 , -0.3018 , 0.033369 , 0.0341715
12.3734 , -0.306267 , 0.0350454 , 0.0342657 , -0.299351 , 0.0385882 , 0.033215
12.4061 , -0.29333 , 0.0391524 , 0.0332671 , -0.28044 , 0.0420466 , 0.0341518
12.4375 , -0.276503 , 0.0408725 , 0.0323987 , -0.270423 , 0.0428172 , 0.0321531
12.4715 , -0.266854 , 0.0423809 , 0.0309776 , -0.258915 , 0.0435079 , 0.0301816
12.5046 , -0.254492 , 0.0448063 , 0.0295683 , -0.246177 , 0.0444413 , 0.0283414
12.5411 , -0.243785 , 0.0465477 , 0.0289984 , -0.237481 , 0.0459578 , 0.0283841
12.5756 , -0.235048 , 0.0467593 , 0.0288209 , -0.231524 , 0.0442219 , 0.0277683
12.6128 , -0.228192 , 0.0435297 , 0.0281105 , -0.224069 , 0.0416086 , 0.0262091
12.6601 , -0.221575 , 0.0393196 , 0.0254721 , -0.217735 , 0.0391632 , 0.025284
12.6969 , -0.213998 , 0.0337578 , 0.0212322 , -0.209268 , 0.0320141 , 0.0206935
12.7425 , -0.208337 , 0.0272939 , 0.0180322 , -0.203411 , 0.025911 , 0.015038
12.7767 , -0.202164 , 0.0245621 , 0.0148659 , -0.200458 , 0.0236217 , 0.013146
12.8119 , -0.198126 , 0.0222233 , 0.0147266 , -0.193641 , 0.0208237 , 0.0119091
12.8452 , -0.196229 , 0.0191111 , 0.0115369 , -0.19113 , 0.0185175 , 0.0119001
12.878 , -0.18813 , 0.0200434 , 0.0121176 , -0.184183 , 0.0194683 , 0.0112967
12.9105 , -0.182331 , 0.0203461 , 0.0127185 , -0.183225 , 0.0182293 , 0.0104158
12.9462 , -0.18054 , 0.0184449 , 0.0109401 , -0.175912 , 0.0196515 , 0.0111687
12.9774 , -0.176753 , 0.0190529 , 0.0117275 , -0.171096 , 0.0200328 , 0.012284
13.0085 , -0.170533 , 0.0195707 , 0.0108789 , -0.171147 , 0.0226255 , 0.0119047
13.0444 , -0.169379 , 0.0205926 , 0.0120868 , -0.164478 , 0.0205641 , 0.0119662
13.0755 , -0.163596 , 0.0206977 , 0.0120522 , -0.163865 , 0.0200652 , 0.0114629
13.1086 , -0.161298 , 0.0212941 , 0.0124731 , -0.156244 , 0.0209808 , 0.0118694
13.1441 , -0.154805 , 0.0212217 , 0.0139364 , -0.149711 , 0.023063 , 0.0139612
13.1757 , -0.154988 , 0.0219186 , 0.0140606 , -0.150359 , 0.0221806 , 0.0151169
13.2123 , -0.147438 , 0.0216065 , 0.0164231 , -0.14276 , 0.021677 , 0.0158578
13.2466 , -0.141806 , 0.0195287 , 0.0181186 , -0.138453 , 0.0190006 , 0.0184095
13.2776 , -0.13794 , 0.01774 , 0.021129 , -0.139341 , 0.0159675 , 0.0212933
13.3098 , -0.13853 , 0.017695 , 0.0248599 , -0.135685 , 0.0158422 , 0.0249441
13.3453 , -0.136595 , 0.0171898 , 0.0289408 , -0.134245 , 0.0162595 , 0.0291663
13.3799 , -0.13835 , 0.0160137 , 0.0330484 , -0.134922 , 0.0155029 , 0.0348958
13.4165 , -0.139115 , 0.0129553 , 0.0377706 , -0.138591 , 0.014753 , 0.040585
13.4638 , -0.140189 , 0.0129337 , 0.0460187 , -0.139688 , 0.0146808 , 0.050266
13.5031 , -0.141773 , 0.0134626 , 0.0552682 , -0.141932 , 0.0134855 , 0.0602557
13.5476 , -0.14408 , 0.0108088 , 0.0623617 , -0.143337 , 0.010835 , 0.0660074
13.5786 , -0.144706 , 0.00935344 , 0.0684383 , -0.143077 , 0.0104194 , 0.0725719
13.6162 , -0.144233 , 0.0110377 , 0.0781617 , -0.144184 , 0.00908943 , 0.0804368
13.6477 , -0.143387 , 0.00991553 , 0.08619 , -0.14087 , 0.00991601 , 0.089041
13.6789 , -0.141974 , 0.00887941 , 0.0914132 , -0.139247 , 0.00877951 , 0.0952576
13.7159 , -0.141271 , 0.00818627 , 0.0984589 , -0.140178 , 0.0057968 , 0.0998753
13.7514 , -0.142114 , 0.0052058 , 0.102636 , -0.139166 , 0.00497756 , 0.104686
13.7846 , -0.142016 , 0.00430887 , 0.106535 , -0.140766 , 0.00378107 , 0.108692
13.8178 , -0.14432 , 0.00379107 , 0.111057 , -0.144704 , 0.00276655 , 0.112116
13.8504 , -0.14841 , 0.00275561 , 0.11372 , -0.149262 , 0.00180992 , 0.114485
13.8857 , -0.15286 , 0.00191063 , 0.114784 , -0.154864 , 0.00347905 , 0.116524
13.9191 , -0.157728 , 0.00392101 , 0.11701 , -0.159391 , 0.00541844 , 0.117052
13.9548 , -0.160571 , 0.00679431 , 0.117116 , -0.164558 , 0.00881344 , 0.118061
13.9985 , -0.16603 , 0.0108928 , 0.115779 , -0.167862 , 0.0108995 , 0.117546
14.0323 , -0.170271 , 0.0140162 , 0.116314 , -0.169376 , 0.0150199 , 0.114757
14.0661 , -0.177152 , 0.0166443 , 0.114055 , -0.176429 , 0.0168017 , 0.110822
14.1016 , -0.184207 , 0.0178001 , 0.11218 , -0.182621 , 0.0207438 , 0.110115
14.1327 , -0.189647 , 0.0221237 , 0.109642 , -0.189481 , 0.0238002 , 0.109034
14.1653 , -0.200564 , 0.0255525 , 0.10987 , -0.20069 , 0.025232 , 0.109371
14.2049 , -0.210854 , 0.0260113 , 0.110689 , -0.214713 , 0.0293899 , 0.109282
14.2364 , -0.22533 , 0.0312731 , 0.111174 , -0.221826 , 0.029814 , 0.109602
14.2675 , -0.233792 , 0.0302011 , 0.108636 , -0.239031 , 0.0313407 , 0.110034
14.2995 , -0.241935 , 0.0284502 , 0.1093 , -0.249899 , 0.0331748 , 0.111449
14.3333 , -0.259726 , 0.031758 , 0.112454 , -0.262292 , 0.0307786 , 0.111465
14.369 , -0.264571 , 0.0331486 , 0.110907 , -0.26864 , 0.0347347 , 0.112238
14.4012 , -0.275933 , 0.0380768 , 0.115416 , -0.281122 , 0.0352401 , 0.113906
14.4345 , -0.285022 , 0.0290713 , 0.111523 , -0.289427 , 0.0358712 , 0.114197
14.4715 , -0.286468 , 0.0347609 , 0.114916 , -0.292809 , 0.0347439 , 0.11609
14.5026 , -0.295203 , 0.0340427 , 0.114824 , -0.301146 , 0.0361468 , 0.117919
14.5357 , -0.303417 , 0.0385841 , 0.12152 , -0.312387 , 0.0387089 , 0.12124
14.5705 , -0.302761 , 0.03096 , 0.118441 , -0.307925 , 0.0375582 , 0.122964
14.6059 , -0.322687 , 0.0394917 , 0.121596 , -0.313029 , 0.0339065 , 0.116361
14.6403 , -0.330032 , 0.0347375 , 0.117292 , -0.327656 , 0.0385219 , 0.116055
14.6794 , -0.327911 , 0.0351546 , 0.115385 , -0.333799 , 0.040284 , 0.118336
14.7234 , -0.349027 , 0.0402181 , 0.119697 , -0.340335 , 0.0368016 , 0.117257
14.7598 , -0.352058 , 0.0390368 , 0.118365 , -0.348168 , 0.0385061 , 0.121793
14.8072 , -0.35162 , 0.0408669 , 0.118284 , -0.35127 , 0.0428954 , 0.122713
14.8411 , -0.365485 , 0.0436982 , 0.119372 , -0.363993 , 0.0452998 , 0.120795
14.8725 , -0.443002 , 0.0677436 , 0.137581 , -0.435772 , 0.0548648 , 0.125332
14.9033 , -0.452657 , 0.0622729 , 0.139931 , -0.447117 , 0.0551705 , 0.135913
14.942 , -0.380517 , 0.0407106 , 0.114724 , -0.376757 , 0.0540472 , 0.132566
14.9808 , -0.39046 , 0.0520415 , 0.125395 , -0.46221 , 0.0804879 , 0.142547
15.0268 , -0.39235 , 0.0537536 , 0.117999 , -0.40726 , 0.0617539 , 0.133795
15.0619 , -0.395626 , 0.056478 , 0.119661 , -0.381631 , 0.0522061 , 0.113386
15.1116 , -0.395096 , 0.0609525 , 0.124445 , -0.385348 , 0.0544508 , 0.111428
15.1607 , -0.395969 , 0.0611926 , 0.123139 , -0.388778 , 0.0601006 , 0.117955
15.2113 , -0.389101 , 0.0487618 , 0.11569 , -0.385367 , 0.0571983 , 0.123038
15.2446 , -0.389568 , 0.0543654 , 0.118311 , -0.373899 , 0.0511822 , 0.125155
15.2756 , -0.377427 , 0.0483936 , 0.118297 , -0.365495 , 0.0440221 , 0.126264
15.3129 , -0.3739 , 0.0449962 , 0.118573 , -0.352076 , 0.0415018 , 0.123088
15.3599 , -0.363774 , 0.0439735 , 0.120061 , -0.464185 , 0.0549602 , 0.118815
15.3995 , -0.697246 , 0.0924742 , 0.125575 , -0.46188 , 0.0630748 , 0.131783
15.4495 , -0.486347 , 0.221172 , 0.420359 , -0.42273 , 0.201701 , 0.231684
15.4963 , -0.488953 , 0.214142 , 0.238783 , -0.49338 , 0.217116 , 0.256442
15.5278 , -0.488412 , 0.208153 , 0.235551 , -0.529594 , 0.200599 , 0.227165
15.5618 , -0.487669 , 0.207827 , 0.234605 , -0.6427 , 0.216301 , 0.215904
15.5927 , -0.927868 , 0.241933 , 0.102377 , -0.85851 , 0.23061 , 0.106132
15.625 , -0.93112 , 0.236545 , 0.0976363 , -0.891675 , 0.234401 , 0.0973129
15.6583 , -0.929085 , 0.234341 , 0.0965914 , -0.73714 , 0.225285 , 0.291672
15.6948 , -0.696308 , 0.0464809 , 0.110386 , -0.686162 , 0.115954 , 0.175059
15.7253 , -0.695387 , 0.0368913 , 0.109888 , -0.688146 , 0.0331204 , 0.0945738
15.759 , -0.697021 , 0.0331407 , 0.108834 , -0.720179 , 0.0311849 , 0.107669
15.7947 , -0.703159 , 0.0302193 , 0.109292 , -0.71316 , 0.0394886 , 0.125134
15.8263 , -0.708914 , 0.028618 , 0.108849 , -0.705581 , 0.0320738 , 0.11781
15.8627 , -0.715925 , 0.02759 , 0.110728 , -0.705901 , 0.0203504 , 0.10377
15.8967 , -0.717014 , 0.0264322 , 0.109488 , -0.70637 , 0.0160627 , 0.0965925
15.9276 , -0.722914 , 0.0200595 , 0.107007 , -0.710435 , 0.0160381 , 0.101172
15.9624 , -0.723106 , 0.0171044 , 0.107824 , -0.71806 , 0.0198668 , 0.109472
15.9968 , -0.728901 , 0.0165249 , 0.10801 , -0.724559 , 0.0230135 , 0.116254
16.0278 , -0.737545 , 0.0166359 , 0.109826 , -0.73218 , 0.024777 , 0.117493
16.0612 , -0.748695 , 0.0191812 , 0.109578 , -0.745591 , 0.0231311 , 0.114272
16.0958 , -0.760167 , 0.0196557 , 0.109828 , -0.761112 , 0.0193343 , 0.109689
16.1282 , -0.779453 , 0.0197151 , 0.111303 , -0.783407 , 0.0179183 , 0.108225
16.165 , -0.797215 , 0.0211036 , 0.11287 , -0.803058 , 0.0211739 , 0.112615
16.1953 , -0.814039 , 0.0245763 , 0.114554 , -0.833877 , 0.0064905 , 0.0982304
16.2288 , -0.845828 , 0.0296063 , 0.112216 , -0.567155 , -0.0289321 , 0.0929216
16.2635 , -0.572048 , -0.0325063 , 0.0891348 , -0.559325 , -0.0351431 , 0.0888299
16.298 , -0.584793 , -0.0324239 , 0.0926892 , -0.611015 , -0.0303944 , 0.0968383
16.3295 , -0.603601 , -0.0313765 , 0.0978862 , -0.609377 , -0.0283603 , 0.0993423
16.3659 , -0.619465 , -0.0291003 , 0.100364 , -0.617643 , -0.0246935 , 0.0986696
16.3965 , -0.433179 , -0.0522928 , 0.0800759 , -0.529976 , -0.0221932 , 0.114853
16.4301 , -0.53332 , -0.031871 , 0.112928 , -0.533996 , -0.0261416 , 0.117821
16.4657 , -0.546154 , -0.0184333 , 0.121822 , -0.558884 , -0.0176427 , 0.120981
16.4974 , -0.553341 , -0.0158244 , 0.122793 , -0.551242 , -0.0140794 , 0.122309
16.5344 , -0.567452 , -0.00977531 , 0.123232 , -0.555719 , -0.0118426 , 0.122083
16.5687 , -0.571961 , -0.0133862 , 0.119941 , -0.568145 , -0.0114704 , 0.12247
16.6002 , -0.574291 , -0.0161144 , 0.117184 , -0.576278 , -0.00971505 , 0.122022
16.6315 , -0.580261 , -0.00782274 , 0.118371 , -0.578711 , -0.00617192 , 0.120763
16.6733 , -0.585224 , -0.00455878 , 0.121854 , -0.58648 , 0.00418517 , 0.126938
16.7239 , -0.593831 , 0.00882743 , 0.127344 , -0.587324 , 0.0101306 , 0.130429
16.77 , -0.593776 , 0.00899598 , 0.123879 , -0.594642 , 0.0112661 , 0.126596
16.8009 , -0.611611 , 0.0115479 , 0.122196 , -0.607046 , 0.0150139 , 0.124713
16.8361 , -0.61521 , 0.0247269 , 0.124948 , -0.614977 , 0.0252987 , 0.126793
16.8725 , -0.621329 , 0.0295018 , 0.126142 , -0.621354 , 0.034963 , 0.124281
16.9036 , -0.628571 , 0.0332473 , 0.119977 , -0.627284 , 0.038135 , 0.121081
16.9387 , -0.635762 , 0.0362725 , 0.112512 , -0.628072 , 0.0375255 , 0.109331
16.9699 , -0.637069 , 0.0330953 , 0.10576 , -0.630274 , 0.033916 , 0.100503
17.0038 , -0.645739 , 0.032149 , 0.0960605 , -0.634989 , 0.0310059 , 0.0953216
17.0364 , -0.641526 , 0.0341017 , 0.0903712 , -0.629108 , 0.0300234 , 0.0882886
17.0691 , -0.633863 , 0.0287841 , 0.0857447 , -0.620804 , 0.02543 , 0.0815155
17.1042 , -0.626422 , 0.0231535 , 0.077269 , -0.615155 , 0.0216104 , 0.0709964
17.1404 , -0.620813 , 0.0219541 , 0.0654188 , -0.612435 , 0.0152805 , 0.0635965
17.1734 , -0.61487 , 0.0154382 , 0.0646723 , -0.601953 , 0.0166645 , 0.0633394
17.2059 , -0.610066 , 0.0148762 , 0.0670313 , -0.596949 , 0.0135381 , 0.0682331
17.2382 , -0.598607 , 0.00822038 , 0.0647246 , -0.582008 , 0.0108004 , 0.0641508
17.2705 , -0.584991 , 0.00678665 , 0.0600933 , -0.572292 , 0.0100167 , 0.0573995
17.3051 , -0.585879 , 0.00372283 , 0.0580479 , -0.563708 , 0.00565944 , 0.0539425
17.3414 , -0.565699 , 0.00163215 , 0.0497945 , -0.543352 , 0.00252058 , 0.0453511
17.378 , -0.554089 , 0.000824586 , 0.0441587 , -0.534345 , -0.00466835 , 0.0383995
17.4245 , -0.537746 , -0.00498471 , 0.0386059 , -0.514983 , -0.00647834 , 0.0349576
17.456 , -0.522581 , -0.00617613 , 0.0339822 , -0.502823 , -0.00973535 , 0.0324838
17.4933 , -0.503722 , -0.0122084 , 0.0308751 , -0.484468 , -0.0122577 , 0.0276121
17.5388 , -0.488327 , -0.0143445 , 0.0272945 , -0.466839 , -0.0157561 , 0.024687
17.5719 , -0.468164 , -0.0163782 , 0.022124 , -0.450249 , -0.0166906 , 0.0204331
17.608 , -0.452004 , -0.0175841 , 0.0188627 , -0.434767 , -0.0203935 , 0.0189699
17.6407 , -0.433024 , -0.0184518 , 0.017857 , -0.419534 , -0.0197743 , 0.0165787
17.675 , -0.417956 , -0.0210524 , 0.0167688 , -0.40637 , -0.0170042 , 0.0180796
17.7142 , -0.402978 , -0.0177443 , 0.0200405 , -0.39037 , -0.0166016 , 0.0192407
17.7561 , -0.38793 , -0.0180797 , 0.0169961 , -0.376128 , -0.0167826 , 0.0173685
17.7907 , -0.375284 , -0.0177686 , 0.017231 , -0.36653 , -0.0159342 , 0.016238
17.8235 , -0.362834 , -0.0153492 , 0.0162977 , -0.35423 , -0.0153627 , 0.0156386
17.8576 , -0.353603 , -0.0143635 , 0.0149417 , -0.35003 , -0.0155557 , 0.0151422
17.8913 , -0.345959 , -0.0128979 , 0.0135921 , -0.343207 , -0.0118387 , 0.0130581
17.9248 , -0.336803 , -0.010153 , 0.0128924 , -0.331578 , -0.0105298 , 0.0131503
17.9577 , -0.326853 , -0.0101535 , 0.0126345 , -0.318224 , -0.00908105 , 0.0121821
