481

0.022631 , -0.283279 , 0.0196403 , -0.274971 , -0.244086 , 0.0151756 , -0.29799
0.05421 , -0.283419 , 0.0183913 , -0.274948 , -0.251099 , 0.0111914 , -0.307823
0.089463 , -0.283538 , 0.0173563 , -0.274917 , -0.300442 , 0.00771509 , -0.304912
0.124849 , -0.283633 , 0.0164131 , -0.274888 , -0.329562 , 0.00932711 , -0.290157
0.159566 , -0.283652 , 0.0162236 , -0.274884 , -0.339245 , 0.0110634 , -0.280507
0.191347 , -0.283651 , 0.0162215 , -0.274886 , -0.323321 , 0.0153787 , -0.271591
0.227692 , -0.283651 , 0.0162196 , -0.274885 , -0.301282 , 0.0201302 , -0.261841
0.264095 , -0.283651 , 0.0162176 , -0.274885 , -0.284199 , 0.0233116 , -0.253911
0.313601 , -0.283653 , 0.0162155 , -0.274884 , -0.275525 , 0.0241572 , -0.251169
0.351095 , -0.283654 , 0.0162108 , -0.274886 , -0.273476 , 0.0228754 , -0.254682
0.395899 , -0.283652 , 0.0162091 , -0.274885 , -0.274289 , 0.0202432 , -0.262835
0.434643 , -0.283653 , 0.016205 , -0.274884 , -0.274775 , 0.0172624 , -0.272798
0.480169 , -0.283652 , 0.016201 , -0.274886 , -0.274143 , 0.0146581 , -0.281702
0.514005 , -0.283654 , 0.0162009 , -0.274884 , -0.27304 , 0.0130077 , -0.287522
0.553437 , -0.283654 , 0.0162009 , -0.274884 , -0.272747 , 0.012369 , -0.289609
0.601987 , -0.283654 , 0.0162009 , -0.274884 , -0.27411 , 0.012627 , -0.288276
0.654827 , -0.283654 , 0.0162009 , -0.274884 , -0.277162 , 0.0135725 , -0.28445
0.705118 , -0.283654 , 0.0162009 , -0.274884 , -0.281333 , 0.0149359 , -0.279321
0.754749 , -0.283654 , 0.0162009 , -0.274884 , -0.285879 , 0.0163726 , -0.274076
0.804009 , -0.283654 , 0.0162009 , -0.274884 , -0.28991 , 0.0175257 , -0.269868
0.854191 , -0.283654 , 0.0162009 , -0.274884 , -0.292544 , 0.0181965 , -0.267417
0.90654 , -0.283654 , 0.0162009 , -0.274884 , -0.293477 , 0.0183421 , -0.266835
0.956428 , -0.292321 , 0.010311 , -0.278854 , -0.294789 , 0.022003 , -0.261807
1.00578 , -0.291956 , 0.0135341 , -0.279458 , -0.293315 , 0.0182158 , -0.268925
1.05547 , -0.293038 , 0.0133964 , -0.279615 , -0.295539 , 0.0135031 , -0.278057
1.10546 , -0.294173 , 0.0132779 , -0.279799 , -0.299341 , 0.0117435 , -0.28434
1.15793 , -0.295629 , 0.0154042 , -0.281367 , -0.301682 , 0.0118691 , -0.289652
1.20819 , -0.297352 , 0.0155945 , -0.282895 , -0.300585 , 0.0111409 , -0.293052
1.25762 , -0.298992 , 0.0152121 , -0.284712 , -0.29672 , 0.0130123 , -0.295953
1.30763 , -0.301009 , 0.0162024 , -0.287232 , -0.29479 , 0.0140853 , -0.296309
1.35286 , -0.303337 , 0.0167728 , -0.289636 , -0.295321 , 0.0152065 , -0.295005
1.38466 , -0.305794 , 0.0161403 , -0.292035 , -0.297786 , 0.0179813 , -0.292513
1.41819 , -0.307645 , 0.0201828 , -0.294616 , -0.303606 , 0.0205532 , -0.291683
1.45416 , -0.312092 , 0.0192859 , -0.29753 , -0.31148 , 0.0230123 , -0.29264
1.49089 , -0.316993 , 0.0192753 , -0.301202 , -0.319606 , 0.0219648 , -0.295088
1.53812 , -0.323 , 0.0193259 , -0.304375 , -0.325582 , 0.0202987 , -0.297995
1.57559 , -0.32669 , 0.018921 , -0.307128 , -0.331371 , 0.0184306 , -0.302812
1.62539 , -0.33615 , 0.0102084 , -0.309566 , -0.338603 , 0.0171336 , -0.30925
1.67533 , -0.342543 , 0.0132399 , -0.312605 , -0.344768 , 0.0181038 , -0.314946
1.72185 , -0.347791 , 0.0197601 , -0.318664 , -0.35193 , 0.017954 , -0.320183
1.75384 , -0.36053 , 0.0177577 , -0.32345 , -0.362554 , 0.0139126 , -0.326632
1.78536 , -0.373556 , 0.0109044 , -0.327898 , -0.374537 , 0.0111877 , -0.333191
1.8179 , -0.38707 , 0.00480713 , -0.333213 , -0.386885 , 0.00681517 , -0.337058
1.85434 , -0.397684 , 0.00931663 , -0.339001 , -0.400761 , 0.00862859 , -0.342203
1.88539 , -0.412231 , 0.00882353 , -0.345738 , -0.415475 , 0.00571579 , -0.346996
1.92233 , -0.429844 , 0.00219779 , -0.352534 , -0.431673 , 6.65635e-05 , -0.351413
1.95375 , -0.446745 , 0.000460811 , -0.359059 , -0.450612 , -0.0030889 , -0.357971
1.98606 , -0.4657 , -0.00162157 , -0.367599 , -0.469613 , -0.00364519 , -0.366038
2.01942 , -0.485777 , -0.00991421 , -0.37398 , -0.490663 , -0.00675429 , -0.375193
2.0564 , -0.508615 , -0.0180705 , -0.381336 , -0.514248 , -0.0113566 , -0.383473
2.09765 , -0.528497 , -0.0109535 , -0.392822 , -0.537366 , -0.0182464 , -0.392047
2.14029 , -0.553003 , -0.0195111 , -0.400794 , -0.561552 , -0.0259999 , -0.400941
2.18173 , -0.5776 , -0.0295887 , -0.40808 , -0.584574 , -0.0247261 , -0.414182
2.22431 , -0.60173 , -0.0346074 , -0.414689 , -0.60761 , -0.0260678 , -0.42486
2.25992 , -0.627114 , -0.0409714 , -0.42571 , -0.632506 , -0.0342754 , -0.433147
2.2939 , -0.652119 , -0.0447453 , -0.435667 , -0.657992 , -0.0407963 , -0.441596
2.33194 , -0.677333 , -0.0535653 , -0.440485 , -0.682672 , -0.046562 , -0.44789
2.37481 , -0.700682 , -0.0621759 , -0.448087 , -0.706835 , -0.0548293 , -0.453638
2.40984 , -0.722844 , -0.0647363 , -0.458442 , -0.728895 , -0.0580785 , -0.464905
2.44123 , -0.747883 , -0.0764182 , -0.463707 , -0.750829 , -0.062548 , -0.475581
2.47252 , -0.769416 , -0.0714745 , -0.479393 , -0.772541 , -0.0682163 , -0.484127
2.50898 , -0.793472 , -0.0734799 , -0.494803 , -0.797723 , -0.0808765 , -0.490516
2.54055 , -0.814101 , -0.0920871 , -0.494912 , -0.822083 , -0.085046 , -0.503905
2.57348 , -0.838211 , -0.0996282 , -0.5011 , -0.843313 , -0.094133 , -0.512455
2.60669 , -0.861979 , -0.097528 , -0.5221 , -0.86626 , -0.0996965 , -0.526752
2.64226 , -0.883797 , -0.115015 , -0.525286 , -0.890212 , -0.109275 , -0.535497
2.67679 , -0.906309 , -0.11688 , -0.536893 , -0.910213 , -0.113657 , -0.546241
2.7112 , -0.932611 , -0.118191 , -0.556473 , -0.93275 , -0.12746 , -0.554414
2.7458 , -0.95677 , -0.130403 , -0.567574 , -0.956419 , -0.132567 , -0.567467
2.77755 , -0.976463 , -0.136255 , -0.5802 , -0.976871 , -0.135412 , -0.584515
2.80891 , -1.00146 , -0.146393 , -0.593902 , -0.999557 , -0.150289 , -0.591227
2.84656 , -1.0208 , -0.156637 , -0.605136 , -1.02105 , -0.153578 , -0.609766
2.88099 , -1.0457 , -0.162313 , -0.622348 , -1.04424 , -0.164415 , -0.623946
2.91231 , -1.06728 , -0.173332 , -0.636187 , -1.06604 , -0.173669 , -0.633873
2.94339 , -1.08221 , -0.177715 , -0.647981 , -1.0854 , -0.179279 , -0.653132
2.97659 , -1.10408 , -0.188998 , -0.665635 , -1.10683 , -0.191973 , -0.666392
3.01233 , -1.12219 , -0.198506 , -0.673802 , -1.12445 , -0.199563 , -0.681026
3.04672 , -1.14302 , -0.20656 , -0.692919 , -1.14497 , -0.208028 , -0.698299
3.08255 , -1.1594 , -0.217269 , -0.705989 , -1.15965 , -0.214496 , -0.708377
3.11391 , -1.17251 , -0.216125 , -0.720543 , -1.17376 , -0.218833 , -0.724418
3.14474 , -1.19046 , -0.231951 , -0.729186 , -1.19098 , -0.226963 , -0.735192
3.17713 , -1.20582 , -0.237962 , -0.746214 , -1.20716 , -0.232687 , -0.75253
3.21056 , -1.21775 , -0.243476 , -0.761905 , -1.22075 , -0.239644 , -0.760102
3.24637 , -1.23589 , -0.247431 , -0.773169 , -1.23349 , -0.246573 , -0.775513
3.28115 , -1.25135 , -0.257262 , -0.785621 , -1.24818 , -0.252594 , -0.786071
3.31615 , -1.26301 , -0.255996 , -0.798651 , -1.26202 , -0.257452 , -0.799635
3.35078 , -1.27426 , -0.266034 , -0.811536 , -1.27424 , -0.261909 , -0.815782
3.38591 , -1.28643 , -0.27337 , -0.824007 , -1.28413 , -0.267209 , -0.826548
3.43286 , -1.29737 , -0.280736 , -0.83601 , -1.2978 , -0.277278 , -0.837144
3.46426 , -1.30758 , -0.287189 , -0.848197 , -1.33748 , -0.325183 , -0.836829
3.49566 , -1.33042 , -0.30242 , -0.846186 , -1.3394 , -0.312149 , -0.852572
3.53722 , -1.3329 , -0.306091 , -0.874244 , -1.33984 , -0.308538 , -0.872721
3.58664 , -1.35181 , -0.316737 , -0.886907 , -1.35281 , -0.314994 , -0.889597
3.63078 , -1.36999 , -0.331639 , -0.89699 , -1.36698 , -0.327668 , -0.901173
3.66986 , -1.38086 , -0.341881 , -0.908051 , -1.38451 , -0.346007 , -0.912147
3.71637 , -1.39938 , -0.354632 , -0.919949 , -1.40134 , -0.364733 , -0.92401
3.75127 , -1.41155 , -0.363533 , -0.933409 , -1.41933 , -0.379545 , -0.936341
3.78518 , -1.42964 , -0.377656 , -0.929829 , -1.43741 , -0.38992 , -0.938057
3.81678 , -1.44036 , -0.385769 , -0.957131 , -1.41161 , -0.350462 , -0.965172
3.84972 , -1.41948 , -0.365999 , -0.969331 , -1.40989 , -0.354432 , -0.970913
3.88314 , -1.46535 , -0.433912 , -0.941602 , -1.44592 , -0.416088 , -0.949965
3.91645 , -1.47788 , -0.444654 , -0.946961 , -1.46831 , -0.447202 , -0.950198
3.95005 , -1.48817 , -0.455111 , -0.953208 , -1.46977 , -0.470214 , -0.963669
3.98429 , -1.50186 , -0.472458 , -0.968407 , -1.49447 , -0.47606 , -0.970839
4.01769 , -1.53935 , -0.524194 , -0.97754 , -1.53654 , -0.532562 , -0.973533
4.05088 , -1.54758 , -0.529957 , -0.98479 , -1.55517 , -0.538071 , -0.985651
4.08368 , -1.55346 , -0.535078 , -0.991826 , -1.55878 , -0.522048 , -0.996771
4.11816 , -1.55792 , -0.540108 , -0.997243 , -1.54012 , -0.524319 , -1.01283
4.15102 , -1.53826 , -0.549541 , -1.01327 , -1.53663 , -0.531718 , -1.01471
4.18479 , -1.54225 , -0.552722 , -1.01522 , -1.5649 , -0.543788 , -1.00472
4.21803 , -1.77637 , -0.754773 , -0.82598 , -1.72622 , -0.698655 , -0.873881
4.25225 , -1.78154 , -0.753534 , -0.825474 , -1.78515 , -0.745787 , -0.829876
4.28519 , -1.78414 , -0.752271 , -0.823658 , -1.78195 , -0.743628 , -0.82702
4.31923 , -1.78528 , -0.750154 , -0.823071 , -1.62828 , -0.595671 , -0.941658
4.35222 , -1.60521 , -0.562908 , -0.959345 , -1.58592 , -0.539182 , -0.960517
4.38596 , -1.60171 , -0.562123 , -0.959083 , -1.57529 , -0.527456 , -0.96435
4.42468 , -1.53952 , -0.479893 , -1.01423 , -1.53126 , -0.469939 , -1.00724
4.47485 , -1.53052 , -0.475323 , -1.01525 , -1.52128 , -0.45775 , -1.01501
4.52527 , -1.52029 , -0.472705 , -1.01534 , -1.51606 , -0.460582 , -1.01531
4.57575 , -1.51022 , -0.470908 , -1.01516 , -1.47605 , -0.407042 , -1.02971
4.62589 , -1.46762 , -0.433571 , -1.02477 , -1.46059 , -0.410424 , -1.02099
4.6761 , -1.46089 , -0.434377 , -1.01647 , -1.44992 , -0.425772 , -1.01335
4.72649 , -1.45444 , -0.435943 , -1.01023 , -1.44475 , -0.436012 , -1.00799
4.77587 , -1.44796 , -0.438135 , -1.00479 , -1.44221 , -0.439589 , -1.00309
4.81404 , -1.44063 , -0.440119 , -1.00046 , -1.43482 , -0.437133 , -1.00014
4.86075 , -1.4341 , -0.442564 , -0.99796 , -1.42209 , -0.434922 , -1.00431
4.91129 , -1.42471 , -0.44548 , -1.00167 , -1.4102 , -0.432621 , -0.999622
4.96153 , -1.4166 , -0.444105 , -0.995994 , -1.39889 , -0.431263 , -0.994559
5.00763 , -1.40921 , -0.440787 , -0.993611 , -1.39018 , -0.431092 , -1.00055
5.04075 , -1.39866 , -0.440342 , -0.997645 , -1.38437 , -0.428456 , -0.994461
5.07381 , -1.3906 , -0.436668 , -0.996532 , -1.37647 , -0.424293 , -0.992483
5.10726 , -1.3799 , -0.427769 , -0.991542 , -1.38062 , -0.456303 , -1.00627
5.14053 , -1.38621 , -0.443414 , -1.00588 , -1.38053 , -0.442041 , -1.00229
5.17457 , -1.37771 , -0.432842 , -0.996 , -1.37221 , -0.416527 , -0.991804
5.20815 , -1.36626 , -0.42128 , -0.985953 , -1.35588 , -0.395619 , -0.980203
5.24137 , -1.35352 , -0.408209 , -0.975183 , -1.33599 , -0.379968 , -0.967457
5.27529 , -1.33904 , -0.394043 , -0.960202 , -1.32007 , -0.369642 , -0.952085
5.30794 , -1.32262 , -0.377731 , -0.938825 , -1.30601 , -0.360531 , -0.931635
5.34312 , -1.30407 , -0.360402 , -0.915301 , -1.28867 , -0.34805 , -0.910233
5.37673 , -1.28447 , -0.345026 , -0.898432 , -1.26776 , -0.334106 , -0.89206
5.4121 , -1.26183 , -0.328781 , -0.878247 , -1.24317 , -0.318017 , -0.86926
5.44779 , -1.23676 , -0.310445 , -0.853899 , -1.21541 , -0.301054 , -0.844902
5.48468 , -1.21275 , -0.290133 , -0.826017 , -1.18804 , -0.280658 , -0.81917
5.52643 , -1.18205 , -0.269377 , -0.797573 , -1.15452 , -0.259781 , -0.785729
5.56418 , -1.15547 , -0.254871 , -0.764986 , -1.12958 , -0.246617 , -0.75507
5.60346 , -1.12485 , -0.240138 , -0.735654 , -1.10775 , -0.227554 , -0.729034
5.64457 , -1.09433 , -0.216002 , -0.711323 , -1.07892 , -0.205984 , -0.703459
5.68026 , -1.05557 , -0.187888 , -0.690994 , -1.0391 , -0.183992 , -0.681457
5.71339 , -1.0238 , -0.173476 , -0.66366 , -1.00218 , -0.167304 , -0.655498
5.74919 , -0.987844 , -0.151368 , -0.642212 , -0.959713 , -0.14565 , -0.633604
5.78586 , -0.953041 , -0.137792 , -0.617554 , -0.928023 , -0.131695 , -0.610586
5.83202 , -0.922222 , -0.11694 , -0.596857 , -0.88386 , -0.105369 , -0.600586
5.86434 , -0.879896 , -0.0970322 , -0.579337 , -0.850333 , -0.0898297 , -0.585696
5.89716 , -0.843598 , -0.0855777 , -0.558493 , -0.819926 , -0.0864319 , -0.562137
5.92974 , -0.801883 , -0.0635788 , -0.552501 , -0.784843 , -0.0782295 , -0.54688
5.96608 , -0.766051 , -0.0596297 , -0.530467 , -0.752622 , -0.0613116 , -0.538576
5.99803 , -0.722054 , -0.0376443 , -0.525037 , -0.716603 , -0.0600218 , -0.524913
6.02924 , -0.687856 , -0.0403252 , -0.504094 , -0.682366 , -0.0493741 , -0.513554
6.06244 , -0.646002 , -0.0267306 , -0.49642 , -0.642454 , -0.0450844 , -0.499828
6.10299 , -0.607183 , -0.0273659 , -0.480543 , -0.598118 , -0.0343836 , -0.490175
6.14976 , -0.563767 , -0.0180714 , -0.471968 , -0.545941 , -0.0216672 , -0.48419
6.18692 , -0.522142 , -0.0210428 , -0.459923 , -0.506031 , -0.0233246 , -0.472463
6.2389 , -0.48138 , -0.0182411 , -0.452856 , -0.462704 , -0.0166857 , -0.464955
6.28684 , -0.437995 , -0.0144961 , -0.445475 , -0.426561 , -0.0271739 , -0.453521
6.33562 , -0.400416 , -0.0150078 , -0.435771 , -0.380006 , -0.0172642 , -0.44914
6.37663 , -0.357125 , -0.00825865 , -0.430579 , -0.336331 , -0.0222503 , -0.441328
6.42197 , -0.320615 , -0.0112837 , -0.424604 , -0.293452 , -0.0122098 , -0.437841
6.47178 , -0.281192 , -0.00904461 , -0.420919 , -0.255284 , -0.017956 , -0.433933
6.52098 , -0.245865 , -0.0128577 , -0.41759 , -0.218794 , -0.015325 , -0.43096
6.55254 , -0.208914 , -0.00773066 , -0.413193 , -0.181837 , -0.0174632 , -0.426975
6.58636 , -0.177226 , -0.0211459 , -0.409558 , -0.153698 , -0.0223864 , -0.421453
6.62071 , -0.14531 , -0.0184334 , -0.405653 , -0.124937 , -0.0209969 , -0.415228
6.65228 , -0.115309 , -0.0253984 , -0.402207 , -0.0989785 , -0.0321158 , -0.411008
6.68837 , -0.0896683 , -0.0353157 , -0.401062 , -0.0713132 , -0.0339489 , -0.408079
6.7197 , -0.0639251 , -0.0348915 , -0.398608 , -0.0444807 , -0.0382827 , -0.405276
6.75073 , -0.0443333 , -0.0482829 , -0.399889 , -0.0237948 , -0.0445425 , -0.403189
6.78394 , -0.0266121 , -0.0468296 , -0.398288 , -0.010691 , -0.0501235 , -0.400731
6.81746 , -0.0145431 , -0.0532032 , -0.396907 , -0.0028338 , -0.0526444 , -0.393929
6.85293 , -0.00467661 , -0.0584705 , -0.388521 , 0.00814681 , -0.0577208 , -0.392725
6.88749 , 0.00232694 , -0.0636802 , -0.391975 , 0.0126019 , -0.0618858 , -0.392645
6.92236 , 0.00808269 , -0.05858 , -0.38528 , 0.0133937 , -0.0632652 , -0.38715
6.95461 , 0.0132815 , -0.063815 , -0.381405 , 0.0136941 , -0.0647521 , -0.381442
6.98686 , 0.0134922 , -0.0649765 , -0.378877 , 0.0159408 , -0.0632939 , -0.375415
7.02196 , 0.0163054 , -0.0610557 , -0.374321 , 0.0171805 , -0.0613283 , -0.369738
7.0529 , 0.0170783 , -0.0574182 , -0.36982 , 0.0141591 , -0.0532632 , -0.358035
7.09316 , 0.0161719 , -0.0472978 , -0.358309 , 0.0166152 , -0.0474316 , -0.351538
7.14253 , 0.0135178 , -0.0462445 , -0.359897 , 0.0118281 , -0.0408182 , -0.351195
7.1924 , 0.00869987 , -0.0400403 , -0.356629 , 0.0052257 , -0.039206 , -0.349264
7.24376 , 0.00289966 , -0.0355663 , -0.353368 , -0.000569676 , -0.0349426 , -0.347582
7.28911 , -0.00453681 , -0.033121 , -0.351668 , -0.00707981 , -0.0306381 , -0.346145
7.3222 , -0.0134275 , -0.0312883 , -0.350832 , -0.0160437 , -0.0275277 , -0.345696
7.35525 , -0.0204851 , -0.0230574 , -0.350985 , -0.027112 , -0.0220683 , -0.346909
7.39058 , -0.0330642 , -0.0179519 , -0.352889 , -0.0374262 , -0.0155308 , -0.348566
7.42848 , -0.0442419 , -0.0110705 , -0.356244 , -0.0496875 , -0.0104143 , -0.351903
7.48143 , -0.0575872 , -0.00738843 , -0.360887 , -0.063982 , -0.004784 , -0.35686
7.53095 , -0.0724604 , -0.00348505 , -0.365765 , -0.081683 , -0.00288919 , -0.364186
7.58064 , -0.0880606 , 0.00140001 , -0.371532 , -0.0970129 , 0.00120317 , -0.370358
7.62927 , -0.106213 , 0.00121095 , -0.377265 , -0.114149 , 0.0022492 , -0.376115
7.68005 , -0.125304 , 0.00415785 , -0.383552 , -0.132827 , 0.00296516 , -0.382838
7.72881 , -0.145132 , 0.00190856 , -0.389994 , -0.154917 , 0.00412739 , -0.390453
7.7606 , -0.166391 , 0.00271626 , -0.397522 , -0.175976 , 0.00393985 , -0.398004
7.79434 , -0.190072 , 0.00333441 , -0.405533 , -0.200351 , 0.00420339 , -0.406305
7.828 , -0.215394 , 0.00256816 , -0.414428 , -0.226703 , 0.00166493 , -0.415343
7.86332 , -0.241697 , -0.00137123 , -0.423188 , -0.253285 , -0.000642985 , -0.42416
7.90299 , -0.26809 , -0.00253666 , -0.43138 , -0.281504 , -0.00678502 , -0.432554
7.94629 , -0.295293 , -0.00893891 , -0.438897 , -0.310437 , -0.0199446 , -0.438418
7.98462 , -0.321259 , -0.0129163 , -0.44553 , -0.337401 , -0.0201916 , -0.445153
8.02967 , -0.349987 , -0.0236162 , -0.451162 , -0.36241 , -0.0209611 , -0.452005
8.06557 , -0.37458 , -0.0251328 , -0.456339 , -0.388818 , -0.0289521 , -0.457146
8.11359 , -0.404028 , -0.0377287 , -0.457482 , -0.415678 , -0.0317554 , -0.462188
8.14945 , -0.431035 , -0.0410749 , -0.463959 , -0.443094 , -0.0370299 , -0.466304
8.19622 , -0.455403 , -0.0389371 , -0.469841 , -0.471117 , -0.0465371 , -0.469925
8.22666 , -0.48443 , -0.0505587 , -0.473313 , -0.498559 , -0.0450902 , -0.478007
8.2627 , -0.510702 , -0.0544828 , -0.482099 , -0.525427 , -0.0483951 , -0.485186
8.29539 , -0.53907 , -0.0567592 , -0.491592 , -0.554946 , -0.0609662 , -0.489256
8.33076 , -0.569548 , -0.0633513 , -0.500462 , -0.586642 , -0.0715182 , -0.497832
8.36601 , -0.604494 , -0.0781375 , -0.507057 , -0.615313 , -0.0710077 , -0.512238
8.40207 , -0.633185 , -0.0813158 , -0.521171 , -0.645334 , -0.0853231 , -0.51691
8.44912 , -0.666694 , -0.0880562 , -0.529092 , -0.673974 , -0.100537 , -0.522607
8.48559 , -0.706383 , -0.113231 , -0.52647 , -0.707694 , -0.100511 , -0.538691
8.53332 , -0.737417 , -0.103561 , -0.551644 , -0.742467 , -0.115168 , -0.545907
8.56914 , -0.772784 , -0.114493 , -0.563928 , -0.782911 , -0.126223 , -0.559232
8.62414 , -0.806791 , -0.125749 , -0.57719 , -0.81616 , -0.127981 , -0.580331
8.67318 , -0.841826 , -0.133143 , -0.59318 , -0.850763 , -0.146939 , -0.5859
8.72377 , -0.877927 , -0.146103 , -0.603972 , -0.886822 , -0.15661 , -0.601327
8.77302 , -0.913242 , -0.155588 , -0.621675 , -0.917988 , -0.157292 , -0.626419
8.82309 , -0.944996 , -0.171465 , -0.630437 , -0.956014 , -0.176882 , -0.636214
8.87557 , -0.982997 , -0.182632 , -0.654909 , -0.98689 , -0.185877 , -0.653237
8.92285 , -1.01341 , -0.191488 , -0.66999 , -1.02252 , -0.203978 , -0.660757
8.97312 , -1.04195 , -0.205478 , -0.679132 , -1.05142 , -0.209444 , -0.686138
9.02168 , -1.06952 , -0.221597 , -0.68573 , -1.07881 , -0.220905 , -0.69889
9.06893 , -1.10078 , -0.230465 , -0.71259 , -1.1078 , -0.238413 , -0.708017
9.10506 , -1.1271 , -0.246794 , -0.720774 , -1.1348 , -0.248408 , -0.729612
9.14091 , -1.15738 , -0.263736 , -0.742886 , -1.17054 , -0.276586 , -0.725524
9.18401 , -1.19159 , -0.289272 , -0.740922 , -1.19407 , -0.28744 , -0.748504
9.2197 , -1.197 , -0.280345 , -0.800358 , -1.20815 , -0.285912 , -0.796745
9.25157 , -1.22951 , -0.300245 , -0.816518 , -1.23534 , -0.306205 , -0.814836
9.28333 , -1.25695 , -0.323251 , -0.830381 , -1.25696 , -0.32809 , -0.84171
9.32048 , -1.27634 , -0.342448 , -0.85585 , -1.27824 , -0.348185 , -0.863449
9.3532 , -1.29993 , -0.365602 , -0.875657 , -1.29543 , -0.365113 , -0.88514
9.38433 , -1.31705 , -0.384986 , -0.899377 , -1.3148 , -0.385397 , -0.908383
9.42045 , -1.33599 , -0.406579 , -0.921154 , -1.33679 , -0.405039 , -0.92954
9.45134 , -1.35637 , -0.429857 , -0.940951 , -1.35482 , -0.431622 , -0.951767
9.48487 , -1.37532 , -0.44705 , -0.966737 , -1.37315 , -0.447748 , -0.9777
9.51942 , -1.39884 , -0.482512 , -0.979024 , -1.3886 , -0.404044 , -1.00191
9.55183 , -1.39023 , -0.460972 , -0.997388 , -1.2761 , -0.413384 , -1.12376
9.58844 , -1.38512 , -0.449679 , -1.04 , -1.39529 , -0.45877 , -1.02358
9.61923 , -1.42547 , -0.506023 , -1.05073 , -1.4363 , -0.521543 , -1.05873
9.65244 , -1.44004 , -0.518429 , -1.06334 , -1.45515 , -0.535937 , -1.07219
9.68831 , -1.45548 , -0.529589 , -1.07663 , -1.46625 , -0.53179 , -1.0805
9.72165 , -1.46703 , -0.539067 , -1.08601 , -1.4738 , -0.528844 , -1.08909
9.75617 , -1.47681 , -0.544657 , -1.09573 , -1.48026 , -0.530337 , -1.09953
9.78684 , -1.51259 , -0.627815 , -1.0783 , -1.51398 , -0.600121 , -1.08294
9.8217 , -1.52776 , -0.63591 , -1.07794 , -1.53061 , -0.630364 , -1.07877
9.85652 , -1.54001 , -0.642823 , -1.07744 , -1.54168 , -0.641703 , -1.078
9.88798 , -1.55039 , -0.648121 , -1.07883 , -1.54992 , -0.645429 , -1.08011
9.92387 , -1.55875 , -0.651113 , -1.08117 , -1.5552 , -0.644398 , -1.08282
9.95489 , -1.56421 , -0.652791 , -1.0844 , -1.55939 , -0.643913 , -1.08424
9.98809 , -1.56811 , -0.651372 , -1.0828 , -1.56411 , -0.642692 , -1.08548
10.0238 , -1.57161 , -0.652147 , -1.08883 , -1.56781 , -0.643113 , -1.08922
10.0554 , -1.57503 , -0.656071 , -1.08939 , -1.57557 , -0.645017 , -1.08268
10.0918 , -1.58429 , -0.65634 , -1.0851 , -1.57942 , -0.647017 , -1.08619
10.126 , -1.58488 , -0.659431 , -1.08769 , -1.5827 , -0.651604 , -1.08921
10.1603 , -1.58317 , -0.65992 , -1.09649 , -1.58239 , -0.654218 , -1.0959
10.1952 , -1.75813 , -0.880531 , -0.955363 , -1.58608 , -0.649772 , -1.09362
10.2266 , -1.5936 , -0.673535 , -1.08735 , -1.58786 , -0.651642 , -1.0895
10.2592 , -1.73615 , -0.893178 , -0.983748 , -1.60112 , -0.66314 , -1.0728
10.2918 , -1.6151 , -0.700765 , -1.06253 , -1.60762 , -0.678099 , -1.06548
10.3251 , -1.6128 , -0.702058 , -1.06168 , -1.6033 , -0.684222 , -1.06783
10.3589 , -1.60464 , -0.702485 , -1.0658 , -1.5987 , -0.69071 , -1.06931
10.3907 , -1.59593 , -0.70323 , -1.06956 , -1.58999 , -0.691633 , -1.07215
10.4284 , -1.58572 , -0.705198 , -1.07335 , -1.57691 , -0.689348 , -1.07668
10.4598 , -1.57099 , -0.708788 , -1.08433 , -1.55864 , -0.689205 , -1.09045
10.4987 , -1.55404 , -0.709614 , -1.09641 , -1.54213 , -0.68854 , -1.10087
10.5506 , -1.53905 , -0.709338 , -1.1047 , -1.5281 , -0.691133 , -1.10679
10.6032 , -1.52463 , -0.708812 , -1.11104 , -1.51404 , -0.695926 , -1.11307
10.6525 , -1.46663 , -0.612374 , -1.16757 , -1.46092 , -0.622641 , -1.16021
10.7029 , -1.44563 , -0.610613 , -1.17885 , -1.43619 , -0.595899 , -1.17901
10.7499 , -1.42862 , -0.607464 , -1.18717 , -1.41941 , -0.590899 , -1.18769
10.7958 , -1.41191 , -0.604608 , -1.19385 , -1.40305 , -0.588657 , -1.1929
10.828 , -1.39667 , -0.598286 , -1.19417 , -1.3894 , -0.587211 , -1.19048
10.8624 , -1.38071 , -0.59358 , -1.18938 , -1.36636 , -0.585798 , -1.19492
10.8969 , -1.35567 , -0.58815 , -1.19605 , -1.34925 , -0.576426 , -1.19178
10.9311 , -1.33679 , -0.578319 , -1.18946 , -1.32324 , -0.564297 , -1.1929
10.9623 , -1.31163 , -0.563641 , -1.18996 , -1.29706 , -0.544455 , -1.18747
11.0009 , -1.28602 , -0.542229 , -1.18178 , -1.27556 , -0.524122 , -1.17301
11.0503 , -1.26191 , -0.522851 , -1.16594 , -1.25256 , -0.50402 , -1.15771
11.0825 , -1.24055 , -0.49976 , -1.15064 , -1.2301 , -0.483713 , -1.14123
11.1156 , -1.21937 , -0.46848 , -1.13579 , -1.20538 , -0.457761 , -1.1251
11.1466 , -1.19546 , -0.446651 , -1.1121 , -1.19299 , -0.487386 , -1.09167
11.1821 , -1.20766 , -0.499672 , -1.04204 , -1.17343 , -0.436008 , -1.05736
11.2135 , -1.16236 , -0.407404 , -1.03965 , -1.14104 , -0.393414 , -1.02902
11.2463 , -1.12817 , -0.376825 , -1.01807 , -1.10714 , -0.359224 , -1.00578
11.2819 , -1.10221 , -0.344202 , -0.992233 , -1.07599 , -0.32872 , -0.978367
11.3164 , -1.07162 , -0.321598 , -0.962785 , -1.05164 , -0.306984 , -0.943694
11.3473 , -1.04733 , -0.302419 , -0.927409 , -1.02326 , -0.283918 , -0.912982
11.3804 , -1.01619 , -0.278041 , -0.895265 , -0.996175 , -0.266844 , -0.87902
11.4161 , -0.987475 , -0.260432 , -0.859487 , -0.967855 , -0.24715 , -0.846509
11.4476 , -0.957964 , -0.239992 , -0.828064 , -0.937555 , -0.226305 , -0.817816
11.4842 , -0.927033 , -0.218759 , -0.799568 , -0.909474 , -0.209818 , -0.78602
11.5152 , -0.899757 , -0.197704 , -0.769013 , -0.878985 , -0.184748 , -0.759879
11.5483 , -0.866875 , -0.177819 , -0.7407 , -0.844675 , -0.159471 , -0.735967
11.5856 , -0.84132 , -0.145796 , -0.724632 , -0.820821 , -0.147196 , -0.712899
11.618 , -0.807002 , -0.138374 , -0.689087 , -0.782472 , -0.133109 , -0.678164
11.6502 , -0.775198 , -0.123678 , -0.659878 , -0.73864 , -0.108463 , -0.642292
11.6866 , -0.738418 , -0.111087 , -0.628624 , -0.711125 , -0.0991866 , -0.623942
11.7179 , -0.706141 , -0.101122 , -0.606058 , -0.683215 , -0.0922672 , -0.609889
11.7531 , -0.670006 , -0.0835877 , -0.585815 , -0.656705 , -0.0829133 , -0.592343
11.7858 , -0.635991 , -0.0770789 , -0.562105 , -0.620469 , -0.0740917 , -0.567238
11.8167 , -0.600874 , -0.0623177 , -0.543039 , -0.580298 , -0.0685738 , -0.538498
11.8517 , -0.565728 , -0.0574266 , -0.520948 , -0.534951 , -0.054546 , -0.519723
11.8855 , -0.527349 , -0.0582555 , -0.498929 , -0.497231 , -0.0496668 , -0.502725
11.9189 , -0.487984 , -0.0431847 , -0.487879 , -0.459334 , -0.047905 , -0.491312
11.9522 , -0.448776 , -0.0387282 , -0.475911 , -0.419091 , -0.0469934 , -0.487842
11.9913 , -0.409 , -0.0427593 , -0.465347 , -0.380981 , -0.0475141 , -0.482183
12.0404 , -0.364253 , -0.0307003 , -0.456524 , -0.337006 , -0.0377856 , -0.477226
12.0933 , -0.32025 , -0.032013 , -0.447272 , -0.296381 , -0.033162 , -0.472014
12.1418 , -0.272745 , -0.0213219 , -0.440132 , -0.250699 , -0.0305522 , -0.46508
12.1881 , -0.232108 , -0.0293859 , -0.434384 , -0.206324 , -0.0267878 , -0.457507
12.2206 , -0.187592 , -0.0255555 , -0.429042 , -0.160237 , -0.0293674 , -0.452231
12.2533 , -0.144584 , -0.0272054 , -0.426971 , -0.120657 , -0.0281891 , -0.446614
12.2948 , -0.100604 , -0.0259413 , -0.421617 , -0.0816353 , -0.026549 , -0.437288
12.342 , -0.0672721 , -0.0270641 , -0.419317 , -0.0398332 , -0.0296383 , -0.427931
12.3734 , -0.0332252 , -0.0295819 , -0.414527 , -0.00683373 , -0.0317613 , -0.420136
12.4061 , -0.00298575 , -0.035079 , -0.411799 , 0.0261838 , -0.0376852 , -0.413573
12.4375 , 0.0213605 , -0.0396721 , -0.406427 , 0.049259 , -0.0466028 , -0.407237
12.4715 , 0.0418697 , -0.0467561 , -0.401009 , 0.0685211 , -0.0460931 , -0.398653
12.5046 , 0.0603603 , -0.0446796 , -0.392106 , 0.0843037 , -0.044371 , -0.389791
12.5411 , 0.0741358 , -0.0530278 , -0.385868 , 0.0963195 , -0.0486732 , -0.382114
12.5756 , 0.0849702 , -0.0552801 , -0.378962 , 0.104379 , -0.0500306 , -0.375075
12.6128 , 0.093851 , -0.0565623 , -0.372725 , 0.109125 , -0.0540884 , -0.368779
12.6601 , 0.101481 , -0.0535381 , -0.365709 , 0.112818 , -0.0514606 , -0.361426
12.6969 , 0.107873 , -0.0526835 , -0.361058 , 0.114208 , -0.0518701 , -0.35608
12.7425 , 0.112682 , -0.0523763 , -0.357161 , 0.115335 , -0.0534282 , -0.351198
12.7767 , 0.115695 , -0.0513404 , -0.353231 , 0.114539 , -0.0529928 , -0.346103
12.8119 , 0.116185 , -0.0552589 , -0.351657 , 0.112093 , -0.0561752 , -0.343974
12.8452 , 0.11111 , -0.059376 , -0.351754 , 0.106998 , -0.0615752 , -0.343465
12.878 , 0.110934 , -0.0617855 , -0.35119 , 0.105016 , -0.0620687 , -0.342926
12.9105 , 0.109128 , -0.0625767 , -0.350065 , 0.101983 , -0.0620906 , -0.34203
12.9462 , 0.104703 , -0.0630148 , -0.348079 , 0.099427 , -0.0635411 , -0.342321
12.9774 , 0.0992496 , -0.0625855 , -0.345959 , 0.095006 , -0.0623279 , -0.341737
13.0085 , 0.0965215 , -0.0617902 , -0.346604 , 0.0874121 , -0.0636741 , -0.34173
13.0444 , 0.0890028 , -0.0617591 , -0.345102 , 0.0834236 , -0.062459 , -0.342294
13.0755 , 0.0864783 , -0.0619062 , -0.346168 , 0.0772143 , -0.058885 , -0.341838
13.1086 , 0.0801187 , -0.059084 , -0.345387 , 0.074044 , -0.059194 , -0.342083
13.1441 , 0.0772442 , -0.0583395 , -0.346498 , 0.0714646 , -0.0570821 , -0.342849
13.1757 , 0.0701473 , -0.0504959 , -0.345044 , 0.066308 , -0.0543693 , -0.34348
13.2123 , 0.0678738 , -0.0527861 , -0.346376 , 0.0626264 , -0.0528944 , -0.345026
13.2466 , 0.0651847 , -0.0504916 , -0.347261 , 0.0589128 , -0.0493269 , -0.345797
13.2776 , 0.0618111 , -0.0483219 , -0.34778 , 0.0544954 , -0.0427252 , -0.345001
13.3098 , 0.0568122 , -0.042316 , -0.346435 , 0.0513998 , -0.0420927 , -0.344595
13.3453 , 0.0537309 , -0.0377627 , -0.346903 , 0.0484799 , -0.0380344 , -0.343943
13.3799 , 0.0507901 , -0.0340216 , -0.346448 , 0.0452517 , -0.0350357 , -0.342859
13.4165 , 0.0472723 , -0.0298889 , -0.345297 , 0.0423591 , -0.0310144 , -0.342261
13.4638 , 0.046312 , -0.0290667 , -0.345615 , 0.0410764 , -0.0264767 , -0.340853
13.5031 , 0.0444158 , -0.0222703 , -0.345721 , 0.0400174 , -0.0223476 , -0.340227
13.5476 , 0.0406887 , -0.0199001 , -0.347006 , 0.0375358 , -0.0174755 , -0.341375
13.5786 , 0.0359826 , -0.0165666 , -0.348764 , 0.0343254 , -0.0175451 , -0.343901
13.6162 , 0.0298701 , -0.0161631 , -0.35151 , 0.0278404 , -0.0151008 , -0.348177
13.6477 , 0.0205355 , -0.0169343 , -0.355185 , 0.0197373 , -0.0141589 , -0.353057
13.6789 , 0.00798166 , -0.0147361 , -0.360689 , 0.00735719 , -0.0139813 , -0.359792
13.7159 , -0.00733981 , -0.0151182 , -0.366693 , -0.00960607 , -0.0159155 , -0.36776
13.7514 , -0.0255066 , -0.0183864 , -0.374135 , -0.0284082 , -0.015733 , -0.375743
13.7846 , -0.0469695 , -0.0152218 , -0.381436 , -0.0515705 , -0.0166605 , -0.384705
13.8178 , -0.0701108 , -0.0176178 , -0.390683 , -0.0777807 , -0.0201301 , -0.393562
13.8504 , -0.0976828 , -0.0245149 , -0.400594 , -0.108128 , -0.0236735 , -0.403775
13.8857 , -0.127894 , -0.0291971 , -0.412336 , -0.141335 , -0.0321213 , -0.415086
13.9191 , -0.160016 , -0.0405384 , -0.424492 , -0.174977 , -0.0313228 , -0.427078
13.9548 , -0.192685 , -0.0434043 , -0.437059 , -0.211743 , -0.0466526 , -0.438584
13.9985 , -0.228215 , -0.0433589 , -0.449247 , -0.247472 , -0.0562722 , -0.45165
14.0323 , -0.264244 , -0.0611283 , -0.462067 , -0.283399 , -0.0580484 , -0.465478
14.0661 , -0.298689 , -0.0522485 , -0.474327 , -0.317422 , -0.063294 , -0.480089
14.1016 , -0.333995 , -0.0576114 , -0.488063 , -0.350829 , -0.0631888 , -0.49085
14.1327 , -0.371496 , -0.0702115 , -0.499625 , -0.386923 , -0.0720804 , -0.503163
14.1653 , -0.406408 , -0.067212 , -0.512589 , -0.419113 , -0.0752887 , -0.514467
14.2049 , -0.440338 , -0.0699684 , -0.527356 , -0.454519 , -0.0726656 , -0.532933
14.2364 , -0.476054 , -0.0738321 , -0.541302 , -0.488318 , -0.084616 , -0.543189
14.2675 , -0.513033 , -0.0891867 , -0.549591 , -0.524251 , -0.0866372 , -0.558242
14.2995 , -0.543415 , -0.102357 , -0.562867 , -0.558878 , -0.0945543 , -0.572286
14.3333 , -0.582775 , -0.104855 , -0.573553 , -0.59553 , -0.113267 , -0.578471
14.369 , -0.615454 , -0.115825 , -0.585653 , -0.628776 , -0.113009 , -0.594755
14.4012 , -0.649501 , -0.12459 , -0.594128 , -0.660735 , -0.119942 , -0.607215
14.4345 , -0.682492 , -0.131906 , -0.604689 , -0.693029 , -0.128343 , -0.618638
14.4715 , -0.711314 , -0.135865 , -0.621248 , -0.723844 , -0.131681 , -0.632806
14.5026 , -0.744617 , -0.152827 , -0.62927 , -0.755287 , -0.140688 , -0.643818
14.5357 , -0.776427 , -0.152352 , -0.643152 , -0.78984 , -0.146339 , -0.657942
14.5705 , -0.804662 , -0.161529 , -0.655195 , -0.819905 , -0.153533 , -0.669151
14.6059 , -0.839875 , -0.15777 , -0.684486 , -0.854302 , -0.176594 , -0.674274
14.6403 , -0.872126 , -0.177807 , -0.694744 , -0.884459 , -0.176568 , -0.700888
14.6794 , -0.900189 , -0.191172 , -0.707557 , -0.911415 , -0.185677 , -0.719189
14.7234 , -0.933226 , -0.197872 , -0.734882 , -0.942939 , -0.203303 , -0.735769
14.7598 , -0.962053 , -0.210851 , -0.754193 , -0.97145 , -0.214849 , -0.75801
14.8072 , -0.988379 , -0.225952 , -0.773006 , -0.997502 , -0.227098 , -0.782334
14.8411 , -1.02068 , -0.241331 , -0.797319 , -1.02802 , -0.240967 , -0.808067
14.8725 , -1.07637 , -0.302149 , -0.808951 , -1.0867 , -0.30163 , -0.816462
14.9033 , -1.10411 , -0.326698 , -0.829363 , -1.1191 , -0.337682 , -0.84453
14.942 , -1.10403 , -0.296303 , -0.876093 , -1.11288 , -0.303237 , -0.904009
14.9808 , -1.12251 , -0.311401 , -0.923106 , -1.14812 , -0.343007 , -0.917306
15.0268 , -1.1581 , -0.34163 , -0.937274 , -1.16065 , -0.330603 , -0.958288
15.0619 , -1.17063 , -0.35947 , -0.987876 , -1.17512 , -0.340121 , -0.99051
15.1116 , -1.18856 , -0.385444 , -1.02117 , -1.19121 , -0.369643 , -1.02536
15.1607 , -1.20886 , -0.411006 , -1.05153 , -1.20793 , -0.403595 , -1.05797
15.2113 , -1.22804 , -0.435667 , -1.07649 , -1.22801 , -0.44019 , -1.08857
15.2446 , -1.24333 , -0.458385 , -1.10014 , -1.24786 , -0.472454 , -1.11119
15.2756 , -1.25565 , -0.475804 , -1.12463 , -1.26155 , -0.496763 , -1.13561
15.3129 , -1.26808 , -0.494984 , -1.1452 , -1.26671 , -0.509184 , -1.16024
15.3599 , -1.27408 , -0.507788 , -1.16868 , -1.29283 , -0.594347 , -1.17134
15.3995 , -1.45499 , -0.836393 , -1.02045 , -1.33864 , -0.636466 , -1.13708
15.4495 , -1.19412 , -0.551577 , -1.13049 , -1.43367 , -0.480671 , -1.06014
15.4963 , -1.45552 , -0.476622 , -1.06212 , -1.46414 , -0.415124 , -1.06626
15.5278 , -1.46747 , -0.493195 , -1.07137 , -1.48356 , -0.416889 , -1.0784
15.5618 , -1.47777 , -0.50639 , -1.0804 , -1.5084 , -0.529591 , -1.09674
15.5927 , -1.80121 , -0.787483 , -0.890905 , -1.72065 , -0.775053 , -0.937022
15.625 , -1.81338 , -0.800913 , -0.891962 , -1.82356 , -0.857683 , -0.871483
15.6583 , -1.82546 , -0.812988 , -0.894192 , -1.57729 , -0.92947 , -0.957225
15.6948 , -1.5725 , -0.943276 , -1.04998 , -1.52915 , -0.960799 , -1.04206
15.7253 , -1.58173 , -0.952965 , -1.0529 , -1.56113 , -0.941999 , -1.04735
15.759 , -1.58928 , -0.963956 , -1.05505 , -1.59295 , -0.934971 , -1.05401
15.7947 , -1.59624 , -0.973557 , -1.05622 , -1.6059 , -0.93033 , -1.05941
15.8263 , -1.60141 , -0.980782 , -1.05764 , -1.60535 , -0.938599 , -1.06507
15.8627 , -1.60563 , -0.988683 , -1.05813 , -1.59938 , -0.95255 , -1.06481
15.8967 , -1.60826 , -0.989746 , -1.0593 , -1.59808 , -0.971616 , -1.0637
15.9276 , -1.6115 , -0.992484 , -1.05805 , -1.60485 , -0.990992 , -1.05945
15.9624 , -1.61211 , -0.990328 , -1.05819 , -1.61823 , -1.00374 , -1.05117
15.9968 , -1.61371 , -0.989179 , -1.05591 , -1.62502 , -1.00597 , -1.0481
16.0278 , -1.61439 , -0.988271 , -1.05215 , -1.62357 , -0.996999 , -1.04592
16.0612 , -1.61562 , -0.988443 , -1.04584 , -1.61653 , -0.983156 , -1.04391
16.0958 , -1.6169 , -0.98758 , -1.04015 , -1.60944 , -0.969357 , -1.04179
16.1282 , -1.62086 , -0.989741 , -1.0321 , -1.60956 , -0.963782 , -1.03543
16.165 , -1.62358 , -0.992093 , -1.02338 , -1.61211 , -0.964441 , -1.02722
16.1953 , -1.62358 , -0.993774 , -1.01533 , -2.29807 , -0.804531 , -0.232031
16.2288 , -1.67409 , -1.01101 , -0.950158 , -1.54494 , -0.799543 , -1.07536
16.2635 , -1.40852 , -0.758118 , -1.21829 , -1.4304 , -0.739298 , -1.19049
16.298 , -1.3992 , -0.754075 , -1.21214 , -1.40271 , -0.741906 , -1.20325
16.3295 , -1.38814 , -0.749772 , -1.20523 , -1.38556 , -0.738235 , -1.1995
16.3659 , -1.37531 , -0.744173 , -1.19677 , -1.36818 , -0.732547 , -1.19272
16.3965 , -1.28196 , -0.57849 , -1.25983 , -1.2957 , -0.61921 , -1.23399
16.4301 , -1.27733 , -0.591475 , -1.2398 , -1.27014 , -0.570014 , -1.22382
16.4657 , -1.2607 , -0.576627 , -1.21761 , -1.25257 , -0.55225 , -1.20406
16.4974 , -1.24643 , -0.553826 , -1.19567 , -1.23556 , -0.529554 , -1.18148
16.5344 , -1.23082 , -0.536521 , -1.16429 , -1.21952 , -0.507883 , -1.15151
16.5687 , -1.21464 , -0.513803 , -1.13982 , -1.20114 , -0.486602 , -1.12687
16.6002 , -1.19876 , -0.490407 , -1.11179 , -1.18434 , -0.468862 , -1.09825
16.6315 , -1.18185 , -0.46837 , -1.08072 , -1.17114 , -0.450451 , -1.05766
16.6733 , -1.16497 , -0.447125 , -1.04049 , -1.14961 , -0.430399 , -1.02468
16.7239 , -1.14149 , -0.421835 , -1.00411 , -1.12295 , -0.404404 , -0.992893
16.77 , -1.11859 , -0.391506 , -0.973327 , -1.09819 , -0.373729 , -0.963057
16.8009 , -1.09948 , -0.366857 , -0.94198 , -1.07658 , -0.352036 , -0.929676
16.8361 , -1.0753 , -0.342792 , -0.906077 , -1.055 , -0.328786 , -0.889842
16.8725 , -1.04838 , -0.319845 , -0.871647 , -1.0296 , -0.303532 , -0.860339
16.9036 , -1.01984 , -0.28897 , -0.846985 , -1.00024 , -0.276868 , -0.838163
16.9387 , -0.988208 , -0.265244 , -0.827595 , -0.966428 , -0.247543 , -0.823058
16.9699 , -0.953934 , -0.244957 , -0.805834 , -0.932216 , -0.227585 , -0.795715
17.0038 , -0.921811 , -0.220539 , -0.784973 , -0.894413 , -0.21432 , -0.766556
17.0364 , -0.886179 , -0.202274 , -0.756989 , -0.854042 , -0.198986 , -0.739242
17.0691 , -0.834605 , -0.17096 , -0.745338 , -0.804857 , -0.1702 , -0.72557
17.1042 , -0.80087 , -0.160959 , -0.719517 , -0.767987 , -0.152521 , -0.71176
17.1404 , -0.763727 , -0.138362 , -0.707813 , -0.720498 , -0.130041 , -0.706532
17.1734 , -0.716296 , -0.13383 , -0.683013 , -0.68602 , -0.124584 , -0.683555
17.2059 , -0.674349 , -0.107244 , -0.666396 , -0.63906 , -0.10898 , -0.660067
17.2382 , -0.632395 , -0.107065 , -0.634719 , -0.600878 , -0.103554 , -0.635703
17.2705 , -0.594859 , -0.0914181 , -0.615623 , -0.552613 , -0.0877172 , -0.620237
17.3051 , -0.547796 , -0.0720536 , -0.5968 , -0.51597 , -0.0921639 , -0.597129
17.3414 , -0.513241 , -0.0824977 , -0.574008 , -0.485034 , -0.0846982 , -0.582518
17.378 , -0.474964 , -0.0687752 , -0.560192 , -0.446671 , -0.076402 , -0.572443
17.4245 , -0.441171 , -0.0741495 , -0.542893 , -0.415301 , -0.0805661 , -0.562014
17.456 , -0.404851 , -0.0640391 , -0.531 , -0.375897 , -0.0715766 , -0.551655
17.4933 , -0.36889 , -0.065761 , -0.516431 , -0.345431 , -0.0707323 , -0.541087
17.5388 , -0.331089 , -0.0522431 , -0.505412 , -0.308591 , -0.0634407 , -0.53274
17.5719 , -0.295908 , -0.0586204 , -0.491947 , -0.27778 , -0.0656314 , -0.522415
17.608 , -0.260971 , -0.0475064 , -0.48228 , -0.241115 , -0.0525588 , -0.510026
17.6407 , -0.227655 , -0.0499328 , -0.470815 , -0.210896 , -0.0564401 , -0.49568
17.675 , -0.195576 , -0.0500414 , -0.463946 , -0.177468 , -0.0462622 , -0.48303
17.7142 , -0.161157 , -0.039941 , -0.452962 , -0.146393 , -0.0529175 , -0.466518
17.7561 , -0.134555 , -0.0455497 , -0.447867 , -0.116771 , -0.0565436 , -0.452117
17.7907 , -0.109229 , -0.0536971 , -0.441857 , -0.0911578 , -0.0594291 , -0.441236
17.8235 , -0.0868245 , -0.0607897 , -0.436881 , -0.0681004 , -0.0614466 , -0.432969
17.8576 , -0.0671529 , -0.0632533 , -0.43204 , -0.0479838 , -0.0564748 , -0.426475
17.8913 , -0.0519269 , -0.0640942 , -0.425963 , -0.035465 , -0.0670815 , -0.423051
17.9248 , -0.0435798 , -0.0700091 , -0.421696 , -0.0270991 , -0.0701142 , -0.419079
17.9577 , -0.0310399 , -0.0719717 , -0.413423 , -0.0195489 , -0.0712032 , -0.413773
