481

0.022631 , 0.0274898 , 0.0749317 , -0.0482378 , 0.0470777 , 0.0739786 , -0.0305201
0.05421 , 0.0274887 , 0.0749223 , -0.0482346 , 0.0338672 , 0.0753448 , 0.00960383
0.089463 , 0.0274895 , 0.0749146 , -0.0482258 , 0.0216979 , 0.075197 , -0.00746848
0.124849 , 0.0274942 , 0.0749109 , -0.0482151 , 0.0285101 , 0.0663773 , -0.00162221
0.159566 , 0.0274984 , 0.074911 , -0.0482129 , 0.0302185 , 0.0641526 , -0.00716442
0.191347 , 0.0274984 , 0.074911 , -0.0482129 , 0.0262589 , 0.0640053 , -0.00663582
0.227692 , 0.0274984 , 0.074911 , -0.0482129 , 0.0264033 , 0.0647728 , -0.00448896
0.264095 , 0.0274984 , 0.074911 , -0.0482129 , 0.0291698 , 0.0656412 , -0.00404891
0.313601 , 0.0274984 , 0.074911 , -0.0482129 , 0.033073 , 0.0665411 , -0.00463012
0.351095 , 0.0274984 , 0.074911 , -0.0482129 , 0.0374259 , 0.0673699 , -0.0049129
0.395899 , 0.0274984 , 0.074911 , -0.0482129 , 0.0417371 , 0.067958 , -0.00468558
0.434643 , 0.0274984 , 0.074911 , -0.0482129 , 0.0447921 , 0.0682104 , -0.00458302
0.480169 , 0.0274984 , 0.074911 , -0.0482129 , 0.04588 , 0.0680828 , -0.00470574
0.514005 , 0.0274984 , 0.074911 , -0.0482129 , 0.0448725 , 0.0675589 , -0.00484498
0.553437 , 0.0274984 , 0.074911 , -0.0482129 , 0.0425501 , 0.0667498 , -0.00477572
0.601987 , 0.0274984 , 0.074911 , -0.0482129 , 0.0398419 , 0.0659392 , -0.00453617
0.654827 , 0.0274984 , 0.074911 , -0.0482129 , 0.0374139 , 0.0654449 , -0.00426953
0.705118 , 0.0274984 , 0.074911 , -0.0482129 , 0.0355756 , 0.0654416 , -0.00418639
0.754749 , 0.0274984 , 0.074911 , -0.0482129 , 0.0344386 , 0.0658636 , -0.00416889
0.804009 , 0.0274984 , 0.074911 , -0.0482129 , 0.0339251 , 0.0665268 , -0.00417838
0.854191 , 0.0274984 , 0.074911 , -0.0482129 , 0.0338598 , 0.067183 , -0.0042231
0.90654 , 0.0274984 , 0.074911 , -0.0482129 , 0.0341758 , 0.0675985 , -0.00424147
0.956428 , 0.017448 , 0.0772107 , -0.0515951 , 0.0260951 , 0.0663287 , -0.00889207
1.00578 , 0.0155034 , 0.0762232 , -0.0521239 , 0.0227156 , 0.0706597 , -0.009241
1.05547 , 0.0133506 , 0.0772734 , -0.0529131 , 0.0233296 , 0.0713496 , -0.00932026
1.10546 , 0.00947041 , 0.0767708 , -0.0538968 , 0.0253531 , 0.071428 , -0.0104492
1.15793 , 0.00690043 , 0.0766009 , -0.0544047 , 0.0258097 , 0.071095 , -0.011205
1.20819 , 0.00398572 , 0.0748029 , -0.0549544 , 0.0221629 , 0.0695473 , -0.0118411
1.25762 , 0.000181484 , 0.0743925 , -0.0561097 , 0.0181002 , 0.0671072 , -0.0130076
1.30763 , -0.00399326 , 0.0725309 , -0.0572658 , 0.0154278 , 0.0650698 , -0.0143785
1.35286 , -0.0085642 , 0.0713239 , -0.0582008 , 0.0127675 , 0.0639269 , -0.0153156
1.38466 , -0.013959 , 0.0710597 , -0.0586508 , 0.00609886 , 0.0651209 , -0.0165958
1.41819 , -0.0214965 , 0.0703173 , -0.0591582 , 0.00363611 , 0.0637103 , -0.0174599
1.45416 , -0.0272313 , 0.0703261 , -0.0604188 , 0.000105325 , 0.0647377 , -0.0187893
1.49089 , -0.0333581 , 0.0705423 , -0.0619497 , -0.00489092 , 0.0640985 , -0.0209312
1.53812 , -0.0405326 , 0.0683194 , -0.0631916 , -0.0167413 , 0.065882 , -0.023661
1.57559 , -0.0522255 , 0.0697891 , -0.0650957 , -0.0227524 , 0.0645245 , -0.0253143
1.62539 , -0.0652965 , 0.0645454 , -0.0652011 , -0.0327363 , 0.0642783 , -0.0267251
1.67533 , -0.0764708 , 0.0724183 , -0.0686773 , -0.04105 , 0.0689267 , -0.0291962
1.72185 , -0.0960318 , 0.0753243 , -0.0705528 , -0.0564083 , 0.0722138 , -0.0333259
1.75384 , -0.103392 , 0.0766947 , -0.0727833 , -0.059444 , 0.0742564 , -0.0361104
1.78536 , -0.114172 , 0.082243 , -0.0749949 , -0.0694278 , 0.0756862 , -0.0390096
1.8179 , -0.125745 , 0.0840098 , -0.076872 , -0.0825851 , 0.0789752 , -0.0419074
1.85434 , -0.142794 , 0.0820922 , -0.0778001 , -0.0976534 , 0.0793324 , -0.0440741
1.88539 , -0.165713 , 0.0828761 , -0.0790702 , -0.108019 , 0.0870571 , -0.0485299
1.92233 , -0.179221 , 0.0885098 , -0.0839449 , -0.12226 , 0.0870136 , -0.0540391
1.95375 , -0.198336 , 0.0894852 , -0.0881232 , -0.148618 , 0.093121 , -0.0619261
1.98606 , -0.229248 , 0.0936449 , -0.0955561 , -0.161232 , 0.0974898 , -0.0685838
2.01942 , -0.245698 , 0.100064 , -0.103653 , -0.174627 , 0.0990523 , -0.0754791
2.0564 , -0.265813 , 0.10289 , -0.111631 , -0.197303 , 0.1012 , -0.0843136
2.09765 , -0.292168 , 0.0957548 , -0.116928 , -0.208292 , 0.106827 , -0.0908808
2.14029 , -0.313131 , 0.103203 , -0.124672 , -0.225006 , 0.111352 , -0.0976299
2.18173 , -0.338411 , 0.108141 , -0.132558 , -0.243803 , 0.109626 , -0.102803
2.22431 , -0.362391 , 0.106012 , -0.138678 , -0.263416 , 0.107225 , -0.108173
2.25992 , -0.384095 , 0.106785 , -0.144037 , -0.279025 , 0.108177 , -0.11361
2.2939 , -0.404118 , 0.101085 , -0.1476 , -0.293182 , 0.105542 , -0.116801
2.33194 , -0.433725 , 0.0978417 , -0.150258 , -0.317899 , 0.105711 , -0.121542
2.37481 , -0.455382 , 0.0986998 , -0.15435 , -0.327591 , 0.105344 , -0.122732
2.40984 , -0.481041 , 0.0968692 , -0.159524 , -0.348595 , 0.104619 , -0.128001
2.44123 , -0.506888 , 0.0946399 , -0.163523 , -0.371692 , 0.103383 , -0.133663
2.47252 , -0.542099 , 0.0877529 , -0.165758 , -0.402243 , 0.101609 , -0.138834
2.50898 , -0.559424 , 0.0851797 , -0.170048 , -0.411566 , 0.106814 , -0.14081
2.54055 , -0.590107 , 0.0907281 , -0.178231 , -0.435344 , 0.10857 , -0.145881
2.57348 , -0.633953 , 0.0870418 , -0.182218 , -0.474313 , 0.111145 , -0.15428
2.60669 , -0.652601 , 0.0893647 , -0.188837 , -0.483759 , 0.113843 , -0.16046
2.64226 , -0.681906 , 0.0973615 , -0.201744 , -0.508828 , 0.118662 , -0.169676
2.67679 , -0.732926 , 0.096448 , -0.21249 , -0.556924 , 0.12264 , -0.180098
2.7112 , -0.751244 , 0.0905214 , -0.214487 , -0.567784 , 0.129545 , -0.187326
2.7458 , -0.778326 , 0.0918093 , -0.22171 , -0.61109 , 0.131457 , -0.190505
2.77755 , -0.832733 , 0.0872263 , -0.223201 , -0.637051 , 0.128826 , -0.191852
2.80891 , -0.856178 , 0.0878889 , -0.230319 , -0.657773 , 0.135243 , -0.200286
2.84656 , -0.916813 , 0.0884165 , -0.233491 , -0.707838 , 0.130731 , -0.201625
2.88099 , -0.936529 , 0.0788636 , -0.232999 , -0.718857 , 0.131526 , -0.207101
2.91231 , -0.962352 , 0.078747 , -0.2402 , -0.75954 , 0.135414 , -0.214812
2.94339 , -1.01444 , 0.0754832 , -0.244053 , -0.786606 , 0.134922 , -0.21635
2.97659 , -1.03902 , 0.0737335 , -0.249622 , -0.827021 , 0.136393 , -0.218708
3.01233 , -1.09013 , 0.0671414 , -0.245286 , -0.851257 , 0.133632 , -0.221155
3.04672 , -1.11257 , 0.0639688 , -0.250628 , -0.866371 , 0.134501 , -0.225331
3.08255 , -1.14195 , 0.0660983 , -0.261443 , -0.914371 , 0.138623 , -0.23286
3.11391 , -1.19894 , 0.0578321 , -0.258064 , -0.942311 , 0.139913 , -0.237557
3.14474 , -1.22088 , 0.054383 , -0.260588 , -0.959757 , 0.137382 , -0.241376
3.17713 , -1.24858 , 0.0537798 , -0.267316 , -0.977016 , 0.13884 , -0.244778
3.21056 , -1.28809 , 0.0543625 , -0.270883 , -1.02935 , 0.138771 , -0.249707
3.24637 , -1.33309 , 0.0428242 , -0.261349 , -1.05286 , 0.141015 , -0.248569
3.28115 , -1.3577 , 0.0385257 , -0.266094 , -1.08205 , 0.144449 , -0.262366
3.31615 , -1.39977 , 0.0928606 , -0.268907 , -1.10365 , 0.202465 , -0.277841
3.35078 , -1.42354 , 0.090412 , -0.274074 , -1.13102 , 0.213172 , -0.258939
3.38591 , -1.44965 , 0.0865496 , -0.279803 , -1.16577 , 0.2085 , -0.261883
3.43286 , -1.48055 , 0.0791622 , -0.283805 , -1.19038 , 0.205049 , -0.267274
3.46426 , -1.51073 , 0.074537 , -0.290618 , -1.22047 , 0.198444 , -0.282111
3.49566 , -1.54141 , 0.0619785 , -0.294651 , -1.24077 , 0.197571 , -0.290624
3.53722 , -1.57493 , 0.0591853 , -0.302264 , -1.26945 , 0.160953 , -0.299486
3.58664 , -1.61126 , -0.00499832 , -0.292999 , -1.29936 , 0.127956 , -0.315928
3.63078 , -1.63599 , -0.0128935 , -0.299073 , -1.32005 , 0.114132 , -0.314081
3.66986 , -1.67375 , -0.0208405 , -0.301366 , -1.3485 , 0.112286 , -0.317557
3.71637 , -1.69217 , -0.0273444 , -0.298339 , -1.36802 , 0.122796 , -0.326167
3.75127 , -1.72161 , -0.0313279 , -0.300647 , -1.3834 , 0.122804 , -0.325979
3.78518 , -1.76253 , -0.0387716 , -0.29759 , -1.41033 , 0.11738 , -0.325516
3.81678 , -1.78612 , -0.0429009 , -0.29797 , -1.37826 , 0.145411 , -0.332358
3.84972 , -1.74913 , -0.0405293 , -0.308314 , -1.38791 , 0.134452 , -0.344363
3.88314 , -1.75101 , -0.0392539 , -0.319206 , -1.39438 , 0.120074 , -0.348625
3.91645 , -1.76619 , -0.0462917 , -0.317072 , -1.41605 , 0.11858 , -0.350844
3.95005 , -1.78187 , -0.052934 , -0.31553 , -1.4285 , 0.11911 , -0.360353
3.98429 , -1.79409 , -0.0620575 , -0.328674 , -1.45416 , 0.0903267 , -0.347366
4.01769 , -1.89115 , -0.0856586 , -0.306405 , -1.52058 , 0.110978 , -0.353287
4.05088 , -1.9043 , -0.0930563 , -0.29905 , -1.5477 , 0.0999768 , -0.360151
4.08368 , -1.9173 , -0.100016 , -0.293536 , -1.56557 , 0.0772617 , -0.359697
4.11816 , -1.92892 , -0.106608 , -0.289431 , -1.56647 , 0.0705744 , -0.373352
4.15102 , -1.9339 , -0.123363 , -0.300411 , -1.56405 , 0.0652506 , -0.371137
4.18479 , -1.94238 , -0.129349 , -0.294668 , -1.56131 , 0.0611958 , -0.3739
4.21803 , -1.91349 , -0.127912 , -0.310021 , -1.51962 , 0.0710399 , -0.377573
4.25225 , -1.91905 , -0.132626 , -0.305425 , -1.53471 , 0.0771492 , -0.380345
4.28519 , -1.92397 , -0.135825 , -0.303353 , -1.53598 , 0.0829635 , -0.379057
4.31923 , -1.9266 , -0.138288 , -0.302105 , -1.53762 , 0.081328 , -0.384811
4.35222 , -1.9552 , -0.151907 , -0.306144 , -1.58642 , 0.0569611 , -0.387847
4.38596 , -1.95609 , -0.150843 , -0.307928 , -1.59286 , 0.0498359 , -0.388658
4.42468 , -1.96471 , -0.156308 , -0.305501 , -1.58633 , 0.0508484 , -0.3882
4.47485 , -1.96234 , -0.152359 , -0.310241 , -1.57052 , 0.0510594 , -0.384821
4.52527 , -1.95699 , -0.148222 , -0.314165 , -1.56889 , 0.0564372 , -0.384883
4.57575 , -1.94948 , -0.143902 , -0.317212 , -1.49984 , 0.0915391 , -0.385864
4.62589 , -1.86076 , -0.124715 , -0.338513 , -1.47218 , 0.0874282 , -0.394478
4.6761 , -1.85123 , -0.118161 , -0.342912 , -1.47094 , 0.0841776 , -0.395011
4.72649 , -1.84017 , -0.111811 , -0.345516 , -1.46926 , 0.0924866 , -0.392964
4.77587 , -1.8284 , -0.104588 , -0.347573 , -1.46119 , 0.0991268 , -0.391114
4.81404 , -1.8155 , -0.0973628 , -0.348343 , -1.44897 , 0.102621 , -0.38828
4.86075 , -1.80144 , -0.0898228 , -0.34607 , -1.428 , 0.0992085 , -0.371107
4.91129 , -1.78378 , -0.0820498 , -0.335456 , -1.41037 , 0.102602 , -0.3717
4.96153 , -1.76962 , -0.0717473 , -0.340301 , -1.39745 , 0.112248 , -0.369743
5.00763 , -1.75215 , -0.0628551 , -0.339068 , -1.37181 , 0.116521 , -0.350356
5.04075 , -1.7297 , -0.0533761 , -0.327438 , -1.35235 , 0.125383 , -0.351999
5.07381 , -1.70466 , -0.0444977 , -0.317567 , -1.32532 , 0.132989 , -0.338899
5.10726 , -1.68201 , -0.0341592 , -0.314068 , -1.36069 , 0.112291 , -0.315623
5.14053 , -1.72383 , -0.0300295 , -0.292735 , -1.36167 , 0.12772 , -0.309066
5.17457 , -1.70439 , -0.0228598 , -0.288602 , -1.33898 , 0.136583 , -0.302038
5.20815 , -1.68215 , -0.0161162 , -0.282554 , -1.31373 , 0.133305 , -0.29575
5.24137 , -1.65337 , -0.0103781 , -0.271299 , -1.28561 , 0.130543 , -0.283493
5.27529 , -1.62334 , -0.00389571 , -0.263144 , -1.25172 , 0.1318 , -0.268842
5.30794 , -1.58994 , 0.00251799 , -0.255953 , -1.21961 , 0.135293 , -0.258289
5.34312 , -1.55585 , 0.0102828 , -0.250484 , -1.19013 , 0.14157 , -0.251367
5.37673 , -1.51582 , 0.0205826 , -0.248167 , -1.15146 , 0.144368 , -0.243976
5.4121 , -1.49206 , 0.030998 , -0.251322 , -1.13109 , 0.14409 , -0.237796
5.44779 , -1.43762 , 0.105258 , -0.251071 , -1.07898 , 0.21295 , -0.245991
5.48468 , -1.40989 , 0.109071 , -0.242439 , -1.06081 , 0.236256 , -0.216647
5.52643 , -1.37414 , 0.0602933 , -0.232244 , -1.04423 , 0.179007 , -0.19132
5.56418 , -1.34634 , 0.0611887 , -0.231534 , -1.00149 , 0.147078 , -0.203576
5.60346 , -1.31817 , 0.0641702 , -0.232387 , -0.958575 , 0.136623 , -0.200809
5.64457 , -1.28908 , 0.0666345 , -0.228472 , -0.934562 , 0.133855 , -0.199506
5.68026 , -1.23547 , 0.0774634 , -0.23347 , -0.893732 , 0.144159 , -0.20427
5.71339 , -1.20967 , 0.0791206 , -0.23045 , -0.873385 , 0.152659 , -0.196659
5.74919 , -1.15791 , 0.131679 , -0.21037 , -0.810719 , 0.152705 , -0.176043
5.78586 , -1.11534 , 0.0781418 , -0.203865 , -0.76456 , 0.145252 , -0.162162
5.83202 , -1.08194 , 0.0808503 , -0.199823 , -0.717077 , 0.140468 , -0.158296
5.86434 , -1.02551 , 0.091447 , -0.199862 , -0.676007 , 0.13764 , -0.160447
5.89716 , -0.982553 , 0.0944536 , -0.200822 , -0.654374 , 0.131674 , -0.152879
5.92974 , -0.943012 , 0.0881349 , -0.179763 , -0.629644 , 0.128055 , -0.141527
5.96608 , -0.915597 , 0.087735 , -0.172726 , -0.602299 , 0.123895 , -0.127662
5.99803 , -0.859363 , 0.0849033 , -0.157945 , -0.556464 , 0.119074 , -0.116073
6.02924 , -0.833828 , 0.0837179 , -0.153431 , -0.531885 , 0.110714 , -0.106944
6.06244 , -0.777242 , 0.0863924 , -0.146445 , -0.483313 , 0.106858 , -0.100474
6.10299 , -0.752329 , 0.0824319 , -0.142558 , -0.467685 , 0.103149 , -0.0946855
6.14976 , -0.722749 , 0.0770624 , -0.134489 , -0.426803 , 0.0993926 , -0.0890164
6.18692 , -0.672823 , 0.0738132 , -0.126851 , -0.40755 , 0.0941787 , -0.0846224
6.2389 , -0.647126 , 0.0752579 , -0.125644 , -0.383102 , 0.0898332 , -0.0799804
6.28684 , -0.598842 , 0.0774881 , -0.121226 , -0.348928 , 0.0868472 , -0.076163
6.33562 , -0.576026 , 0.0722136 , -0.116436 , -0.339231 , 0.0815086 , -0.0722075
6.37663 , -0.530473 , 0.0709576 , -0.107912 , -0.311472 , 0.0760799 , -0.0659777
6.42197 , -0.50794 , 0.0638153 , -0.103054 , -0.299951 , 0.0724047 , -0.0616993
6.47178 , -0.460389 , 0.0621231 , -0.0965904 , -0.267949 , 0.0670358 , -0.0569721
6.52098 , -0.438743 , 0.0589914 , -0.0924543 , -0.258878 , 0.0607382 , -0.0534844
6.55254 , -0.411352 , 0.0546523 , -0.0856139 , -0.225661 , 0.0540405 , -0.0475339
6.58636 , -0.370771 , 0.0489098 , -0.0807952 , -0.216257 , 0.0500941 , -0.0440739
6.62071 , -0.349016 , 0.0433451 , -0.0746172 , -0.198495 , 0.0430675 , -0.0394832
6.65228 , -0.304822 , 0.0363005 , -0.0665849 , -0.17165 , 0.0374524 , -0.0351012
6.68837 , -0.289172 , 0.0350355 , -0.0642163 , -0.168526 , 0.0333893 , -0.0330889
6.7197 , -0.268863 , 0.0316447 , -0.0598748 , -0.149539 , 0.0317389 , -0.0299988
6.75073 , -0.246448 , 0.0320665 , -0.0576173 , -0.141842 , 0.0292749 , -0.0277785
6.78394 , -0.226047 , 0.0285825 , -0.0539205 , -0.126159 , 0.0264793 , -0.0261545
6.81746 , -0.206659 , 0.0313603 , -0.0520758 , -0.115612 , 0.028381 , -0.0253704
6.85293 , -0.192617 , 0.033996 , -0.0505546 , -0.107159 , 0.0338811 , -0.0242928
6.88749 , -0.175502 , 0.0393754 , -0.0490068 , -0.100639 , 0.0381996 , -0.0240087
6.92236 , -0.161417 , 0.0400443 , -0.0480556 , -0.0897502 , 0.0401533 , -0.0236447
6.95461 , -0.151286 , 0.0409157 , -0.0485384 , -0.0744228 , 0.0382844 , -0.0226109
6.98686 , -0.127794 , 0.0384639 , -0.0488937 , -0.0723394 , 0.0398952 , -0.0224525
7.02196 , -0.122393 , 0.0393123 , -0.0494918 , -0.067924 , 0.0410041 , -0.0223322
7.0529 , -0.117004 , 0.0395722 , -0.0492899 , -0.0630973 , 0.0408903 , -0.0219186
7.09316 , -0.109333 , 0.040415 , -0.0481795 , -0.0612634 , 0.0420878 , -0.0213184
7.14253 , -0.103602 , 0.042313 , -0.0474683 , -0.0550563 , 0.0419993 , -0.0202738
7.1924 , -0.0954453 , 0.0409486 , -0.0464769 , -0.0491126 , 0.0424319 , -0.019223
7.24376 , -0.0893958 , 0.042095 , -0.0459595 , -0.047422 , 0.0439224 , -0.0182547
7.28911 , -0.0841495 , 0.0435504 , -0.0459077 , -0.0432741 , 0.0455241 , -0.0176232
7.3222 , -0.0796277 , 0.045625 , -0.0466189 , -0.0402502 , 0.0474335 , -0.0174949
7.35525 , -0.0789286 , 0.0500889 , -0.0469978 , -0.036284 , 0.0473575 , -0.0168608
7.39058 , -0.0740165 , 0.0495854 , -0.0468207 , -0.0336198 , 0.0515195 , -0.0167179
7.42848 , -0.0716768 , 0.052815 , -0.0476928 , -0.0304854 , 0.0543089 , -0.017165
7.48143 , -0.069614 , 0.0553096 , -0.047742 , -0.0298876 , 0.0555752 , -0.0176086
7.53095 , -0.0673314 , 0.0553104 , -0.0475258 , -0.0285694 , 0.0549413 , -0.0173326
7.58064 , -0.0654193 , 0.0551045 , -0.0472759 , -0.028318 , 0.0561359 , -0.0171066
7.62927 , -0.0663743 , 0.0577856 , -0.0482008 , -0.0276717 , 0.0581644 , -0.0172606
7.68005 , -0.0682903 , 0.0598946 , -0.0492717 , -0.0291596 , 0.0590911 , -0.0179808
7.72881 , -0.0711804 , 0.0623942 , -0.0508132 , -0.0314429 , 0.0637227 , -0.0193996
7.7606 , -0.0753552 , 0.0639914 , -0.0525941 , -0.0360966 , 0.0653494 , -0.0208706
7.79434 , -0.0806257 , 0.0655207 , -0.0540907 , -0.0368776 , 0.0668876 , -0.0218864
7.828 , -0.0876701 , 0.0693895 , -0.0572181 , -0.0411506 , 0.0681136 , -0.0243193
7.86332 , -0.0951635 , 0.0688491 , -0.059596 , -0.0488766 , 0.0664394 , -0.0265597
7.90299 , -0.104773 , 0.0705673 , -0.0623205 , -0.0554441 , 0.0688706 , -0.0284241
7.94629 , -0.116886 , 0.0712252 , -0.0647734 , -0.07103 , 0.0701883 , -0.0314264
7.98462 , -0.134864 , 0.0699513 , -0.0679831 , -0.0825401 , 0.0736597 , -0.0349057
8.02967 , -0.169801 , 0.0772874 , -0.075313 , -0.113937 , 0.0744536 , -0.0404308
8.06557 , -0.184162 , 0.0756964 , -0.0766761 , -0.120167 , 0.0754101 , -0.0431421
8.11359 , -0.207103 , 0.0737396 , -0.0817673 , -0.140332 , 0.071405 , -0.0468825
8.14945 , -0.249011 , 0.0741462 , -0.0876537 , -0.175154 , 0.0719046 , -0.0543771
8.19622 , -0.265645 , 0.0700132 , -0.0884119 , -0.183748 , 0.0745414 , -0.0602211
8.22666 , -0.295001 , 0.0740698 , -0.0982217 , -0.210831 , 0.0705591 , -0.0673491
8.2627 , -0.341679 , 0.0674367 , -0.10589 , -0.254221 , 0.0745983 , -0.0788141
8.29539 , -0.36248 , 0.0734909 , -0.115222 , -0.265209 , 0.0808676 , -0.0878545
8.33076 , -0.386608 , 0.0705612 , -0.125056 , -0.284181 , 0.0851604 , -0.0979515
8.36601 , -0.435299 , 0.0777095 , -0.144078 , -0.319567 , 0.0850899 , -0.111249
8.40207 , -0.457789 , 0.0720149 , -0.148847 , -0.343256 , 0.0812143 , -0.119389
8.44912 , -0.492647 , 0.0667382 , -0.156534 , -0.369314 , 0.080362 , -0.127347
8.48559 , -0.547627 , 0.0584477 , -0.161166 , -0.417258 , 0.0699161 , -0.132442
8.53332 , -0.570261 , 0.0524873 , -0.164321 , -0.437086 , 0.0719348 , -0.137333
8.56914 , -0.602978 , 0.0493335 , -0.169885 , -0.481942 , 0.0703064 , -0.141521
8.62414 , -0.662758 , 0.0462489 , -0.173427 , -0.508051 , 0.0701591 , -0.14685
8.67318 , -0.691155 , 0.0502926 , -0.181819 , -0.535801 , 0.0831397 , -0.157998
8.72377 , -0.730089 , 0.0541168 , -0.191014 , -0.585015 , 0.0851668 , -0.164427
8.77302 , -0.791033 , 0.0506111 , -0.194515 , -0.621218 , 0.0798928 , -0.170917
8.82309 , -0.831951 , 0.0582491 , -0.206797 , -0.682649 , 0.0845702 , -0.176928
8.87557 , -0.892864 , 0.0455505 , -0.200161 , -0.705358 , 0.0891397 , -0.17818
8.92285 , -0.926217 , 0.0450792 , -0.205186 , -0.749543 , 0.0937877 , -0.183947
8.97312 , -0.988234 , 0.0421916 , -0.210285 , -0.781308 , 0.0867804 , -0.186252
9.02168 , -1.05643 , 0.0394339 , -0.21141 , -0.841185 , 0.0823047 , -0.185216
9.06893 , -1.0829 , 0.0283723 , -0.209899 , -0.879331 , 0.0811969 , -0.184015
9.10506 , -1.14756 , 0.0212984 , -0.204194 , -0.912962 , 0.0775179 , -0.188401
9.14091 , -1.17726 , 0.0164117 , -0.207284 , -0.962659 , 0.0852753 , -0.195493
9.18401 , -1.2453 , 0.0162239 , -0.207045 , -0.995781 , 0.0844662 , -0.195128
9.2197 , -1.30481 , 0.0143683 , -0.214549 , -1.04501 , 0.0854061 , -0.203005
9.25157 , -1.33468 , 0.00914706 , -0.218231 , -1.06794 , 0.0966585 , -0.218967
9.28333 , -1.37992 , 0.00630986 , -0.226375 , -1.10915 , 0.104219 , -0.23153
9.32048 , -1.42874 , 0.000618376 , -0.234765 , -1.14919 , 0.106743 , -0.24262
9.3532 , -1.47074 , -0.00490955 , -0.24079 , -1.18967 , 0.10365 , -0.247419
9.38433 , -1.51575 , -0.0101045 , -0.239718 , -1.22435 , 0.101685 , -0.251676
9.42045 , -1.55831 , -0.0154949 , -0.240886 , -1.2528 , 0.0983245 , -0.252422
9.45134 , -1.59195 , -0.0206996 , -0.243757 , -1.28841 , 0.0984104 , -0.263125
9.48487 , -1.63285 , -0.0279614 , -0.24635 , -1.32712 , 0.0981628 , -0.272215
9.51942 , -1.68465 , -0.0382395 , -0.244652 , -1.30075 , 0.118216 , -0.276987
9.55183 , -1.64994 , -0.0417526 , -0.260029 , -1.30176 , 0.0964505 , -0.289629
9.58844 , -1.67129 , -0.049467 , -0.269632 , -1.32794 , 0.076627 , -0.290649
9.61923 , -1.79197 , -0.0719782 , -0.260281 , -1.4138 , 0.0744544 , -0.294648
9.65244 , -1.8123 , -0.0792905 , -0.256813 , -1.47278 , 0.0753456 , -0.292421
9.68831 , -1.83462 , -0.0850299 , -0.258497 , -1.5014 , 0.0666121 , -0.299237
9.72165 , -1.85629 , -0.0926421 , -0.258909 , -1.51264 , 0.057888 , -0.307239
9.75617 , -1.87916 , -0.0994737 , -0.262422 , -1.5267 , 0.0537397 , -0.316762
9.78684 , -1.89253 , -0.1038 , -0.279577 , -1.53548 , 0.0535367 , -0.327801
9.8217 , -1.90965 , -0.112961 , -0.275362 , -1.55171 , 0.057332 , -0.334424
9.85652 , -1.92703 , -0.120463 , -0.275267 , -1.55968 , 0.0568898 , -0.340446
9.88798 , -1.94267 , -0.128538 , -0.275471 , -1.57062 , 0.0507797 , -0.344355
9.92387 , -1.95667 , -0.136822 , -0.276168 , -1.58444 , 0.0436045 , -0.347757
9.95489 , -1.96984 , -0.144879 , -0.276026 , -1.59585 , 0.0380155 , -0.348677
9.98809 , -1.98143 , -0.153067 , -0.277828 , -1.60735 , 0.0319293 , -0.353462
10.0238 , -1.99095 , -0.16249 , -0.27809 , -1.61587 , 0.0244546 , -0.357385
10.0554 , -1.99802 , -0.171684 , -0.277136 , -1.62204 , 0.0161914 , -0.360474
10.0918 , -2.00175 , -0.181816 , -0.28002 , -1.62355 , 0.0100504 , -0.362892
10.126 , -2.00644 , -0.18955 , -0.279188 , -1.62141 , 0.00796735 , -0.366324
10.1603 , -2.00914 , -0.195872 , -0.284652 , -1.62541 , 0.00725077 , -0.372264
10.1952 , -1.96482 , -0.198325 , -0.30784 , -1.59695 , 0.00469919 , -0.385874
10.2266 , -1.9992 , -0.218412 , -0.302704 , -1.64536 , 0.00115551 , -0.40485
10.2592 , -1.96232 , -0.211754 , -0.313805 , -1.61755 , 0.0065068 , -0.404629
10.2918 , -1.99589 , -0.222448 , -0.310938 , -1.6404 , 0.00584953 , -0.417581
10.3251 , -1.9965 , -0.221705 , -0.312356 , -1.6236 , 0.0070454 , -0.418349
10.3589 , -1.99367 , -0.219027 , -0.316112 , -1.5964 , 0.0031111 , -0.413014
10.3907 , -1.98949 , -0.215976 , -0.31953 , -1.58691 , -0.000669435 , -0.409201
10.4284 , -1.98354 , -0.211304 , -0.32429 , -1.58771 , 0.00380444 , -0.408323
10.4598 , -1.97693 , -0.206575 , -0.326328 , -1.58984 , 0.00857502 , -0.406712
10.4987 , -1.9688 , -0.200353 , -0.328312 , -1.58845 , 0.0153466 , -0.408074
10.5506 , -1.96012 , -0.192617 , -0.330962 , -1.58313 , 0.0226002 , -0.409853
10.6032 , -1.95019 , -0.184526 , -0.332822 , -1.57513 , 0.0286705 , -0.409757
10.6525 , -1.95801 , -0.179091 , -0.320611 , -1.58354 , 0.029854 , -0.401177
10.7029 , -1.94811 , -0.167714 , -0.322431 , -1.57106 , 0.0337847 , -0.394993
10.7499 , -1.93506 , -0.15694 , -0.323035 , -1.56088 , 0.0353459 , -0.386717
10.7958 , -1.92071 , -0.146042 , -0.322276 , -1.5499 , 0.0410814 , -0.37892
10.828 , -1.9046 , -0.134902 , -0.324176 , -1.53416 , 0.0532288 , -0.380082
10.8624 , -1.88734 , -0.123707 , -0.327895 , -1.5134 , 0.0617947 , -0.367052
10.8969 , -1.86713 , -0.112962 , -0.316578 , -1.48869 , 0.069985 , -0.364458
10.9311 , -1.84704 , -0.100628 , -0.319433 , -1.47056 , 0.0776377 , -0.351543
10.9623 , -1.82328 , -0.0880866 , -0.310762 , -1.44621 , 0.0832589 , -0.339334
11.0009 , -1.7968 , -0.0751227 , -0.304169 , -1.4257 , 0.089008 , -0.332754
11.0503 , -1.76857 , -0.0647332 , -0.296049 , -1.40095 , 0.095719 , -0.321667
11.0825 , -1.73709 , -0.053762 , -0.286279 , -1.36808 , 0.100551 , -0.308468
11.1156 , -1.69852 , -0.0446192 , -0.269518 , -1.32641 , 0.106141 , -0.288721
11.1466 , -1.6724 , -0.0332978 , -0.27349 , -1.294 , 0.105311 , -0.273174
11.1821 , -1.61296 , -0.0237586 , -0.262509 , -1.24025 , 0.11537 , -0.264034
11.2135 , -1.59447 , -0.0157629 , -0.262816 , -1.22236 , 0.113764 , -0.25669
11.2463 , -1.56136 , -0.0132293 , -0.250344 , -1.19848 , 0.118399 , -0.246501
11.2819 , -1.51822 , -0.0103317 , -0.23541 , -1.15917 , 0.117293 , -0.233662
11.3164 , -1.49151 , 0.000632778 , -0.240392 , -1.11929 , 0.10792 , -0.217504
11.3473 , -1.45165 , 0.00437962 , -0.232975 , -1.07447 , 0.105178 , -0.20623
11.3804 , -1.41287 , 0.00897112 , -0.224821 , -1.03522 , 0.105175 , -0.194772
11.4161 , -1.37297 , 0.0136372 , -0.215848 , -0.999186 , 0.105168 , -0.183448
11.4476 , -1.33398 , 0.0197058 , -0.208087 , -0.95873 , 0.107045 , -0.170126
11.4842 , -1.29193 , 0.0287893 , -0.196957 , -0.920951 , 0.10499 , -0.15822
11.5152 , -1.25257 , 0.0292256 , -0.187883 , -0.881966 , 0.0976746 , -0.144398
11.5483 , -1.21301 , 0.0318477 , -0.175316 , -0.830209 , 0.102154 , -0.142239
11.5856 , -1.18681 , -0.0545006 , 0.0731076 , -0.773401 , -0.0504284 , 0.038961
11.618 , -1.15853 , -0.0469398 , 0.0734452 , -0.783023 , -0.0579542 , 0.0537677
11.6502 , -1.12482 , -0.0395518 , 0.0704099 , -0.735881 , 0.0856806 , -0.116446
11.6866 , -1.03579 , 0.0552268 , -0.154544 , -0.674178 , 0.0801585 , -0.116868
11.7179 , -0.989982 , 0.0563573 , -0.147386 , -0.627716 , 0.0797319 , -0.10299
11.7531 , -0.944426 , 0.0574109 , -0.138521 , -0.594876 , 0.0824573 , -0.0909387
11.7858 , -0.911296 , 0.0597873 , -0.130565 , -0.564628 , 0.0838423 , -0.0858556
11.8167 , -0.859841 , 0.0536462 , -0.117794 , -0.526849 , 0.0836007 , -0.085312
11.8517 , -0.829544 , 0.0551089 , -0.114078 , -0.487514 , 0.0781986 , -0.0804047
11.8855 , -0.777291 , 0.0629105 , -0.113794 , -0.460235 , 0.0746478 , -0.0767081
11.9189 , -0.724273 , 0.0617654 , -0.108754 , -0.42025 , 0.0750963 , -0.0733525
11.9522 , -0.695288 , 0.0630184 , -0.104837 , -0.383911 , 0.0719955 , -0.068742
11.9913 , -0.643277 , 0.0638391 , -0.101345 , -0.362729 , 0.0707457 , -0.0652155
12.0404 , -0.612614 , 0.0606409 , -0.0944994 , -0.332723 , 0.0648623 , -0.0605852
12.0933 , -0.569125 , 0.0602693 , -0.0901592 , -0.318123 , 0.0604064 , -0.0569544
12.1418 , -0.535063 , 0.0547928 , -0.0824127 , -0.284254 , 0.0568452 , -0.0516972
12.1881 , -0.487386 , 0.0535329 , -0.0791016 , -0.265825 , 0.054725 , -0.0472873
12.2206 , -0.454289 , 0.0497139 , -0.0724868 , -0.244565 , 0.0506045 , -0.0431123
12.2533 , -0.416592 , 0.0483214 , -0.0678677 , -0.22863 , 0.0464798 , -0.0400531
12.2948 , -0.37892 , 0.0475054 , -0.0619036 , -0.204199 , 0.0459064 , -0.0365776
12.342 , -0.357318 , 0.0497685 , -0.0569784 , -0.185293 , 0.0481723 , -0.0343596
12.3734 , -0.323526 , 0.0532417 , -0.0515207 , -0.173825 , 0.0493404 , -0.0319252
12.4061 , -0.302568 , 0.0584497 , -0.0479641 , -0.152458 , 0.0532514 , -0.0291398
12.4375 , -0.270232 , 0.0530467 , -0.0425745 , -0.145115 , 0.0545873 , -0.0274922
12.4715 , -0.253188 , 0.0542236 , -0.0404997 , -0.131669 , 0.0504443 , -0.02533
12.5046 , -0.230581 , 0.0528691 , -0.0409414 , -0.121932 , 0.0485288 , -0.0240481
12.5411 , -0.21341 , 0.0554218 , -0.0414419 , -0.112651 , 0.049849 , -0.0241478
12.5756 , -0.196332 , 0.0569998 , -0.0426785 , -0.10525 , 0.0506541 , -0.0242988
12.6128 , -0.180135 , 0.0579477 , -0.0419264 , -0.0990495 , 0.0542359 , -0.0247293
12.6601 , -0.166609 , 0.060145 , -0.041309 , -0.0885411 , 0.0534242 , -0.0236861
12.6969 , -0.152626 , 0.0583114 , -0.0404376 , -0.0864958 , 0.0557037 , -0.023173
12.7425 , -0.14218 , 0.058977 , -0.0402666 , -0.0819583 , 0.056083 , -0.0224381
12.7767 , -0.133877 , 0.0569924 , -0.0408334 , -0.0757416 , 0.0553316 , -0.0218905
12.8119 , -0.125706 , 0.0584197 , -0.0410391 , -0.0735927 , 0.0567488 , -0.0221305
12.8452 , -0.114286 , 0.0561329 , -0.0397152 , -0.0671288 , 0.0579804 , -0.0214108
12.878 , -0.112807 , 0.058669 , -0.040046 , -0.0684836 , 0.0580773 , -0.0206252
12.9105 , -0.108853 , 0.0579749 , -0.0403854 , -0.0594834 , 0.0570877 , -0.0195294
12.9462 , -0.102811 , 0.0589888 , -0.0404329 , -0.0610211 , 0.057196 , -0.0194557
12.9774 , -0.100221 , 0.0587428 , -0.0416212 , -0.0590142 , 0.0569327 , -0.0190577
13.0085 , -0.099686 , 0.0586729 , -0.0417774 , -0.0532241 , 0.0569 , -0.0183108
13.0444 , -0.0936808 , 0.0586641 , -0.0416672 , -0.0529612 , 0.0576884 , -0.0183239
13.0755 , -0.0925084 , 0.0604473 , -0.0415939 , -0.04713 , 0.0507694 , -0.0166088
13.1086 , -0.0834044 , 0.056932 , -0.039608 , -0.0454969 , 0.054546 , -0.0156734
13.1441 , -0.0813022 , 0.0612444 , -0.040067 , -0.0455801 , 0.0593066 , -0.0153911
13.1757 , -0.072293 , 0.0592673 , -0.0409597 , -0.0371016 , 0.0613463 , -0.0149601
13.2123 , -0.0716182 , 0.0619596 , -0.0409861 , -0.0375636 , 0.0604784 , -0.0154338
13.2466 , -0.0691916 , 0.0614435 , -0.0404963 , -0.0354251 , 0.0606016 , -0.0148104
13.2776 , -0.0677477 , 0.061027 , -0.0404721 , -0.0311604 , 0.0579783 , -0.0147005
13.3098 , -0.0620865 , 0.0594428 , -0.0399847 , -0.0306358 , 0.0582896 , -0.0141541
13.3453 , -0.0608912 , 0.0603247 , -0.0403387 , -0.0308924 , 0.0597559 , -0.0130605
13.3799 , -0.0593811 , 0.060538 , -0.0411846 , -0.0306977 , 0.0601398 , -0.0120624
13.4165 , -0.0580006 , 0.0599049 , -0.0414496 , -0.0285391 , 0.060119 , -0.0113293
13.4638 , -0.0568555 , 0.0594114 , -0.0414939 , -0.028139 , 0.0607658 , -0.0111254
13.5031 , -0.0558614 , 0.0609558 , -0.0422554 , -0.0271461 , 0.0611127 , -0.010758
13.5476 , -0.0557875 , 0.0616433 , -0.0433812 , -0.0264763 , 0.0617294 , -0.0103503
13.5786 , -0.0563869 , 0.0642037 , -0.0448768 , -0.0260785 , 0.0625568 , -0.0102104
13.6162 , -0.0580805 , 0.0634912 , -0.0457861 , -0.0270815 , 0.0648547 , -0.0108296
13.6477 , -0.0598592 , 0.0647462 , -0.0467262 , -0.0285281 , 0.0637761 , -0.0115664
13.6789 , -0.0630115 , 0.0664039 , -0.0477496 , -0.0290508 , 0.0644232 , -0.0121247
13.7159 , -0.0672475 , 0.0680471 , -0.0489664 , -0.0329478 , 0.0674792 , -0.0133004
13.7514 , -0.0725519 , 0.0685794 , -0.0507419 , -0.0367587 , 0.0674543 , -0.0146631
13.7846 , -0.0806717 , 0.0724111 , -0.0531032 , -0.0436083 , 0.0714834 , -0.0168009
13.8178 , -0.0906676 , 0.0741375 , -0.0558284 , -0.0516241 , 0.0721757 , -0.0189538
13.8504 , -0.104142 , 0.0734727 , -0.0591933 , -0.0652621 , 0.0732598 , -0.0224064
13.8857 , -0.121315 , 0.0745645 , -0.063394 , -0.0794519 , 0.0736045 , -0.0262302
13.9191 , -0.142179 , 0.0719752 , -0.0668954 , -0.0955326 , 0.0686866 , -0.029302
13.9548 , -0.16306 , 0.0584036 , -0.0676191 , -0.117273 , 0.0693566 , -0.0346912
13.9985 , -0.186157 , 0.0665484 , -0.0738167 , -0.135367 , 0.0650889 , -0.0395244
14.0323 , -0.217079 , 0.0623126 , -0.0767549 , -0.160248 , 0.0610289 , -0.0438313
14.0661 , -0.24069 , 0.0620186 , -0.0786219 , -0.192039 , 0.054102 , -0.0453203
14.1016 , -0.279744 , 0.0577318 , -0.076571 , -0.211655 , 0.0589045 , -0.0476904
14.1327 , -0.307361 , 0.063341 , -0.0760734 , -0.244715 , 0.0632472 , -0.0507075
14.1653 , -0.341607 , 0.0617141 , -0.0781341 , -0.263005 , 0.0690358 , -0.056604
14.2049 , -0.375193 , 0.0675658 , -0.0865255 , -0.299288 , 0.0719612 , -0.0682862
14.2364 , -0.418688 , 0.069824 , -0.0956772 , -0.326483 , 0.0888583 , -0.085022
14.2675 , -0.459066 , 0.0937201 , -0.121644 , -0.350578 , 0.0928569 , -0.0975427
14.2995 , -0.51887 , 0.0895875 , -0.137477 , -0.402394 , 0.0969669 , -0.113596
14.3333 , -0.548461 , 0.0898976 , -0.144875 , -0.422067 , 0.102734 , -0.12508
14.369 , -0.614811 , 0.0770164 , -0.144735 , -0.476793 , 0.0920239 , -0.124032
14.4012 , -0.647648 , 0.0760385 , -0.155524 , -0.497039 , 0.0894234 , -0.12813
14.4345 , -0.687672 , 0.0731962 , -0.164523 , -0.52991 , 0.086829 , -0.134744
14.4715 , -0.759863 , 0.0641901 , -0.173124 , -0.594033 , 0.0850891 , -0.144385
14.5026 , -0.818128 , 0.0523865 , -0.170024 , -0.640275 , 0.0800261 , -0.144671
14.5357 , -0.857509 , 0.0537806 , -0.178935 , -0.666119 , 0.0770456 , -0.149919
14.5705 , -0.925812 , 0.0442881 , -0.180174 , -0.727913 , 0.0784834 , -0.154923
14.6059 , -0.953691 , 0.0373094 , -0.181907 , -0.774853 , 0.086586 , -0.167174
14.6403 , -1.02605 , 0.0365062 , -0.189848 , -0.810089 , 0.0853065 , -0.170771
14.6794 , -1.09259 , 0.0376239 , -0.20724 , -0.869012 , 0.0915014 , -0.184236
14.7234 , -1.12244 , 0.0354005 , -0.21358 , -0.911741 , 0.102203 , -0.203563
14.7598 , -1.19106 , 0.034644 , -0.228237 , -0.947014 , 0.108357 , -0.213544
14.8072 , -1.25168 , 0.0356555 , -0.243363 , -0.997598 , 0.110252 , -0.219863
14.8411 , -1.29283 , 0.0300354 , -0.25213 , -1.02822 , 0.111624 , -0.231741
14.8725 , -1.3295 , 0.0177729 , -0.257064 , -1.06477 , 0.143332 , -0.240231
14.9033 , -1.37145 , 0.0735608 , -0.25584 , -1.10263 , 0.177935 , -0.235977
14.942 , -1.42217 , 0.0634797 , -0.254491 , -1.16196 , 0.188878 , -0.24746
14.9808 , -1.46287 , 0.0539592 , -0.257037 , -1.18351 , 0.183738 , -0.259465
15.0268 , -1.50821 , 0.044603 , -0.272928 , -1.21644 , 0.145086 , -0.270026
15.0619 , -1.57035 , -0.0199511 , -0.289244 , -1.24589 , 0.104913 , -0.28986
15.1116 , -1.61063 , -0.0293316 , -0.29663 , -1.28642 , 0.0914241 , -0.301197
15.1607 , -1.65449 , -0.03788 , -0.303001 , -1.3315 , 0.0881317 , -0.308053
15.2113 , -1.68535 , -0.0498098 , -0.29693 , -1.36882 , 0.0888513 , -0.319615
15.2446 , -1.7222 , -0.0583591 , -0.300106 , -1.4006 , 0.0906681 , -0.327148
15.2756 , -1.75946 , -0.0665496 , -0.302811 , -1.43923 , 0.0876335 , -0.341441
15.3129 , -1.79287 , -0.0741684 , -0.305946 , -1.47532 , 0.0855823 , -0.355415
15.3599 , -1.82574 , -0.0821318 , -0.307881 , -1.50575 , 0.0812411 , -0.364058
15.3995 , -1.81989 , -0.0811783 , -0.331106 , -1.46403 , 0.0933954 , -0.373834
15.4495 , -1.85993 , -0.108132 , -0.344931 , -1.39276 , 0.109965 , -0.395555
15.4963 , -1.81323 , -0.0925742 , -0.377685 , -1.47952 , 0.122338 , -0.430705
15.5278 , -1.83092 , -0.10151 , -0.375266 , -1.52063 , 0.117608 , -0.439442
15.5618 , -1.84876 , -0.10911 , -0.37655 , -1.59941 , 0.0715039 , -0.444924
15.5927 , -1.9111 , -0.130547 , -0.352028 , -1.6129 , 0.0773225 , -0.442081
15.625 , -1.9255 , -0.141236 , -0.341781 , -1.56083 , 0.0396154 , -0.407149
15.6583 , -1.93936 , -0.149682 , -0.337444 , -1.54913 , 0.0398668 , -0.41888
15.6948 , -1.94503 , -0.163333 , -0.344118 , -1.64749 , 0.0872817 , -0.44842
15.7253 , -1.95518 , -0.170487 , -0.337992 , -1.59017 , 0.055349 , -0.418608
15.759 , -1.96339 , -0.176293 , -0.335952 , -1.55381 , 0.0321263 , -0.404733
15.7947 , -1.96966 , -0.181661 , -0.333783 , -1.56479 , 0.0462914 , -0.405389
15.8263 , -1.97395 , -0.186243 , -0.33132 , -1.58684 , 0.0556943 , -0.416029
15.8627 , -1.9749 , -0.190036 , -0.333474 , -1.59847 , 0.0436983 , -0.418889
15.8967 , -1.97573 , -0.192013 , -0.332096 , -1.60122 , 0.0227853 , -0.415754
15.9276 , -1.97546 , -0.191619 , -0.334938 , -1.60851 , 0.0111856 , -0.41319
15.9624 , -1.97222 , -0.189887 , -0.338358 , -1.60346 , 0.0162748 , -0.412848
15.9968 , -1.96716 , -0.187302 , -0.343018 , -1.59906 , 0.0269873 , -0.417014
16.0278 , -1.96037 , -0.183961 , -0.34726 , -1.59567 , 0.0359883 , -0.422788
16.0612 , -1.95249 , -0.179607 , -0.351932 , -1.59218 , 0.0439134 , -0.429971
16.0958 , -1.94411 , -0.174131 , -0.356603 , -1.58435 , 0.0485818 , -0.434593
16.1282 , -1.93376 , -0.169695 , -0.357845 , -1.5697 , 0.0470659 , -0.430833
16.165 , -1.92244 , -0.163724 , -0.359695 , -1.55353 , 0.0496495 , -0.427523
16.1953 , -1.91038 , -0.157133 , -0.36129 , -1.53427 , 0.0513707 , -0.417234
16.2288 , -1.90212 , -0.152884 , -0.35718 , -1.56597 , 0.0196706 , -0.404966
16.2635 , -1.91748 , -0.155759 , -0.346579 , -1.56939 , 0.0371871 , -0.411198
16.298 , -1.90239 , -0.146011 , -0.353435 , -1.54403 , 0.0573227 , -0.41292
16.3295 , -1.88531 , -0.137181 , -0.355241 , -1.52604 , 0.0592462 , -0.410982
16.3659 , -1.86735 , -0.127567 , -0.356092 , -1.5065 , 0.061378 , -0.399132
16.3965 , -1.77453 , -0.093987 , -0.346711 , -1.51048 , 0.0506188 , -0.36976
16.4301 , -1.83151 , -0.098946 , -0.324662 , -1.47733 , 0.0788688 , -0.368078
16.4657 , -1.81188 , -0.0905146 , -0.321963 , -1.44589 , 0.0923041 , -0.361777
16.4974 , -1.79065 , -0.0795684 , -0.321724 , -1.43033 , 0.0903816 , -0.356945
16.5344 , -1.76314 , -0.0689288 , -0.309738 , -1.4144 , 0.0899672 , -0.341277
16.5687 , -1.73229 , -0.0572914 , -0.300598 , -1.37899 , 0.0959236 , -0.32391
16.6002 , -1.69889 , -0.0430044 , -0.29095 , -1.34141 , 0.10333 , -0.306007
16.6315 , -1.66533 , -0.0317821 , -0.281693 , -1.29764 , 0.105942 , -0.275444
16.6733 , -1.62388 , -0.0155424 , -0.270029 , -1.26981 , 0.113437 , -0.274476
16.7239 , -1.59139 , -0.00789938 , -0.263045 , -1.24514 , 0.120931 , -0.269252
16.77 , -1.54985 , -0.00442675 , -0.244741 , -1.20947 , 0.121875 , -0.255373
16.8009 , -1.50586 , 0.00600095 , -0.23724 , -1.16141 , 0.120407 , -0.239257
16.8361 , -1.47151 , 0.0126092 , -0.232888 , -1.1194 , 0.114383 , -0.220486
16.8725 , -1.42994 , 0.0206882 , -0.225626 , -1.08135 , 0.113904 , -0.212033
16.9036 , -1.3784 , 0.0195607 , -0.207239 , -1.02706 , 0.113225 , -0.195785
16.9387 , -1.34073 , 0.024872 , -0.201555 , -0.983676 , 0.105491 , -0.177765
16.9699 , -1.29994 , 0.0315893 , -0.195774 , -0.94481 , 0.10256 , -0.16513
17.0038 , -1.2393 , 0.0320019 , -0.174891 , -0.890795 , 0.106661 , -0.157193
17.0364 , -1.20856 , 0.0390584 , -0.170916 , -0.864751 , 0.110554 , -0.148623
17.0691 , -1.14554 , 0.0497144 , -0.163725 , -0.80227 , 0.115322 , -0.141417
17.1042 , -1.11403 , 0.0586718 , -0.163507 , -0.771029 , 0.115848 , -0.132749
17.1404 , -1.07529 , 0.0616842 , -0.153591 , -0.714515 , 0.102882 , -0.109317
17.1734 , -1.02041 , 0.0659981 , -0.137868 , -0.682868 , 0.100251 , -0.104411
17.2059 , -0.964127 , 0.061495 , -0.125267 , -0.62089 , 0.0872925 , -0.0948724
17.2382 , -0.917452 , 0.065273 , -0.124494 , -0.593405 , 0.0895188 , -0.0905512
17.2705 , -0.881991 , 0.0602297 , -0.111153 , -0.560024 , 0.0794327 , -0.0777534
17.3051 , -0.811227 , 0.0565218 , -0.102076 , -0.505023 , 0.0774456 , -0.0772126
17.3414 , -0.781117 , 0.0597549 , -0.0989282 , -0.480588 , 0.0697201 , -0.069218
17.378 , -0.738653 , 0.0540878 , -0.0885502 , -0.428005 , 0.0638857 , -0.0628692
17.4245 , -0.688425 , 0.0562341 , -0.0861168 , -0.407254 , 0.0613817 , -0.0598506
17.456 , -0.65346 , 0.0502224 , -0.0798968 , -0.366691 , 0.0565443 , -0.0581581
17.4933 , -0.603013 , 0.0513685 , -0.0785981 , -0.35089 , 0.0548701 , -0.0565657
17.5388 , -0.569539 , 0.0479043 , -0.0732309 , -0.312716 , 0.0529047 , -0.0525314
17.5719 , -0.521447 , 0.0471056 , -0.0703021 , -0.297911 , 0.0475556 , -0.0486516
17.608 , -0.492069 , 0.0398974 , -0.0649897 , -0.264196 , 0.0389571 , -0.0458146
17.6407 , -0.446362 , 0.0380062 , -0.0636215 , -0.252893 , 0.0320332 , -0.0424457
17.675 , -0.422863 , 0.0308421 , -0.0587239 , -0.236088 , 0.0236876 , -0.0367171
17.7142 , -0.382463 , 0.0317861 , -0.0540168 , -0.212405 , 0.0256242 , -0.0329469
17.7561 , -0.362185 , 0.0275027 , -0.0499941 , -0.206286 , 0.0272194 , -0.0298889
17.7907 , -0.316731 , 0.0255385 , -0.0430031 , -0.170873 , 0.0226251 , -0.0248794
17.8235 , -0.30357 , 0.026301 , -0.0410807 , -0.175242 , 0.0204237 , -0.022396
17.8576 , -0.289488 , 0.0241663 , -0.037019 , -0.161421 , 0.0129842 , -0.0181571
17.8913 , -0.271245 , 0.0208854 , -0.0338201 , -0.137366 , 0.00999208 , -0.0145535
17.9248 , -0.236878 , 0.013709 , -0.0316243 , -0.133204 , 0.0113303 , -0.0133634
17.9577 , -0.226418 , 0.0135621 , -0.0314031 , -0.128166 , 0.0118166 , -0.0128452
