481

0.022631 , 0.035176 , 0.0556954 , -0.0570762 , 0.0385778 , 0.0540514 , -0.0555305
0.05421 , 0.035173 , 0.055694 , -0.057075 , 0.0398979 , 0.0584431 , -0.0347398
0.089463 , 0.0351716 , 0.0556945 , -0.0570701 , 0.056713 , 0.0529915 , -0.0395704
0.124849 , 0.0351739 , 0.055697 , -0.0570656 , 0.051692 , 0.0485479 , -0.0191085
0.159566 , 0.035176 , 0.0557012 , -0.0570634 , 0.0510579 , 0.0506194 , -0.0271784
0.191347 , 0.035176 , 0.0557012 , -0.0570634 , 0.0497378 , 0.0501959 , -0.0328779
0.227692 , 0.035176 , 0.0557012 , -0.0570634 , 0.0495199 , 0.0508947 , -0.0328172
0.264095 , 0.035176 , 0.0557012 , -0.0570634 , 0.0499601 , 0.05175 , -0.0305171
0.313601 , 0.035176 , 0.0557012 , -0.0570634 , 0.0534626 , 0.0526956 , -0.0291375
0.351095 , 0.035176 , 0.0557012 , -0.0570634 , 0.0593498 , 0.0535976 , -0.0293531
0.395899 , 0.035174 , 0.0557012 , -0.0570634 , 0.06514 , 0.0542435 , -0.0300944
0.434643 , 0.035174 , 0.0557032 , -0.0570633 , 0.0687942 , 0.0545006 , -0.0304758
0.480169 , 0.035174 , 0.0557032 , -0.0570633 , 0.0699393 , 0.0543268 , -0.0302838
0.514005 , 0.035174 , 0.0557032 , -0.0570633 , 0.0688808 , 0.0537313 , -0.0298838
0.553437 , 0.035174 , 0.0557032 , -0.0570633 , 0.0664877 , 0.0528617 , -0.0295975
0.601987 , 0.035174 , 0.0557032 , -0.0570633 , 0.0636859 , 0.0520172 , -0.0294868
0.654827 , 0.035174 , 0.0557032 , -0.0570633 , 0.0611341 , 0.0515091 , -0.0293901
0.705118 , 0.035174 , 0.0557032 , -0.0570633 , 0.0591331 , 0.0515078 , -0.0293422
0.754749 , 0.035174 , 0.0557032 , -0.0570633 , 0.0577741 , 0.0519397 , -0.0292537
0.804009 , 0.035174 , 0.0557032 , -0.0570633 , 0.0570852 , 0.0526213 , -0.029187
0.854191 , 0.035174 , 0.0557032 , -0.0570633 , 0.056925 , 0.0533041 , -0.029221
0.90654 , 0.035174 , 0.0557032 , -0.0570633 , 0.0571652 , 0.0537493 , -0.0292869
0.956428 , 0.0281681 , 0.0552723 , -0.0586378 , 0.045487 , 0.0494374 , -0.0333921
1.00578 , 0.0265521 , 0.0555978 , -0.0587909 , 0.0516588 , 0.0535459 , -0.0319601
1.05547 , 0.024626 , 0.0566434 , -0.0590528 , 0.0519748 , 0.054668 , -0.0308105
1.10546 , 0.0214981 , 0.0563088 , -0.0591988 , 0.0504592 , 0.0551105 , -0.0315973
1.15793 , 0.0190165 , 0.0573043 , -0.0589526 , 0.0511945 , 0.0570575 , -0.0319006
1.20819 , 0.0159774 , 0.0579468 , -0.0588087 , 0.0492927 , 0.0567415 , -0.031646
1.25762 , 0.0123861 , 0.05815 , -0.0586323 , 0.046254 , 0.0560317 , -0.0317595
1.30763 , 0.00823266 , 0.0583362 , -0.0587861 , 0.0435366 , 0.0551136 , -0.0323503
1.35286 , 0.00397375 , 0.0590413 , -0.0588578 , 0.0410953 , 0.0564377 , -0.0325281
1.38466 , -0.00142758 , 0.0604922 , -0.0579518 , 0.0338684 , 0.0572714 , -0.032551
1.41819 , -0.00938648 , 0.0608921 , -0.0571354 , 0.0304653 , 0.0592177 , -0.0317828
1.45416 , -0.0160961 , 0.0630227 , -0.0561813 , 0.0263956 , 0.0617669 , -0.0312701
1.49089 , -0.0234078 , 0.0653732 , -0.0555348 , 0.021105 , 0.0642324 , -0.0309372
1.53812 , -0.0309267 , 0.0665966 , -0.0541259 , 0.0107892 , 0.0671639 , -0.030854
1.57559 , -0.0422936 , 0.0708068 , -0.0533225 , 0.00608656 , 0.0718737 , -0.0301332
1.62539 , -0.054422 , 0.0762592 , -0.0513753 , -0.00401082 , 0.0764167 , -0.0293554
1.67533 , -0.0660801 , 0.0783618 , -0.0508833 , -0.0136657 , 0.0804387 , -0.0288662
1.72185 , -0.0882531 , 0.0798997 , -0.0491607 , -0.0309358 , 0.0828968 , -0.0293083
1.75384 , -0.0966318 , 0.0862595 , -0.0485389 , -0.0346406 , 0.0889477 , -0.0286538
1.78536 , -0.108654 , 0.093331 , -0.0471428 , -0.0439543 , 0.0968027 , -0.0288786
1.8179 , -0.122032 , 0.0990198 , -0.0450147 , -0.0597082 , 0.100496 , -0.0277103
1.85434 , -0.140608 , 0.106341 , -0.0426518 , -0.0794442 , 0.105022 , -0.0256687
1.88539 , -0.166136 , 0.111079 , -0.0394649 , -0.0904072 , 0.116479 , -0.0249153
1.92233 , -0.180186 , 0.119932 , -0.037998 , -0.103153 , 0.12541 , -0.02463
1.95375 , -0.200337 , 0.128174 , -0.0361571 , -0.129769 , 0.128531 , -0.0248236
1.98606 , -0.230996 , 0.130773 , -0.0339766 , -0.142342 , 0.135591 , -0.0227008
2.01942 , -0.245454 , 0.137433 , -0.0307232 , -0.153692 , 0.140797 , -0.0205314
2.0564 , -0.263157 , 0.140868 , -0.0281877 , -0.17451 , 0.140438 , -0.0199513
2.09765 , -0.289252 , 0.139336 , -0.0262283 , -0.185649 , 0.147778 , -0.018852
2.14029 , -0.306385 , 0.1467 , -0.025331 , -0.19909 , 0.152617 , -0.0195488
2.18173 , -0.329853 , 0.151251 , -0.0253726 , -0.216207 , 0.150764 , -0.019371
2.22431 , -0.351743 , 0.150239 , -0.025044 , -0.234782 , 0.150319 , -0.0194419
2.25992 , -0.371635 , 0.15246 , -0.0249445 , -0.248708 , 0.151474 , -0.0189559
2.2939 , -0.392444 , 0.147744 , -0.0230243 , -0.261609 , 0.149282 , -0.0177069
2.33194 , -0.422277 , 0.148365 , -0.0233862 , -0.285304 , 0.149439 , -0.0192127
2.37481 , -0.443665 , 0.148773 , -0.0222615 , -0.298211 , 0.147745 , -0.0169112
2.40984 , -0.469441 , 0.146229 , -0.0221718 , -0.320343 , 0.144691 , -0.0178465
2.44123 , -0.49534 , 0.1459 , -0.0223624 , -0.342324 , 0.144261 , -0.0187632
2.47252 , -0.53006 , 0.145311 , -0.0230316 , -0.370544 , 0.14527 , -0.0195205
2.50898 , -0.548409 , 0.142415 , -0.0204122 , -0.383102 , 0.145415 , -0.0152673
2.54055 , -0.581921 , 0.143813 , -0.0191186 , -0.408258 , 0.149051 , -0.0174956
2.57348 , -0.629218 , 0.144814 , -0.0174618 , -0.451459 , 0.147446 , -0.0172191
2.60669 , -0.648152 , 0.148615 , -0.0170491 , -0.463648 , 0.150405 , -0.0141272
2.64226 , -0.679051 , 0.149878 , -0.0152979 , -0.490104 , 0.154483 , -0.0140304
2.67679 , -0.734865 , 0.151444 , -0.013807 , -0.541989 , 0.15502 , -0.0125211
2.7112 , -0.754749 , 0.152972 , -0.0130504 , -0.552697 , 0.15682 , -0.00820838
2.7458 , -0.784275 , 0.154378 , -0.00881551 , -0.601532 , 0.154611 , -0.00111386
2.77755 , -0.846747 , 0.155096 , 0.00184978 , -0.632244 , 0.158382 , 0.00257651
2.80891 , -0.870753 , 0.159076 , 0.00326903 , -0.65561 , 0.163098 , 0.00556214
2.84656 , -0.944225 , 0.168014 , 0.00793118 , -0.715162 , 0.169058 , 0.00821317
2.88099 , -0.963857 , 0.168302 , 0.00826536 , -0.723085 , 0.174969 , 0.009225
2.91231 , -0.989706 , 0.173094 , 0.0083449 , -0.766509 , 0.182805 , 0.00598566
2.94339 , -1.05097 , 0.180859 , 0.00783042 , -0.796772 , 0.187342 , 0.0073188
2.97659 , -1.07654 , 0.185579 , 0.00697161 , -0.84723 , 0.199725 , 0.00226594
3.01233 , -1.14099 , 0.194761 , 0.00274001 , -0.874895 , 0.203017 , 0.00367148
3.04672 , -1.16315 , 0.196996 , 0.00256346 , -0.891058 , 0.20919 , 0.00396223
3.08255 , -1.19413 , 0.203305 , 0.00045343 , -0.945778 , 0.221409 , -0.00317511
3.11391 , -1.26189 , 0.210396 , -0.00442689 , -0.97245 , 0.228174 , -0.00525075
3.14474 , -1.28464 , 0.213653 , -0.00562891 , -0.989481 , 0.230619 , -0.00596759
3.17713 , -1.31231 , 0.219357 , -0.00534931 , -1.00712 , 0.236906 , -0.00557905
3.21056 , -1.3542 , 0.228584 , -0.00430178 , -1.06356 , 0.246244 , -0.0103783
3.24637 , -1.40946 , 0.231489 , -0.00487847 , -1.08902 , 0.252269 , -0.00463139
3.28115 , -1.43334 , 0.234707 , -0.00370253 , -1.11568 , 0.256845 , -0.00425373
3.31615 , -1.58248 , 0.291849 , -0.217406 , -1.17619 , 0.380147 , -0.197287
3.35078 , -1.61097 , 0.287757 , -0.237134 , -1.2403 , 0.367374 , -0.21504
3.38591 , -1.64117 , 0.282716 , -0.250071 , -1.28498 , 0.351744 , -0.22515
3.43286 , -1.6771 , 0.27203 , -0.264598 , -1.3147 , 0.358956 , -0.241813
3.46426 , -1.70992 , 0.267976 , -0.273379 , -1.34992 , 0.365525 , -0.258899
3.49566 , -1.74323 , 0.25654 , -0.276785 , -1.36601 , 0.380986 , -0.272807
3.53722 , -1.78162 , 0.255063 , -0.28146 , -1.336 , 0.324783 , -0.117617
3.58664 , -1.73026 , 0.238802 , -0.096099 , -1.35508 , 0.300166 , -0.0879286
3.63078 , -1.75333 , 0.246944 , -0.0715741 , -1.37885 , 0.297815 , -0.0815038
3.66986 , -1.7903 , 0.258817 , -0.0466265 , -1.4088 , 0.297406 , -0.0584457
3.71637 , -1.80933 , 0.257975 , -0.0435553 , -1.42325 , 0.30664 , -0.0464239
3.75127 , -1.83801 , 0.267331 , -0.034274 , -1.43989 , 0.305242 , -0.0409926
3.78518 , -1.88227 , 0.279547 , -0.0193856 , -1.47328 , 0.300943 , -0.0229948
3.81678 , -1.90687 , 0.285831 , -0.0176082 , -1.41404 , 0.320488 , 0.0129432
3.84972 , -1.85631 , 0.2898 , 0.0137163 , -1.41421 , 0.317274 , 0.00572921
3.88314 , -1.85236 , 0.296626 , 0.0162052 , -1.42437 , 0.307426 , 0.0113263
3.91645 , -1.87104 , 0.297424 , 0.0149743 , -1.4454 , 0.316144 , 0.0112547
3.95005 , -1.8898 , 0.300519 , 0.0135812 , -1.45565 , 0.321287 , 0.0248923
3.98429 , -1.90172 , 0.316888 , 0.0320795 , -1.51811 , 0.303215 , 0.0470554
4.01769 , -2.01753 , 0.344715 , 0.027424 , -1.54659 , 0.35791 , 0.0324797
4.05088 , -2.03377 , 0.348749 , 0.0258614 , -1.57468 , 0.36688 , 0.0313338
4.08368 , -2.04961 , 0.354612 , 0.0238536 , -1.59987 , 0.361772 , 0.0296232
4.11816 , -2.0634 , 0.360442 , 0.0233858 , -1.58263 , 0.370206 , 0.069279
4.15102 , -2.05897 , 0.388583 , 0.0584224 , -1.57998 , 0.376633 , 0.0721236
4.18479 , -2.07112 , 0.39212 , 0.0556603 , -1.57952 , 0.381204 , 0.0875587
4.21803 , -2.03287 , 0.40779 , 0.0790711 , -1.53195 , 0.372249 , 0.114184
4.25225 , -2.04065 , 0.410093 , 0.0760968 , -1.54427 , 0.37863 , 0.108249
4.28519 , -2.04682 , 0.411863 , 0.0744025 , -1.54683 , 0.381898 , 0.106995
4.31923 , -2.05041 , 0.412963 , 0.0739493 , -1.55206 , 0.382422 , 0.111216
4.35222 , -2.0822 , 0.421853 , 0.071479 , -1.60591 , 0.390381 , 0.103222
4.38596 , -2.08242 , 0.421827 , 0.0721358 , -1.61165 , 0.396888 , 0.0977328
4.42468 , -2.09472 , 0.423332 , 0.0759949 , -1.6039 , 0.400414 , 0.101235
4.47485 , -2.08979 , 0.423157 , 0.0771825 , -1.59311 , 0.391368 , 0.110457
4.52527 , -2.08192 , 0.421294 , 0.08061 , -1.59134 , 0.387892 , 0.117595
4.57575 , -2.07153 , 0.417228 , 0.0866231 , -1.50003 , 0.378195 , 0.139929
4.62589 , -1.96192 , 0.389971 , 0.111608 , -1.46849 , 0.346924 , 0.13846
4.6761 , -1.95074 , 0.384885 , 0.113802 , -1.47095 , 0.331158 , 0.141734
4.72649 , -1.93799 , 0.37814 , 0.116571 , -1.47117 , 0.33119 , 0.145151
4.77587 , -1.92431 , 0.370675 , 0.118499 , -1.46361 , 0.330634 , 0.144098
4.81404 , -1.90955 , 0.362532 , 0.119789 , -1.45109 , 0.326581 , 0.14042
4.86075 , -1.89425 , 0.352156 , 0.119012 , -1.43808 , 0.314722 , 0.124438
4.91129 , -1.87759 , 0.334112 , 0.106987 , -1.42155 , 0.305754 , 0.119446
4.96153 , -1.86075 , 0.329761 , 0.105764 , -1.40771 , 0.302915 , 0.11804
5.00763 , -1.84248 , 0.322619 , 0.10393 , -1.38799 , 0.294277 , 0.106619
5.04075 , -1.81918 , 0.308161 , 0.091729 , -1.36613 , 0.288489 , 0.101084
5.07381 , -1.79326 , 0.29459 , 0.0834236 , -1.34371 , 0.284021 , 0.0934106
5.10726 , -1.76963 , 0.287259 , 0.0747103 , -1.4 , 0.279764 , 0.0615713
5.14053 , -1.82426 , 0.293837 , 0.0490331 , -1.40037 , 0.294573 , 0.0586518
5.17457 , -1.80227 , 0.289597 , 0.0474353 , -1.37473 , 0.299273 , 0.053035
5.20815 , -1.7783 , 0.284188 , 0.0438446 , -1.34744 , 0.291222 , 0.0450478
5.24137 , -1.74743 , 0.275623 , 0.0370872 , -1.32045 , 0.282359 , 0.0392412
5.27529 , -1.71328 , 0.266368 , 0.0324621 , -1.28927 , 0.274092 , 0.0351097
5.30794 , -1.67769 , 0.256382 , 0.0231616 , -1.26009 , 0.266413 , 0.0285992
5.34312 , -1.63989 , 0.2486 , 0.0133903 , -1.22911 , 0.263047 , 0.0188896
5.37673 , -1.59631 , 0.241711 , -0.00124778 , -1.19043 , 0.257997 , 0.00512536
5.4121 , -1.57002 , 0.240825 , -0.00385775 , -1.17198 , 0.25213 , -0.0014455
5.44779 , -1.60938 , 0.27924 , -0.237035 , -1.15425 , 0.367775 , -0.199279
5.48468 , -1.57943 , 0.277491 , -0.239917 , -1.16856 , 0.361118 , -0.210282
5.52643 , -1.45448 , 0.225984 , -0.101566 , -1.12554 , 0.248882 , -0.0768578
5.56418 , -1.41552 , 0.2219 , -0.0830909 , -1.04598 , 0.238676 , -0.0599675
5.60346 , -1.37863 , 0.216106 , -0.069937 , -0.987994 , 0.257623 , -0.0559616
5.64457 , -1.34294 , 0.211488 , -0.0643885 , -0.962877 , 0.255297 , -0.0568129
5.68026 , -1.27216 , 0.216043 , -0.0847205 , -0.906089 , 0.250937 , -0.0735815
5.71339 , -1.24523 , 0.206682 , -0.0785282 , -0.885286 , 0.22918 , -0.0701936
5.74919 , -1.26675 , 0.288855 , -0.221177 , -0.803855 , 0.2318 , -0.0769538
5.78586 , -1.1399 , 0.195195 , -0.081331 , -0.775872 , 0.204948 , -0.0650382
5.83202 , -1.10556 , 0.189649 , -0.0776039 , -0.732374 , 0.204951 , -0.0601753
5.86434 , -1.04519 , 0.188836 , -0.0770586 , -0.681886 , 0.216096 , -0.0645667
5.89716 , -0.994463 , 0.185975 , -0.085408 , -0.653944 , 0.213862 , -0.0679537
5.92974 , -0.952602 , 0.184682 , -0.0922248 , -0.623789 , 0.206681 , -0.0747165
5.96608 , -0.926692 , 0.180104 , -0.0923274 , -0.597248 , 0.200223 , -0.0784658
5.99803 , -0.866993 , 0.184431 , -0.103735 , -0.551494 , 0.202072 , -0.0801443
6.02924 , -0.842082 , 0.178932 , -0.10164 , -0.529544 , 0.200323 , -0.079823
6.06244 , -0.778075 , 0.19015 , -0.113249 , -0.476948 , 0.209046 , -0.0814961
6.10299 , -0.754451 , 0.183317 , -0.111432 , -0.461462 , 0.206393 , -0.0838372
6.14976 , -0.725101 , 0.182581 , -0.113372 , -0.416465 , 0.214796 , -0.0862722
6.18692 , -0.671826 , 0.188342 , -0.116649 , -0.392746 , 0.212621 , -0.0869126
6.2389 , -0.64693 , 0.187308 , -0.117226 , -0.369843 , 0.209032 , -0.0840252
6.28684 , -0.595947 , 0.195653 , -0.118649 , -0.334343 , 0.213022 , -0.0815977
6.33562 , -0.572146 , 0.195058 , -0.117278 , -0.321428 , 0.212806 , -0.0819569
6.37663 , -0.524857 , 0.204353 , -0.115042 , -0.291002 , 0.217492 , -0.0781503
6.42197 , -0.500842 , 0.201459 , -0.112375 , -0.279455 , 0.215597 , -0.0760286
6.47178 , -0.449406 , 0.210657 , -0.110293 , -0.24518 , 0.223081 , -0.073061
6.52098 , -0.428099 , 0.210978 , -0.107964 , -0.235459 , 0.221961 , -0.073474
6.55254 , -0.398896 , 0.211955 , -0.103884 , -0.199243 , 0.229851 , -0.0682286
6.58636 , -0.356239 , 0.216666 , -0.101007 , -0.18927 , 0.227246 , -0.0672959
6.62071 , -0.33204 , 0.216239 , -0.0974874 , -0.170302 , 0.224738 , -0.0634435
6.65228 , -0.284631 , 0.21658 , -0.0889186 , -0.14208 , 0.221821 , -0.0580453
6.68837 , -0.267398 , 0.212204 , -0.0877743 , -0.139004 , 0.215732 , -0.0595604
6.7197 , -0.245789 , 0.205536 , -0.0852622 , -0.120303 , 0.209231 , -0.0570625
6.75073 , -0.222924 , 0.199317 , -0.0832454 , -0.112364 , 0.198046 , -0.0568579
6.78394 , -0.20252 , 0.186735 , -0.0807471 , -0.098831 , 0.187858 , -0.0559459
6.81746 , -0.182412 , 0.180858 , -0.0808157 , -0.0879042 , 0.179026 , -0.0562015
6.85293 , -0.16714 , 0.171944 , -0.0796813 , -0.0762948 , 0.169819 , -0.0548936
6.88749 , -0.149417 , 0.163883 , -0.0781811 , -0.0704581 , 0.162129 , -0.0546688
6.92236 , -0.134628 , 0.154561 , -0.0768292 , -0.0608246 , 0.153243 , -0.0538977
6.95461 , -0.123852 , 0.145513 , -0.0763122 , -0.0447338 , 0.146013 , -0.0524429
6.98686 , -0.101041 , 0.137732 , -0.074911 , -0.0407219 , 0.138124 , -0.0528105
7.02196 , -0.0963305 , 0.129874 , -0.0744366 , -0.0373227 , 0.131069 , -0.0524572
7.0529 , -0.0915602 , 0.125066 , -0.0739109 , -0.0350087 , 0.125726 , -0.0516485
7.09316 , -0.0858092 , 0.121385 , -0.0725279 , -0.0331505 , 0.121789 , -0.0507866
7.14253 , -0.0812687 , 0.116928 , -0.071701 , -0.029818 , 0.117946 , -0.0498612
7.1924 , -0.0751745 , 0.112699 , -0.0717268 , -0.0245065 , 0.113679 , -0.0495256
7.24376 , -0.0698691 , 0.111009 , -0.0718338 , -0.0224115 , 0.110119 , -0.0497203
7.28911 , -0.0668048 , 0.104391 , -0.070678 , -0.0190056 , 0.104712 , -0.0490848
7.3222 , -0.062858 , 0.101666 , -0.0709255 , -0.0174197 , 0.101569 , -0.04799
7.35525 , -0.0615889 , 0.101708 , -0.0708657 , -0.014856 , 0.100756 , -0.0465108
7.39058 , -0.0581963 , 0.100365 , -0.0702505 , -0.0129538 , 0.10019 , -0.0459642
7.42848 , -0.0569613 , 0.0968162 , -0.0695911 , -0.010287 , 0.0980879 , -0.0461634
7.48143 , -0.0560429 , 0.0954762 , -0.0690704 , -0.00986712 , 0.0968507 , -0.045944
7.53095 , -0.0558759 , 0.0939868 , -0.068687 , -0.00927041 , 0.0951682 , -0.044834
7.58064 , -0.0548811 , 0.0943432 , -0.0683877 , -0.00934133 , 0.0935026 , -0.0440929
7.62927 , -0.0553938 , 0.0924269 , -0.0681863 , -0.00786754 , 0.0937978 , -0.0436476
7.68005 , -0.05611 , 0.0935932 , -0.0682847 , -0.00780444 , 0.0938592 , -0.043544
7.72881 , -0.0575229 , 0.094219 , -0.0684319 , -0.00771746 , 0.0953239 , -0.0435849
7.7606 , -0.0591124 , 0.0950103 , -0.0685368 , -0.0101653 , 0.096581 , -0.0432877
7.79434 , -0.0630778 , 0.096084 , -0.068592 , -0.00947005 , 0.10021 , -0.0424456
7.828 , -0.0677105 , 0.0983395 , -0.0689744 , -0.0119471 , 0.0997714 , -0.0431224
7.86332 , -0.0744034 , 0.100005 , -0.0696235 , -0.0169958 , 0.102396 , -0.0435141
7.90299 , -0.0832783 , 0.102447 , -0.0700713 , -0.0224144 , 0.105154 , -0.0430525
7.94629 , -0.0954675 , 0.10631 , -0.0703579 , -0.0352556 , 0.110769 , -0.0435187
7.98462 , -0.11268 , 0.110635 , -0.0711835 , -0.0460406 , 0.117185 , -0.0443916
8.02967 , -0.146373 , 0.115922 , -0.076189 , -0.0749377 , 0.123571 , -0.0479046
8.06557 , -0.158686 , 0.123041 , -0.0753818 , -0.0784876 , 0.131359 , -0.0476043
8.11359 , -0.1788 , 0.131942 , -0.0786207 , -0.0943204 , 0.140543 , -0.0503212
8.14945 , -0.218523 , 0.139728 , -0.082993 , -0.1276 , 0.152997 , -0.0568602
8.19622 , -0.233061 , 0.155379 , -0.0836148 , -0.136 , 0.16696 , -0.0577143
8.22666 , -0.259674 , 0.164803 , -0.086719 , -0.161588 , 0.174908 , -0.0604266
8.2627 , -0.305792 , 0.168418 , -0.0921747 , -0.201745 , 0.179558 , -0.0658384
8.29539 , -0.326161 , 0.171042 , -0.0909629 , -0.212419 , 0.183237 , -0.0652304
8.33076 , -0.350921 , 0.169284 , -0.0913687 , -0.232936 , 0.182414 , -0.0668412
8.36601 , -0.394578 , 0.17301 , -0.0968727 , -0.262672 , 0.185314 , -0.0738443
8.40207 , -0.419994 , 0.17421 , -0.0976602 , -0.290845 , 0.182898 , -0.0749038
8.44912 , -0.456621 , 0.175005 , -0.100683 , -0.320075 , 0.185869 , -0.077612
8.48559 , -0.513554 , 0.175364 , -0.106103 , -0.367653 , 0.186741 , -0.083671
8.53332 , -0.540331 , 0.177304 , -0.108123 , -0.389524 , 0.191159 , -0.0841049
8.56914 , -0.576869 , 0.176356 , -0.109796 , -0.439883 , 0.183896 , -0.0848282
8.62414 , -0.643246 , 0.170508 , -0.106659 , -0.468374 , 0.184777 , -0.0848602
8.67318 , -0.673348 , 0.171425 , -0.104422 , -0.499968 , 0.183945 , -0.0796719
8.72377 , -0.716597 , 0.17233 , -0.0991934 , -0.559188 , 0.180104 , -0.0744191
8.77302 , -0.786804 , 0.16837 , -0.0920553 , -0.59732 , 0.18444 , -0.074966
8.82309 , -0.831304 , 0.171981 , -0.0863436 , -0.66936 , 0.180172 , -0.0641361
8.87557 , -0.906062 , 0.168641 , -0.0734511 , -0.69881 , 0.191468 , -0.057853
8.92285 , -0.942295 , 0.177255 , -0.0740773 , -0.749958 , 0.194146 , -0.0512996
8.97312 , -1.0158 , 0.180277 , -0.0642603 , -0.786543 , 0.198412 , -0.0510759
9.02168 , -1.09261 , 0.184232 , -0.0471818 , -0.857253 , 0.198052 , -0.0379077
9.06893 , -1.11978 , 0.188057 , -0.0489912 , -0.900527 , 0.207348 , -0.0296259
9.10506 , -1.19524 , 0.19397 , -0.0400609 , -0.934192 , 0.214942 , -0.0303832
9.14091 , -1.22638 , 0.200003 , -0.0421002 , -0.990113 , 0.224241 , -0.027476
9.18401 , -1.30735 , 0.209773 , -0.0345384 , -1.028 , 0.230492 , -0.0257711
9.2197 , -1.37659 , 0.217211 , -0.0299568 , -1.08454 , 0.234799 , -0.0231556
9.25157 , -1.40951 , 0.221221 , -0.0324791 , -1.11078 , 0.244614 , -0.0233787
9.28333 , -1.46085 , 0.226461 , -0.0353961 , -1.15403 , 0.253136 , -0.0281898
9.32048 , -1.516 , 0.22946 , -0.0391738 , -1.19678 , 0.25829 , -0.0326066
9.3532 , -1.56341 , 0.232089 , -0.0428399 , -1.24005 , 0.264203 , -0.0398926
9.38433 , -1.61623 , 0.234451 , -0.0470025 , -1.28111 , 0.268155 , -0.0455737
9.42045 , -1.66615 , 0.235327 , -0.0531517 , -1.31249 , 0.269899 , -0.0478377
9.45134 , -1.70262 , 0.23749 , -0.0560964 , -1.35182 , 0.273457 , -0.0508244
9.48487 , -1.75026 , 0.24062 , -0.0588347 , -1.39495 , 0.279576 , -0.0516522
9.51942 , -1.81042 , 0.247052 , -0.053098 , -1.35044 , 0.298472 , -0.0264729
9.55183 , -1.76506 , 0.247039 , -0.0330552 , -1.35387 , 0.279856 , -0.0351734
9.58844 , -1.79056 , 0.247699 , -0.0425883 , -1.38857 , 0.26702 , -0.0352287
9.61923 , -1.9283 , 0.270275 , -0.037552 , -1.48052 , 0.285767 , -0.0275131
9.65244 , -1.94963 , 0.27388 , -0.0385168 , -1.55232 , 0.309067 , -0.024623
9.68831 , -1.97298 , 0.280175 , -0.0406232 , -1.58066 , 0.318571 , -0.0311564
9.72165 , -1.99569 , 0.285165 , -0.0395798 , -1.58601 , 0.320677 , -0.0343974
9.75617 , -2.0196 , 0.292279 , -0.0385379 , -1.59453 , 0.32271 , -0.0334029
9.78684 , -2.02826 , 0.308808 , -0.026805 , -1.59875 , 0.324544 , -0.0163593
9.8217 , -2.04582 , 0.309702 , -0.0237152 , -1.60713 , 0.332744 , -0.0129764
9.85652 , -2.06489 , 0.315018 , -0.0232429 , -1.61027 , 0.335241 , -0.00875089
9.88798 , -2.08213 , 0.321076 , -0.0211768 , -1.62017 , 0.335798 , -0.00395816
9.92387 , -2.09848 , 0.327681 , -0.0190621 , -1.63472 , 0.339758 , 0.000105053
9.95489 , -2.11355 , 0.334501 , -0.0166237 , -1.6469 , 0.347297 , 0.00220829
9.98809 , -2.12625 , 0.345139 , -0.0128889 , -1.65589 , 0.356309 , 0.00815498
10.0238 , -2.13592 , 0.3563 , -0.00694455 , -1.66236 , 0.363327 , 0.0173829
10.0554 , -2.14313 , 0.3654 , 0.000182854 , -1.66804 , 0.368307 , 0.0274071
10.0918 , -2.14759 , 0.377053 , 0.00845149 , -1.66936 , 0.372288 , 0.0360537
10.126 , -2.15366 , 0.384158 , 0.0123397 , -1.66629 , 0.377561 , 0.0418126
10.1603 , -2.1564 , 0.396651 , 0.0177328 , -1.66689 , 0.386425 , 0.049374
10.1952 , -2.10054 , 0.413421 , 0.0530932 , -1.63402 , 0.371868 , 0.100873
10.2266 , -2.13828 , 0.428011 , 0.0563297 , -1.6655 , 0.390926 , 0.102198
10.2592 , -2.09614 , 0.430673 , 0.0747399 , -1.63548 , 0.38118 , 0.114582
10.2918 , -2.13355 , 0.438191 , 0.063523 , -1.64269 , 0.396165 , 0.108696
10.3251 , -2.13376 , 0.438489 , 0.0632771 , -1.62019 , 0.401193 , 0.10478
10.3589 , -2.12978 , 0.438486 , 0.0642142 , -1.59902 , 0.396506 , 0.108062
10.3907 , -2.12403 , 0.437661 , 0.0661237 , -1.59615 , 0.394006 , 0.112242
10.4284 , -2.11534 , 0.434688 , 0.0711242 , -1.59914 , 0.395176 , 0.115955
10.4598 , -2.10638 , 0.430164 , 0.0761422 , -1.60457 , 0.389526 , 0.121575
10.4987 , -2.09602 , 0.424588 , 0.0805132 , -1.60257 , 0.380881 , 0.125407
10.5506 , -2.08524 , 0.418445 , 0.0838751 , -1.59608 , 0.372191 , 0.127428
10.6032 , -2.07294 , 0.411515 , 0.0876011 , -1.58841 , 0.364858 , 0.12919
10.6525 , -2.086 , 0.404349 , 0.0836308 , -1.60078 , 0.364189 , 0.123466
10.7029 , -2.07155 , 0.399914 , 0.0864104 , -1.59215 , 0.358622 , 0.123632
10.7499 , -2.05517 , 0.393682 , 0.0885056 , -1.58861 , 0.352906 , 0.12422
10.7958 , -2.03658 , 0.385136 , 0.0910969 , -1.57998 , 0.349827 , 0.123224
10.828 , -2.01823 , 0.378483 , 0.0907195 , -1.55867 , 0.34739 , 0.12064
10.8624 , -1.99714 , 0.373382 , 0.0920667 , -1.53465 , 0.337691 , 0.118258
10.8969 , -1.97165 , 0.361102 , 0.0904795 , -1.51011 , 0.325211 , 0.119475
10.9311 , -1.94877 , 0.356848 , 0.0898244 , -1.48876 , 0.319493 , 0.115989
10.9623 , -1.91991 , 0.347716 , 0.0875023 , -1.46286 , 0.313553 , 0.11033
11.0009 , -1.88972 , 0.339661 , 0.0841265 , -1.4435 , 0.310344 , 0.107341
11.0503 , -1.85692 , 0.330643 , 0.0829525 , -1.41972 , 0.307896 , 0.102507
11.0825 , -1.82175 , 0.323298 , 0.0778681 , -1.39019 , 0.30083 , 0.0991327
11.1156 , -1.77872 , 0.310306 , 0.07559 , -1.35091 , 0.293118 , 0.0957682
11.1466 , -1.7502 , 0.310492 , 0.0732362 , -1.32093 , 0.283127 , 0.0918161
11.1821 , -1.68213 , 0.295312 , 0.0702759 , -1.26249 , 0.277527 , 0.0850938
11.2135 , -1.66506 , 0.295339 , 0.0650259 , -1.25317 , 0.267252 , 0.0835072
11.2463 , -1.63232 , 0.286827 , 0.0580602 , -1.23072 , 0.268915 , 0.0756415
11.2819 , -1.58551 , 0.274372 , 0.0501625 , -1.18709 , 0.265338 , 0.0643605
11.3164 , -1.5557 , 0.274615 , 0.0497547 , -1.1445 , 0.250831 , 0.0624679
11.3473 , -1.51144 , 0.26644 , 0.0479706 , -1.09799 , 0.239906 , 0.0580221
11.3804 , -1.46826 , 0.25637 , 0.0468876 , -1.05463 , 0.231228 , 0.0532191
11.4161 , -1.42353 , 0.245702 , 0.0442745 , -1.01648 , 0.220961 , 0.0492808
11.4476 , -1.37891 , 0.235379 , 0.0421899 , -0.977187 , 0.218894 , 0.035981
11.4842 , -1.33741 , 0.2308 , 0.0276881 , -0.938865 , 0.204766 , 0.0355577
11.5152 , -1.29082 , 0.215118 , 0.027189 , -0.898206 , 0.196566 , 0.0252997
11.5483 , -1.24802 , 0.205226 , 0.0194397 , -0.84707 , 0.19588 , 0.00914868
11.5856 , -1.17729 , 0.191963 , -0.0179389 , -0.796545 , 0.187396 , 0.00467061
11.618 , -1.15185 , 0.187912 , -0.0142873 , -0.787333 , 0.180843 , -0.0145189
11.6502 , -1.12231 , 0.185965 , -0.017887 , -0.734614 , 0.17519 , -0.0280657
11.6866 , -1.05921 , 0.178083 , -0.0219521 , -0.684471 , 0.183395 , -0.0374023
11.7179 , -1.00929 , 0.176802 , -0.0450193 , -0.643018 , 0.190664 , -0.0457262
11.7531 , -0.961222 , 0.177285 , -0.061603 , -0.6131 , 0.186674 , -0.0535869
11.7858 , -0.928126 , 0.176863 , -0.0699074 , -0.583502 , 0.180551 , -0.0602042
11.8167 , -0.872459 , 0.175686 , -0.0860204 , -0.538925 , 0.188012 , -0.0705281
11.8517 , -0.841901 , 0.172573 , -0.0890932 , -0.494188 , 0.19901 , -0.0802823
11.8855 , -0.7836 , 0.179983 , -0.102515 , -0.463675 , 0.197342 , -0.0845319
11.9189 , -0.725536 , 0.186263 , -0.115016 , -0.421417 , 0.202642 , -0.0883556
11.9522 , -0.697643 , 0.186572 , -0.116848 , -0.379051 , 0.215101 , -0.0950525
11.9913 , -0.641251 , 0.197655 , -0.127341 , -0.356415 , 0.215094 , -0.0961174
12.0404 , -0.61002 , 0.199523 , -0.129493 , -0.32427 , 0.225193 , -0.0973235
12.0933 , -0.563649 , 0.209046 , -0.134088 , -0.307449 , 0.227639 , -0.0977727
12.1418 , -0.528179 , 0.211372 , -0.133692 , -0.269557 , 0.240673 , -0.0957644
12.1881 , -0.478706 , 0.222915 , -0.134993 , -0.247502 , 0.24306 , -0.0944495
12.2206 , -0.443665 , 0.227119 , -0.133132 , -0.2252 , 0.248231 , -0.0927795
12.2533 , -0.403348 , 0.234371 , -0.131252 , -0.208776 , 0.247466 , -0.0906939
12.2948 , -0.362251 , 0.238582 , -0.124926 , -0.18273 , 0.250451 , -0.0854991
12.342 , -0.339349 , 0.236539 , -0.120319 , -0.16331 , 0.248846 , -0.0812568
12.3734 , -0.304429 , 0.237371 , -0.114258 , -0.151654 , 0.243215 , -0.0786865
12.4061 , -0.281747 , 0.232638 , -0.109285 , -0.128998 , 0.239195 , -0.0742651
12.4375 , -0.250733 , 0.229584 , -0.105584 , -0.122255 , 0.231643 , -0.0740533
12.4715 , -0.233153 , 0.219883 , -0.102535 , -0.109399 , 0.221196 , -0.0722443
12.5046 , -0.211345 , 0.207475 , -0.0992718 , -0.0987413 , 0.210926 , -0.0703329
12.5411 , -0.193959 , 0.200811 , -0.0964872 , -0.0900484 , 0.200038 , -0.0684794
12.5756 , -0.176384 , 0.192502 , -0.0934838 , -0.0827246 , 0.190581 , -0.0665095
12.6128 , -0.160414 , 0.184677 , -0.0889419 , -0.0773711 , 0.183162 , -0.0648149
12.6601 , -0.14755 , 0.178439 , -0.0850531 , -0.0667583 , 0.175658 , -0.0619128
12.6969 , -0.133773 , 0.168547 , -0.0816639 , -0.0648162 , 0.168526 , -0.0612837
12.7425 , -0.124007 , 0.161997 , -0.0799579 , -0.0610096 , 0.157504 , -0.060654
12.7767 , -0.116378 , 0.151062 , -0.0793523 , -0.0546147 , 0.151743 , -0.0599727
12.8119 , -0.107875 , 0.142241 , -0.0781236 , -0.052296 , 0.140576 , -0.059632
12.8452 , -0.0960865 , 0.136058 , -0.0758891 , -0.0455761 , 0.13505 , -0.0579909
12.878 , -0.0940023 , 0.129623 , -0.0748774 , -0.0447191 , 0.131366 , -0.0565734
12.9105 , -0.0892072 , 0.12731 , -0.0742128 , -0.0359336 , 0.13028 , -0.0542122
12.9462 , -0.0818681 , 0.128162 , -0.0726627 , -0.0370348 , 0.129997 , -0.0531652
12.9774 , -0.0786447 , 0.125794 , -0.0716931 , -0.0339548 , 0.127625 , -0.0513591
13.0085 , -0.0774355 , 0.126041 , -0.0710653 , -0.0276384 , 0.128052 , -0.0496538
13.0444 , -0.0708891 , 0.127511 , -0.069958 , -0.0263598 , 0.1273 , -0.0495136
13.0755 , -0.0700078 , 0.126029 , -0.0693688 , -0.0226225 , 0.124604 , -0.0475158
13.1086 , -0.0625705 , 0.122318 , -0.0673054 , -0.0220262 , 0.121873 , -0.046017
13.1441 , -0.0602182 , 0.120768 , -0.0672105 , -0.0209797 , 0.120155 , -0.0456702
13.1757 , -0.0511581 , 0.119112 , -0.0678411 , -0.0116888 , 0.118336 , -0.0450906
13.2123 , -0.0499577 , 0.114748 , -0.0669204 , -0.0125853 , 0.115552 , -0.0457118
13.2466 , -0.0459399 , 0.114971 , -0.0658228 , -0.00816126 , 0.113952 , -0.0434774
13.2776 , -0.0425867 , 0.112003 , -0.0633104 , -0.00252647 , 0.114272 , -0.0410833
13.3098 , -0.0378186 , 0.112654 , -0.0640701 , -0.00159646 , 0.112789 , -0.0399612
13.3453 , -0.0363114 , 0.11082 , -0.0641129 , -0.00164242 , 0.111888 , -0.0402986
13.3799 , -0.0340186 , 0.107375 , -0.063389 , -0.00115794 , 0.11153 , -0.0403489
13.4165 , -0.0321685 , 0.107423 , -0.0636634 , 0.00212048 , 0.110086 , -0.0389799
13.4638 , -0.0307858 , 0.106077 , -0.0632178 , 0.00296231 , 0.108512 , -0.0379179
13.5031 , -0.0298925 , 0.105115 , -0.0634538 , 0.00475648 , 0.107323 , -0.0371658
13.5476 , -0.0298694 , 0.102565 , -0.0638249 , 0.00532238 , 0.105366 , -0.0369321
13.5786 , -0.0297814 , 0.101044 , -0.064361 , 0.0060616 , 0.102653 , -0.0363551
13.6162 , -0.0304969 , 0.101289 , -0.0646626 , 0.00649481 , 0.102777 , -0.0355154
13.6477 , -0.0314911 , 0.101013 , -0.0643379 , 0.00628254 , 0.101754 , -0.0347751
13.6789 , -0.0343735 , 0.101005 , -0.0639876 , 0.00559119 , 0.101612 , -0.0341173
13.7159 , -0.0385806 , 0.101678 , -0.0635737 , 0.00190728 , 0.103833 , -0.0337651
13.7514 , -0.0442617 , 0.102714 , -0.0633087 , -0.00128586 , 0.105426 , -0.0328212
13.7846 , -0.0525087 , 0.104315 , -0.0634841 , -0.00629347 , 0.108682 , -0.0321586
13.8178 , -0.0614756 , 0.107737 , -0.0639645 , -0.0126452 , 0.110777 , -0.0318699
13.8504 , -0.07364 , 0.109638 , -0.0647497 , -0.0231765 , 0.114092 , -0.0327602
13.8857 , -0.0883494 , 0.112663 , -0.06587 , -0.0330783 , 0.118794 , -0.0337366
13.9191 , -0.106471 , 0.118077 , -0.0675789 , -0.0460579 , 0.121472 , -0.0344989
13.9548 , -0.125647 , 0.123415 , -0.0680486 , -0.0639936 , 0.128313 , -0.0361205
13.9985 , -0.148904 , 0.128479 , -0.0696927 , -0.0811436 , 0.138156 , -0.0372898
14.0323 , -0.180286 , 0.137871 , -0.0710751 , -0.108542 , 0.148869 , -0.0396782
14.0661 , -0.208545 , 0.152668 , -0.073125 , -0.14534 , 0.162018 , -0.0419857
14.1016 , -0.255516 , 0.166004 , -0.0729476 , -0.168775 , 0.180076 , -0.041625
14.1327 , -0.289932 , 0.180411 , -0.0684414 , -0.208405 , 0.188666 , -0.0393042
14.1653 , -0.328919 , 0.186587 , -0.0651676 , -0.231682 , 0.196722 , -0.0345431
14.2049 , -0.364326 , 0.190586 , -0.0635052 , -0.267143 , 0.201956 , -0.0379638
14.2364 , -0.407452 , 0.19036 , -0.0634372 , -0.292604 , 0.202981 , -0.0398258
14.2675 , -0.446371 , 0.191364 , -0.0656009 , -0.318082 , 0.200118 , -0.0408897
14.2995 , -0.507745 , 0.17733 , -0.0657221 , -0.371346 , 0.192666 , -0.0452167
14.3333 , -0.539634 , 0.184719 , -0.067971 , -0.392089 , 0.194889 , -0.0462069
14.369 , -0.616188 , 0.175177 , -0.0643807 , -0.455813 , 0.188714 , -0.0454595
14.4012 , -0.651656 , 0.173264 , -0.0648737 , -0.479199 , 0.188153 , -0.0448083
14.4345 , -0.691614 , 0.17102 , -0.0649938 , -0.515631 , 0.183585 , -0.0460687
14.4715 , -0.769005 , 0.161335 , -0.0604734 , -0.583785 , 0.175991 , -0.0459941
14.5026 , -0.832866 , 0.153786 , -0.0474824 , -0.635493 , 0.168211 , -0.0320889
14.5357 , -0.874015 , 0.154007 , -0.0443159 , -0.661267 , 0.170465 , -0.0295961
14.5705 , -0.947833 , 0.150391 , -0.0338032 , -0.726885 , 0.16633 , -0.0231192
14.6059 , -0.975353 , 0.152643 , -0.0341239 , -0.77615 , 0.165976 , -0.0173391
14.6403 , -1.05682 , 0.156142 , -0.0246529 , -0.816911 , 0.171986 , -0.0159667
14.6794 , -1.13295 , 0.165092 , -0.0316932 , -0.887389 , 0.1837 , -0.020443
14.7234 , -1.16304 , 0.171288 , -0.0365726 , -0.936049 , 0.198301 , -0.0287286
14.7598 , -1.24246 , 0.1796 , -0.0420617 , -0.973406 , 0.206904 , -0.0286656
14.8072 , -1.3105 , 0.189043 , -0.0373398 , -1.028 , 0.213636 , -0.0260033
14.8411 , -1.35363 , 0.1924 , -0.0305993 , -1.05478 , 0.217971 , -0.022321
14.8725 , -1.39102 , 0.19381 , -0.0219295 , -1.14932 , 0.312644 , -0.182428
14.9033 , -1.5348 , 0.259517 , -0.228703 , -1.20992 , 0.338145 , -0.211121
14.942 , -1.5967 , 0.247135 , -0.251544 , -1.27191 , 0.343289 , -0.239874
14.9808 , -1.64152 , 0.241149 , -0.263047 , -1.28885 , 0.337668 , -0.243843
15.0268 , -1.68963 , 0.232794 , -0.26713 , -1.2693 , 0.281029 , -0.114632
15.0619 , -1.67005 , 0.212573 , -0.0832616 , -1.2877 , 0.254294 , -0.0744192
15.1116 , -1.70776 , 0.224701 , -0.0562938 , -1.32635 , 0.263448 , -0.051348
15.1607 , -1.75158 , 0.238746 , -0.0310001 , -1.37278 , 0.276106 , -0.0305715
15.2113 , -1.78362 , 0.240505 , -0.0246497 , -1.41322 , 0.280396 , -0.0133216
15.2446 , -1.82214 , 0.247184 , -0.0116655 , -1.44274 , 0.281689 , -0.00619682
15.2756 , -1.86033 , 0.254935 , -0.00458921 , -1.47431 , 0.280194 , -0.00428791
15.3129 , -1.89455 , 0.261082 , -0.000718389 , -1.50494 , 0.283129 , 0.000368096
15.3599 , -1.92861 , 0.268271 , 0.004508 , -1.5319 , 0.289075 , 0.0138871
15.3995 , -1.91649 , 0.284885 , 0.0263191 , -1.48966 , 0.279885 , 0.0454191
15.4495 , -1.95995 , 0.288298 , 0.0298134 , -1.43053 , 0.267718 , 0.0248544
15.4963 , -1.90372 , 0.270414 , -0.011003 , -1.48558 , 0.304836 , 0.0123564
15.5278 , -1.92453 , 0.273573 , -0.014661 , -1.50758 , 0.323318 , -0.0162564
15.5618 , -1.94452 , 0.279968 , -0.0175057 , -1.59714 , 0.323525 , -0.00370545
15.5927 , -2.01679 , 0.323853 , 0.034948 , -1.58032 , 0.353811 , 0.029613
15.625 , -2.03311 , 0.327615 , 0.0336912 , -1.58371 , 0.307754 , 0.0564692
15.6583 , -2.04913 , 0.333746 , 0.0314601 , -1.5594 , 0.318453 , 0.0882085
15.6948 , -2.04696 , 0.36645 , 0.0681511 , -1.60935 , 0.414959 , 0.08759
15.7253 , -2.06051 , 0.371332 , 0.0620568 , -1.60902 , 0.344994 , 0.101775
15.759 , -2.07058 , 0.377347 , 0.0581791 , -1.60079 , 0.311142 , 0.116207
15.7947 , -2.07845 , 0.38293 , 0.0548882 , -1.59502 , 0.347961 , 0.108179
15.8263 , -2.08354 , 0.386396 , 0.0537583 , -1.5963 , 0.389512 , 0.0930842
15.8627 , -2.08386 , 0.392516 , 0.0540898 , -1.60241 , 0.400981 , 0.0813723
15.8967 , -2.08519 , 0.394268 , 0.0533315 , -1.61128 , 0.390057 , 0.0786461
15.9276 , -2.08404 , 0.396652 , 0.0526335 , -1.62276 , 0.381432 , 0.0824215
15.9624 , -2.07952 , 0.397044 , 0.0545165 , -1.61813 , 0.377078 , 0.0933651
15.9968 , -2.07258 , 0.396566 , 0.0581322 , -1.60814 , 0.374961 , 0.100467
16.0278 , -2.06337 , 0.394838 , 0.0625204 , -1.59595 , 0.371533 , 0.104756
16.0612 , -2.05233 , 0.391543 , 0.068408 , -1.58177 , 0.368623 , 0.10705
16.0958 , -2.0405 , 0.387884 , 0.0731909 , -1.56777 , 0.362262 , 0.108605
16.1282 , -2.02817 , 0.38226 , 0.0779589 , -1.55761 , 0.349222 , 0.113455
16.165 , -2.01493 , 0.376356 , 0.0807949 , -1.54441 , 0.341808 , 0.11644
16.1953 , -2.00008 , 0.37054 , 0.0836946 , -1.53452 , 0.334588 , 0.126045
16.2288 , -1.99102 , 0.363613 , 0.0824067 , -1.58388 , 0.32038 , 0.125221
16.2635 , -2.00782 , 0.368057 , 0.0924378 , -1.5739 , 0.34204 , 0.119007
16.298 , -1.98949 , 0.364531 , 0.0950134 , -1.54196 , 0.347634 , 0.118806
16.3295 , -1.97037 , 0.358951 , 0.0976978 , -1.52568 , 0.332601 , 0.121196
16.3659 , -1.94982 , 0.352194 , 0.0999352 , -1.50694 , 0.314521 , 0.124024
16.3965 , -1.83941 , 0.318161 , 0.101634 , -1.52699 , 0.295651 , 0.113944
16.4301 , -1.91081 , 0.328693 , 0.0882952 , -1.47669 , 0.301641 , 0.110925
16.4657 , -1.88901 , 0.321226 , 0.0903922 , -1.44061 , 0.298465 , 0.108565
16.4974 , -1.86735 , 0.31575 , 0.0893335 , -1.43071 , 0.28801 , 0.106133
16.5344 , -1.83965 , 0.304706 , 0.0848536 , -1.42027 , 0.283183 , 0.0986456
16.5687 , -1.80889 , 0.294103 , 0.079958 , -1.39363 , 0.27788 , 0.0940713
16.6002 , -1.77495 , 0.284968 , 0.0713984 , -1.36316 , 0.272459 , 0.0876512
16.6315 , -1.7407 , 0.275732 , 0.0665815 , -1.32576 , 0.2657 , 0.0693865
16.6733 , -1.69798 , 0.266019 , 0.052358 , -1.29563 , 0.257836 , 0.0625707
16.7239 , -1.66446 , 0.257805 , 0.0468328 , -1.27003 , 0.253383 , 0.0551489
16.77 , -1.62458 , 0.242282 , 0.0348785 , -1.23511 , 0.248091 , 0.0396455
16.8009 , -1.57628 , 0.23386 , 0.0263627 , -1.19194 , 0.237672 , 0.0324557
16.8361 , -1.54053 , 0.22835 , 0.0231037 , -1.14767 , 0.229146 , 0.0237924
16.8725 , -1.49502 , 0.222257 , 0.0181092 , -1.11163 , 0.221875 , 0.0173379
16.9036 , -1.44114 , 0.207547 , 0.00719548 , -1.05972 , 0.214118 , 0.0136566
16.9387 , -1.40089 , 0.200176 , 0.00608861 , -1.01241 , 0.203474 , 0.00849602
16.9699 , -1.35459 , 0.193637 , 0.00393685 , -0.973333 , 0.19284 , 0.00680124
17.0038 , -1.28623 , 0.183734 , -0.00976622 , -0.915164 , 0.18947 , -0.0020676
17.0364 , -1.25366 , 0.176477 , -0.00795789 , -0.889221 , 0.181273 , -0.00443837
17.0691 , -1.18447 , 0.176595 , -0.0202262 , -0.819367 , 0.182336 , -0.0150589
17.1042 , -1.15579 , 0.170494 , -0.0194037 , -0.795236 , 0.174381 , -0.0169582
17.1404 , -1.11753 , 0.16678 , -0.0248529 , -0.743404 , 0.180365 , -0.0261422
17.1734 , -1.05978 , 0.165349 , -0.0349787 , -0.712443 , 0.175673 , -0.0326159
17.2059 , -1.00247 , 0.16274 , -0.0500618 , -0.643885 , 0.177813 , -0.0454066
17.2382 , -0.949532 , 0.162437 , -0.0600927 , -0.616748 , 0.175148 , -0.0522142
17.2705 , -0.916007 , 0.160355 , -0.0641977 , -0.582513 , 0.178358 , -0.0593048
17.3051 , -0.834321 , 0.168339 , -0.0833813 , -0.515427 , 0.1856 , -0.0682257
17.3414 , -0.80679 , 0.168529 , -0.0848022 , -0.494651 , 0.183224 , -0.071429
17.378 , -0.761033 , 0.171562 , -0.0894581 , -0.440171 , 0.196959 , -0.0764551
17.4245 , -0.706355 , 0.181494 , -0.097731 , -0.417039 , 0.195268 , -0.0782882
17.456 , -0.670158 , 0.181441 , -0.0991167 , -0.365846 , 0.207346 , -0.0821102
17.4933 , -0.614684 , 0.191902 , -0.106081 , -0.345642 , 0.206827 , -0.0841196
17.5388 , -0.579025 , 0.19495 , -0.108311 , -0.305521 , 0.220532 , -0.0841728
17.5719 , -0.52819 , 0.205525 , -0.112604 , -0.2903 , 0.220136 , -0.0844081
17.608 , -0.497795 , 0.208888 , -0.11518 , -0.252513 , 0.231666 , -0.083758
17.6407 , -0.449386 , 0.21843 , -0.117482 , -0.243216 , 0.229204 , -0.0833765
17.675 , -0.424308 , 0.218748 , -0.116685 , -0.229149 , 0.22819 , -0.0797987
17.7142 , -0.382719 , 0.226576 , -0.113417 , -0.200922 , 0.232348 , -0.075219
17.7561 , -0.359804 , 0.222702 , -0.109591 , -0.192256 , 0.232049 , -0.0745453
17.7907 , -0.311551 , 0.226952 , -0.102064 , -0.156921 , 0.232282 , -0.0662137
17.8235 , -0.297221 , 0.22319 , -0.0995424 , -0.159984 , 0.226833 , -0.0670536
17.8576 , -0.281615 , 0.218142 , -0.0963041 , -0.145436 , 0.221833 , -0.0637007
17.8913 , -0.262745 , 0.212554 , -0.0923056 , -0.121152 , 0.215507 , -0.05849
17.9248 , -0.228663 , 0.205193 , -0.0865624 , -0.116046 , 0.205593 , -0.0581098
17.9577 , -0.219077 , 0.197647 , -0.0855498 , -0.111401 , 0.198153 , -0.0576279
