481

0.022631 , -0.11191 , -0.00107662 , -0.083307 , -0.142212 , 0.00619045 , -0.0661857
0.05421 , -0.112026 , -0.00101889 , -0.0833694 , -0.108866 , 0.0202258 , -0.0382878
0.089463 , -0.112133 , -0.0009959 , -0.0834147 , -0.0734579 , 0.00976198 , -0.0781506
0.124849 , -0.112241 , -0.000986714 , -0.0834565 , -0.069831 , -0.010767 , -0.0591329
0.159566 , -0.112267 , -0.00098402 , -0.083468 , -0.0706868 , -0.00955239 , -0.0624851
0.191347 , -0.112267 , -0.00098402 , -0.083468 , -0.0794896 , -0.00505255 , -0.0645468
0.227692 , -0.112267 , -0.00098402 , -0.083468 , -0.0941177 , -0.00238147 , -0.0652345
0.264095 , -0.112267 , -0.00098402 , -0.083468 , -0.1075 , -0.00166305 , -0.0652326
0.313601 , -0.112267 , -0.00098402 , -0.083468 , -0.112204 , -0.00181167 , -0.0655719
0.351095 , -0.112269 , -0.000982191 , -0.08347 , -0.10776 , -0.0016802 , -0.066522
0.395899 , -0.112269 , -0.000982191 , -0.08347 , -0.098705 , -0.000526755 , -0.0673364
0.434643 , -0.112269 , -0.000982191 , -0.08347 , -0.0902738 , 0.00126151 , -0.0676411
0.480169 , -0.112269 , -0.000980194 , -0.0834701 , -0.0854767 , 0.00244047 , -0.0673042
0.514005 , -0.112269 , -0.000980194 , -0.0834701 , -0.0846688 , 0.00217639 , -0.0669729
0.553437 , -0.112269 , -0.000980194 , -0.0834701 , -0.0866626 , 0.000508259 , -0.0671502
0.601987 , -0.112269 , -0.000980194 , -0.0834701 , -0.089839 , -0.00159395 , -0.0677763
0.654827 , -0.112269 , -0.000980194 , -0.0834701 , -0.0928847 , -0.00301914 , -0.0685113
0.705118 , -0.112269 , -0.000980194 , -0.0834701 , -0.0951506 , -0.00322521 , -0.069217
0.754749 , -0.112269 , -0.000980194 , -0.0834701 , -0.0966088 , -0.00251852 , -0.0697159
0.804009 , -0.112269 , -0.000980194 , -0.0834701 , -0.0975924 , -0.00137984 , -0.0700778
0.854191 , -0.112269 , -0.000980194 , -0.0834701 , -0.0983954 , -0.000252753 , -0.0703283
0.90654 , -0.112269 , -0.000980194 , -0.0834701 , -0.099047 , 0.000375826 , -0.0702957
0.956428 , -0.102979 , 0.0025228 , -0.0822822 , -0.106252 , -0.00804126 , -0.06545
1.00578 , -0.10167 , 0.00398535 , -0.0816537 , -0.0964352 , 0.00573068 , -0.0671601
1.05547 , -0.099841 , 0.00494393 , -0.0811097 , -0.0856466 , 0.0102837 , -0.0690843
1.10546 , -0.0971099 , 0.00562438 , -0.0803999 , -0.0771261 , 0.0103701 , -0.0671429
1.15793 , -0.0945867 , 0.0059717 , -0.0803276 , -0.0719028 , 0.00950549 , -0.0657088
1.20819 , -0.0917355 , 0.00609366 , -0.0805131 , -0.0713044 , 0.00757486 , -0.066207
1.25762 , -0.0884032 , 0.00687429 , -0.0802659 , -0.0700598 , 0.00690124 , -0.0667795
1.30763 , -0.0848617 , 0.00795995 , -0.079758 , -0.0687475 , 0.00730066 , -0.0659925
1.35286 , -0.081217 , 0.00912106 , -0.0791398 , -0.0637787 , 0.00895441 , -0.065165
1.38466 , -0.0769238 , 0.0106673 , -0.0780181 , -0.0600882 , 0.0103231 , -0.0638834
1.41819 , -0.0742266 , 0.0118603 , -0.0751129 , -0.0526913 , 0.0120941 , -0.0626737
1.45416 , -0.0687328 , 0.0133041 , -0.074321 , -0.0460427 , 0.014011 , -0.0621138
1.49089 , -0.0629212 , 0.0145869 , -0.0738029 , -0.0400609 , 0.0156422 , -0.0620307
1.53812 , -0.0568298 , 0.0163096 , -0.0736958 , -0.0379395 , 0.0195535 , -0.0621024
1.57559 , -0.0542964 , 0.0199698 , -0.0721156 , -0.0326624 , 0.0221752 , -0.0619533
1.62539 , -0.0507376 , 0.0237718 , -0.0702907 , -0.031879 , 0.0256341 , -0.0616354
1.67533 , -0.0459538 , 0.0256535 , -0.0664252 , -0.0269316 , 0.0273642 , -0.0595684
1.72185 , -0.0519585 , 0.023157 , -0.0621369 , -0.0288519 , 0.0276908 , -0.056556
1.75384 , -0.0417174 , 0.0272442 , -0.0630124 , -0.0151651 , 0.0289028 , -0.0552487
1.78536 , -0.0321009 , 0.0309216 , -0.0619648 , -0.00820799 , 0.0326894 , -0.0557401
1.8179 , -0.0244231 , 0.0348409 , -0.0601225 , -0.00202734 , 0.0379737 , -0.0534467
1.85434 , -0.0208211 , 0.0402631 , -0.0565665 , -0.00105476 , 0.0409224 , -0.0493821
1.88539 , -0.0250632 , 0.0431773 , -0.0509649 , 0.00713284 , 0.0459845 , -0.0469737
1.92233 , -0.0126276 , 0.0483525 , -0.0498545 , 0.0158858 , 0.0525282 , -0.0463713
1.95375 , -0.00498252 , 0.0522403 , -0.0472158 , 0.00878807 , 0.0567329 , -0.0461904
1.98606 , -0.0143405 , 0.0562624 , -0.0447117 , 0.0214404 , 0.0595542 , -0.0456056
2.01942 , 0.00139494 , 0.0606604 , -0.0433993 , 0.0366344 , 0.063338 , -0.046017
2.0564 , 0.0135893 , 0.064917 , -0.042612 , 0.0436461 , 0.0675006 , -0.0450524
2.09765 , 0.0151414 , 0.0667419 , -0.0396153 , 0.0627666 , 0.0702947 , -0.0422627
2.14029 , 0.0298916 , 0.0724999 , -0.0402421 , 0.0769209 , 0.0749388 , -0.0440378
2.18173 , 0.0385367 , 0.0754962 , -0.0394771 , 0.0877224 , 0.0764327 , -0.0447118
2.22431 , 0.0496415 , 0.0784477 , -0.0398266 , 0.0987751 , 0.0786295 , -0.04432
2.25992 , 0.0622711 , 0.0827591 , -0.0401706 , 0.115822 , 0.0822314 , -0.0440629
2.2939 , 0.0748138 , 0.0833493 , -0.0388177 , 0.133637 , 0.083202 , -0.0431011
2.33194 , 0.0798855 , 0.0878301 , -0.0355779 , 0.138712 , 0.0855862 , -0.0422926
2.37481 , 0.0937882 , 0.0894025 , -0.0333172 , 0.160301 , 0.0849428 , -0.0352629
2.40984 , 0.10569 , 0.0890082 , -0.0297963 , 0.170213 , 0.0850782 , -0.0318026
2.44123 , 0.117862 , 0.0906851 , -0.0274329 , 0.181116 , 0.0871112 , -0.0306091
2.47252 , 0.117832 , 0.0923014 , -0.0252376 , 0.185412 , 0.0899834 , -0.0304872
2.50898 , 0.13784 , 0.0927205 , -0.024507 , 0.213765 , 0.0878069 , -0.0220071
2.54055 , 0.148233 , 0.0960376 , -0.0203986 , 0.224371 , 0.0891184 , -0.0187487
2.57348 , 0.140024 , 0.0951417 , -0.0121141 , 0.216633 , 0.0874857 , -0.0136432
2.60669 , 0.162554 , 0.0949127 , -0.0115159 , 0.246621 , 0.0848827 , -0.00857006
2.64226 , 0.178215 , 0.0970274 , -0.00820633 , 0.258792 , 0.0860244 , -0.00695331
2.67679 , 0.159933 , 0.0990487 , -0.0018299 , 0.242808 , 0.088525 , -0.001361
2.7112 , 0.184892 , 0.0978651 , -0.000839161 , 0.277566 , 0.0897459 , 0.00129219
2.7458 , 0.203767 , 0.0981738 , 0.00209951 , 0.262827 , 0.0905273 , 0.0120697
2.77755 , 0.181451 , 0.099653 , 0.0167763 , 0.272533 , 0.0896731 , 0.0210023
2.80891 , 0.207032 , 0.10002 , 0.0189495 , 0.294511 , 0.0908085 , 0.0280693
2.84656 , 0.175897 , 0.103634 , 0.0356305 , 0.272572 , 0.0908123 , 0.0407873
2.88099 , 0.205055 , 0.104177 , 0.0378312 , 0.311814 , 0.0952773 , 0.0394082
2.91231 , 0.230308 , 0.107043 , 0.0399285 , 0.309077 , 0.100947 , 0.0476019
2.94339 , 0.216315 , 0.113679 , 0.0513008 , 0.322207 , 0.101887 , 0.0565246
2.97659 , 0.240554 , 0.114921 , 0.054478 , 0.314292 , 0.104899 , 0.0745573
3.01233 , 0.219728 , 0.12221 , 0.0703268 , 0.329934 , 0.105883 , 0.0800125
3.04672 , 0.246134 , 0.122276 , 0.0723294 , 0.358525 , 0.106739 , 0.0823808
3.08255 , 0.266841 , 0.127464 , 0.0755648 , 0.342702 , 0.116631 , 0.0947021
3.11391 , 0.239578 , 0.138395 , 0.0869714 , 0.356838 , 0.124194 , 0.0949619
3.14474 , 0.264346 , 0.140028 , 0.089628 , 0.380356 , 0.12463 , 0.0965593
3.17713 , 0.285576 , 0.14493 , 0.0916254 , 0.405121 , 0.127719 , 0.102573
3.21056 , 0.286712 , 0.155779 , 0.093767 , 0.380505 , 0.138923 , 0.106372
3.24637 , 0.269498 , 0.158482 , 0.105421 , 0.395528 , 0.143053 , 0.113656
3.28115 , 0.29006 , 0.16204 , 0.107468 , 0.407139 , 0.150185 , 0.115232
3.31615 , 0.286573 , 0.217749 , 0.117506 , 0.439561 , 0.209093 , 0.103641
3.35078 , 0.309493 , 0.220688 , 0.117436 , 0.418093 , 0.189512 , 0.149077
3.38591 , 0.327628 , 0.225055 , 0.116622 , 0.420713 , 0.193806 , 0.150167
3.43286 , 0.337893 , 0.229258 , 0.116214 , 0.446055 , 0.209495 , 0.13873
3.46426 , 0.348929 , 0.232426 , 0.112391 , 0.428147 , 0.212597 , 0.129326
3.49566 , 0.350988 , 0.234104 , 0.11361 , 0.46867 , 0.226822 , 0.115044
3.53722 , 0.359954 , 0.241981 , 0.108397 , 0.467603 , 0.2013 , 0.106613
3.58664 , 0.344833 , 0.200813 , 0.113248 , 0.464925 , 0.191266 , 0.107627
3.63078 , 0.357507 , 0.202428 , 0.118529 , 0.477598 , 0.184836 , 0.120562
3.66986 , 0.352215 , 0.208538 , 0.122747 , 0.478168 , 0.177999 , 0.134031
3.71637 , 0.37563 , 0.206409 , 0.125054 , 0.498063 , 0.179858 , 0.134745
3.75127 , 0.383487 , 0.210984 , 0.125224 , 0.514906 , 0.173868 , 0.137959
3.78518 , 0.370867 , 0.222454 , 0.129485 , 0.512022 , 0.17102 , 0.153916
3.81678 , 0.381715 , 0.22561 , 0.130781 , 0.684742 , 0.228244 , 0.193672
3.84972 , 0.608361 , 0.286193 , 0.181777 , 0.754224 , 0.256169 , 0.198394
3.88314 , 0.629713 , 0.288641 , 0.182067 , 0.770892 , 0.247748 , 0.199212
3.91645 , 0.651649 , 0.286853 , 0.184984 , 0.783354 , 0.25622 , 0.196377
3.95005 , 0.672033 , 0.286329 , 0.186846 , 0.801655 , 0.24846 , 0.197882
3.98429 , 0.683769 , 0.278992 , 0.182376 , 0.77707 , 0.222979 , 0.230227
4.01769 , 0.439177 , 0.235264 , 0.145104 , 0.675672 , 0.258208 , 0.142638
4.05088 , 0.45213 , 0.229955 , 0.143754 , 0.603792 , 0.220273 , 0.133148
4.08368 , 0.463931 , 0.227767 , 0.14119 , 0.57861 , 0.204791 , 0.144705
4.11816 , 0.475253 , 0.225677 , 0.138623 , 0.59659 , 0.208407 , 0.148533
4.15102 , 0.482858 , 0.221968 , 0.149351 , 0.617398 , 0.211352 , 0.149568
4.18479 , 0.492311 , 0.221483 , 0.149629 , 0.630878 , 0.211746 , 0.154413
4.21803 , 0.459429 , 0.210329 , 0.122035 , 0.622805 , 0.18932 , 0.13721
4.25225 , 0.463865 , 0.208726 , 0.122563 , 0.592073 , 0.190232 , 0.116286
4.28519 , 0.46566 , 0.208111 , 0.122708 , 0.607204 , 0.186969 , 0.119659
4.31923 , 0.466051 , 0.207346 , 0.123182 , 0.687077 , 0.184676 , 0.148025
4.35222 , 0.511729 , 0.218123 , 0.14351 , 0.644251 , 0.19321 , 0.14878
4.38596 , 0.5088 , 0.218425 , 0.144729 , 0.637538 , 0.193879 , 0.143328
4.42468 , 0.530206 , 0.223831 , 0.153658 , 0.665932 , 0.19746 , 0.149146
4.47485 , 0.522337 , 0.225095 , 0.154572 , 0.673298 , 0.193847 , 0.160798
4.52527 , 0.513915 , 0.225334 , 0.155934 , 0.657531 , 0.199092 , 0.163521
4.57575 , 0.504979 , 0.22543 , 0.157699 , 0.836844 , 0.244303 , 0.231182
4.62589 , 0.752463 , 0.2861 , 0.230367 , 0.899552 , 0.259752 , 0.254232
4.6761 , 0.741415 , 0.287515 , 0.231052 , 0.885891 , 0.258242 , 0.248571
4.72649 , 0.729133 , 0.287669 , 0.231666 , 0.862047 , 0.257357 , 0.247701
4.77587 , 0.716371 , 0.287794 , 0.231979 , 0.840969 , 0.255741 , 0.245835
4.81404 , 0.702803 , 0.287767 , 0.232041 , 0.823892 , 0.253992 , 0.243287
4.86075 , 0.689348 , 0.286187 , 0.232703 , 0.811191 , 0.246729 , 0.243958
4.91129 , 0.678223 , 0.282061 , 0.234585 , 0.795715 , 0.245677 , 0.245471
4.96153 , 0.661866 , 0.28413 , 0.23266 , 0.773441 , 0.248661 , 0.245681
5.00763 , 0.645428 , 0.283618 , 0.231096 , 0.760852 , 0.242323 , 0.246707
5.04075 , 0.634222 , 0.279336 , 0.231624 , 0.746672 , 0.242914 , 0.243985
5.07381 , 0.623265 , 0.27346 , 0.231352 , 0.735757 , 0.23663 , 0.24771
5.10726 , 0.609123 , 0.271474 , 0.228822 , 0.549344 , 0.187519 , 0.191992
5.14053 , 0.371065 , 0.203493 , 0.184018 , 0.471028 , 0.166323 , 0.180354
5.17457 , 0.346832 , 0.201214 , 0.182498 , 0.445829 , 0.172167 , 0.185244
5.20815 , 0.32463 , 0.198758 , 0.181229 , 0.424839 , 0.176338 , 0.181992
5.24137 , 0.308749 , 0.194219 , 0.179323 , 0.406441 , 0.175843 , 0.181299
5.27529 , 0.295229 , 0.188925 , 0.17597 , 0.393074 , 0.170551 , 0.183085
5.30794 , 0.28456 , 0.182388 , 0.172297 , 0.37532 , 0.163287 , 0.183456
5.34312 , 0.275419 , 0.177631 , 0.168043 , 0.358948 , 0.159943 , 0.177365
5.37673 , 0.275056 , 0.170733 , 0.159664 , 0.352917 , 0.150741 , 0.169554
5.4121 , 0.247399 , 0.172986 , 0.156649 , 0.315777 , 0.149034 , 0.165582
5.44779 , 0.273221 , 0.210726 , 0.145637 , 0.347778 , 0.196022 , 0.131371
5.48468 , 0.243952 , 0.208126 , 0.141979 , 0.276704 , 0.182833 , 0.166327
5.52643 , 0.226434 , 0.162998 , 0.123225 , 0.221291 , 0.13571 , 0.166133
5.56418 , 0.198514 , 0.157984 , 0.114715 , 0.239538 , 0.148882 , 0.103338
5.60346 , 0.171992 , 0.152644 , 0.105194 , 0.227649 , 0.149808 , 0.0877917
5.64457 , 0.146682 , 0.147483 , 0.095425 , 0.180096 , 0.137505 , 0.0912772
5.68026 , 0.170254 , 0.141775 , 0.0538316 , 0.17723 , 0.135135 , 0.0594852
5.71339 , 0.134788 , 0.138205 , 0.0523772 , 0.130828 , 0.126356 , 0.0527743
5.74919 , 0.134957 , 0.164077 , 0.0490525 , 0.144815 , 0.134633 , 0.0165925
5.78586 , 0.129839 , 0.121145 , 0.0370839 , 0.107975 , 0.10386 , 0.0456772
5.83202 , 0.106212 , 0.117494 , 0.037969 , 0.102838 , 0.101013 , 0.0524214
5.86434 , 0.127188 , 0.11727 , 0.0386285 , 0.103913 , 0.103537 , 0.0338779
5.89716 , 0.127742 , 0.115704 , 0.0244563 , 0.0787738 , 0.103918 , 0.021642
5.92974 , 0.116684 , 0.114533 , 0.0173984 , 0.061106 , 0.106235 , 0.0117287
5.96608 , 0.0918484 , 0.113001 , 0.0157632 , 0.0419978 , 0.107821 , 0.00852778
5.99803 , 0.113348 , 0.109928 , 0.00807471 , 0.0505052 , 0.108499 , 0.00563252
6.02924 , 0.0879775 , 0.10783 , 0.00644398 , 0.0245682 , 0.107565 , 0.00453119
6.06244 , 0.115984 , 0.111377 , -0.00579744 , 0.0406987 , 0.108042 , -0.000892673
6.10299 , 0.0888094 , 0.106449 , -0.00595097 , 0.00883083 , 0.106332 , -0.00356457
6.14976 , 0.0695737 , 0.1027 , -0.00854753 , 0.02574 , 0.105004 , -0.00726752
6.18692 , 0.090991 , 0.101671 , -0.0150694 , 0.0120202 , 0.104956 , -0.0121507
6.2389 , 0.0670937 , 0.0976124 , -0.0162355 , 0.00596499 , 0.0972227 , -0.0104132
6.28684 , 0.0813295 , 0.0970233 , -0.0215307 , 0.0187583 , 0.0921961 , -0.0123498
6.33562 , 0.0601001 , 0.095959 , -0.0218211 , 0.00261073 , 0.0922092 , -0.0177806
6.37663 , 0.0733401 , 0.0945154 , -0.0234099 , 0.0132218 , 0.0925427 , -0.0186475
6.42197 , 0.0512263 , 0.0927205 , -0.0244005 , -0.000608638 , 0.0926277 , -0.019233
6.47178 , 0.0715194 , 0.0938333 , -0.0284647 , 0.0152878 , 0.0917931 , -0.0199161
6.52098 , 0.0470929 , 0.0925092 , -0.0292911 , 0.000889402 , 0.0908377 , -0.0220294
6.55254 , 0.0362844 , 0.0921872 , -0.030937 , 0.0235862 , 0.0914211 , -0.0224078
6.58636 , 0.0466488 , 0.0887521 , -0.0308097 , 0.0121069 , 0.0910184 , -0.0233548
6.62071 , 0.0298208 , 0.0882288 , -0.0311456 , 0.0122491 , 0.089862 , -0.022635
6.65228 , 0.0504605 , 0.0867271 , -0.026808 , 0.0265142 , 0.088112 , -0.0205086
6.68837 , 0.0289252 , 0.0869444 , -0.0273223 , 0.0105898 , 0.0878052 , -0.0210949
6.7197 , 0.0185095 , 0.0858059 , -0.0274633 , 0.0139075 , 0.0852127 , -0.0213159
6.75073 , 0.0157398 , 0.0815172 , -0.0269856 , 0.00743649 , 0.0831133 , -0.0228813
6.78394 , 0.0110131 , 0.0781189 , -0.0255857 , 0.00953687 , 0.0754262 , -0.0217636
6.81746 , 0.00821844 , 0.0750702 , -0.0255556 , 0.00931167 , 0.0719203 , -0.0195285
6.85293 , 0.00244243 , 0.0742139 , -0.0230817 , 0.0138452 , 0.0730867 , -0.0212634
6.88749 , 0.00394051 , 0.0698718 , -0.0254094 , 0.0110811 , 0.0718675 , -0.025568
6.92236 , -0.000380436 , 0.0706157 , -0.0254863 , 0.0131275 , 0.0693745 , -0.0255246
6.95461 , -0.00541278 , 0.068758 , -0.02569 , 0.0216082 , 0.0677149 , -0.0245579
6.98686 , 0.00689683 , 0.066425 , -0.0261985 , 0.0177829 , 0.0707081 , -0.0249576
7.02196 , -0.00069743 , 0.066354 , -0.0256013 , 0.0162324 , 0.0712584 , -0.0246224
7.0529 , -0.00631147 , 0.0658259 , -0.0248831 , 0.0132661 , 0.0704562 , -0.0216935
7.09316 , -0.00991354 , 0.0680484 , -0.019859 , 0.0103498 , 0.073998 , -0.019609
7.14253 , -0.0127145 , 0.0657915 , -0.0212371 , 0.0100544 , 0.0697887 , -0.0227634
7.1924 , -0.0164467 , 0.0640869 , -0.0215373 , 0.010618 , 0.0647217 , -0.0244183
7.24376 , -0.0182089 , 0.0639928 , -0.0229183 , 0.00817375 , 0.0624797 , -0.0245195
7.28911 , -0.0202628 , 0.0605654 , -0.0240293 , 0.00731919 , 0.0604623 , -0.0242539
7.3222 , -0.0223125 , 0.0577698 , -0.0247982 , 0.00446771 , 0.0592509 , -0.0250034
7.35525 , -0.0225708 , 0.0571552 , -0.0255188 , 0.00217244 , 0.058443 , -0.0270653
7.39058 , -0.0242917 , 0.0555758 , -0.0276249 , 0.00356359 , 0.0566246 , -0.0287646
7.42848 , -0.0241528 , 0.0532996 , -0.0286774 , 0.00770776 , 0.0541481 , -0.0293775
7.48143 , -0.024494 , 0.0522224 , -0.0303006 , 0.00776842 , 0.0525075 , -0.0310149
7.53095 , -0.025059 , 0.0509643 , -0.0319719 , 0.00452238 , 0.0514054 , -0.0342654
7.58064 , -0.0256376 , 0.0495313 , -0.0338143 , 0.00301931 , 0.05106 , -0.036595
7.62927 , -0.0240236 , 0.0499625 , -0.0355499 , 0.00617654 , 0.0521154 , -0.0374992
7.68005 , -0.022743 , 0.0496573 , -0.0371546 , 0.00928581 , 0.0515779 , -0.0384641
7.72881 , -0.021155 , 0.0495705 , -0.0383143 , 0.0102496 , 0.0514836 , -0.0395368
7.7606 , -0.0185103 , 0.0509456 , -0.0393552 , 0.0098071 , 0.0536466 , -0.0406396
7.79434 , -0.0143271 , 0.0524929 , -0.0404569 , 0.0166327 , 0.0545299 , -0.0415201
7.828 , -0.00948992 , 0.0534866 , -0.0414797 , 0.0242426 , 0.0545659 , -0.0414259
7.86332 , -0.00489197 , 0.0553093 , -0.042986 , 0.0299333 , 0.0564831 , -0.0421101
7.90299 , 0.0011678 , 0.0557482 , -0.0435308 , 0.0367517 , 0.0568277 , -0.0429231
7.94629 , 0.00722617 , 0.0568087 , -0.0445039 , 0.036727 , 0.0587441 , -0.0445438
7.98462 , 0.00914872 , 0.0582587 , -0.0457953 , 0.0451111 , 0.0593943 , -0.0439848
8.02967 , -0.00676505 , 0.0622841 , -0.0477621 , 0.032184 , 0.061548 , -0.0459446
8.06557 , 0.0111727 , 0.0635908 , -0.048165 , 0.0511251 , 0.0625968 , -0.0466109
8.11359 , 0.0215874 , 0.066343 , -0.0470638 , 0.0583455 , 0.0675345 , -0.0477383
8.14945 , 0.00320423 , 0.0752045 , -0.0481492 , 0.0490043 , 0.0727839 , -0.0484767
8.19622 , 0.0244739 , 0.076654 , -0.0475669 , 0.0755591 , 0.077183 , -0.0467368
8.22666 , 0.0344327 , 0.0819534 , -0.0450952 , 0.0834629 , 0.0821231 , -0.0478591
8.2627 , 0.01891 , 0.0882058 , -0.0481692 , 0.0754517 , 0.0876229 , -0.0522796
8.29539 , 0.0444621 , 0.0879102 , -0.0469378 , 0.108649 , 0.0872654 , -0.0505469
8.33076 , 0.06501 , 0.0881571 , -0.0455133 , 0.129792 , 0.0869095 , -0.0476948
8.36601 , 0.0630444 , 0.0947775 , -0.0502665 , 0.134706 , 0.092335 , -0.0529
8.40207 , 0.0865311 , 0.0951038 , -0.0486196 , 0.152122 , 0.088133 , -0.0473638
8.44912 , 0.0987436 , 0.0961856 , -0.0452979 , 0.169431 , 0.0882162 , -0.0438653
8.48559 , 0.0862058 , 0.0986561 , -0.0443174 , 0.163502 , 0.0912462 , -0.0475658
8.53332 , 0.114308 , 0.0982625 , -0.0444427 , 0.19601 , 0.0884468 , -0.0455646
8.56914 , 0.13486 , 0.0967459 , -0.0431347 , 0.190393 , 0.0853026 , -0.0423724
8.62414 , 0.11686 , 0.0962578 , -0.0385185 , 0.213071 , 0.0861714 , -0.0405363
8.67318 , 0.148162 , 0.0980486 , -0.0375738 , 0.237662 , 0.0865241 , -0.0354091
8.72377 , 0.167971 , 0.0992282 , -0.0328127 , 0.227576 , 0.0831713 , -0.0237129
8.77302 , 0.150083 , 0.0978303 , -0.0211326 , 0.243425 , 0.0852408 , -0.0230509
8.82309 , 0.172973 , 0.0990532 , -0.0180085 , 0.218293 , 0.0806927 , -0.0103002
8.87557 , 0.148126 , 0.0932962 , 0.000369772 , 0.255074 , 0.0820536 , 0.0016565
8.92285 , 0.18074 , 0.095938 , 0.00193764 , 0.260578 , 0.085587 , 0.015326
8.97312 , 0.170141 , 0.0989554 , 0.0180856 , 0.281964 , 0.0850767 , 0.0220733
9.02168 , 0.154709 , 0.106349 , 0.0331047 , 0.264383 , 0.0860228 , 0.0434847
9.06893 , 0.190244 , 0.103173 , 0.0345921 , 0.280173 , 0.0911332 , 0.0562992
9.10506 , 0.175449 , 0.108045 , 0.0526404 , 0.300315 , 0.0934299 , 0.0573694
9.14091 , 0.212078 , 0.107285 , 0.0538865 , 0.294012 , 0.10027 , 0.0722976
9.18401 , 0.189725 , 0.117607 , 0.0714795 , 0.313674 , 0.100853 , 0.0812969
9.2197 , 0.181107 , 0.128282 , 0.0882274 , 0.311461 , 0.106178 , 0.0974188
9.25157 , 0.216534 , 0.127377 , 0.0903095 , 0.348541 , 0.112652 , 0.108155
9.28333 , 0.228515 , 0.13568 , 0.0968619 , 0.355309 , 0.120631 , 0.113239
9.32048 , 0.231273 , 0.141924 , 0.10379 , 0.36244 , 0.126174 , 0.120032
9.3532 , 0.243193 , 0.148273 , 0.108718 , 0.371238 , 0.133451 , 0.122864
9.38433 , 0.249733 , 0.154191 , 0.112562 , 0.382922 , 0.137091 , 0.13155
9.42045 , 0.255666 , 0.16026 , 0.118207 , 0.402841 , 0.139309 , 0.133862
9.45134 , 0.276439 , 0.162003 , 0.120181 , 0.408449 , 0.147095 , 0.139833
9.48487 , 0.27768 , 0.170403 , 0.127333 , 0.408827 , 0.157752 , 0.149021
9.51942 , 0.260743 , 0.185079 , 0.138509 , 0.580922 , 0.209394 , 0.182923
9.55183 , 0.498967 , 0.238119 , 0.173381 , 0.665515 , 0.212706 , 0.206374
9.58844 , 0.531337 , 0.236604 , 0.177392 , 0.686865 , 0.204828 , 0.203034
9.61923 , 0.276912 , 0.198948 , 0.147859 , 0.53507 , 0.186556 , 0.172725
9.65244 , 0.301846 , 0.20665 , 0.152019 , 0.444149 , 0.166813 , 0.178734
9.68831 , 0.32655 , 0.208536 , 0.154043 , 0.442148 , 0.175059 , 0.177872
9.72165 , 0.346436 , 0.212951 , 0.156623 , 0.476254 , 0.184883 , 0.174208
9.75617 , 0.363648 , 0.217917 , 0.158058 , 0.502148 , 0.191823 , 0.171566
9.78684 , 0.353599 , 0.222405 , 0.156549 , 0.498138 , 0.190151 , 0.176799
9.8217 , 0.371302 , 0.222595 , 0.16158 , 0.506978 , 0.197396 , 0.17172
9.85652 , 0.388521 , 0.224574 , 0.16457 , 0.53058 , 0.198654 , 0.174276
9.88798 , 0.404714 , 0.225256 , 0.167484 , 0.547324 , 0.198167 , 0.179793
9.92387 , 0.419852 , 0.225316 , 0.16956 , 0.559148 , 0.198637 , 0.183584
9.95489 , 0.434731 , 0.225622 , 0.170255 , 0.572735 , 0.200768 , 0.183876
9.98809 , 0.447976 , 0.229186 , 0.168953 , 0.583062 , 0.204854 , 0.180218
10.0238 , 0.463297 , 0.229707 , 0.169104 , 0.593832 , 0.206412 , 0.178846
10.0554 , 0.479228 , 0.228954 , 0.169742 , 0.606747 , 0.203698 , 0.179032
10.0918 , 0.496984 , 0.226189 , 0.17086 , 0.625591 , 0.19877 , 0.179894
10.126 , 0.51075 , 0.225904 , 0.171393 , 0.646865 , 0.196135 , 0.180195
10.1603 , 0.525984 , 0.227552 , 0.170962 , 0.657153 , 0.19839 , 0.178866
10.1952 , 0.508529 , 0.20932 , 0.148598 , 0.705395 , 0.174409 , 0.194572
10.2266 , 0.563134 , 0.217835 , 0.17327 , 0.663559 , 0.198029 , 0.171589
10.2592 , 0.525724 , 0.202515 , 0.152818 , 0.714135 , 0.182697 , 0.180499
10.2918 , 0.569612 , 0.216882 , 0.170623 , 0.691613 , 0.200739 , 0.16163
10.3251 , 0.568916 , 0.216954 , 0.17048 , 0.709753 , 0.200869 , 0.158884
10.3589 , 0.567632 , 0.216882 , 0.171477 , 0.724158 , 0.192478 , 0.169265
10.3907 , 0.564226 , 0.217203 , 0.172955 , 0.714815 , 0.192078 , 0.174999
10.4284 , 0.559018 , 0.217185 , 0.174468 , 0.70083 , 0.197205 , 0.176814
10.4598 , 0.55268 , 0.214769 , 0.177474 , 0.685498 , 0.195028 , 0.18096
10.4987 , 0.541778 , 0.212791 , 0.180384 , 0.676963 , 0.191537 , 0.181989
10.5506 , 0.529592 , 0.2111 , 0.182684 , 0.668377 , 0.187966 , 0.183155
10.6032 , 0.515431 , 0.209799 , 0.184969 , 0.654852 , 0.184819 , 0.185509
10.6525 , 0.518114 , 0.219795 , 0.194942 , 0.645116 , 0.193238 , 0.191346
10.7029 , 0.501928 , 0.220795 , 0.194479 , 0.640133 , 0.193113 , 0.197558
10.7499 , 0.484467 , 0.221374 , 0.194786 , 0.614406 , 0.190202 , 0.201832
10.7958 , 0.467224 , 0.220155 , 0.195965 , 0.58959 , 0.190778 , 0.202
10.828 , 0.448519 , 0.219167 , 0.195553 , 0.574651 , 0.194614 , 0.197273
10.8624 , 0.430215 , 0.219004 , 0.194726 , 0.559287 , 0.192408 , 0.195204
10.8969 , 0.414506 , 0.212445 , 0.195373 , 0.54487 , 0.186873 , 0.199589
10.9311 , 0.394141 , 0.212518 , 0.194347 , 0.521127 , 0.189299 , 0.19263
10.9623 , 0.378083 , 0.206609 , 0.192972 , 0.504479 , 0.184865 , 0.1861
11.0009 , 0.364871 , 0.19897 , 0.190359 , 0.47887 , 0.183165 , 0.187558
11.0503 , 0.349459 , 0.197563 , 0.192325 , 0.458037 , 0.182773 , 0.188936
11.0825 , 0.336459 , 0.191417 , 0.190665 , 0.442595 , 0.174469 , 0.191126
11.1156 , 0.339249 , 0.179613 , 0.188426 , 0.44035 , 0.163391 , 0.190382
11.1466 , 0.314432 , 0.183086 , 0.184923 , 0.385776 , 0.149524 , 0.183603
11.1821 , 0.305685 , 0.165467 , 0.182641 , 0.425795 , 0.148605 , 0.177218
11.2135 , 0.303908 , 0.170528 , 0.178379 , 0.388513 , 0.142765 , 0.185226
11.2463 , 0.287504 , 0.166411 , 0.174799 , 0.360459 , 0.143013 , 0.178962
11.2819 , 0.291532 , 0.156777 , 0.169918 , 0.355891 , 0.141581 , 0.164716
11.3164 , 0.264874 , 0.158284 , 0.165435 , 0.342139 , 0.135435 , 0.160298
11.3473 , 0.258083 , 0.151084 , 0.162137 , 0.338245 , 0.12994 , 0.159292
11.3804 , 0.253593 , 0.14539 , 0.157739 , 0.326167 , 0.128229 , 0.152022
11.4161 , 0.246517 , 0.139606 , 0.152243 , 0.310422 , 0.124729 , 0.145057
11.4476 , 0.240846 , 0.134003 , 0.145688 , 0.303571 , 0.123205 , 0.138605
11.4842 , 0.239631 , 0.132571 , 0.139403 , 0.287846 , 0.114048 , 0.13244
11.5152 , 0.230218 , 0.121807 , 0.133611 , 0.275754 , 0.108612 , 0.122636
11.5483 , 0.223455 , 0.117465 , 0.126192 , 0.280995 , 0.10011 , 0.114886
11.5856 , 0.249302 , 0.105554 , 0.0979012 , 0.274566 , 0.0806706 , 0.113163
11.618 , 0.219711 , 0.10605 , 0.0964659 , 0.201782 , 0.103064 , 0.0712098
11.6502 , 0.19425 , 0.104779 , 0.0970876 , 0.204895 , 0.103367 , 0.0656982
11.6866 , 0.213315 , 0.0985842 , 0.0968893 , 0.210464 , 0.0902794 , 0.08007
11.7179 , 0.208427 , 0.0927639 , 0.0780674 , 0.201411 , 0.0923682 , 0.071882
11.7531 , 0.206341 , 0.0928958 , 0.0677531 , 0.172388 , 0.0914657 , 0.0601098
11.7858 , 0.182221 , 0.0913588 , 0.0628631 , 0.140762 , 0.089186 , 0.0524629
11.8167 , 0.181374 , 0.0893125 , 0.0515235 , 0.124812 , 0.0927563 , 0.0390756
11.8517 , 0.153489 , 0.0853837 , 0.049241 , 0.114317 , 0.0937975 , 0.0297578
11.8855 , 0.161888 , 0.0862169 , 0.0347891 , 0.0895754 , 0.0903834 , 0.0222217
11.9189 , 0.164681 , 0.0842439 , 0.0232322 , 0.082197 , 0.0852342 , 0.0143339
11.9522 , 0.132983 , 0.0837272 , 0.0201758 , 0.0783407 , 0.0879802 , 0.00134592
11.9913 , 0.138633 , 0.0844711 , 0.00531648 , 0.0568537 , 0.086374 , -0.00450686
12.0404 , 0.110399 , 0.082853 , 0.00162884 , 0.0537327 , 0.0859199 , -0.00797128
12.0933 , 0.10763 , 0.0842931 , -0.00602319 , 0.0325408 , 0.0865674 , -0.0121952
12.1418 , 0.0881213 , 0.0823662 , -0.0101652 , 0.0444447 , 0.0883496 , -0.0154911
12.1881 , 0.0950435 , 0.0840093 , -0.0150111 , 0.0383135 , 0.0908455 , -0.0196452
12.2206 , 0.0807061 , 0.0852103 , -0.0180459 , 0.0370922 , 0.089952 , -0.0235244
12.2533 , 0.0762364 , 0.0850816 , -0.0238305 , 0.0273959 , 0.0888417 , -0.026622
12.2948 , 0.0812809 , 0.0867128 , -0.023914 , 0.0322309 , 0.0888227 , -0.0274568
12.342 , 0.0562536 , 0.0857806 , -0.0244235 , 0.0385791 , 0.0871485 , -0.0265384
12.3734 , 0.0540088 , 0.0857415 , -0.0246713 , 0.0331263 , 0.0853369 , -0.0270272
12.4061 , 0.042745 , 0.0841136 , -0.0243746 , 0.0450583 , 0.0851565 , -0.0272736
12.4375 , 0.0408746 , 0.08121 , -0.0234217 , 0.0342621 , 0.0823541 , -0.0285377
12.4715 , 0.027468 , 0.0776603 , -0.0238751 , 0.0319222 , 0.077423 , -0.0283717
12.5046 , 0.0261496 , 0.0732721 , -0.0223248 , 0.0296692 , 0.0750367 , -0.0284928
12.5411 , 0.0197719 , 0.0711815 , -0.0230493 , 0.0291554 , 0.072373 , -0.0277965
12.5756 , 0.0169877 , 0.0711177 , -0.022421 , 0.0294159 , 0.0724163 , -0.0281971
12.6128 , 0.0139319 , 0.0710025 , -0.0227187 , 0.02889 , 0.0726293 , -0.0291607
12.6601 , 0.01038 , 0.0720213 , -0.0224177 , 0.033475 , 0.0748141 , -0.0302997
12.6969 , 0.0103106 , 0.0714885 , -0.0223855 , 0.0270643 , 0.076256 , -0.0324377
12.7425 , 0.00610102 , 0.0716232 , -0.0240603 , 0.024249 , 0.0764726 , -0.0334694
12.7767 , 0.00281992 , 0.0706351 , -0.0239918 , 0.0238072 , 0.0754873 , -0.0343956
12.8119 , 0.00298764 , 0.0694498 , -0.0248224 , 0.0217398 , 0.0738854 , -0.0345166
12.8452 , 0.00378 , 0.0674628 , -0.02354 , 0.0249066 , 0.0719029 , -0.0338772
12.878 , 0.00032981 , 0.0671955 , -0.0244056 , 0.0185305 , 0.0719856 , -0.034535
12.9105 , -0.00183777 , 0.0667737 , -0.0247789 , 0.022425 , 0.0702166 , -0.0339319
12.9462 , -0.0015254 , 0.0667397 , -0.0254553 , 0.019219 , 0.0700581 , -0.0342161
12.9774 , -0.00237069 , 0.0637797 , -0.0259363 , 0.0193398 , 0.0675959 , -0.0339673
13.0085 , -0.00576387 , 0.0633817 , -0.0265005 , 0.0209742 , 0.0636977 , -0.0326577
13.0444 , -0.00564378 , 0.0629745 , -0.0257764 , 0.0190426 , 0.0631227 , -0.0314954
13.0755 , -0.0082676 , 0.0627698 , -0.0258554 , 0.0171733 , 0.0617517 , -0.0309258
13.1086 , -0.00864798 , 0.0610204 , -0.023913 , 0.0130384 , 0.0620401 , -0.0315181
13.1441 , -0.011329 , 0.061405 , -0.0240214 , 0.0086917 , 0.0633582 , -0.0321054
13.1757 , -0.0110924 , 0.0612245 , -0.0236217 , 0.0113017 , 0.0641805 , -0.0314105
13.2123 , -0.0132864 , 0.0613687 , -0.0238529 , 0.00675157 , 0.0634442 , -0.0308312
13.2466 , -0.0159686 , 0.0628062 , -0.0236066 , 0.00460836 , 0.0653982 , -0.0301874
13.2776 , -0.0177695 , 0.0633943 , -0.0236785 , 0.00312286 , 0.0667443 , -0.0288562
13.3098 , -0.0168067 , 0.0646308 , -0.0225065 , 0.00362197 , 0.0670872 , -0.0283891
13.3453 , -0.0176984 , 0.0648596 , -0.0227287 , 0.00406657 , 0.0667749 , -0.0279494
13.3799 , -0.0190583 , 0.0644686 , -0.0225924 , 0.00202958 , 0.0667674 , -0.0267755
13.4165 , -0.0196341 , 0.0649692 , -0.0217076 , 0.0013531 , 0.067675 , -0.0247392
13.4638 , -0.0191033 , 0.0663341 , -0.0201781 , 0.00147717 , 0.067308 , -0.0215349
13.5031 , -0.0184314 , 0.0676736 , -0.0182674 , 0.00380703 , 0.0696715 , -0.0176352
13.5476 , -0.0167916 , 0.068852 , -0.0164512 , 0.00609815 , 0.0714152 , -0.0139905
13.5786 , -0.0153161 , 0.0703802 , -0.0144958 , 0.00954973 , 0.071836 , -0.0110947
13.6162 , -0.0130853 , 0.0703737 , -0.0137411 , 0.0113325 , 0.0704479 , -0.00984089
13.6477 , -0.0103562 , 0.0712979 , -0.013106 , 0.0144456 , 0.0702193 , -0.00852622
13.6789 , -0.0059528 , 0.0722922 , -0.011734 , 0.0207879 , 0.0705197 , -0.00700044
13.7159 , -0.000881574 , 0.0734517 , -0.0112521 , 0.0244558 , 0.0706469 , -0.00631199
13.7514 , 0.00479831 , 0.0731005 , -0.0119288 , 0.0317121 , 0.0709782 , -0.00615032
13.7846 , 0.012252 , 0.0741982 , -0.0123166 , 0.0386548 , 0.0737628 , -0.00640332
13.8178 , 0.0193603 , 0.0767821 , -0.0131862 , 0.0466098 , 0.0761789 , -0.00684832
13.8504 , 0.025378 , 0.0786446 , -0.0144475 , 0.0514451 , 0.0791789 , -0.00808249
13.8857 , 0.0319737 , 0.080802 , -0.016179 , 0.0600277 , 0.0820199 , -0.0107689
13.9191 , 0.0353758 , 0.0839689 , -0.0202099 , 0.0684431 , 0.0825163 , -0.0147514
13.9548 , 0.0419003 , 0.0847108 , -0.024183 , 0.0719566 , 0.0831639 , -0.0212561
13.9985 , 0.048042 , 0.0836865 , -0.0264004 , 0.0824656 , 0.0836793 , -0.0264361
14.0323 , 0.0507685 , 0.0851068 , -0.0303077 , 0.0896082 , 0.0844526 , -0.029909
14.0661 , 0.0622569 , 0.0877019 , -0.0311611 , 0.0884723 , 0.082962 , -0.0341822
14.1016 , 0.05723 , 0.0882144 , -0.0331227 , 0.106425 , 0.0868109 , -0.0350102
14.1327 , 0.0744586 , 0.0949582 , -0.0303727 , 0.110769 , 0.090493 , -0.0340396
14.1653 , 0.084415 , 0.0960652 , -0.0273217 , 0.137402 , 0.0903019 , -0.0292364
14.2049 , 0.103842 , 0.0968933 , -0.0237731 , 0.14554 , 0.092705 , -0.0311191
14.2364 , 0.113145 , 0.098698 , -0.0223676 , 0.173021 , 0.0953925 , -0.0306125
14.2675 , 0.136304 , 0.0999998 , -0.0214976 , 0.203657 , 0.0933525 , -0.0277986
14.2995 , 0.129599 , 0.100205 , -0.0197387 , 0.202541 , 0.0917524 , -0.028055
14.3333 , 0.163866 , 0.101498 , -0.0203153 , 0.242983 , 0.0877486 , -0.0266089
14.369 , 0.149018 , 0.0975631 , -0.00744173 , 0.234425 , 0.0842874 , -0.0157343
14.4012 , 0.182452 , 0.0926793 , -0.00503634 , 0.274811 , 0.0808317 , -0.0092411
14.4345 , 0.211652 , 0.0916531 , -0.00240012 , 0.299956 , 0.0764059 , -0.00356956
14.4715 , 0.193861 , 0.0930574 , 0.00433185 , 0.288219 , 0.0760549 , 0.00313036
14.5026 , 0.19522 , 0.093478 , 0.0172263 , 0.299034 , 0.0746792 , 0.0193042
14.5357 , 0.22445 , 0.0937423 , 0.021231 , 0.337758 , 0.0742636 , 0.0247442
14.5705 , 0.220725 , 0.0999681 , 0.0366486 , 0.329889 , 0.0780551 , 0.0396636
14.6059 , 0.260899 , 0.0973496 , 0.0401263 , 0.339422 , 0.0815638 , 0.0506177
14.6403 , 0.243087 , 0.100573 , 0.0545321 , 0.359843 , 0.0793847 , 0.0630818
14.6794 , 0.238398 , 0.107966 , 0.0657198 , 0.352356 , 0.0816195 , 0.081905
14.7234 , 0.282125 , 0.107408 , 0.0688008 , 0.370074 , 0.0917207 , 0.0918183
14.7598 , 0.270026 , 0.11805 , 0.0822925 , 0.395437 , 0.0957632 , 0.0981992
14.8072 , 0.272599 , 0.128774 , 0.0936893 , 0.400061 , 0.103435 , 0.108862
14.8411 , 0.295174 , 0.13088 , 0.0997051 , 0.434901 , 0.111345 , 0.110389
14.8725 , 0.296425 , 0.130639 , 0.108572 , 0.43858 , 0.134961 , 0.146918
14.9033 , 0.316165 , 0.183737 , 0.122118 , 0.452293 , 0.151252 , 0.16502
14.942 , 0.355269 , 0.193982 , 0.119935 , 0.470242 , 0.180621 , 0.146998
14.9808 , 0.37438 , 0.201599 , 0.120385 , 0.491966 , 0.183901 , 0.139922
15.0268 , 0.386596 , 0.206302 , 0.121173 , 0.514277 , 0.177911 , 0.119291
15.0619 , 0.364146 , 0.173957 , 0.117131 , 0.530975 , 0.163749 , 0.124796
15.1116 , 0.378141 , 0.177844 , 0.122496 , 0.536497 , 0.162251 , 0.136928
15.1607 , 0.382171 , 0.183337 , 0.127153 , 0.538412 , 0.158428 , 0.146668
15.2113 , 0.403951 , 0.181024 , 0.132289 , 0.54976 , 0.151357 , 0.158147
15.2446 , 0.414096 , 0.18482 , 0.137889 , 0.571318 , 0.1488 , 0.158852
15.2756 , 0.424712 , 0.188104 , 0.140403 , 0.580262 , 0.15164 , 0.15253
15.3129 , 0.436057 , 0.192868 , 0.143855 , 0.590007 , 0.155428 , 0.153564
15.3599 , 0.44871 , 0.197951 , 0.145054 , 0.558525 , 0.157463 , 0.149179
15.3995 , 0.383019 , 0.190331 , 0.133695 , 0.628669 , 0.143401 , 0.176808
15.4495 , 0.453423 , 0.201591 , 0.235898 , 0.821301 , 0.0488769 , 0.203955
15.4963 , 0.740301 , 0.0563393 , 0.181061 , 0.844094 , 0.0320666 , 0.16894
15.5278 , 0.76131 , 0.0576852 , 0.181604 , 0.887873 , 0.0305307 , 0.146832
15.5618 , 0.780884 , 0.0624683 , 0.180968 , 0.745175 , 0.123356 , 0.267428
15.5927 , 0.496493 , 0.18794 , 0.269878 , 0.663623 , 0.214632 , 0.268893
15.625 , 0.510466 , 0.18443 , 0.27084 , 0.647864 , 0.130561 , 0.302916
15.6583 , 0.523927 , 0.182405 , 0.270723 , 0.685361 , 0.085032 , 0.227663
15.6948 , 0.522471 , 0.194156 , 0.161597 , 0.63902 , 0.201885 , 0.16623
15.7253 , 0.532703 , 0.194065 , 0.160778 , 0.675336 , 0.154979 , 0.201986
15.759 , 0.541153 , 0.194382 , 0.158874 , 0.690853 , 0.12681 , 0.210026
15.7947 , 0.550053 , 0.193556 , 0.15784 , 0.69922 , 0.140806 , 0.18159
15.8263 , 0.556623 , 0.194444 , 0.158704 , 0.703987 , 0.155868 , 0.1598
15.8627 , 0.56033 , 0.196059 , 0.158889 , 0.713179 , 0.156667 , 0.157527
15.8967 , 0.561743 , 0.195562 , 0.159101 , 0.720514 , 0.151861 , 0.166497
15.9276 , 0.562497 , 0.196081 , 0.160085 , 0.716675 , 0.15637 , 0.17297
15.9624 , 0.558382 , 0.196607 , 0.160211 , 0.721393 , 0.159266 , 0.180747
15.9968 , 0.553855 , 0.19667 , 0.16055 , 0.715833 , 0.162414 , 0.180145
16.0278 , 0.547681 , 0.197434 , 0.161357 , 0.701804 , 0.165808 , 0.177615
16.0612 , 0.539955 , 0.198277 , 0.163193 , 0.685414 , 0.171165 , 0.174807
16.0958 , 0.530088 , 0.198872 , 0.164965 , 0.670322 , 0.172036 , 0.17319
16.1282 , 0.519989 , 0.197146 , 0.167369 , 0.654681 , 0.164826 , 0.178269
16.165 , 0.506234 , 0.196365 , 0.169876 , 0.64414 , 0.162868 , 0.180667
16.1953 , 0.491409 , 0.19594 , 0.171679 , 0.626978 , 0.157797 , 0.200939
16.2288 , 0.465074 , 0.196385 , 0.172343 , 0.627408 , 0.145032 , 0.209137
16.2635 , 0.498935 , 0.2052 , 0.184573 , 0.650205 , 0.166952 , 0.204142
16.298 , 0.482877 , 0.207834 , 0.184997 , 0.650173 , 0.171005 , 0.204667
16.3295 , 0.465975 , 0.207855 , 0.185547 , 0.618497 , 0.16783 , 0.205334
16.3659 , 0.447951 , 0.206729 , 0.185934 , 0.58949 , 0.166385 , 0.204329
16.3965 , 0.725665 , 0.25597 , 0.258579 , 0.567946 , 0.159093 , 0.219793
16.4301 , 0.458966 , 0.205303 , 0.211024 , 0.609631 , 0.177121 , 0.219018
16.4657 , 0.431827 , 0.209416 , 0.211382 , 0.59749 , 0.180299 , 0.222815
16.4974 , 0.404656 , 0.209954 , 0.208786 , 0.547587 , 0.178178 , 0.223358
16.5344 , 0.385892 , 0.203676 , 0.20881 , 0.505011 , 0.180243 , 0.217189
16.5687 , 0.369722 , 0.198735 , 0.20844 , 0.491434 , 0.173336 , 0.222789
16.6002 , 0.358498 , 0.195269 , 0.205429 , 0.478871 , 0.16725 , 0.224434
16.6315 , 0.342 , 0.19126 , 0.20142 , 0.4754 , 0.157521 , 0.21681
16.6733 , 0.340724 , 0.184442 , 0.195264 , 0.448506 , 0.155342 , 0.20702
16.7239 , 0.319092 , 0.179631 , 0.192161 , 0.416111 , 0.154489 , 0.200606
16.77 , 0.31055 , 0.170367 , 0.190028 , 0.397756 , 0.150423 , 0.191748
16.8009 , 0.308498 , 0.164949 , 0.183117 , 0.388807 , 0.138591 , 0.192481
16.8361 , 0.287378 , 0.158202 , 0.176752 , 0.375935 , 0.132812 , 0.177784
16.8725 , 0.280073 , 0.151243 , 0.168481 , 0.35251 , 0.124426 , 0.171311
16.9036 , 0.284105 , 0.136153 , 0.159221 , 0.348767 , 0.113054 , 0.166319
16.9387 , 0.266193 , 0.131576 , 0.149752 , 0.334271 , 0.108536 , 0.146361
16.9699 , 0.257264 , 0.125067 , 0.137208 , 0.31089 , 0.103956 , 0.135835
17.0038 , 0.274739 , 0.112483 , 0.118215 , 0.311051 , 0.101208 , 0.119226
17.0364 , 0.245113 , 0.11027 , 0.114053 , 0.266417 , 0.101369 , 0.111749
17.0691 , 0.272306 , 0.1063 , 0.101736 , 0.282761 , 0.103184 , 0.0943725
17.1042 , 0.233248 , 0.105693 , 0.0983474 , 0.236806 , 0.0983243 , 0.095642
17.1404 , 0.20534 , 0.102681 , 0.0933198 , 0.231847 , 0.0983561 , 0.0887896
17.1734 , 0.210049 , 0.103478 , 0.0814483 , 0.192775 , 0.0972728 , 0.0773085
17.2059 , 0.206053 , 0.0999011 , 0.0756387 , 0.201992 , 0.0949361 , 0.063129
17.2382 , 0.202089 , 0.0978323 , 0.0626953 , 0.158414 , 0.0969068 , 0.0583259
17.2705 , 0.167734 , 0.0964648 , 0.0577966 , 0.125737 , 0.100177 , 0.0475509
17.3051 , 0.194344 , 0.09684 , 0.0356451 , 0.129577 , 0.10167 , 0.0256004
17.3414 , 0.157629 , 0.0949514 , 0.0325855 , 0.0818731 , 0.0928517 , 0.0211394
17.378 , 0.136993 , 0.0922669 , 0.0216666 , 0.0822152 , 0.0908662 , 0.0125184
17.4245 , 0.137064 , 0.0932092 , 0.0103136 , 0.0465779 , 0.0900367 , 0.00349212
17.456 , 0.108985 , 0.0893227 , 0.00575608 , 0.0515118 , 0.0946286 , -0.00687791
17.4933 , 0.113667 , 0.0917378 , -0.00309384 , 0.0243913 , 0.0944892 , -0.0130233
17.5388 , 0.0879414 , 0.0922825 , -0.00775462 , 0.0336963 , 0.0943871 , -0.0150679
17.5719 , 0.0928566 , 0.0913573 , -0.013375 , 0.0141353 , 0.0934359 , -0.0173592
17.608 , 0.0674969 , 0.0904808 , -0.0161993 , 0.0278142 , 0.0937314 , -0.0173707
17.6407 , 0.0751042 , 0.0915571 , -0.0190422 , 0.0115261 , 0.0915849 , -0.0174243
17.675 , 0.0498905 , 0.0908285 , -0.0204059 , 0.00463991 , 0.0901208 , -0.0169435
17.7142 , 0.0571066 , 0.0928375 , -0.0204311 , 0.015368 , 0.0955899 , -0.0186285
17.7561 , 0.0374701 , 0.0919166 , -0.0207257 , 0.00454946 , 0.0973213 , -0.0207394
17.7907 , 0.0601351 , 0.088702 , -0.0187783 , 0.0305508 , 0.0930039 , -0.0166078
17.8235 , 0.0375183 , 0.0886092 , -0.0191267 , 0.0103038 , 0.0912808 , -0.0177321
17.8576 , 0.0225925 , 0.089839 , -0.018684 , 0.0135829 , 0.0894581 , -0.0159053
17.8913 , 0.0152597 , 0.0874528 , -0.0178224 , 0.0324034 , 0.0848023 , -0.014296
17.9248 , 0.030268 , 0.0824147 , -0.0168604 , 0.0300997 , 0.0828339 , -0.0150746
17.9577 , 0.0157318 , 0.0811829 , -0.0174949 , 0.0257457 , 0.0810198 , -0.0152541
