481

0.022631 , -0.0200012 , -0.0951205 , -0.00651458 , -0.0205657 , -0.0973513 , -0.00759732
0.05421 , -0.0200146 , -0.0951051 , -0.00652986 , -0.0256551 , -0.0926732 , -0.00215421
0.089463 , -0.0200365 , -0.0950867 , -0.00649801 , -0.0198232 , -0.0935556 , -0.0050909
0.124849 , -0.0200737 , -0.0950625 , -0.00644101 , -0.00322156 , -0.100066 , 0.0287303
0.159566 , -0.0200801 , -0.0950545 , -0.00643693 , -0.000854702 , -0.10219 , 0.0197073
0.191347 , -0.0200801 , -0.0950545 , -0.00643693 , -0.000556008 , -0.101555 , 0.0154215
0.227692 , -0.0200801 , -0.0950545 , -0.00643693 , -0.0020828 , -0.0999719 , 0.0150041
0.264095 , -0.0200801 , -0.0950565 , -0.0064349 , -0.00604944 , -0.0987406 , 0.0167648
0.313601 , -0.0200801 , -0.0950545 , -0.00643494 , -0.0110011 , -0.0975874 , 0.018172
0.351095 , -0.0200801 , -0.0950545 , -0.00643695 , -0.0157244 , -0.096477 , 0.0184799
0.395899 , -0.0200801 , -0.0950545 , -0.00643695 , -0.0194784 , -0.095646 , 0.0181804
0.434643 , -0.0200801 , -0.0950545 , -0.00643695 , -0.0215475 , -0.0952085 , 0.018503
0.480169 , -0.0200801 , -0.0950545 , -0.00643496 , -0.0217039 , -0.0952478 , 0.0189497
0.514005 , -0.0200801 , -0.0950545 , -0.00643496 , -0.0201968 , -0.0957976 , 0.0192902
0.553437 , -0.0200801 , -0.0950545 , -0.00643496 , -0.0176982 , -0.0967871 , 0.0192656
0.601987 , -0.0200801 , -0.0950545 , -0.00643496 , -0.015054 , -0.0978761 , 0.0189034
0.654827 , -0.0200801 , -0.0950545 , -0.00643496 , -0.0129944 , -0.098621 , 0.0183439
0.705118 , -0.0200801 , -0.0950545 , -0.00643496 , -0.0118194 , -0.0987473 , 0.0179945
0.754749 , -0.0200801 , -0.0950545 , -0.00643496 , -0.0115289 , -0.098314 , 0.0176944
0.804009 , -0.0200801 , -0.0950545 , -0.00643496 , -0.0118285 , -0.0975653 , 0.0174791
0.854191 , -0.0200801 , -0.0950545 , -0.00643496 , -0.0124333 , -0.0967978 , 0.0173306
0.90654 , -0.0200801 , -0.0950545 , -0.00643496 , -0.0131729 , -0.0962882 , 0.0170385
0.956428 , -0.0186558 , -0.0931773 , -0.00820259 , -0.0109983 , -0.0987886 , 0.0177274
1.00578 , -0.0190541 , -0.0913165 , -0.00764433 , -0.0097978 , -0.0947048 , 0.0197962
1.05547 , -0.0201742 , -0.0908091 , -0.00469137 , -0.0142965 , -0.0911416 , 0.0211716
1.10546 , -0.0203084 , -0.0913729 , -0.00448759 , -0.018148 , -0.0901041 , 0.0213913
1.15793 , -0.019465 , -0.0905811 , -0.00629304 , -0.0188519 , -0.0910613 , 0.0216601
1.20819 , -0.0193511 , -0.090453 , -0.00740346 , -0.018079 , -0.0916916 , 0.0222728
1.25762 , -0.0195397 , -0.0911307 , -0.00510422 , -0.0174553 , -0.0931426 , 0.0227617
1.30763 , -0.019666 , -0.0909509 , -0.00604639 , -0.0170785 , -0.0936353 , 0.0231634
1.35286 , -0.0209767 , -0.0911094 , -0.00413684 , -0.0178678 , -0.0940017 , 0.0239229
1.38466 , -0.0228451 , -0.0916705 , -0.00390055 , -0.019886 , -0.0927385 , 0.025133
1.41819 , -0.0245034 , -0.088203 , -0.000363647 , -0.021769 , -0.0912806 , 0.0263925
1.45416 , -0.0256619 , -0.0870844 , -0.000870626 , -0.0236146 , -0.0881221 , 0.0274476
1.49089 , -0.0270258 , -0.0858724 , -0.000231988 , -0.0253989 , -0.0871233 , 0.0286995
1.53812 , -0.0284453 , -0.0862863 , 0.000755776 , -0.0271658 , -0.0853026 , 0.0302761
1.57559 , -0.0312507 , -0.0838015 , 0.0038752 , -0.0282115 , -0.0840642 , 0.0317793
1.62539 , -0.0344278 , -0.0825051 , 0.00793047 , -0.0303674 , -0.082925 , 0.0335818
1.67533 , -0.0379628 , -0.0804231 , 0.0104771 , -0.0333071 , -0.0798597 , 0.0354847
1.72185 , -0.0415675 , -0.0780972 , 0.0141789 , -0.0371996 , -0.07633 , 0.0378971
1.75384 , -0.0440815 , -0.0751472 , 0.0159719 , -0.0406597 , -0.0734728 , 0.0401542
1.78536 , -0.0480805 , -0.0708193 , 0.0185911 , -0.0443892 , -0.0710837 , 0.0421787
1.8179 , -0.0538313 , -0.066601 , 0.0245493 , -0.0495422 , -0.0641445 , 0.0455537
1.85434 , -0.0607933 , -0.0626012 , 0.0307757 , -0.0559475 , -0.0626673 , 0.0496474
1.88539 , -0.0676568 , -0.0581468 , 0.0381623 , -0.0608264 , -0.0571748 , 0.0528748
1.92233 , -0.0730955 , -0.0537169 , 0.0426071 , -0.0656828 , -0.0481211 , 0.0563591
1.95375 , -0.0788284 , -0.045601 , 0.0485967 , -0.072273 , -0.042035 , 0.0603905
1.98606 , -0.0863003 , -0.0393657 , 0.0578492 , -0.0782499 , -0.0371222 , 0.0652214
2.01942 , -0.0937943 , -0.0336765 , 0.0655454 , -0.0840382 , -0.0324885 , 0.0708342
2.0564 , -0.103049 , -0.0296117 , 0.0750626 , -0.0908518 , -0.0290924 , 0.0763107
2.09765 , -0.110476 , -0.0273383 , 0.0835995 , -0.0975698 , -0.0250059 , 0.0816668
2.14029 , -0.119283 , -0.0265641 , 0.091865 , -0.10439 , -0.0206462 , 0.0859072
2.18173 , -0.129397 , -0.0176384 , 0.103132 , -0.112311 , -0.0195356 , 0.0900202
2.22431 , -0.138389 , -0.0135055 , 0.113442 , -0.120022 , -0.0153329 , 0.0944646
2.25992 , -0.148936 , -0.0134982 , 0.120523 , -0.128376 , -0.0160843 , 0.0991249
2.2939 , -0.159898 , -0.0122239 , 0.129897 , -0.136703 , -0.0120603 , 0.103278
2.33194 , -0.168513 , -0.00563264 , 0.137391 , -0.145044 , -0.00915974 , 0.106612
2.37481 , -0.179269 , -0.00676422 , 0.146861 , -0.154453 , -0.0113343 , 0.109932
2.40984 , -0.190679 , -0.005698 , 0.153387 , -0.163158 , -0.00973965 , 0.11316
2.44123 , -0.201504 , -0.00452102 , 0.162553 , -0.171976 , -0.0102852 , 0.117034
2.47252 , -0.211099 , -0.000377337 , 0.170349 , -0.18069 , -0.00868598 , 0.121386
2.50898 , -0.222779 , -0.00399109 , 0.180062 , -0.191346 , -0.0164554 , 0.125594
2.54055 , -0.238534 , -0.016089 , 0.183239 , -0.20152 , -0.0184493 , 0.128635
2.57348 , -0.246187 , -0.0105395 , 0.193472 , -0.212199 , -0.0194898 , 0.132646
2.60669 , -0.258717 , -0.0129484 , 0.198119 , -0.222493 , -0.0267797 , 0.137839
2.64226 , -0.275771 , -0.0250209 , 0.204935 , -0.233386 , -0.0309255 , 0.142029
2.67679 , -0.289587 , -0.0290222 , 0.209247 , -0.246838 , -0.0350509 , 0.145733
2.7112 , -0.297649 , -0.0230909 , 0.21834 , -0.259908 , -0.0462139 , 0.149463
2.7458 , -0.311186 , -0.0291668 , 0.224456 , -0.272563 , -0.0524849 , 0.152316
2.77755 , -0.323379 , -0.0328225 , 0.229303 , -0.28208 , -0.0486912 , 0.155691
2.80891 , -0.338161 , -0.0377627 , 0.234113 , -0.295466 , -0.0661192 , 0.159433
2.84656 , -0.359633 , -0.0638035 , 0.231564 , -0.309931 , -0.071591 , 0.162343
2.88099 , -0.365498 , -0.054573 , 0.240844 , -0.322345 , -0.0759277 , 0.165799
2.91231 , -0.378017 , -0.0578895 , 0.245506 , -0.335817 , -0.0914249 , 0.167449
2.94339 , -0.392717 , -0.0718743 , 0.245285 , -0.345646 , -0.089928 , 0.16893
2.97659 , -0.404888 , -0.0784354 , 0.24845 , -0.361703 , -0.120379 , 0.170808
3.01233 , -0.421819 , -0.101295 , 0.245482 , -0.370899 , -0.118829 , 0.172817
3.04672 , -0.431938 , -0.0998184 , 0.252249 , -0.381393 , -0.122747 , 0.175848
3.08255 , -0.447398 , -0.111937 , 0.251527 , -0.39671 , -0.151169 , 0.178393
3.11391 , -0.459908 , -0.128883 , 0.249899 , -0.40638 , -0.149864 , 0.179617
3.14474 , -0.468242 , -0.128847 , 0.254858 , -0.415202 , -0.149392 , 0.180357
3.17713 , -0.481711 , -0.142521 , 0.253538 , -0.426967 , -0.159527 , 0.182307
3.21056 , -0.496661 , -0.166614 , 0.257091 , -0.44002 , -0.180996 , 0.183791
3.24637 , -0.501137 , -0.168455 , 0.253839 , -0.450402 , -0.187808 , 0.185238
3.28115 , -0.512463 , -0.17441 , 0.256356 , -0.461154 , -0.203102 , 0.187219
3.31615 , -0.517509 , -0.295871 , 0.156257 , -0.499512 , -0.272213 , 0.179664
3.35078 , -0.521589 , -0.304685 , 0.152173 , -0.512499 , -0.282131 , 0.159464
3.38591 , -0.525309 , -0.316437 , 0.148758 , -0.516451 , -0.289192 , 0.151824
3.43286 , -0.527479 , -0.33076 , 0.143968 , -0.523315 , -0.301555 , 0.154162
3.46426 , -0.536544 , -0.339319 , 0.141833 , -0.531488 , -0.316756 , 0.160281
3.49566 , -0.537046 , -0.345862 , 0.143135 , -0.542907 , -0.322862 , 0.165025
3.53722 , -0.540305 , -0.358505 , 0.139994 , -0.539811 , -0.291361 , 0.168491
3.58664 , -0.580442 , -0.296658 , 0.240676 , -0.541759 , -0.301911 , 0.177872
3.63078 , -0.582943 , -0.301476 , 0.242336 , -0.544497 , -0.308332 , 0.188647
3.66986 , -0.584847 , -0.303601 , 0.248275 , -0.548198 , -0.314558 , 0.197898
3.71637 , -0.587539 , -0.301551 , 0.247382 , -0.554073 , -0.322576 , 0.20504
3.75127 , -0.592049 , -0.307529 , 0.250088 , -0.555712 , -0.325436 , 0.206951
3.78518 , -0.596769 , -0.319581 , 0.250724 , -0.557728 , -0.334653 , 0.208256
3.81678 , -0.599687 , -0.317009 , 0.255242 , -0.56285 , -0.31624 , 0.210897
3.84972 , -0.589782 , -0.295963 , 0.257971 , -0.561225 , -0.315223 , 0.207764
3.88314 , -0.59406 , -0.31291 , 0.259708 , -0.55684 , -0.325272 , 0.205152
3.91645 , -0.59472 , -0.311684 , 0.259128 , -0.554763 , -0.326697 , 0.204181
3.95005 , -0.59355 , -0.312736 , 0.260032 , -0.556364 , -0.331953 , 0.204311
3.98429 , -0.59857 , -0.330114 , 0.261686 , -0.547533 , -0.340388 , 0.206156
4.01769 , -0.599928 , -0.343686 , 0.256781 , -0.565984 , -0.352028 , 0.216196
4.05088 , -0.598551 , -0.343351 , 0.264092 , -0.576563 , -0.351048 , 0.217504
4.08368 , -0.597645 , -0.347902 , 0.265704 , -0.579019 , -0.349589 , 0.220317
4.11816 , -0.597395 , -0.352534 , 0.266412 , -0.580536 , -0.3401 , 0.227808
4.15102 , -0.592925 , -0.345224 , 0.271633 , -0.582461 , -0.344928 , 0.236274
4.18479 , -0.589977 , -0.348859 , 0.272064 , -0.580835 , -0.34677 , 0.243387
4.21803 , -0.581991 , -0.338379 , 0.273625 , -0.586878 , -0.372869 , 0.251628
4.25225 , -0.579936 , -0.342524 , 0.273707 , -0.571884 , -0.350314 , 0.25314
4.28519 , -0.577725 , -0.345324 , 0.273945 , -0.565864 , -0.348497 , 0.256058
4.31923 , -0.574633 , -0.34609 , 0.275157 , -0.556878 , -0.345152 , 0.258101
4.35222 , -0.571217 , -0.343772 , 0.273189 , -0.547787 , -0.349707 , 0.261385
4.38596 , -0.565847 , -0.345184 , 0.27184 , -0.54534 , -0.352954 , 0.265262
4.42468 , -0.561736 , -0.340331 , 0.270844 , -0.545967 , -0.347117 , 0.264619
4.47485 , -0.557244 , -0.340317 , 0.269433 , -0.543423 , -0.344583 , 0.260422
4.52527 , -0.553896 , -0.340506 , 0.268572 , -0.537218 , -0.34351 , 0.254566
4.57575 , -0.550749 , -0.338216 , 0.268635 , -0.530138 , -0.316014 , 0.246691
4.62589 , -0.535334 , -0.306989 , 0.271553 , -0.517074 , -0.310066 , 0.235108
4.6761 , -0.529894 , -0.304064 , 0.270112 , -0.503081 , -0.30747 , 0.226533
4.72649 , -0.523097 , -0.300097 , 0.268463 , -0.492664 , -0.305207 , 0.22277
4.77587 , -0.514474 , -0.294483 , 0.265406 , -0.483136 , -0.301061 , 0.220921
4.81404 , -0.505568 , -0.28644 , 0.263416 , -0.474042 , -0.2972 , 0.219211
4.86075 , -0.497083 , -0.280438 , 0.256733 , -0.458119 , -0.267301 , 0.213765
4.91129 , -0.484755 , -0.246106 , 0.261346 , -0.449066 , -0.262857 , 0.21018
4.96153 , -0.477976 , -0.245937 , 0.259747 , -0.441345 , -0.263508 , 0.206972
5.00763 , -0.469324 , -0.247424 , 0.250462 , -0.427783 , -0.242431 , 0.20149
5.04075 , -0.457277 , -0.222108 , 0.257245 , -0.419364 , -0.241272 , 0.198053
5.07381 , -0.449273 , -0.210454 , 0.257327 , -0.408295 , -0.232502 , 0.194689
5.10726 , -0.4428 , -0.205706 , 0.253837 , -0.396408 , -0.245204 , 0.190909
5.14053 , -0.448493 , -0.225653 , 0.251055 , -0.393757 , -0.249724 , 0.191833
5.17457 , -0.442493 , -0.226384 , 0.248808 , -0.3894 , -0.244024 , 0.190532
5.20815 , -0.432424 , -0.217202 , 0.247552 , -0.380548 , -0.231794 , 0.186294
5.24137 , -0.420203 , -0.196902 , 0.246153 , -0.369814 , -0.215276 , 0.18198
5.27529 , -0.412108 , -0.186084 , 0.245465 , -0.359536 , -0.204446 , 0.178527
5.30794 , -0.401347 , -0.174211 , 0.241316 , -0.348336 , -0.195942 , 0.175669
5.34312 , -0.396728 , -0.163788 , 0.243267 , -0.337824 , -0.188597 , 0.173634
5.37673 , -0.385579 , -0.151986 , 0.243271 , -0.325827 , -0.181399 , 0.170754
5.4121 , -0.379927 , -0.158785 , 0.238908 , -0.313974 , -0.179191 , 0.16766
5.44779 , -0.384327 , -0.27459 , 0.139435 , -0.336868 , -0.268238 , 0.155314
5.48468 , -0.377334 , -0.276321 , 0.135513 , -0.336001 , -0.27452 , 0.127868
5.52643 , -0.359098 , -0.164698 , 0.222967 , -0.296455 , -0.190449 , 0.118246
5.56418 , -0.346937 , -0.149917 , 0.225174 , -0.269192 , -0.153814 , 0.131886
5.60346 , -0.333291 , -0.133476 , 0.224265 , -0.257477 , -0.143372 , 0.145836
5.64457 , -0.318738 , -0.117713 , 0.222895 , -0.248251 , -0.140614 , 0.146945
5.68026 , -0.30046 , -0.0945513 , 0.221727 , -0.234991 , -0.127689 , 0.139445
5.71339 , -0.291017 , -0.0991991 , 0.217421 , -0.221249 , -0.118215 , 0.128843
5.74919 , -0.308998 , -0.197553 , 0.141522 , -0.216 , -0.0848162 , 0.117245
5.78586 , -0.259524 , -0.0666815 , 0.211386 , -0.212086 , -0.0826532 , 0.110561
5.83202 , -0.247793 , -0.059649 , 0.202411 , -0.196646 , -0.0792081 , 0.109333
5.86434 , -0.236613 , -0.0606308 , 0.195506 , -0.179815 , -0.0706898 , 0.112846
5.89716 , -0.220977 , -0.0480162 , 0.190147 , -0.166881 , -0.0693951 , 0.10925
5.92974 , -0.205374 , -0.0399971 , 0.183184 , -0.15524 , -0.0639344 , 0.0990979
5.96608 , -0.195445 , -0.0372481 , 0.170697 , -0.145762 , -0.0505948 , 0.088379
5.99803 , -0.181827 , -0.036791 , 0.162285 , -0.137497 , -0.0506118 , 0.0805043
6.02924 , -0.171828 , -0.0347529 , 0.150649 , -0.129856 , -0.0407793 , 0.0754422
6.06244 , -0.157751 , -0.0335699 , 0.141609 , -0.121688 , -0.0374588 , 0.0710225
6.10299 , -0.147435 , -0.0268315 , 0.130901 , -0.115683 , -0.0326518 , 0.0664728
6.14976 , -0.135025 , -0.0250534 , 0.120145 , -0.110011 , -0.033202 , 0.0627431
6.18692 , -0.124334 , -0.0276692 , 0.107548 , -0.104464 , -0.0267068 , 0.0598135
6.2389 , -0.113633 , -0.0238413 , 0.0993105 , -0.100442 , -0.0323821 , 0.0579482
6.28684 , -0.105477 , -0.0257537 , 0.0886373 , -0.0950153 , -0.029607 , 0.0560345
6.33562 , -0.0957757 , -0.0239267 , 0.0819805 , -0.0899064 , -0.0308605 , 0.0540154
6.37663 , -0.0847629 , -0.0217368 , 0.0733358 , -0.0844899 , -0.0242095 , 0.0518459
6.42197 , -0.0763681 , -0.0221497 , 0.0617166 , -0.0807838 , -0.0266475 , 0.0499325
6.47178 , -0.065653 , -0.0240026 , 0.0487394 , -0.0746237 , -0.018702 , 0.0474377
6.52098 , -0.056076 , -0.0222719 , 0.0372926 , -0.0698679 , -0.0221979 , 0.0448015
6.55254 , -0.0452847 , -0.0279631 , 0.0261758 , -0.0643093 , -0.0247312 , 0.0425781
6.58636 , -0.0361718 , -0.0224966 , 0.013613 , -0.0600814 , -0.0223576 , 0.0401725
6.62071 , -0.0265071 , -0.0309639 , -7.27275e-06 , -0.0548001 , -0.0256629 , 0.0385468
6.65228 , -0.0166204 , -0.0286622 , -0.00905122 , -0.0486571 , -0.0242995 , 0.0365306
6.68837 , -0.00764192 , -0.0296746 , -0.0196015 , -0.0435577 , -0.0303731 , 0.0337465
6.7197 , 0.00044433 , -0.0365676 , -0.0306739 , -0.0380913 , -0.0345626 , 0.0309986
6.75073 , 0.00734207 , -0.0369055 , -0.0412511 , -0.033693 , -0.0386138 , 0.0282114
6.78394 , 0.0152606 , -0.0398624 , -0.0493756 , -0.0293165 , -0.0424389 , 0.0255063
6.81746 , 0.0204237 , -0.0427397 , -0.0571582 , -0.025405 , -0.0448636 , 0.0231966
6.85293 , 0.0239093 , -0.0395516 , -0.0614685 , -0.0222903 , -0.0451386 , 0.0216451
6.88749 , 0.0271512 , -0.0441699 , -0.0687942 , -0.0200193 , -0.0464015 , 0.0200022
6.92236 , 0.0315041 , -0.0487257 , -0.0720848 , -0.0174078 , -0.0501499 , 0.0184825
6.95461 , 0.0331043 , -0.0486519 , -0.0754372 , -0.0138975 , -0.0542557 , 0.0169289
6.98686 , 0.0358143 , -0.0531022 , -0.0809027 , -0.0119172 , -0.0569875 , 0.0158354
7.02196 , 0.0366843 , -0.0583859 , -0.0819488 , -0.011039 , -0.0607411 , 0.0155441
7.0529 , 0.0367718 , -0.0622476 , -0.0824764 , -0.0103114 , -0.0637565 , 0.0154206
7.09316 , 0.0360657 , -0.0625963 , -0.0786528 , -0.00934629 , -0.0629689 , 0.0153248
7.14253 , 0.0360484 , -0.0660874 , -0.0790958 , -0.00824422 , -0.0671364 , 0.0147268
7.1924 , 0.0362185 , -0.0650465 , -0.0786664 , -0.00666823 , -0.0705107 , 0.0136576
7.24376 , 0.0373011 , -0.0684621 , -0.0793323 , -0.00561338 , -0.0742059 , 0.0127716
7.28911 , 0.0371592 , -0.0684348 , -0.0768035 , -0.00513922 , -0.0733227 , 0.0125057
7.3222 , 0.0361556 , -0.0696108 , -0.0750205 , -0.00559784 , -0.0755516 , 0.0128101
7.35525 , 0.0346133 , -0.0729963 , -0.0740724 , -0.00611475 , -0.0759068 , 0.0129022
7.39058 , 0.0338293 , -0.0731065 , -0.0724886 , -0.00685162 , -0.0762011 , 0.0124922
7.42848 , 0.0325071 , -0.0721022 , -0.0702176 , -0.00784635 , -0.0766097 , 0.0121266
7.48143 , 0.0310482 , -0.0735945 , -0.0681468 , -0.00884806 , -0.0737711 , 0.0124369
7.53095 , 0.0285435 , -0.0722679 , -0.0651601 , -0.0100159 , -0.0748684 , 0.0131602
7.58064 , 0.025753 , -0.0696015 , -0.0606466 , -0.0113785 , -0.0726015 , 0.0137896
7.62927 , 0.0231729 , -0.0697586 , -0.0564088 , -0.0132401 , -0.0716073 , 0.01446
7.68005 , 0.0215141 , -0.069348 , -0.0542266 , -0.0153488 , -0.0715241 , 0.0152455
7.72881 , 0.019307 , -0.068086 , -0.050922 , -0.0173928 , -0.0696018 , 0.016061
7.7606 , 0.016977 , -0.0648882 , -0.0464086 , -0.0199073 , -0.0658746 , 0.0173001
7.79434 , 0.0139642 , -0.0627763 , -0.0431652 , -0.0229214 , -0.0622025 , 0.0188284
7.828 , 0.0111878 , -0.0580027 , -0.0366843 , -0.0266135 , -0.0567235 , 0.0204343
7.86332 , 0.00748389 , -0.0526783 , -0.0315502 , -0.0302174 , -0.0497016 , 0.0224291
7.90299 , 0.00300573 , -0.0472328 , -0.0251663 , -0.0346715 , -0.0420195 , 0.0249523
7.94629 , -0.0011387 , -0.0392041 , -0.0190548 , -0.0391612 , -0.0303745 , 0.0273957
7.98462 , -0.00348144 , -0.0268644 , -0.0111966 , -0.0441814 , -0.0231041 , 0.0296529
8.02967 , -0.00714864 , -0.0244594 , -0.00575996 , -0.0493125 , -0.0191096 , 0.032431
8.06557 , -0.0115723 , -0.0208322 , -0.00136675 , -0.0531164 , -0.0172966 , 0.0354358
8.11359 , -0.0162844 , -0.0147896 , 0.00688694 , -0.0576205 , -0.0118212 , 0.0380494
8.14945 , -0.0258662 , -0.0173878 , 0.0121428 , -0.064134 , -0.0110853 , 0.0408945
8.19622 , -0.0343834 , -0.0124044 , 0.0217562 , -0.0702891 , -0.00561425 , 0.0448763
8.22666 , -0.040508 , -0.0030514 , 0.0339043 , -0.0777335 , 0.00231375 , 0.0499578
8.2627 , -0.0504859 , 0.00193842 , 0.0451087 , -0.0868072 , 0.00929431 , 0.0560848
8.29539 , -0.0633111 , 0.00252948 , 0.0575709 , -0.0966773 , 0.0142485 , 0.0624661
8.33076 , -0.0736698 , 0.00470122 , 0.0675894 , -0.107012 , 0.0184136 , 0.0687711
8.36601 , -0.0853419 , 0.00831965 , 0.079411 , -0.115964 , 0.0158469 , 0.0750403
8.40207 , -0.100486 , 0.000192322 , 0.0940377 , -0.127393 , 0.012327 , 0.0815651
8.44912 , -0.117341 , 0.00451322 , 0.108827 , -0.138741 , 0.00907892 , 0.0875976
8.48559 , -0.134006 , 0.00476789 , 0.125287 , -0.150005 , 0.00948013 , 0.0933046
8.53332 , -0.14995 , 0.00485244 , 0.138882 , -0.162972 , 0.00421677 , 0.0986147
8.56914 , -0.165264 , 0.00196089 , 0.150598 , -0.176842 , 0.00214207 , 0.103064
8.62414 , -0.180724 , 0.0037306 , 0.162966 , -0.188739 , -0.00294882 , 0.10808
8.67318 , -0.200081 , -0.00365315 , 0.174066 , -0.201545 , -0.00934347 , 0.114158
8.72377 , -0.217107 , -0.00369519 , 0.18646 , -0.216431 , -0.0260646 , 0.119993
8.77302 , -0.234815 , -0.0143622 , 0.195525 , -0.227189 , -0.02783 , 0.125804
8.82309 , -0.255387 , -0.0327653 , 0.205601 , -0.243486 , -0.0467576 , 0.131643
8.87557 , -0.270401 , -0.0338369 , 0.2149 , -0.258034 , -0.0586029 , 0.137427
8.92285 , -0.28659 , -0.0413964 , 0.223065 , -0.271789 , -0.072742 , 0.141877
8.97312 , -0.304457 , -0.0553803 , 0.228626 , -0.281168 , -0.0700349 , 0.146351
9.02168 , -0.32459 , -0.0723905 , 0.231262 , -0.295332 , -0.078877 , 0.153722
9.06893 , -0.332684 , -0.0655864 , 0.243781 , -0.311069 , -0.0990857 , 0.162162
9.10506 , -0.350313 , -0.0801346 , 0.248006 , -0.320791 , -0.0993737 , 0.168258
9.14091 , -0.361535 , -0.0830131 , 0.25455 , -0.337074 , -0.131172 , 0.173554
9.18401 , -0.381073 , -0.111471 , 0.252856 , -0.346355 , -0.128427 , 0.177101
9.2197 , -0.398113 , -0.132182 , 0.253277 , -0.360673 , -0.144447 , 0.180778
9.25157 , -0.406127 , -0.133038 , 0.256922 , -0.378106 , -0.17377 , 0.185495
9.28333 , -0.422483 , -0.15399 , 0.253397 , -0.390475 , -0.18901 , 0.18851
9.32048 , -0.434726 , -0.168268 , 0.255358 , -0.401039 , -0.199713 , 0.19086
9.3532 , -0.445457 , -0.178929 , 0.259354 , -0.412593 , -0.215407 , 0.193217
9.38433 , -0.453847 , -0.198034 , 0.255493 , -0.424114 , -0.235263 , 0.194823
9.42045 , -0.465446 , -0.217286 , 0.255591 , -0.431562 , -0.236549 , 0.195431
9.45134 , -0.475702 , -0.224931 , 0.25851 , -0.442665 , -0.259244 , 0.197237
9.48487 , -0.487285 , -0.244191 , 0.258634 , -0.452838 , -0.275799 , 0.200227
9.51942 , -0.496417 , -0.259233 , 0.259013 , -0.462825 , -0.253352 , 0.201645
9.55183 , -0.487846 , -0.239175 , 0.262014 , -0.466688 , -0.259251 , 0.198714
9.58844 , -0.498248 , -0.253355 , 0.261027 , -0.467584 , -0.265571 , 0.200757
9.61923 , -0.510487 , -0.28118 , 0.26121 , -0.482 , -0.287846 , 0.209624
9.65244 , -0.5166 , -0.284179 , 0.259147 , -0.497325 , -0.297518 , 0.21918
9.68831 , -0.521022 , -0.289287 , 0.259556 , -0.508286 , -0.304493 , 0.226759
9.72165 , -0.530073 , -0.299116 , 0.25819 , -0.518433 , -0.311836 , 0.231007
9.75617 , -0.537373 , -0.308545 , 0.25692 , -0.527893 , -0.318704 , 0.232336
9.78684 , -0.542658 , -0.327276 , 0.259513 , -0.533277 , -0.327365 , 0.232611
9.8217 , -0.541977 , -0.322876 , 0.259227 , -0.537917 , -0.325743 , 0.231175
9.85652 , -0.543665 , -0.323421 , 0.258654 , -0.544382 , -0.324269 , 0.22882
9.88798 , -0.548179 , -0.32764 , 0.259922 , -0.550313 , -0.32557 , 0.227772
9.92387 , -0.552918 , -0.332666 , 0.261105 , -0.555827 , -0.32868 , 0.229385
9.95489 , -0.554983 , -0.336172 , 0.262213 , -0.560554 , -0.330187 , 0.233077
9.98809 , -0.560742 , -0.342176 , 0.263248 , -0.567217 , -0.338113 , 0.238248
10.0238 , -0.561144 , -0.348146 , 0.263508 , -0.572473 , -0.342393 , 0.243131
10.0554 , -0.562198 , -0.350977 , 0.264697 , -0.575549 , -0.34393 , 0.247818
10.0918 , -0.563352 , -0.3503 , 0.268564 , -0.57737 , -0.344241 , 0.252697
10.126 , -0.5641 , -0.348158 , 0.274092 , -0.579082 , -0.342912 , 0.257749
10.1603 , -0.563532 , -0.348539 , 0.273012 , -0.581628 , -0.344148 , 0.262742
10.1952 , -0.563263 , -0.344371 , 0.277636 , -0.581829 , -0.36215 , 0.262417
10.2266 , -0.558129 , -0.33385 , 0.283633 , -0.566181 , -0.3346 , 0.261866
10.2592 , -0.550099 , -0.330061 , 0.280117 , -0.563346 , -0.345267 , 0.261648
10.2918 , -0.55264 , -0.330962 , 0.282071 , -0.553171 , -0.32722 , 0.262476
10.3251 , -0.549532 , -0.332544 , 0.279266 , -0.555751 , -0.32418 , 0.264872
10.3589 , -0.5487 , -0.334404 , 0.278007 , -0.556645 , -0.324053 , 0.266236
10.3907 , -0.551348 , -0.334163 , 0.280188 , -0.553555 , -0.325287 , 0.266669
10.4284 , -0.550826 , -0.332526 , 0.282943 , -0.548174 , -0.325936 , 0.265739
10.4598 , -0.54332 , -0.33159 , 0.277976 , -0.538888 , -0.324028 , 0.262077
10.4987 , -0.538441 , -0.32678 , 0.276936 , -0.529153 , -0.321081 , 0.257554
10.5506 , -0.533848 , -0.321338 , 0.275704 , -0.519806 , -0.317787 , 0.253558
10.6032 , -0.52973 , -0.316498 , 0.274161 , -0.510859 , -0.314652 , 0.250763
10.6525 , -0.521605 , -0.300606 , 0.27142 , -0.503782 , -0.305551 , 0.247806
10.7029 , -0.517535 , -0.300845 , 0.270337 , -0.498318 , -0.302547 , 0.246496
10.7499 , -0.513046 , -0.296417 , 0.26691 , -0.48819 , -0.297791 , 0.24539
10.7958 , -0.50557 , -0.288535 , 0.267737 , -0.478504 , -0.292462 , 0.244371
10.828 , -0.498085 , -0.287094 , 0.257914 , -0.472242 , -0.29046 , 0.242388
10.8624 , -0.492516 , -0.286091 , 0.254941 , -0.460225 , -0.267061 , 0.236273
10.8969 , -0.480231 , -0.257368 , 0.2626 , -0.451846 , -0.260666 , 0.231156
10.9311 , -0.475152 , -0.256753 , 0.257841 , -0.440574 , -0.240486 , 0.227338
10.9623 , -0.46851 , -0.2357 , 0.263898 , -0.430807 , -0.224515 , 0.225583
11.0009 , -0.457185 , -0.223467 , 0.258537 , -0.423779 , -0.222438 , 0.22563
11.0503 , -0.447519 , -0.2155 , 0.258119 , -0.414893 , -0.215046 , 0.225962
11.0825 , -0.438164 , -0.20043 , 0.259863 , -0.404536 , -0.208018 , 0.226179
11.1156 , -0.42659 , -0.17993 , 0.259463 , -0.392451 , -0.196013 , 0.226605
11.1466 , -0.426327 , -0.18712 , 0.258133 , -0.379728 , -0.184635 , 0.226885
11.1821 , -0.413244 , -0.164324 , 0.260716 , -0.372136 , -0.182004 , 0.226678
11.2135 , -0.409828 , -0.171482 , 0.257231 , -0.361669 , -0.185429 , 0.224728
11.2463 , -0.3988 , -0.158724 , 0.25575 , -0.35131 , -0.180606 , 0.22393
11.2819 , -0.385348 , -0.137231 , 0.260419 , -0.339051 , -0.167202 , 0.221112
11.3164 , -0.378833 , -0.149504 , 0.251224 , -0.323878 , -0.143895 , 0.215278
11.3473 , -0.366014 , -0.131641 , 0.248885 , -0.313349 , -0.131753 , 0.209526
11.3804 , -0.35539 , -0.123259 , 0.247733 , -0.302227 , -0.116998 , 0.203711
11.4161 , -0.34219 , -0.111196 , 0.243956 , -0.290661 , -0.106775 , 0.197545
11.4476 , -0.329147 , -0.103316 , 0.240187 , -0.280129 , -0.105273 , 0.191416
11.4842 , -0.319027 , -0.103522 , 0.229109 , -0.266153 , -0.0965836 , 0.185179
11.5152 , -0.297648 , -0.0898084 , 0.227588 , -0.250023 , -0.0863117 , 0.179428
11.5483 , -0.284191 , -0.0821183 , 0.221268 , -0.237185 , -0.0969916 , 0.173702
11.5856 , -0.265969 , -0.066091 , 0.219407 , -0.221653 , -0.100126 , 0.16767
11.618 , -0.259261 , -0.0767973 , 0.206926 , -0.205962 , -0.0928845 , 0.159349
11.6502 , -0.242874 , -0.0658333 , 0.201194 , -0.188901 , -0.0713834 , 0.150965
11.6866 , -0.226989 , -0.0616621 , 0.19222 , -0.17679 , -0.0684562 , 0.144432
11.7179 , -0.208962 , -0.0589322 , 0.178497 , -0.165241 , -0.0643206 , 0.135165
11.7531 , -0.195202 , -0.0556241 , 0.168173 , -0.152293 , -0.0538246 , 0.122912
11.7858 , -0.178243 , -0.047822 , 0.158748 , -0.139185 , -0.0452051 , 0.112694
11.8167 , -0.159565 , -0.0443575 , 0.144109 , -0.12546 , -0.0473122 , 0.105284
11.8517 , -0.144468 , -0.0321773 , 0.132832 , -0.112097 , -0.0367549 , 0.0980158
11.8855 , -0.128463 , -0.0310499 , 0.117943 , -0.101717 , -0.0269783 , 0.0904336
11.9189 , -0.111304 , -0.0221283 , 0.1044 , -0.0910219 , -0.0231707 , 0.0827044
11.9522 , -0.0970974 , -0.0152418 , 0.091967 , -0.0812938 , -0.0219209 , 0.0748819
11.9913 , -0.0818178 , -0.0124878 , 0.0773679 , -0.0749981 , -0.0130987 , 0.068791
12.0404 , -0.068551 , -0.0160675 , 0.0615591 , -0.0686363 , -0.0138378 , 0.063355
12.0933 , -0.0555039 , -0.00897711 , 0.0480664 , -0.0634278 , -0.00924822 , 0.0586416
12.1418 , -0.04203 , -0.0137858 , 0.0296785 , -0.057143 , -0.00701894 , 0.0538839
12.1881 , -0.0291175 , -0.00701423 , 0.0159059 , -0.0521514 , -0.00200659 , 0.0488914
12.2206 , -0.0165134 , -0.0101738 , -0.000529096 , -0.0478737 , -0.00623828 , 0.044366
12.2533 , -0.00524401 , -0.0124647 , -0.0148771 , -0.0442529 , -0.0109639 , 0.0404476
12.2948 , 0.00342638 , -0.015169 , -0.0274981 , -0.0395972 , -0.0155071 , 0.0372127
12.342 , 0.0123132 , -0.021015 , -0.0399867 , -0.035669 , -0.0204028 , 0.0343669
12.3734 , 0.022046 , -0.0242636 , -0.0507253 , -0.0321162 , -0.0254234 , 0.0317036
12.4061 , 0.0281113 , -0.0269363 , -0.0603787 , -0.0277721 , -0.0286856 , 0.0284443
12.4375 , 0.0343278 , -0.0295831 , -0.068746 , -0.024323 , -0.031198 , 0.0248278
12.4715 , 0.0402621 , -0.0346294 , -0.0772917 , -0.0201119 , -0.040362 , 0.0211615
12.5046 , 0.0468467 , -0.0403349 , -0.0835192 , -0.0153005 , -0.0447092 , 0.0183972
12.5411 , 0.0501307 , -0.0399385 , -0.0894816 , -0.010848 , -0.0493027 , 0.0164173
12.5756 , 0.0536079 , -0.0423424 , -0.0950879 , -0.00660715 , -0.0534022 , 0.0149524
12.6128 , 0.0544655 , -0.0457552 , -0.0983819 , -0.00301241 , -0.0511334 , 0.0137788
12.6601 , 0.0541426 , -0.0492478 , -0.0987694 , 8.86007e-05 , -0.0588438 , 0.0129032
12.6969 , 0.055969 , -0.0527594 , -0.102748 , 0.00219085 , -0.0572478 , 0.0117624
12.7425 , 0.0553509 , -0.0543909 , -0.102001 , 0.00337586 , -0.0616307 , 0.0103169
12.7767 , 0.055927 , -0.0566662 , -0.102845 , 0.00466658 , -0.0582732 , 0.00860969
12.8119 , 0.0530472 , -0.0574401 , -0.102006 , 0.00502806 , -0.0586088 , 0.00737304
12.8452 , 0.0517598 , -0.0497159 , -0.100436 , 0.00513297 , -0.0573167 , 0.00708134
12.878 , 0.0495124 , -0.0547242 , -0.0997154 , 0.00529045 , -0.0581129 , 0.00729564
12.9105 , 0.0486665 , -0.0542906 , -0.0987687 , 0.00444128 , -0.0556345 , 0.00733816
12.9462 , 0.0460376 , -0.0542475 , -0.0974819 , 0.00227564 , -0.0583983 , 0.00740043
12.9774 , 0.0438695 , -0.0540473 , -0.0959283 , 0.000584557 , -0.0594943 , 0.00763582
13.0085 , 0.041426 , -0.0581167 , -0.094143 , -0.000600014 , -0.060152 , 0.00771975
13.0444 , 0.0400906 , -0.0574654 , -0.0933527 , -0.00180467 , -0.0618599 , 0.00740828
13.0755 , 0.0376939 , -0.0603042 , -0.0909753 , -0.0029305 , -0.0620496 , 0.0075893
13.1086 , 0.0354908 , -0.060194 , -0.0896293 , -0.00442744 , -0.0642171 , 0.00743653
13.1441 , 0.034232 , -0.0618541 , -0.0888746 , -0.00514965 , -0.0639839 , 0.00664984
13.1757 , 0.0339524 , -0.0600541 , -0.0905378 , -0.00558763 , -0.0623292 , 0.0054306
13.2123 , 0.0328118 , -0.0609592 , -0.0894583 , -0.00655033 , -0.0630766 , 0.00448345
13.2466 , 0.0324321 , -0.0581596 , -0.0879117 , -0.00563902 , -0.0556291 , 0.00520929
13.2776 , 0.0304366 , -0.0537742 , -0.0831031 , -0.00522249 , -0.0558691 , 0.00615347
13.3098 , 0.0282721 , -0.059975 , -0.0840062 , -0.00689956 , -0.0577688 , 0.00620952
13.3453 , 0.0274758 , -0.0607874 , -0.0821925 , -0.0087624 , -0.0609095 , 0.00511007
13.3799 , 0.0263172 , -0.0581639 , -0.0790929 , -0.00969612 , -0.061699 , 0.00416131
13.4165 , 0.0239462 , -0.0616293 , -0.0781464 , -0.0102068 , -0.0620652 , 0.00420921
13.4638 , 0.0229908 , -0.0612321 , -0.0742975 , -0.0110537 , -0.0620113 , 0.00442102
13.5031 , 0.0199639 , -0.0637259 , -0.0714185 , -0.0120007 , -0.0635966 , 0.00430768
13.5476 , 0.0189498 , -0.0632323 , -0.0694926 , -0.013182 , -0.0637336 , 0.00390335
13.5786 , 0.0165377 , -0.0634036 , -0.0676209 , -0.0142541 , -0.0619299 , 0.00381276
13.6162 , 0.0151809 , -0.0599039 , -0.0642462 , -0.0150449 , -0.0626509 , 0.003843
13.6477 , 0.0124972 , -0.0597321 , -0.0621732 , -0.0160921 , -0.0612332 , 0.00397913
13.6789 , 0.0105355 , -0.0577306 , -0.0602501 , -0.0182853 , -0.0588868 , 0.00431994
13.7159 , 0.00855185 , -0.0558377 , -0.0568803 , -0.021101 , -0.056094 , 0.00501182
13.7514 , 0.00592273 , -0.0509192 , -0.0514666 , -0.0241551 , -0.0505093 , 0.0062609
13.7846 , 0.00183423 , -0.0468339 , -0.0466702 , -0.0274613 , -0.0448297 , 0.00776077
13.8178 , -0.000940964 , -0.0434729 , -0.0419516 , -0.0307782 , -0.0400858 , 0.00910891
13.8504 , -0.00358448 , -0.0368351 , -0.0359931 , -0.0338082 , -0.0346607 , 0.0106298
13.8857 , -0.00761302 , -0.0330892 , -0.0291192 , -0.036885 , -0.0292419 , 0.0126582
13.9191 , -0.0125286 , -0.0295516 , -0.0184357 , -0.0404036 , -0.0277519 , 0.015246
13.9548 , -0.0196928 , -0.0256308 , -0.00868496 , -0.0444162 , -0.0206722 , 0.0182409
13.9985 , -0.0288304 , -0.0205624 , 0.00244682 , -0.0501353 , -0.0136277 , 0.022044
14.0323 , -0.0365789 , -0.0110399 , 0.0167421 , -0.0588078 , -0.00655604 , 0.0264476
14.0661 , -0.0485315 , -0.00814777 , 0.0266865 , -0.0706635 , -0.00459836 , 0.0316432
14.1016 , -0.0633927 , -0.00325275 , 0.0427235 , -0.0824919 , 0.00232193 , 0.0372084
14.1327 , -0.0795534 , 0.00451402 , 0.0625502 , -0.0969105 , 0.00393344 , 0.0446693
14.1653 , -0.0956434 , 0.00330535 , 0.0798759 , -0.110558 , 0.00695626 , 0.0533831
14.2049 , -0.111462 , 0.00130743 , 0.0960261 , -0.124408 , 0.00294607 , 0.061054
14.2364 , -0.131328 , -0.00151322 , 0.114521 , -0.137863 , 0.00428285 , 0.0681042
14.2675 , -0.148765 , 0.00462569 , 0.133913 , -0.151984 , -0.00454098 , 0.0745236
14.2995 , -0.165556 , 0.00311609 , 0.150956 , -0.16639 , -0.00559077 , 0.0816745
14.3333 , -0.183231 , -0.00346814 , 0.16117 , -0.179552 , -0.0118798 , 0.0881001
14.369 , -0.206416 , -0.0151485 , 0.170354 , -0.196158 , -0.0209149 , 0.0942767
14.4012 , -0.222574 , -0.0241654 , 0.176515 , -0.209754 , -0.0289971 , 0.100045
14.4345 , -0.236827 , -0.0281167 , 0.187962 , -0.222769 , -0.0377162 , 0.10542
14.4715 , -0.25388 , -0.0343202 , 0.195691 , -0.237024 , -0.0412262 , 0.112093
14.5026 , -0.268784 , -0.035079 , 0.208136 , -0.253482 , -0.0489123 , 0.12117
14.5357 , -0.288608 , -0.0536684 , 0.210235 , -0.268464 , -0.0605701 , 0.128232
14.5705 , -0.306712 , -0.0581911 , 0.216855 , -0.28466 , -0.0685068 , 0.133739
14.6059 , -0.317898 , -0.0532091 , 0.229164 , -0.300401 , -0.0882335 , 0.138522
14.6403 , -0.335895 , -0.0688319 , 0.233206 , -0.311307 , -0.0876647 , 0.142951
14.6794 , -0.357359 , -0.0932247 , 0.232786 , -0.327571 , -0.105343 , 0.147217
14.7234 , -0.36823 , -0.0881965 , 0.243649 , -0.346159 , -0.13885 , 0.151293
14.7598 , -0.39037 , -0.115508 , 0.243008 , -0.360077 , -0.151775 , 0.154775
14.8072 , -0.413435 , -0.146383 , 0.239146 , -0.374756 , -0.159629 , 0.157183
14.8411 , -0.42702 , -0.157143 , 0.240531 , -0.390274 , -0.167955 , 0.159653
14.8725 , -0.435154 , -0.154763 , 0.247045 , -0.425391 , -0.282328 , 0.159815
14.9033 , -0.46015 , -0.288841 , 0.147549 , -0.443659 , -0.299942 , 0.152766
14.942 , -0.470666 , -0.318626 , 0.140267 , -0.460768 , -0.312907 , 0.143473
14.9808 , -0.480506 , -0.331181 , 0.140099 , -0.475351 , -0.316227 , 0.139021
15.0268 , -0.491799 , -0.34238 , 0.140515 , -0.481751 , -0.281408 , 0.141739
15.0619 , -0.522353 , -0.262237 , 0.242005 , -0.489652 , -0.266784 , 0.153921
15.1116 , -0.534782 , -0.26591 , 0.24892 , -0.502106 , -0.273368 , 0.173086
15.1607 , -0.545008 , -0.277258 , 0.251912 , -0.514782 , -0.287727 , 0.189295
15.2113 , -0.550064 , -0.271375 , 0.254663 , -0.526513 , -0.305709 , 0.199722
15.2446 , -0.561373 , -0.282477 , 0.253469 , -0.535405 , -0.314236 , 0.20444
15.2756 , -0.5698 , -0.290588 , 0.255223 , -0.542143 , -0.3173 , 0.204977
15.3129 , -0.579525 , -0.293234 , 0.256258 , -0.55166 , -0.326248 , 0.205128
15.3599 , -0.587201 , -0.299786 , 0.259861 , -0.562006 , -0.334823 , 0.205909
15.3995 , -0.586423 , -0.294102 , 0.265273 , -0.582836 , -0.365128 , 0.204037
15.4495 , -0.593409 , -0.300299 , 0.266451 , -0.580296 , -0.347191 , 0.202171
15.4963 , -0.598895 , -0.317369 , 0.265952 , -0.578345 , -0.341353 , 0.204702
15.5278 , -0.600961 , -0.318196 , 0.267267 , -0.582536 , -0.340339 , 0.205183
15.5618 , -0.605698 , -0.327994 , 0.266254 , -0.584104 , -0.364882 , 0.206499
15.5927 , -0.615938 , -0.347543 , 0.271674 , -0.60482 , -0.392475 , 0.218853
15.625 , -0.616819 , -0.348167 , 0.272993 , -0.591545 , -0.3634 , 0.218551
15.6583 , -0.617263 , -0.351318 , 0.274338 , -0.593421 , -0.355543 , 0.235848
15.6948 , -0.61348 , -0.343788 , 0.280046 , -0.613982 , -0.367229 , 0.253975
15.7253 , -0.612214 , -0.343756 , 0.282188 , -0.615439 , -0.378685 , 0.239015
15.759 , -0.611851 , -0.345513 , 0.284447 , -0.603776 , -0.356544 , 0.237743
15.7947 , -0.6112 , -0.347868 , 0.285553 , -0.608384 , -0.362186 , 0.255639
15.8263 , -0.608876 , -0.34917 , 0.28713 , -0.612333 , -0.366531 , 0.271482
15.8627 , -0.607825 , -0.349528 , 0.287915 , -0.60968 , -0.369005 , 0.276281
15.8967 , -0.605942 , -0.353134 , 0.286838 , -0.601425 , -0.368853 , 0.271928
15.9276 , -0.599818 , -0.353778 , 0.284586 , -0.592088 , -0.368283 , 0.264073
15.9624 , -0.596165 , -0.354435 , 0.282928 , -0.585606 , -0.366154 , 0.255861
15.9968 , -0.591495 , -0.35376 , 0.280167 , -0.581065 , -0.361084 , 0.248091
16.0278 , -0.590421 , -0.349802 , 0.280039 , -0.577275 , -0.355942 , 0.241571
16.0612 , -0.585899 , -0.343359 , 0.281998 , -0.573294 , -0.350584 , 0.236368
16.0958 , -0.581247 , -0.338403 , 0.280678 , -0.567609 , -0.345928 , 0.231822
16.1282 , -0.570903 , -0.333584 , 0.273926 , -0.556589 , -0.33675 , 0.227876
16.165 , -0.561231 , -0.322151 , 0.271491 , -0.545651 , -0.32924 , 0.226706
16.1953 , -0.553935 , -0.312419 , 0.270474 , -0.531135 , -0.312453 , 0.225837
16.2288 , -0.537193 , -0.275734 , 0.270346 , -0.502104 , -0.296739 , 0.226854
16.2635 , -0.534008 , -0.272251 , 0.271593 , -0.49484 , -0.30119 , 0.235702
16.298 , -0.528056 , -0.271904 , 0.270325 , -0.491532 , -0.300482 , 0.235694
16.3295 , -0.520119 , -0.271837 , 0.264442 , -0.481796 , -0.290736 , 0.2279
16.3659 , -0.510645 , -0.264102 , 0.261825 , -0.467887 , -0.266321 , 0.217757
16.3965 , -0.486783 , -0.198062 , 0.270475 , -0.447802 , -0.245908 , 0.208552
16.4301 , -0.492773 , -0.221655 , 0.265844 , -0.444398 , -0.242719 , 0.206892
16.4657 , -0.48573 , -0.217245 , 0.265202 , -0.439542 , -0.233753 , 0.202815
16.4974 , -0.477742 , -0.21079 , 0.260526 , -0.431057 , -0.226098 , 0.198494
16.5344 , -0.464721 , -0.188561 , 0.263216 , -0.41903 , -0.206903 , 0.195721
16.5687 , -0.455972 , -0.174157 , 0.264214 , -0.40871 , -0.196691 , 0.194945
16.6002 , -0.449427 , -0.164613 , 0.264259 , -0.399062 , -0.19303 , 0.194444
16.6315 , -0.441257 , -0.162602 , 0.260621 , -0.387955 , -0.183772 , 0.192103
16.6733 , -0.435006 , -0.160463 , 0.259961 , -0.37967 , -0.189839 , 0.189766
16.7239 , -0.425479 , -0.154698 , 0.257992 , -0.369062 , -0.186806 , 0.187081
16.77 , -0.414872 , -0.137161 , 0.258197 , -0.355906 , -0.175527 , 0.183339
16.8009 , -0.404675 , -0.137521 , 0.25273 , -0.343262 , -0.173632 , 0.179756
16.8361 , -0.391916 , -0.133015 , 0.249191 , -0.327074 , -0.155337 , 0.176112
16.8725 , -0.378731 , -0.129207 , 0.247168 , -0.313403 , -0.148185 , 0.172173
16.9036 , -0.362014 , -0.1086 , 0.245128 , -0.300013 , -0.144532 , 0.167868
16.9387 , -0.348214 , -0.105787 , 0.238326 , -0.282139 , -0.122869 , 0.162071
16.9699 , -0.333944 , -0.0990642 , 0.234934 , -0.266399 , -0.111416 , 0.155734
17.0038 , -0.315659 , -0.0793241 , 0.231706 , -0.252113 , -0.113498 , 0.148988
17.0364 , -0.300521 , -0.0801249 , 0.224916 , -0.237065 , -0.11025 , 0.141281
17.0691 , -0.28681 , -0.077026 , 0.217511 , -0.221525 , -0.103181 , 0.133735
17.1042 , -0.270276 , -0.0744273 , 0.208165 , -0.206164 , -0.093181 , 0.125435
17.1404 , -0.254202 , -0.0605532 , 0.199816 , -0.192143 , -0.0870418 , 0.118876
17.1734 , -0.240409 , -0.0682346 , 0.188518 , -0.177403 , -0.0765378 , 0.111783
17.2059 , -0.219988 , -0.0593733 , 0.177136 , -0.159577 , -0.0643889 , 0.103903
17.2382 , -0.202564 , -0.0516703 , 0.167898 , -0.144872 , -0.0617964 , 0.0960587
17.2705 , -0.185548 , -0.0433052 , 0.157325 , -0.130639 , -0.0595805 , 0.0892912
17.3051 , -0.163065 , -0.0352267 , 0.142734 , -0.11287 , -0.0509944 , 0.0819507
17.3414 , -0.146633 , -0.0343638 , 0.128227 , -0.0992105 , -0.0412971 , 0.0749293
17.378 , -0.131306 , -0.0344842 , 0.115533 , -0.0859049 , -0.0416381 , 0.0686409
17.4245 , -0.112046 , -0.0293858 , 0.0984939 , -0.0751495 , -0.033348 , 0.0632907
17.456 , -0.0947418 , -0.025106 , 0.08372 , -0.0647625 , -0.0274219 , 0.0578324
17.4933 , -0.0759008 , -0.0196373 , 0.0658075 , -0.0587216 , -0.0180855 , 0.0526242
17.5388 , -0.0591729 , -0.0220062 , 0.0498047 , -0.0537528 , -0.0221759 , 0.0478426
17.5719 , -0.0453462 , -0.0162264 , 0.0357233 , -0.049918 , -0.0166376 , 0.0437257
17.608 , -0.0322702 , -0.0225043 , 0.0182999 , -0.0448913 , -0.0223825 , 0.0392934
17.6407 , -0.0204229 , -0.018807 , 0.00357229 , -0.0424662 , -0.0188503 , 0.0354545
17.675 , -0.0093348 , -0.0166258 , -0.00891385 , -0.0403687 , -0.0251274 , 0.0328201
17.7142 , -0.00234571 , -0.0230803 , -0.0221294 , -0.0370624 , -0.0256705 , 0.0293351
17.7561 , 0.00576756 , -0.026503 , -0.0319984 , -0.0342764 , -0.0216141 , 0.0258687
17.7907 , 0.01284 , -0.0278386 , -0.0413879 , -0.0304551 , -0.0256181 , 0.0234155
17.8235 , 0.01799 , -0.0292963 , -0.048272 , -0.0271033 , -0.0293795 , 0.0213442
17.8576 , 0.0232512 , -0.0306351 , -0.0540301 , -0.0232566 , -0.035673 , 0.0193317
17.8913 , 0.0267349 , -0.0324699 , -0.0594353 , -0.0197075 , -0.0364438 , 0.0170972
17.9248 , 0.0309775 , -0.0357508 , -0.0675559 , -0.0176503 , -0.0399576 , 0.0147431
17.9577 , 0.033604 , -0.0385946 , -0.0718219 , -0.0151858 , -0.0415601 , 0.0125636
