481

0.022631 , -0.130484 , -0.217722 , 0.102101 , -0.125759 , -0.21919 , 0.1019
0.05421 , -0.130464 , -0.217735 , 0.102146 , -0.0405607 , -0.221356 , 0.0344409
0.089463 , -0.130455 , -0.217754 , 0.102193 , -0.0807913 , -0.218189 , 0.063832
0.124849 , -0.130462 , -0.217771 , 0.102233 , -0.0544853 , -0.229851 , 0.0225449
0.159566 , -0.130463 , -0.217771 , 0.102244 , -0.0579605 , -0.234568 , 0.0201095
0.191347 , -0.130463 , -0.217771 , 0.102244 , -0.0598404 , -0.234238 , 0.0215107
0.227692 , -0.130463 , -0.217771 , 0.102244 , -0.0591319 , -0.232784 , 0.0225247
0.264095 , -0.130463 , -0.217771 , 0.102244 , -0.0593066 , -0.23157 , 0.0222281
0.313601 , -0.130463 , -0.217771 , 0.102244 , -0.0623708 , -0.230371 , 0.0221248
0.351095 , -0.130463 , -0.217771 , 0.102244 , -0.0671707 , -0.229238 , 0.0230393
0.395899 , -0.130463 , -0.217773 , 0.102244 , -0.0713689 , -0.228445 , 0.0243834
0.434643 , -0.130463 , -0.217773 , 0.102244 , -0.0736512 , -0.22807 , 0.0252777
0.480169 , -0.130463 , -0.217773 , 0.102244 , -0.074043 , -0.228149 , 0.0254897
0.514005 , -0.130464 , -0.217773 , 0.102246 , -0.0732737 , -0.228707 , 0.0253218
0.553437 , -0.130464 , -0.217773 , 0.102246 , -0.072023 , -0.22968 , 0.0250717
0.601987 , -0.130464 , -0.217773 , 0.102246 , -0.0706865 , -0.230737 , 0.0247903
0.654827 , -0.130464 , -0.217773 , 0.102246 , -0.0693805 , -0.23145 , 0.0243842
0.705118 , -0.130464 , -0.217773 , 0.102246 , -0.0681073 , -0.231556 , 0.0238224
0.754749 , -0.130464 , -0.217773 , 0.102246 , -0.0668913 , -0.231119 , 0.0232009
0.804009 , -0.130464 , -0.217773 , 0.102246 , -0.0658856 , -0.230378 , 0.0226557
0.854191 , -0.130464 , -0.217773 , 0.102246 , -0.0652642 , -0.229616 , 0.0222958
0.90654 , -0.130464 , -0.217773 , 0.102246 , -0.0651631 , -0.229103 , 0.0221845
0.956428 , -0.129339 , -0.221626 , 0.0952248 , -0.0656288 , -0.236 , 0.0224882
1.00578 , -0.129674 , -0.221891 , 0.0956945 , -0.0683615 , -0.233875 , 0.0239822
1.05547 , -0.130815 , -0.222342 , 0.0964893 , -0.0695445 , -0.231802 , 0.0241166
1.10546 , -0.132735 , -0.223314 , 0.0969063 , -0.0702685 , -0.232481 , 0.0238001
1.15793 , -0.131966 , -0.224085 , 0.0937766 , -0.0719287 , -0.233217 , 0.0240957
1.20819 , -0.131807 , -0.22413 , 0.0924585 , -0.0739632 , -0.233842 , 0.0245838
1.25762 , -0.132674 , -0.223646 , 0.0923753 , -0.0759069 , -0.233054 , 0.0247695
1.30763 , -0.133751 , -0.222955 , 0.0931097 , -0.0774197 , -0.234365 , 0.0249489
1.35286 , -0.136116 , -0.223046 , 0.0949445 , -0.0795019 , -0.234865 , 0.0255804
1.38466 , -0.137419 , -0.223691 , 0.0922625 , -0.081337 , -0.234553 , 0.0260028
1.41819 , -0.137755 , -0.226631 , 0.0903273 , -0.0822765 , -0.237232 , 0.0259447
1.45416 , -0.138013 , -0.226562 , 0.0880582 , -0.0832363 , -0.237605 , 0.0255196
1.49089 , -0.138697 , -0.225857 , 0.0854017 , -0.0845431 , -0.236134 , 0.0247942
1.53812 , -0.140592 , -0.225215 , 0.0841202 , -0.087024 , -0.238325 , 0.0244491
1.57559 , -0.143524 , -0.230656 , 0.0845287 , -0.0889147 , -0.238965 , 0.0242666
1.62539 , -0.145528 , -0.230095 , 0.082667 , -0.0905954 , -0.24006 , 0.0242625
1.67533 , -0.146551 , -0.229861 , 0.0797132 , -0.0929174 , -0.242875 , 0.0238875
1.72185 , -0.149708 , -0.236511 , 0.0786298 , -0.0959464 , -0.246216 , 0.0233561
1.75384 , -0.15226 , -0.237319 , 0.0749564 , -0.0993101 , -0.247093 , 0.0229802
1.78536 , -0.154984 , -0.234653 , 0.0739244 , -0.103376 , -0.249313 , 0.0230121
1.8179 , -0.159201 , -0.237925 , 0.0735995 , -0.107075 , -0.253964 , 0.0230258
1.85434 , -0.163179 , -0.246051 , 0.0713868 , -0.110102 , -0.257505 , 0.0227275
1.88539 , -0.166204 , -0.249988 , 0.0684178 , -0.113124 , -0.261753 , 0.021326
1.92233 , -0.172635 , -0.252847 , 0.0683788 , -0.117071 , -0.269461 , 0.0193322
1.95375 , -0.17586 , -0.257694 , 0.0614834 , -0.121174 , -0.270671 , 0.0167511
1.98606 , -0.181939 , -0.262369 , 0.0580238 , -0.125455 , -0.272744 , 0.0139771
2.01942 , -0.19068 , -0.260534 , 0.0572157 , -0.131076 , -0.273776 , 0.011917
2.0564 , -0.200602 , -0.261158 , 0.0601345 , -0.137706 , -0.2812 , 0.0102634
2.09765 , -0.210427 , -0.263778 , 0.0598482 , -0.143903 , -0.274297 , 0.00945219
2.14029 , -0.220672 , -0.257885 , 0.0618101 , -0.151329 , -0.272366 , 0.00961946
2.18173 , -0.230023 , -0.253829 , 0.0622782 , -0.158834 , -0.269867 , 0.00995227
2.22431 , -0.241504 , -0.251186 , 0.0678351 , -0.166276 , -0.269666 , 0.0102433
2.25992 , -0.254758 , -0.245795 , 0.072188 , -0.174272 , -0.263986 , 0.0108483
2.2939 , -0.2682 , -0.238241 , 0.0815572 , -0.182509 , -0.261957 , 0.0121334
2.33194 , -0.278595 , -0.239815 , 0.0846146 , -0.190421 , -0.258462 , 0.0136509
2.37481 , -0.289345 , -0.230822 , 0.085906 , -0.19761 , -0.256162 , 0.0148721
2.40984 , -0.299955 , -0.225484 , 0.0879219 , -0.205862 , -0.25347 , 0.0160626
2.44123 , -0.311784 , -0.222621 , 0.0923297 , -0.214547 , -0.249537 , 0.0170719
2.47252 , -0.323553 , -0.218932 , 0.0998688 , -0.223551 , -0.245386 , 0.0184728
2.50898 , -0.337606 , -0.21515 , 0.106074 , -0.231879 , -0.240957 , 0.0201859
2.54055 , -0.348618 , -0.204956 , 0.112001 , -0.240549 , -0.244213 , 0.0217267
2.57348 , -0.35764 , -0.225465 , 0.104043 , -0.248551 , -0.248568 , 0.0218814
2.60669 , -0.369626 , -0.214557 , 0.107956 , -0.257241 , -0.245302 , 0.0209043
2.64226 , -0.380049 , -0.21008 , 0.108892 , -0.266525 , -0.248195 , 0.0202406
2.67679 , -0.389218 , -0.22151 , 0.0988763 , -0.275429 , -0.254528 , 0.0193053
2.7112 , -0.405245 , -0.217531 , 0.109333 , -0.285101 , -0.245637 , 0.0185282
2.7458 , -0.416431 , -0.20941 , 0.113999 , -0.292666 , -0.25483 , 0.0191779
2.77755 , -0.423708 , -0.219255 , 0.10515 , -0.299897 , -0.254809 , 0.0182648
2.80891 , -0.43283 , -0.211093 , 0.106099 , -0.307515 , -0.249627 , 0.0170508
2.84656 , -0.438915 , -0.221788 , 0.101877 , -0.315327 , -0.260509 , 0.0160544
2.88099 , -0.452273 , -0.223678 , 0.101005 , -0.325363 , -0.25353 , 0.0148512
2.91231 , -0.46285 , -0.211865 , 0.108542 , -0.333449 , -0.256601 , 0.0157508
2.94339 , -0.470764 , -0.217564 , 0.102341 , -0.340968 , -0.257736 , 0.0158739
2.97659 , -0.478978 , -0.209599 , 0.104726 , -0.346358 , -0.268731 , 0.0155852
3.01233 , -0.486046 , -0.223463 , 0.103225 , -0.353661 , -0.265402 , 0.0145991
3.04672 , -0.496275 , -0.213416 , 0.10929 , -0.361949 , -0.255874 , 0.0139835
3.08255 , -0.503543 , -0.19966 , 0.112134 , -0.367723 , -0.262548 , 0.0151639
3.11391 , -0.510311 , -0.215183 , 0.110565 , -0.374693 , -0.261146 , 0.0155732
3.14474 , -0.518343 , -0.212553 , 0.106775 , -0.381816 , -0.260809 , 0.0143886
3.17713 , -0.522537 , -0.20384 , 0.104862 , -0.387997 , -0.254065 , 0.0135064
3.21056 , -0.530351 , -0.195835 , 0.115955 , -0.392642 , -0.25502 , 0.0140676
3.24637 , -0.534733 , -0.205633 , 0.11351 , -0.398518 , -0.255923 , 0.0141848
3.28115 , -0.539512 , -0.200048 , 0.111146 , -0.403802 , -0.246658 , 0.0137346
3.31615 , -0.543568 , -0.216069 , 0.10323 , -0.411628 , -0.253695 , 0.019249
3.35078 , -0.546467 , -0.200456 , 0.108627 , -0.421092 , -0.263191 , 0.0219722
3.38591 , -0.552896 , -0.186425 , 0.115365 , -0.426452 , -0.259818 , 0.0223157
3.43286 , -0.555007 , -0.183908 , 0.109102 , -0.42903 , -0.253005 , 0.0178644
3.46426 , -0.561115 , -0.174952 , 0.113646 , -0.431884 , -0.241815 , 0.0112563
3.49566 , -0.563003 , -0.175346 , 0.115407 , -0.434888 , -0.2379 , 0.00623094
3.53722 , -0.564726 , -0.173677 , 0.11508 , -0.441994 , -0.229547 , 0.000413276
3.58664 , -0.567865 , -0.181264 , 0.109321 , -0.447197 , -0.221925 , -0.00264154
3.63078 , -0.570489 , -0.179469 , 0.105959 , -0.4507 , -0.232412 , 0.000235669
3.66986 , -0.57308 , -0.183519 , 0.105838 , -0.455448 , -0.243789 , 0.00761011
3.71637 , -0.574749 , -0.194716 , 0.102042 , -0.460104 , -0.248059 , 0.0159507
3.75127 , -0.574696 , -0.195682 , 0.101687 , -0.464375 , -0.260194 , 0.0216173
3.78518 , -0.576534 , -0.19491 , 0.102397 , -0.467519 , -0.26569 , 0.0248889
3.81678 , -0.575094 , -0.202442 , 0.0874068 , -0.470404 , -0.280458 , 0.0240192
3.84972 , -0.574959 , -0.217637 , 0.0913523 , -0.4668 , -0.275248 , 0.016874
3.88314 , -0.572223 , -0.215299 , 0.0937054 , -0.461239 , -0.269666 , 0.00950603
3.91645 , -0.573812 , -0.215146 , 0.0906704 , -0.453863 , -0.266922 , 0.00497714
3.95005 , -0.572542 , -0.214836 , 0.0942455 , -0.450338 , -0.271593 , 0.00130581
3.98429 , -0.569287 , -0.224447 , 0.0780344 , -0.451224 , -0.273329 , -4.40205e-05
4.01769 , -0.566923 , -0.221345 , 0.0810225 , -0.446154 , -0.277264 , 0.00250339
4.05088 , -0.567505 , -0.228259 , 0.0763942 , -0.448098 , -0.27446 , -0.0033996
4.08368 , -0.566104 , -0.231407 , 0.0735961 , -0.449062 , -0.271973 , -0.00875712
4.11816 , -0.56532 , -0.23275 , 0.0726863 , -0.449884 , -0.274855 , -0.0126845
4.15102 , -0.561337 , -0.241443 , 0.0607183 , -0.450533 , -0.27892 , -0.0158723
4.18479 , -0.560081 , -0.245764 , 0.061034 , -0.451305 , -0.280731 , -0.0176225
4.21803 , -0.560731 , -0.250104 , 0.0589651 , -0.458407 , -0.260664 , -0.0138115
4.25225 , -0.559523 , -0.252605 , 0.0623482 , -0.453896 , -0.295928 , -0.00525249
4.28519 , -0.558409 , -0.256914 , 0.0607211 , -0.452616 , -0.306498 , -8.77209e-05
4.31923 , -0.557846 , -0.259091 , 0.0586675 , -0.447649 , -0.309353 , 9.04209e-05
4.35222 , -0.554926 , -0.260915 , 0.0514995 , -0.436112 , -0.307975 , -0.00428147
4.38596 , -0.552141 , -0.263347 , 0.0526436 , -0.429555 , -0.308253 , -0.0105041
4.42468 , -0.546255 , -0.274963 , 0.0394515 , -0.427779 , -0.3101 , -0.0155491
4.47485 , -0.541741 , -0.280105 , 0.0376116 , -0.42847 , -0.310813 , -0.0176811
4.52527 , -0.539302 , -0.28418 , 0.0370448 , -0.424386 , -0.314071 , -0.0168551
4.57575 , -0.537163 , -0.286197 , 0.0374894 , -0.423426 , -0.324772 , -0.016679
4.62589 , -0.536832 , -0.294932 , 0.0425819 , -0.418783 , -0.323813 , -0.0176139
4.6761 , -0.533437 , -0.293847 , 0.0459567 , -0.410759 , -0.324872 , -0.0166015
4.72649 , -0.529289 , -0.294236 , 0.0474653 , -0.402133 , -0.327674 , -0.0152747
4.77587 , -0.524687 , -0.296834 , 0.0470985 , -0.394637 , -0.331149 , -0.0152629
4.81404 , -0.519586 , -0.30081 , 0.0464843 , -0.38764 , -0.335892 , -0.0160336
4.86075 , -0.51154 , -0.308193 , 0.0480124 , -0.381432 , -0.355739 , -0.0174758
4.91129 , -0.506001 , -0.328044 , 0.0353442 , -0.375935 , -0.351199 , -0.0176287
4.96153 , -0.50256 , -0.319649 , 0.0451009 , -0.369176 , -0.349305 , -0.0161538
5.00763 , -0.493959 , -0.321926 , 0.0410871 , -0.362799 , -0.361925 , -0.0148758
5.04075 , -0.490742 , -0.329645 , 0.0396113 , -0.356521 , -0.355451 , -0.013426
5.07381 , -0.484343 , -0.333561 , 0.0367359 , -0.348965 , -0.356453 , -0.0125696
5.10726 , -0.479853 , -0.328912 , 0.0418749 , -0.337704 , -0.344263 , -0.0106102
5.14053 , -0.48182 , -0.305788 , 0.0539986 , -0.32907 , -0.34533 , -0.00907971
5.17457 , -0.47025 , -0.314412 , 0.0427937 , -0.321789 , -0.346539 , -0.0115086
5.20815 , -0.464065 , -0.31861 , 0.0424512 , -0.314562 , -0.344519 , -0.015436
5.24137 , -0.459809 , -0.321037 , 0.0435283 , -0.307502 , -0.340791 , -0.0173709
5.27529 , -0.458265 , -0.316744 , 0.0539406 , -0.301312 , -0.337345 , -0.0161959
5.30794 , -0.452287 , -0.311871 , 0.0557994 , -0.295581 , -0.334853 , -0.0124607
5.34312 , -0.448416 , -0.311656 , 0.0546322 , -0.289687 , -0.333525 , -0.00771613
5.37673 , -0.444392 , -0.304328 , 0.0581739 , -0.283939 , -0.328953 , -0.0045152
5.4121 , -0.434951 , -0.302524 , 0.0568824 , -0.27613 , -0.333949 , -0.00294083
5.44779 , -0.429219 , -0.300917 , 0.0523922 , -0.274687 , -0.326192 , 0.0075093
5.48468 , -0.419098 , -0.31053 , 0.0474027 , -0.268172 , -0.342937 , 0.0102108
5.52643 , -0.422278 , -0.282845 , 0.0676852 , -0.257389 , -0.338124 , 0.00513996
5.56418 , -0.40821 , -0.300955 , 0.0514255 , -0.245979 , -0.325841 , -0.00502261
5.60346 , -0.399616 , -0.299563 , 0.0528335 , -0.236044 , -0.318955 , -0.0138358
5.64457 , -0.389614 , -0.305665 , 0.0479626 , -0.229711 , -0.314976 , -0.013579
5.68026 , -0.387067 , -0.282616 , 0.0575225 , -0.22854 , -0.299261 , -0.00302508
5.71339 , -0.373962 , -0.29417 , 0.0488364 , -0.222758 , -0.315536 , 0.00795102
5.74919 , -0.364199 , -0.30393 , 0.0389416 , -0.224249 , -0.298036 , 0.0129654
5.78586 , -0.356502 , -0.288132 , 0.0515509 , -0.220908 , -0.309206 , 0.0111601
5.83202 , -0.345439 , -0.300565 , 0.0403443 , -0.211792 , -0.327405 , 0.00789803
5.86434 , -0.328606 , -0.312096 , 0.0305961 , -0.203894 , -0.324909 , 0.00582949
5.89716 , -0.318508 , -0.312613 , 0.0282604 , -0.1952 , -0.322381 , 0.00797321
5.92974 , -0.310447 , -0.300467 , 0.0375095 , -0.186032 , -0.312847 , 0.0124779
5.96608 , -0.297963 , -0.306524 , 0.0347486 , -0.176005 , -0.316927 , 0.0147466
5.99803 , -0.288401 , -0.293195 , 0.0353963 , -0.166186 , -0.305542 , 0.0136094
6.02924 , -0.275836 , -0.30112 , 0.0348953 , -0.156541 , -0.308709 , 0.0115475
6.06244 , -0.265955 , -0.288313 , 0.0392122 , -0.150561 , -0.29935 , 0.0110624
6.10299 , -0.253812 , -0.296099 , 0.0346143 , -0.144727 , -0.303159 , 0.0127557
6.14976 , -0.24004 , -0.300983 , 0.0261393 , -0.141958 , -0.296832 , 0.014763
6.18692 , -0.232565 , -0.296579 , 0.0333007 , -0.139323 , -0.299172 , 0.0170925
6.2389 , -0.218999 , -0.295081 , 0.0246357 , -0.136334 , -0.29663 , 0.0179927
6.28684 , -0.209536 , -0.284996 , 0.0280142 , -0.134655 , -0.295471 , 0.0187573
6.33562 , -0.197687 , -0.290736 , 0.0248933 , -0.131651 , -0.293538 , 0.0200175
6.37663 , -0.184554 , -0.278903 , 0.0249205 , -0.127251 , -0.28933 , 0.0202584
6.42197 , -0.170017 , -0.282508 , 0.0231681 , -0.121349 , -0.287659 , 0.0199606
6.47178 , -0.158155 , -0.275663 , 0.0246922 , -0.115783 , -0.283023 , 0.0196533
6.52098 , -0.142856 , -0.276388 , 0.0186143 , -0.110129 , -0.279984 , 0.0195373
6.55254 , -0.1273 , -0.272424 , 0.0125679 , -0.103777 , -0.271873 , 0.0192916
6.58636 , -0.114103 , -0.267537 , 0.0120389 , -0.0975059 , -0.270458 , 0.0192108
6.62071 , -0.0999374 , -0.266704 , 0.00654018 , -0.0912015 , -0.265769 , 0.0192485
6.65228 , -0.0856469 , -0.255985 , 0.00803422 , -0.0856055 , -0.263365 , 0.0195257
6.68837 , -0.0701968 , -0.260053 , -0.00145203 , -0.080004 , -0.261646 , 0.0195201
6.7197 , -0.0574493 , -0.255939 , -0.00385974 , -0.073576 , -0.250331 , 0.019618
6.75073 , -0.0462695 , -0.251758 , -0.00706159 , -0.0686002 , -0.256225 , 0.0196689
6.78394 , -0.0335281 , -0.254237 , -0.0134544 , -0.063836 , -0.256113 , 0.0194741
6.81746 , -0.0232952 , -0.255161 , -0.0187767 , -0.0609791 , -0.25551 , 0.0200975
6.85293 , -0.0173287 , -0.252618 , -0.0224916 , -0.0583652 , -0.253533 , 0.0205383
6.88749 , -0.0100616 , -0.252002 , -0.0249904 , -0.0544698 , -0.253538 , 0.0198111
6.92236 , -0.00378244 , -0.253318 , -0.0279027 , -0.0509007 , -0.252094 , 0.0190005
6.95461 , -0.000879717 , -0.247163 , -0.0254137 , -0.0475191 , -0.243665 , 0.0182499
6.98686 , 0.000318017 , -0.241893 , -0.0219744 , -0.0452857 , -0.240621 , 0.0179481
7.02196 , 0.00146156 , -0.239191 , -0.0199494 , -0.0429487 , -0.236777 , 0.0175656
7.0529 , 0.00172268 , -0.237623 , -0.018789 , -0.0417831 , -0.237424 , 0.0172511
7.09316 , 0.00115755 , -0.240762 , -0.0174056 , -0.040756 , -0.237091 , 0.0170852
7.14253 , 0.00189765 , -0.236439 , -0.01642 , -0.0399561 , -0.238032 , 0.0168216
7.1924 , 0.00114052 , -0.236023 , -0.0116008 , -0.0409838 , -0.237315 , 0.0171308
7.24376 , -0.000897012 , -0.236023 , -0.0106667 , -0.0426813 , -0.237315 , 0.0179313
7.28911 , -0.00245465 , -0.238979 , -0.00777153 , -0.0434003 , -0.2395 , 0.0182163
7.3222 , -0.00530364 , -0.241031 , -0.00538076 , -0.0436824 , -0.241951 , 0.017905
7.35525 , -0.00874971 , -0.24359 , -0.0033624 , -0.0439025 , -0.244765 , 0.0174071
7.39058 , -0.0104236 , -0.24729 , -0.00174056 , -0.045024 , -0.246413 , 0.0170568
7.42848 , -0.0120812 , -0.250131 , -0.000735131 , -0.0467003 , -0.249701 , 0.0169867
7.48143 , -0.0149319 , -0.250907 , 0.00104879 , -0.0481495 , -0.250596 , 0.0170396
7.53095 , -0.0173996 , -0.25119 , 0.00306657 , -0.0489087 , -0.251135 , 0.0171135
7.58064 , -0.0213161 , -0.25235 , 0.00579023 , -0.0500549 , -0.250679 , 0.0174847
7.62927 , -0.0265106 , -0.251665 , 0.0103623 , -0.0522863 , -0.251596 , 0.0180992
7.68005 , -0.030804 , -0.252407 , 0.0129581 , -0.0553439 , -0.252309 , 0.0187295
7.72881 , -0.0348091 , -0.252516 , 0.0152013 , -0.0583406 , -0.252398 , 0.0190111
7.7606 , -0.0387656 , -0.251654 , 0.0176728 , -0.0608454 , -0.251892 , 0.0190861
7.79434 , -0.0438934 , -0.251746 , 0.0216928 , -0.0638282 , -0.252394 , 0.0195035
7.828 , -0.0492254 , -0.251521 , 0.0226557 , -0.0681036 , -0.252326 , 0.0202616
7.86332 , -0.0549632 , -0.250146 , 0.0259085 , -0.0724518 , -0.252737 , 0.0211454
7.90299 , -0.061447 , -0.249165 , 0.0292477 , -0.076543 , -0.250593 , 0.022125
7.94629 , -0.0681513 , -0.249302 , 0.0315803 , -0.0815602 , -0.25713 , 0.0227497
7.98462 , -0.0738616 , -0.254428 , 0.031141 , -0.0864677 , -0.254885 , 0.0230723
8.02967 , -0.0822342 , -0.259983 , 0.0356921 , -0.0931369 , -0.261815 , 0.0238543
8.06557 , -0.0909133 , -0.260973 , 0.0390435 , -0.099733 , -0.264584 , 0.0248755
8.11359 , -0.100477 , -0.267042 , 0.0427437 , -0.107499 , -0.268232 , 0.0260755
8.14945 , -0.107641 , -0.271153 , 0.0410008 , -0.114748 , -0.27303 , 0.0259993
8.19622 , -0.117196 , -0.272461 , 0.0413445 , -0.121457 , -0.274713 , 0.0249424
8.22666 , -0.129712 , -0.281152 , 0.0435598 , -0.130222 , -0.280522 , 0.0238676
8.2627 , -0.144677 , -0.277156 , 0.0491265 , -0.141272 , -0.279694 , 0.0232562
8.29539 , -0.165166 , -0.269262 , 0.0640334 , -0.15361 , -0.27643 , 0.0232708
8.33076 , -0.185648 , -0.265725 , 0.0706705 , -0.1668 , -0.275087 , 0.0241604
8.36601 , -0.202413 , -0.273988 , 0.0723819 , -0.180367 , -0.276807 , 0.0249136
8.40207 , -0.221052 , -0.255494 , 0.0807913 , -0.191501 , -0.277801 , 0.0245397
8.44912 , -0.239704 , -0.255153 , 0.0894056 , -0.201406 , -0.263511 , 0.0243335
8.48559 , -0.256881 , -0.24741 , 0.0946777 , -0.212047 , -0.260329 , 0.0250565
8.53332 , -0.276906 , -0.232078 , 0.107306 , -0.22234 , -0.246384 , 0.0255315
8.56914 , -0.295517 , -0.218312 , 0.11911 , -0.232335 , -0.244847 , 0.026478
8.62414 , -0.312007 , -0.215741 , 0.124036 , -0.241866 , -0.24057 , 0.0262096
8.67318 , -0.325081 , -0.203982 , 0.126441 , -0.250493 , -0.239697 , 0.0248086
8.72377 , -0.340843 , -0.20467 , 0.1285 , -0.257304 , -0.244967 , 0.0221106
8.77302 , -0.350734 , -0.210748 , 0.120545 , -0.264834 , -0.240306 , 0.0186109
8.82309 , -0.362619 , -0.202076 , 0.123224 , -0.27126 , -0.253214 , 0.0154706
8.87557 , -0.374526 , -0.217658 , 0.116838 , -0.278863 , -0.242635 , 0.0121996
8.92285 , -0.389672 , -0.205938 , 0.120673 , -0.284888 , -0.259364 , 0.00961437
8.97312 , -0.39974 , -0.223133 , 0.111007 , -0.292567 , -0.257981 , 0.00656547
9.02168 , -0.407369 , -0.216757 , 0.116908 , -0.299424 , -0.259966 , 0.00454567
9.06893 , -0.423063 , -0.217925 , 0.107432 , -0.307884 , -0.262687 , 0.00319833
9.10506 , -0.432184 , -0.223017 , 0.103849 , -0.316737 , -0.259407 , 0.00202684
9.14091 , -0.445475 , -0.218722 , 0.102821 , -0.323271 , -0.260342 , 0.00246949
9.18401 , -0.449997 , -0.223218 , 0.0996564 , -0.330736 , -0.263955 , 0.00257556
9.2197 , -0.456619 , -0.232721 , 0.0994998 , -0.337881 , -0.272821 , 0.0017592
9.25157 , -0.467151 , -0.22754 , 0.100584 , -0.347482 , -0.259328 , 0.00219585
9.28333 , -0.473882 , -0.226483 , 0.0971204 , -0.354722 , -0.263885 , 0.00524552
9.32048 , -0.480622 , -0.228689 , 0.0980039 , -0.361282 , -0.265795 , 0.00739001
9.3532 , -0.490662 , -0.227715 , 0.0996265 , -0.366906 , -0.268635 , 0.00781731
9.38433 , -0.496154 , -0.229302 , 0.0990439 , -0.372041 , -0.266278 , 0.00806168
9.42045 , -0.502343 , -0.227442 , 0.101935 , -0.377828 , -0.272443 , 0.0089562
9.45134 , -0.506078 , -0.228278 , 0.094315 , -0.382035 , -0.268729 , 0.00937308
9.48487 , -0.512012 , -0.225473 , 0.0979263 , -0.385778 , -0.262824 , 0.00971039
9.51942 , -0.51596 , -0.228953 , 0.0975364 , -0.390167 , -0.277354 , 0.00567404
9.55183 , -0.514132 , -0.24202 , 0.0887315 , -0.396119 , -0.269237 , -0.000265639
9.58844 , -0.521985 , -0.231657 , 0.0875231 , -0.402147 , -0.269281 , 0.000193344
9.61923 , -0.522788 , -0.232431 , 0.0868089 , -0.407018 , -0.281526 , 0.0049013
9.65244 , -0.52652 , -0.2366 , 0.0785713 , -0.413768 , -0.280585 , 0.00682711
9.68831 , -0.52841 , -0.230618 , 0.0825213 , -0.419834 , -0.274018 , 0.0053234
9.72165 , -0.533381 , -0.223465 , 0.0797933 , -0.426078 , -0.266257 , 0.00340004
9.75617 , -0.533252 , -0.219391 , 0.0796306 , -0.4313 , -0.260991 , 0.00309873
9.78684 , -0.531375 , -0.209918 , 0.080915 , -0.433889 , -0.257457 , 0.00336926
9.8217 , -0.534556 , -0.212561 , 0.0758954 , -0.433865 , -0.258853 , 0.00332348
9.85652 , -0.535837 , -0.210923 , 0.0747814 , -0.436512 , -0.255869 , 0.00176601
9.88798 , -0.537029 , -0.209668 , 0.0731699 , -0.439059 , -0.253534 , -0.000956633
9.92387 , -0.538724 , -0.206699 , 0.0722305 , -0.440667 , -0.250033 , -0.00422988
9.95489 , -0.538346 , -0.20451 , 0.0732411 , -0.441529 , -0.250799 , -0.00790767
9.98809 , -0.536458 , -0.207528 , 0.0620732 , -0.442712 , -0.246188 , -0.0118169
10.0238 , -0.535505 , -0.206916 , 0.0599511 , -0.444583 , -0.247451 , -0.0156942
10.0554 , -0.537539 , -0.208302 , 0.0618985 , -0.446412 , -0.251245 , -0.0191102
10.0918 , -0.535798 , -0.211362 , 0.0541694 , -0.448245 , -0.252052 , -0.0214178
10.126 , -0.537235 , -0.210292 , 0.0575234 , -0.450152 , -0.255549 , -0.022711
10.1603 , -0.533028 , -0.219305 , 0.0448927 , -0.450531 , -0.259686 , -0.0236774
10.1952 , -0.530629 , -0.236547 , 0.0371208 , -0.451823 , -0.264226 , -0.0231606
10.2266 , -0.528608 , -0.249931 , 0.0344238 , -0.437051 , -0.290952 , -0.0194849
10.2592 , -0.523167 , -0.265752 , 0.0203165 , -0.431573 , -0.284002 , -0.0210297
10.2918 , -0.524123 , -0.26042 , 0.0245493 , -0.417221 , -0.298454 , -0.0232724
10.3251 , -0.521878 , -0.262568 , 0.0252743 , -0.412966 , -0.297446 , -0.0328469
10.3589 , -0.516576 , -0.266669 , 0.0155788 , -0.411594 , -0.292156 , -0.0431524
10.3907 , -0.516335 , -0.268739 , 0.0166254 , -0.40899 , -0.289671 , -0.0480339
10.4284 , -0.515516 , -0.269505 , 0.0204335 , -0.405583 , -0.288887 , -0.0462504
10.4598 , -0.511741 , -0.27521 , 0.0225221 , -0.401905 , -0.298128 , -0.0401816
10.4987 , -0.509193 , -0.282033 , 0.0190327 , -0.398734 , -0.305783 , -0.0325422
10.5506 , -0.506274 , -0.287862 , 0.0167349 , -0.395488 , -0.312756 , -0.025933
10.6032 , -0.5035 , -0.293969 , 0.0150335 , -0.391559 , -0.318061 , -0.0215785
10.6525 , -0.502154 , -0.301626 , 0.0117491 , -0.388141 , -0.323691 , -0.0187258
10.7029 , -0.499864 , -0.302733 , 0.017315 , -0.386019 , -0.327013 , -0.0177562
10.7499 , -0.494579 , -0.311999 , 0.0116152 , -0.380553 , -0.332358 , -0.0173706
10.7958 , -0.49243 , -0.317385 , 0.0152015 , -0.374237 , -0.336711 , -0.0162706
10.828 , -0.490485 , -0.316095 , 0.0208344 , -0.368263 , -0.334727 , -0.0140399
10.8624 , -0.487462 , -0.314752 , 0.0261858 , -0.362744 , -0.346606 , -0.0118597
10.8969 , -0.478369 , -0.333835 , 0.011693 , -0.358566 , -0.342048 , -0.00961272
10.9311 , -0.475019 , -0.331407 , 0.0151442 , -0.352547 , -0.34505 , -0.00762009
10.9623 , -0.473937 , -0.330581 , 0.0188103 , -0.347473 , -0.340998 , -0.00691225
11.0009 , -0.471647 , -0.323457 , 0.0274017 , -0.341879 , -0.335542 , -0.00640813
11.0503 , -0.466628 , -0.321544 , 0.0328944 , -0.335662 , -0.330116 , -0.00536829
11.0825 , -0.465357 , -0.314582 , 0.030612 , -0.330716 , -0.324914 , -0.00366759
11.1156 , -0.464595 , -0.306353 , 0.0403621 , -0.326188 , -0.317493 , -0.000416761
11.1466 , -0.456828 , -0.295383 , 0.0434828 , -0.322253 , -0.317418 , 0.00278174
11.1821 , -0.456099 , -0.285905 , 0.0510946 , -0.318324 , -0.304351 , 0.00520241
11.2135 , -0.448231 , -0.276202 , 0.0516377 , -0.311879 , -0.302215 , 0.00717274
11.2463 , -0.443503 , -0.280539 , 0.0542313 , -0.302865 , -0.303605 , 0.00762865
11.2819 , -0.439609 , -0.272964 , 0.0613686 , -0.293878 , -0.291664 , 0.00631389
11.3164 , -0.426419 , -0.262901 , 0.0605719 , -0.285044 , -0.288385 , 0.00413779
11.3473 , -0.419186 , -0.259834 , 0.0619989 , -0.277516 , -0.284858 , 0.0034048
11.3804 , -0.410813 , -0.258859 , 0.0645295 , -0.270263 , -0.278291 , 0.00539879
11.4161 , -0.403135 , -0.252523 , 0.0718087 , -0.26282 , -0.270891 , 0.00873414
11.4476 , -0.393405 , -0.245221 , 0.076267 , -0.255042 , -0.266173 , 0.0129225
11.4842 , -0.383754 , -0.238732 , 0.0841406 , -0.247138 , -0.263216 , 0.0174075
11.5152 , -0.371931 , -0.235229 , 0.088283 , -0.238757 , -0.265771 , 0.0217597
11.5483 , -0.361997 , -0.237152 , 0.0890027 , -0.229175 , -0.253924 , 0.0254142
11.5856 , -0.320673 , -0.151943 , 0.0862663 , -0.221132 , -0.18922 , 0.0429999
11.618 , -0.305261 , -0.159438 , 0.0777472 , -0.210256 , -0.187606 , 0.0545523
11.6502 , -0.292586 , -0.163835 , 0.080704 , -0.199068 , -0.269812 , 0.0414538
11.6866 , -0.30331 , -0.253606 , 0.077014 , -0.182715 , -0.257536 , 0.0302624
11.7179 , -0.290013 , -0.248661 , 0.079803 , -0.169368 , -0.259214 , 0.0315803
11.7531 , -0.27495 , -0.256287 , 0.0750809 , -0.157654 , -0.281575 , 0.0369753
11.7858 , -0.253581 , -0.275186 , 0.0579351 , -0.146646 , -0.289251 , 0.0392194
11.8167 , -0.240053 , -0.280968 , 0.0560028 , -0.136404 , -0.287276 , 0.0385786
11.8517 , -0.221166 , -0.289213 , 0.0432964 , -0.127021 , -0.286351 , 0.038604
11.8855 , -0.203718 , -0.286361 , 0.0435558 , -0.120021 , -0.296342 , 0.0388878
11.9189 , -0.189056 , -0.28807 , 0.0399411 , -0.112842 , -0.299442 , 0.038726
11.9522 , -0.169426 , -0.29968 , 0.0273122 , -0.106584 , -0.297172 , 0.0393144
11.9913 , -0.153365 , -0.297897 , 0.0266413 , -0.100632 , -0.304213 , 0.0386617
12.0404 , -0.132394 , -0.300943 , 0.0137519 , -0.0941252 , -0.299069 , 0.0368157
12.0933 , -0.114554 , -0.297501 , 0.0115476 , -0.0882431 , -0.299172 , 0.0352522
12.1418 , -0.0955416 , -0.290284 , 0.00964636 , -0.0818157 , -0.289511 , 0.034131
12.1881 , -0.0781391 , -0.291636 , 0.00197328 , -0.0769178 , -0.286426 , 0.0337082
12.2206 , -0.059766 , -0.289284 , -0.00615963 , -0.0717254 , -0.286181 , 0.0324086
12.2533 , -0.0433806 , -0.287629 , -0.013769 , -0.067099 , -0.284972 , 0.030769
12.2948 , -0.0277345 , -0.287509 , -0.0199132 , -0.0625674 , -0.290876 , 0.0295169
12.342 , -0.0104905 , -0.289576 , -0.033394 , -0.0586782 , -0.297906 , 0.0284907
12.3734 , 0.00526779 , -0.293505 , -0.040485 , -0.054785 , -0.296141 , 0.0280273
12.4061 , 0.0178083 , -0.29127 , -0.0486361 , -0.0502355 , -0.299969 , 0.0275181
12.4375 , 0.0297881 , -0.295345 , -0.0560406 , -0.0455442 , -0.295987 , 0.0263959
12.4715 , 0.0391171 , -0.291041 , -0.0548264 , -0.0407043 , -0.29534 , 0.0247127
12.5046 , 0.047566 , -0.288196 , -0.0620865 , -0.035633 , -0.289733 , 0.0228059
12.5411 , 0.054603 , -0.280085 , -0.0640534 , -0.0302624 , -0.284286 , 0.0204144
12.5756 , 0.0596625 , -0.275425 , -0.0655702 , -0.0252466 , -0.278598 , 0.0179548
12.6128 , 0.0638788 , -0.27148 , -0.0672486 , -0.0207242 , -0.273306 , 0.01565
12.6601 , 0.0668124 , -0.266133 , -0.0669928 , -0.0162866 , -0.270284 , 0.0139395
12.6969 , 0.0671649 , -0.260307 , -0.0646008 , -0.0124043 , -0.262722 , 0.0127876
12.7425 , 0.0668837 , -0.255942 , -0.0620397 , -0.00943804 , -0.253613 , 0.0118045
12.7767 , 0.0666463 , -0.252866 , -0.0616228 , -0.00736819 , -0.253701 , 0.0104609
12.8119 , 0.0630306 , -0.250496 , -0.057668 , -0.00725853 , -0.249162 , 0.00944071
12.8452 , 0.0633106 , -0.251032 , -0.0581428 , -0.00871098 , -0.250653 , 0.00939584
12.878 , 0.0575116 , -0.246783 , -0.0523426 , -0.0104078 , -0.249023 , 0.00956488
12.9105 , 0.0550698 , -0.247344 , -0.052172 , -0.0118754 , -0.249762 , 0.0093001
12.9462 , 0.0520772 , -0.248709 , -0.0515886 , -0.0148572 , -0.251021 , 0.00890655
12.9774 , 0.0481332 , -0.247998 , -0.0483159 , -0.0173764 , -0.250175 , 0.00854651
13.0085 , 0.0438059 , -0.247234 , -0.0468572 , -0.0198883 , -0.24747 , 0.00856751
13.0444 , 0.0405124 , -0.244663 , -0.0433631 , -0.0224626 , -0.248061 , 0.00867961
13.0755 , 0.0371124 , -0.245047 , -0.0418479 , -0.0225975 , -0.247588 , 0.00856235
13.1086 , 0.0357458 , -0.246271 , -0.041157 , -0.0230217 , -0.247894 , 0.00815454
13.1441 , 0.0339439 , -0.244207 , -0.040573 , -0.0234089 , -0.247331 , 0.00763633
13.1757 , 0.0332744 , -0.248484 , -0.0438941 , -0.0230995 , -0.246527 , 0.00679988
13.2123 , 0.0308551 , -0.24431 , -0.0397755 , -0.023827 , -0.244359 , 0.00600595
13.2466 , 0.0291736 , -0.24157 , -0.0359155 , -0.0243902 , -0.242879 , 0.00570894
13.2776 , 0.0250898 , -0.241442 , -0.0338432 , -0.0251116 , -0.24549 , 0.00502191
13.3098 , 0.0220617 , -0.239702 , -0.0301611 , -0.0274165 , -0.241542 , 0.00494972
13.3453 , 0.0188906 , -0.239369 , -0.0288502 , -0.0295281 , -0.240535 , 0.00542625
13.3799 , 0.0143506 , -0.238117 , -0.0242367 , -0.0306695 , -0.239961 , 0.00559012
13.4165 , 0.00779385 , -0.236993 , -0.0196337 , -0.0318836 , -0.237591 , 0.0054151
13.4638 , 0.00340141 , -0.237168 , -0.0158695 , -0.0344326 , -0.238485 , 0.005376
13.5031 , -0.00276372 , -0.239451 , -0.0112321 , -0.037634 , -0.239056 , 0.00557079
13.5476 , -0.00871246 , -0.240251 , -0.00769879 , -0.0406888 , -0.24046 , 0.00589322
13.5786 , -0.0147009 , -0.242418 , -0.00398425 , -0.0438548 , -0.243034 , 0.00605457
13.6162 , -0.019248 , -0.24254 , -0.00298441 , -0.0476302 , -0.245599 , 0.00562179
13.6477 , -0.0236841 , -0.244486 , -0.00365578 , -0.0511788 , -0.247437 , 0.00512688
13.6789 , -0.0283259 , -0.247764 , -0.0012708 , -0.0546691 , -0.250387 , 0.00502487
13.7159 , -0.0330527 , -0.249119 , -0.00113876 , -0.0584248 , -0.253761 , 0.0050038
13.7514 , -0.0389736 , -0.251802 , -0.000647498 , -0.0621711 , -0.25564 , 0.00477217
13.7846 , -0.0458601 , -0.252729 , 0.00124615 , -0.0661835 , -0.256264 , 0.00446731
13.8178 , -0.0525308 , -0.254721 , 0.00253126 , -0.0702815 , -0.257334 , 0.00417364
13.8504 , -0.058563 , -0.255138 , 0.00281631 , -0.074995 , -0.257057 , 0.00394074
13.8857 , -0.0675308 , -0.254513 , 0.00638217 , -0.0808555 , -0.25624 , 0.00410434
13.9191 , -0.0789447 , -0.255693 , 0.0134704 , -0.0873743 , -0.257478 , 0.00484408
13.9548 , -0.0889847 , -0.255243 , 0.0197994 , -0.0946405 , -0.258942 , 0.00476876
13.9985 , -0.101707 , -0.250272 , 0.0236506 , -0.101977 , -0.261103 , 0.00458047
14.0323 , -0.113281 , -0.252826 , 0.0270605 , -0.11056 , -0.26045 , 0.00536166
14.0661 , -0.128605 , -0.252329 , 0.0327207 , -0.119571 , -0.260478 , 0.00685108
14.1016 , -0.143821 , -0.252501 , 0.0388177 , -0.128338 , -0.262913 , 0.00729585
14.1327 , -0.161163 , -0.258449 , 0.0416585 , -0.137045 , -0.276422 , 0.00649773
14.1653 , -0.178768 , -0.262589 , 0.0479207 , -0.146886 , -0.279421 , 0.00463347
14.2049 , -0.200146 , -0.259917 , 0.0518072 , -0.160691 , -0.28019 , 0.0033332
14.2364 , -0.221078 , -0.260143 , 0.0581338 , -0.174673 , -0.278585 , 0.00205635
14.2675 , -0.241125 , -0.262909 , 0.0588279 , -0.188255 , -0.275959 , 0.000767395
14.2995 , -0.263126 , -0.263176 , 0.063257 , -0.202125 , -0.275326 , 0.000368719
14.3333 , -0.283808 , -0.246863 , 0.0754734 , -0.215481 , -0.262559 , 0.00036922
14.369 , -0.300685 , -0.245798 , 0.082302 , -0.227405 , -0.260764 , 0.00279527
14.4012 , -0.319123 , -0.227125 , 0.0901936 , -0.240518 , -0.255394 , 0.00451876
14.4345 , -0.336543 , -0.210837 , 0.101235 , -0.253261 , -0.245908 , 0.00654512
14.4715 , -0.350416 , -0.208365 , 0.101758 , -0.265733 , -0.244681 , 0.00808041
14.5026 , -0.365962 , -0.211709 , 0.105417 , -0.276843 , -0.240476 , 0.00823389
14.5357 , -0.383111 , -0.175545 , 0.123048 , -0.289296 , -0.224579 , 0.0085222
14.5705 , -0.39572 , -0.178344 , 0.124931 , -0.299326 , -0.224124 , 0.0105469
14.6059 , -0.413384 , -0.180844 , 0.124925 , -0.308547 , -0.241637 , 0.0108735
14.6403 , -0.421992 , -0.201356 , 0.112047 , -0.316903 , -0.238617 , 0.00979464
14.6794 , -0.431237 , -0.210887 , 0.109868 , -0.324619 , -0.249795 , 0.00756282
14.7234 , -0.44833 , -0.207091 , 0.106682 , -0.333325 , -0.262971 , 0.00529372
14.7598 , -0.455927 , -0.222928 , 0.0984876 , -0.341494 , -0.249205 , 0.00477154
14.8072 , -0.460736 , -0.209543 , 0.0983936 , -0.3488 , -0.254386 , 0.00397107
14.8411 , -0.471606 , -0.200728 , 0.102808 , -0.35868 , -0.248409 , 0.00167984
14.8725 , -0.480279 , -0.204608 , 0.0991405 , -0.364655 , -0.26267 , 0.00529308
14.9033 , -0.491016 , -0.20656 , 0.0953445 , -0.370501 , -0.255964 , 0.0110951
14.942 , -0.50171 , -0.192465 , 0.103214 , -0.376747 , -0.246888 , 0.0108333
14.9808 , -0.51305 , -0.1909 , 0.106509 , -0.388097 , -0.239718 , 0.00644352
15.0268 , -0.522775 , -0.181442 , 0.108501 , -0.400906 , -0.235488 , -0.00265547
15.0619 , -0.527585 , -0.181227 , 0.104951 , -0.414331 , -0.233183 , -0.0111785
15.1116 , -0.5334 , -0.191228 , 0.0936782 , -0.423466 , -0.233572 , -0.0126206
15.1607 , -0.541791 , -0.183375 , 0.0964063 , -0.432793 , -0.234869 , -0.00780119
15.2113 , -0.554093 , -0.193448 , 0.0927626 , -0.444981 , -0.235173 , 0.00182369
15.2446 , -0.561993 , -0.194492 , 0.0964793 , -0.455947 , -0.243619 , 0.0130287
15.2756 , -0.570617 , -0.187413 , 0.10515 , -0.46432 , -0.249091 , 0.0215784
15.3129 , -0.577895 , -0.18827 , 0.102884 , -0.470557 , -0.248154 , 0.0263122
15.3599 , -0.580278 , -0.192828 , 0.100424 , -0.476452 , -0.254533 , 0.0266547
15.3995 , -0.580144 , -0.203216 , 0.0947283 , -0.49264 , -0.23023 , 0.026038
15.4495 , -0.584652 , -0.198474 , 0.0989938 , -0.503668 , -0.262201 , 0.0250517
15.4963 , -0.587648 , -0.213861 , 0.102026 , -0.488049 , -0.274473 , 0.0329629
15.5278 , -0.590587 , -0.211599 , 0.10392 , -0.477894 , -0.270903 , 0.0300387
15.5618 , -0.592661 , -0.206213 , 0.10169 , -0.46674 , -0.256625 , 0.0191483
15.5927 , -0.592431 , -0.204669 , 0.0945845 , -0.46424 , -0.241712 , 0.0131291
15.625 , -0.594904 , -0.20803 , 0.0946543 , -0.479896 , -0.253172 , 0.00549878
15.6583 , -0.596498 , -0.208608 , 0.0937475 , -0.491724 , -0.263715 , 0.00937665
15.6948 , -0.591833 , -0.211117 , 0.0855328 , -0.483215 , -0.27823 , 0.0231648
15.7253 , -0.592574 , -0.212395 , 0.0866914 , -0.510995 , -0.242839 , 0.0220178
15.759 , -0.591524 , -0.211915 , 0.0837877 , -0.526047 , -0.268747 , 0.0205946
15.7947 , -0.58873 , -0.212208 , 0.0815246 , -0.521591 , -0.276252 , 0.0200995
15.8263 , -0.586814 , -0.213646 , 0.0797461 , -0.509277 , -0.277595 , 0.0136158
15.8627 , -0.584758 , -0.211234 , 0.0781959 , -0.496286 , -0.271851 , 0.00150518
15.8967 , -0.58109 , -0.211593 , 0.0739223 , -0.486074 , -0.265773 , -0.00996935
15.9276 , -0.575307 , -0.210337 , 0.073191 , -0.476186 , -0.261483 , -0.016858
15.9624 , -0.570117 , -0.210009 , 0.0705429 , -0.469818 , -0.259215 , -0.0188972
15.9968 , -0.565231 , -0.210859 , 0.0670796 , -0.465198 , -0.258553 , -0.0176147
16.0278 , -0.5632 , -0.21338 , 0.0653644 , -0.461441 , -0.260181 , -0.015268
16.0612 , -0.56265 , -0.209733 , 0.0730997 , -0.456903 , -0.260018 , -0.0134174
16.0958 , -0.558688 , -0.210879 , 0.0763646 , -0.452371 , -0.260979 , -0.0126793
16.1282 , -0.549893 , -0.223805 , 0.0664345 , -0.448156 , -0.271601 , -0.0128806
16.165 , -0.544473 , -0.2354 , 0.0598481 , -0.442872 , -0.28077 , -0.0130853
16.1953 , -0.539672 , -0.244045 , 0.056987 , -0.43677 , -0.300758 , -0.014052
16.2288 , -0.534765 , -0.257676 , 0.0562917 , -0.421473 , -0.31356 , -0.0114412
16.2635 , -0.532688 , -0.265803 , 0.0523773 , -0.408147 , -0.308527 , -0.00908759
16.298 , -0.529534 , -0.256118 , 0.0636536 , -0.401173 , -0.303673 , -0.0105825
16.3295 , -0.52117 , -0.260532 , 0.0593855 , -0.395328 , -0.303018 , -0.0117073
16.3659 , -0.516645 , -0.264883 , 0.0595247 , -0.389222 , -0.313986 , -0.0114771
16.3965 , -0.515837 , -0.263711 , 0.0629498 , -0.379634 , -0.291659 , -0.00873861
16.4301 , -0.511198 , -0.251555 , 0.0600181 , -0.371693 , -0.293371 , -0.00700922
16.4657 , -0.505092 , -0.25708 , 0.0599501 , -0.365166 , -0.296335 , -0.00908009
16.4974 , -0.499525 , -0.259637 , 0.0621093 , -0.358697 , -0.294719 , -0.0113212
16.5344 , -0.49495 , -0.277515 , 0.0559515 , -0.350897 , -0.305275 , -0.0129978
16.5687 , -0.491607 , -0.279716 , 0.0555149 , -0.345082 , -0.306133 , -0.0134197
16.6002 , -0.485072 , -0.281872 , 0.0553581 , -0.340381 , -0.306463 , -0.0113704
16.6315 , -0.481662 , -0.277363 , 0.0611948 , -0.336034 , -0.309391 , -0.00804655
16.6733 , -0.476468 , -0.26882 , 0.0659169 , -0.330584 , -0.302569 , -0.00395604
16.7239 , -0.468114 , -0.269915 , 0.0649691 , -0.323153 , -0.303157 , -0.00040319
16.77 , -0.465326 , -0.274836 , 0.0680586 , -0.314728 , -0.299934 , 0.000928546
16.8009 , -0.455793 , -0.266361 , 0.0709539 , -0.306519 , -0.292835 , 0.00156191
16.8361 , -0.447686 , -0.258292 , 0.0770635 , -0.297457 , -0.287979 , 0.00265726
16.8725 , -0.43701 , -0.251821 , 0.0754855 , -0.288375 , -0.291547 , 0.00323884
16.9036 , -0.429548 , -0.25584 , 0.0786481 , -0.279654 , -0.28301 , 0.00481553
16.9387 , -0.417957 , -0.258533 , 0.074144 , -0.26996 , -0.286697 , 0.0074685
16.9699 , -0.406298 , -0.253356 , 0.0754177 , -0.259387 , -0.28724 , 0.0094774
17.0038 , -0.393369 , -0.256433 , 0.0717554 , -0.248077 , -0.273645 , 0.0117683
17.0364 , -0.382094 , -0.246777 , 0.0818324 , -0.234084 , -0.270884 , 0.0148336
17.0691 , -0.367985 , -0.247002 , 0.0749472 , -0.221448 , -0.270385 , 0.0163506
17.1042 , -0.355157 , -0.25994 , 0.071459 , -0.207054 , -0.285199 , 0.0160373
17.1404 , -0.33582 , -0.285267 , 0.0518103 , -0.193775 , -0.290464 , 0.0159164
17.1734 , -0.318318 , -0.276591 , 0.0547166 , -0.181366 , -0.295676 , 0.0161168
17.2059 , -0.302266 , -0.286756 , 0.0473722 , -0.170489 , -0.291356 , 0.0168613
17.2382 , -0.286199 , -0.282649 , 0.0473404 , -0.157031 , -0.300771 , 0.0186843
17.2705 , -0.27096 , -0.301998 , 0.0402227 , -0.144237 , -0.301557 , 0.0202441
17.3051 , -0.254081 , -0.28337 , 0.0403049 , -0.134205 , -0.294784 , 0.0206208
17.3414 , -0.235125 , -0.301804 , 0.0240525 , -0.121966 , -0.30873 , 0.0198983
17.378 , -0.216435 , -0.306955 , 0.0116434 , -0.111422 , -0.29931 , 0.0190853
17.4245 , -0.205948 , -0.303988 , 0.00758509 , -0.10303 , -0.31231 , 0.0190953
17.456 , -0.196227 , -0.316046 , -0.00133655 , -0.0974272 , -0.307733 , 0.0187993
17.4933 , -0.190723 , -0.311357 , -0.00408168 , -0.0932396 , -0.315462 , 0.0186035
17.5388 , -0.18094 , -0.315999 , -0.0122183 , -0.0892875 , -0.30764 , 0.0180005
17.5719 , -0.16953 , -0.310594 , -0.0160703 , -0.0856916 , -0.310837 , 0.017834
17.608 , -0.144679 , -0.306593 , -0.0322835 , -0.0824647 , -0.302824 , 0.0162487
17.6407 , -0.107896 , -0.301805 , -0.0411195 , -0.0786546 , -0.302467 , 0.014846
17.675 , -0.0779886 , -0.301447 , -0.043072 , -0.0741528 , -0.300356 , 0.0140907
17.7142 , -0.0578667 , -0.278784 , -0.0368965 , -0.0712678 , -0.29374 , 0.014226
17.7561 , -0.0439151 , -0.29233 , -0.038186 , -0.0677246 , -0.291319 , 0.014131
17.7907 , -0.0353855 , -0.282787 , -0.03692 , -0.0628876 , -0.286587 , 0.0136634
17.8235 , -0.0229972 , -0.280463 , -0.0428185 , -0.0596595 , -0.281171 , 0.0137303
17.8576 , -0.0138622 , -0.274851 , -0.0417878 , -0.0554954 , -0.275909 , 0.013976
17.8913 , -0.00639001 , -0.265472 , -0.0390001 , -0.0511297 , -0.26357 , 0.0143145
17.9248 , -0.00341486 , -0.255774 , -0.0295644 , -0.0483924 , -0.256835 , 0.014154
17.9577 , 0.00324044 , -0.253834 , -0.0315274 , -0.0448193 , -0.253024 , 0.0129254
