481

0.022631 , 0.260943 , -0.00911966 , 0.0602085 , 0.275494 , -0.00241714 , 0.0526662
0.05421 , 0.260767 , -0.00904983 , 0.0601368 , 0.23194 , 0.00681669 , 0.0479672
0.089463 , 0.260608 , -0.00901732 , 0.0600866 , 0.239186 , 0.00659518 , 0.0777679
0.124849 , 0.260457 , -0.00899622 , 0.0600386 , 0.240166 , -0.00606314 , 0.0629338
0.159566 , 0.260429 , -0.00899114 , 0.060029 , 0.245873 , -0.0183957 , 0.0666972
0.191347 , 0.260427 , -0.00899114 , 0.0600291 , 0.241624 , -0.0165316 , 0.0717374
0.227692 , 0.260427 , -0.00899114 , 0.0600291 , 0.242118 , -0.0121492 , 0.0739266
0.264095 , 0.260425 , -0.00899077 , 0.0600272 , 0.248966 , -0.0110254 , 0.0732051
0.313601 , 0.260425 , -0.00899077 , 0.0600272 , 0.259617 , -0.0112319 , 0.0718385
0.351095 , 0.260427 , -0.00899098 , 0.0600293 , 0.271183 , -0.0108442 , 0.0711754
0.395899 , 0.260425 , -0.00899061 , 0.0600274 , 0.281444 , -0.00972079 , 0.0706909
0.434643 , 0.260425 , -0.00898864 , 0.0600278 , 0.288315 , -0.00852782 , 0.0698417
0.480169 , 0.260423 , -0.00898868 , 0.0600281 , 0.291415 , -0.00775601 , 0.0683577
0.514005 , 0.260423 , -0.00898831 , 0.0600261 , 0.290627 , -0.00795718 , 0.0664999
0.553437 , 0.260423 , -0.00898831 , 0.0600261 , 0.286839 , -0.00924968 , 0.0649875
0.601987 , 0.260423 , -0.00898831 , 0.0600261 , 0.281396 , -0.0109676 , 0.0641355
0.654827 , 0.260423 , -0.00898831 , 0.0600261 , 0.275474 , -0.0121345 , 0.0639274
0.705118 , 0.260423 , -0.00898831 , 0.0600261 , 0.269856 , -0.0121709 , 0.0642281
0.754749 , 0.260423 , -0.00898831 , 0.0600261 , 0.265053 , -0.0112707 , 0.0648156
0.804009 , 0.260423 , -0.00898831 , 0.0600261 , 0.261554 , -0.00987678 , 0.0656757
0.854191 , 0.260423 , -0.00898831 , 0.0600261 , 0.259397 , -0.00853742 , 0.0666265
0.90654 , 0.260423 , -0.00898831 , 0.0600261 , 0.258553 , -0.0077845 , 0.067216
0.956428 , 0.252274 , -0.00658261 , 0.0521912 , 0.252535 , -0.0112668 , 0.0566992
1.00578 , 0.251961 , -0.00647183 , 0.0507437 , 0.248736 , -0.0084275 , 0.0578413
1.05547 , 0.25095 , -0.00658754 , 0.0493766 , 0.249976 , -0.00275798 , 0.0607573
1.10546 , 0.249458 , -0.00674038 , 0.0479263 , 0.252318 , -0.00265558 , 0.0574814
1.15793 , 0.24868 , -0.0065449 , 0.0475098 , 0.255636 , -0.00412045 , 0.054299
1.20819 , 0.247394 , -0.00642553 , 0.0472316 , 0.257471 , -0.00526679 , 0.0536027
1.25762 , 0.246071 , -0.00634296 , 0.0466303 , 0.255823 , -0.00724627 , 0.0532812
1.30763 , 0.244896 , -0.00713352 , 0.0456067 , 0.256426 , -0.00893597 , 0.0515971
1.35286 , 0.243197 , -0.00733295 , 0.0443658 , 0.255639 , -0.00935565 , 0.04959
1.38466 , 0.241401 , -0.00680378 , 0.0431088 , 0.252831 , -0.00824529 , 0.0467494
1.41819 , 0.238402 , -0.00612041 , 0.0405191 , 0.25153 , -0.00698992 , 0.0447462
1.45416 , 0.236949 , -0.00557963 , 0.0394948 , 0.249885 , -0.00600559 , 0.0437228
1.49089 , 0.236007 , -0.00508663 , 0.0385462 , 0.247505 , -0.0054583 , 0.0430001
1.53812 , 0.234112 , -0.00542387 , 0.0376074 , 0.241529 , -0.00593452 , 0.0418434
1.57559 , 0.230443 , -0.00619428 , 0.0351012 , 0.240243 , -0.00462109 , 0.0408972
1.62539 , 0.2293 , -0.00586621 , 0.0336586 , 0.239936 , -0.00473896 , 0.039722
1.67533 , 0.226143 , -0.00574756 , 0.0287567 , 0.236409 , -0.00417817 , 0.035969
1.72185 , 0.225834 , -0.00228578 , 0.0253433 , 0.23633 , -0.00331951 , 0.0308654
1.75384 , 0.225976 , -0.00423713 , 0.0253761 , 0.234743 , -0.00218387 , 0.0290002
1.78536 , 0.221855 , -0.0052069 , 0.0244577 , 0.235424 , -0.00313073 , 0.0289054
1.8179 , 0.221666 , -0.00562966 , 0.0232941 , 0.231385 , -0.00838934 , 0.0257016
1.85434 , 0.219961 , -0.00706948 , 0.0203929 , 0.235444 , -0.00970152 , 0.0205304
1.88539 , 0.222762 , -0.00664007 , 0.0172595 , 0.236836 , -0.00790258 , 0.0165
1.92233 , 0.220886 , -0.00509934 , 0.0168792 , 0.234966 , -0.00669761 , 0.0141295
1.95375 , 0.218028 , -0.00559625 , 0.0153141 , 0.243599 , -0.00468668 , 0.0120307
1.98606 , 0.226226 , -0.00396331 , 0.0134954 , 0.242685 , -0.00241758 , 0.010799
2.01942 , 0.221458 , -0.00285656 , 0.012172 , 0.242198 , -0.00121677 , 0.0103045
2.0564 , 0.221135 , -0.00278154 , 0.0108883 , 0.242279 , -0.00278916 , 0.00704815
2.09765 , 0.223583 , -0.003887 , 0.0080627 , 0.242816 , -0.00375201 , 0.00394645
2.14029 , 0.223302 , -0.002987 , 0.00819159 , 0.245255 , -0.00365875 , 0.00449331
2.18173 , 0.224028 , -0.00169996 , 0.00750729 , 0.248827 , -0.00207565 , 0.00403263
2.22431 , 0.222994 , -0.00213413 , 0.00643646 , 0.250437 , -0.00302495 , 0.00286539
2.25992 , 0.224903 , -0.00199832 , 0.00569913 , 0.251793 , -0.00490563 , 0.00248823
2.2939 , 0.226385 , -0.00268424 , 0.00403445 , 0.255369 , -0.00436692 , 0.00146523
2.33194 , 0.225657 , -0.00544819 , 0.000373554 , 0.260342 , -0.00620535 , -0.00071698
2.37481 , 0.227528 , -0.00425034 , -0.00117992 , 0.260508 , -0.00818303 , -0.00536821
2.40984 , 0.225578 , -0.00373146 , -0.00492605 , 0.263025 , -0.00927556 , -0.0084725
2.44123 , 0.224003 , -0.00522155 , -0.00767428 , 0.262913 , -0.0100521 , -0.0107339
2.47252 , 0.225732 , -0.00655871 , -0.0124441 , 0.264539 , -0.0101576 , -0.0142175
2.50898 , 0.22831 , -0.00695956 , -0.0124392 , 0.260175 , -0.0111256 , -0.0196652
2.54055 , 0.223151 , -0.00767495 , -0.0160224 , 0.262328 , -0.0132697 , -0.021888
2.57348 , 0.220207 , -0.00998976 , -0.021578 , 0.264529 , -0.0150691 , -0.0243789
2.60669 , 0.222196 , -0.00897576 , -0.0220533 , 0.257611 , -0.0165425 , -0.0256676
2.64226 , 0.215073 , -0.00855561 , -0.0249978 , 0.256699 , -0.0178493 , -0.0263898
2.67679 , 0.220622 , -0.012232 , -0.0294788 , 0.262072 , -0.019191 , -0.0309284
2.7112 , 0.217939 , -0.0120511 , -0.0308696 , 0.251983 , -0.0172725 , -0.0314641
2.7458 , 0.210388 , -0.0110127 , -0.0309395 , 0.261454 , -0.0183982 , -0.0370313
2.77755 , 0.214085 , -0.0121482 , -0.0378999 , 0.259727 , -0.0181579 , -0.0405357
2.80891 , 0.206294 , -0.0113325 , -0.0380923 , 0.250135 , -0.018703 , -0.0415463
2.84656 , 0.212165 , -0.0104247 , -0.0423679 , 0.258383 , -0.0194753 , -0.0443465
2.88099 , 0.206486 , -0.0119073 , -0.0452725 , 0.246777 , -0.0188469 , -0.0428565
2.91231 , 0.19751 , -0.0115546 , -0.0468198 , 0.24772 , -0.0210545 , -0.0490346
2.94339 , 0.192882 , -0.0134968 , -0.0510544 , 0.244199 , -0.0199317 , -0.0535575
2.97659 , 0.187794 , -0.011855 , -0.0514525 , 0.248294 , -0.0217054 , -0.0590191
3.01233 , 0.192556 , -0.0137037 , -0.0557365 , 0.242066 , -0.0215994 , -0.0569526
3.04672 , 0.187714 , -0.0122729 , -0.0570029 , 0.235466 , -0.0212932 , -0.05446
3.08255 , 0.178454 , -0.0112342 , -0.0566492 , 0.240038 , -0.0257719 , -0.0579648
3.11391 , 0.181769 , -0.0158735 , -0.0610796 , 0.234897 , -0.0251236 , -0.0554714
3.14474 , 0.178305 , -0.0130644 , -0.0621596 , 0.232607 , -0.0217871 , -0.0584458
3.17713 , 0.169909 , -0.0122353 , -0.0616727 , 0.228061 , -0.0214565 , -0.0611137
3.21056 , 0.170152 , -0.0131236 , -0.0641532 , 0.238461 , -0.0222778 , -0.0587729
3.24637 , 0.176695 , -0.0128092 , -0.0628317 , 0.235226 , -0.0209014 , -0.0585541
3.28115 , 0.17376 , -0.012874 , -0.0663878 , 0.231553 , -0.0222767 , -0.0589565
3.31615 , 0.18574 , -0.018006 , -0.0524235 , 0.239001 , -0.0296614 , -0.0547205
3.35078 , 0.180023 , -0.015437 , -0.0544869 , 0.254997 , -0.0163931 , -0.0641808
3.38591 , 0.174922 , -0.0151975 , -0.0555207 , 0.235961 , -0.0207712 , -0.0434307
3.43286 , 0.167994 , -0.0168448 , -0.0559402 , 0.214477 , -0.0260847 , -0.0277168
3.46426 , 0.161436 , -0.0144037 , -0.0538406 , 0.283582 , -0.0172403 , -0.0377637
3.49566 , 0.167264 , -0.0163803 , -0.0543144 , 0.233361 , -0.0184656 , -0.0391808
3.53722 , 0.154551 , -0.013423 , -0.0475946 , 0.213579 , -0.00833572 , -0.0545888
3.58664 , 0.155305 , -0.0138632 , -0.0665854 , 0.209596 , -0.0192532 , -0.0703261
3.63078 , 0.153674 , -0.0146135 , -0.0695982 , 0.203188 , -0.0274921 , -0.0782281
3.66986 , 0.151261 , -0.0122035 , -0.0721086 , 0.204401 , -0.0292468 , -0.0763521
3.71637 , 0.146038 , -0.0134756 , -0.0735936 , 0.203529 , -0.0310735 , -0.0686662
3.75127 , 0.143696 , -0.012985 , -0.0759344 , 0.207979 , -0.0326298 , -0.0666859
3.78518 , 0.143197 , -0.0150295 , -0.0748723 , 0.213713 , -0.0378579 , -0.0683035
3.81678 , 0.146656 , -0.0139397 , -0.0799396 , 0.0467667 , -0.113209 , -0.0595535
3.84972 , -0.0769163 , -0.109508 , -0.060003 , -0.0172683 , -0.14289 , -0.053187
3.88314 , -0.00448223 , -0.110754 , -0.0725737 , 0.0265554 , -0.132664 , -0.0635406
3.91645 , -0.0141498 , -0.111111 , -0.0729315 , 0.0391473 , -0.123409 , -0.0626592
3.95005 , -0.0205952 , -0.111369 , -0.074814 , 0.0425871 , -0.0977423 , -0.074098
3.98429 , -0.0141911 , -0.099254 , -0.0739149 , 0.0459015 , -0.0951285 , -0.0698801
4.01769 , 0.244572 , -0.00912279 , -0.11341 , 0.211765 , -0.0443782 , -0.0582212
4.05088 , 0.244265 , -0.005618 , -0.114556 , 0.308902 , 0.00400181 , -0.107087
4.08368 , 0.24379 , -0.00395341 , -0.115708 , 0.330642 , 0.00889574 , -0.133206
4.11816 , 0.243127 , -0.00169977 , -0.116833 , 0.330656 , 0.0140358 , -0.140341
4.15102 , 0.248554 , 0.0116207 , -0.132695 , 0.329958 , 0.0138451 , -0.136454
4.18479 , 0.248118 , 0.0113242 , -0.132921 , 0.339038 , -2.75187e-05 , -0.122089
4.21803 , 0.489205 , 0.0336247 , -0.0881472 , 0.521345 , 0.0194427 , -0.0877253
4.25225 , 0.491093 , 0.0335233 , -0.088585 , 0.601922 , 0.0261876 , -0.0663273
4.28519 , 0.492662 , 0.0337527 , -0.0895642 , 0.591588 , 0.0240531 , -0.0694507
4.31923 , 0.49422 , 0.0335941 , -0.090324 , 0.394831 , -0.00262009 , -0.104329
4.35222 , 0.268673 , 0.00161779 , -0.12708 , 0.347182 , -0.0127704 , -0.119786
4.38596 , 0.268692 , 0.00286124 , -0.127204 , 0.335046 , -0.0105265 , -0.125634
4.42468 , 0.147697 , -0.00803171 , -0.115909 , 0.247726 , -0.0151655 , -0.119303
4.47485 , 0.148419 , -0.00529132 , -0.115504 , 0.22523 , -0.0162256 , -0.111806
4.52527 , 0.148998 , -0.00347956 , -0.11506 , 0.231192 , -0.0123136 , -0.101773
4.57575 , 0.149229 , -0.00243296 , -0.114016 , 0.0375453 , -0.10636 , -0.0938618
4.62589 , -0.0963382 , -0.125946 , -0.0875415 , -0.0359878 , -0.148456 , -0.0793338
4.6761 , -0.0963095 , -0.124098 , -0.0861544 , -0.0479455 , -0.137911 , -0.0708117
4.72649 , -0.0954522 , -0.122758 , -0.0853056 , -0.0412601 , -0.127901 , -0.0693426
4.77587 , -0.0939456 , -0.121558 , -0.0848319 , -0.0320077 , -0.126124 , -0.0699716
4.81404 , -0.0919482 , -0.120523 , -0.0846962 , -0.0272288 , -0.128372 , -0.0720547
4.86075 , -0.0887985 , -0.119952 , -0.0850127 , -0.0237892 , -0.131664 , -0.076632
4.91129 , -0.0839363 , -0.121147 , -0.0877783 , -0.0200495 , -0.133405 , -0.078292
4.96153 , -0.0808713 , -0.119387 , -0.0879935 , -0.0116541 , -0.131122 , -0.0769991
5.00763 , -0.0762441 , -0.118824 , -0.0874787 , -0.00262386 , -0.129675 , -0.0766045
5.04075 , -0.0702436 , -0.119468 , -0.0888401 , 0.0021789 , -0.131081 , -0.0761156
5.07381 , -0.0653908 , -0.119153 , -0.0891493 , 0.0055948 , -0.12895 , -0.0786676
5.10726 , -0.0624029 , -0.117067 , -0.0891185 , 0.188705 , -0.0404481 , -0.0937702
5.14053 , 0.169947 , -0.00464281 , -0.125633 , 0.247185 , -0.00166591 , -0.107909
5.17457 , 0.176092 , -0.00319573 , -0.124209 , 0.258131 , -0.0060257 , -0.119667
5.20815 , 0.180978 , -0.00146869 , -0.123278 , 0.259497 , -0.00902968 , -0.12358
5.24137 , 0.184689 , -0.00107462 , -0.122141 , 0.257002 , -0.00684885 , -0.123157
5.27529 , 0.186554 , 0.000491476 , -0.12226 , 0.255435 , -0.00423788 , -0.119464
5.30794 , 0.18679 , 0.00147854 , -0.123619 , 0.256501 , -0.00306658 , -0.115616
5.34312 , 0.185081 , 0.00315676 , -0.124652 , 0.253301 , -0.00263832 , -0.112374
5.37673 , 0.182008 , 0.00670732 , -0.119753 , 0.244364 , -0.00081976 , -0.109765
5.4121 , 0.189603 , 0.00878489 , -0.117984 , 0.247316 , -0.00186187 , -0.108548
5.44779 , 0.190076 , 0.0120792 , -0.0984626 , 0.233747 , -0.00780917 , -0.0944984
5.48468 , 0.196972 , 0.0118772 , -0.0956681 , 0.254642 , 0.00797639 , -0.10058
5.52643 , 0.188087 , 0.0126116 , -0.107567 , 0.229993 , 0.0126417 , -0.0871743
5.56418 , 0.194762 , 0.0145311 , -0.103586 , 0.204647 , -0.00128273 , -0.0666914
5.60346 , 0.199043 , 0.0166079 , -0.0981983 , 0.216114 , 0.00619903 , -0.0813494
5.64457 , 0.201405 , 0.0166091 , -0.0927341 , 0.232608 , 0.0152507 , -0.0968508
5.68026 , 0.183241 , 0.0187395 , -0.0740651 , 0.217454 , 0.0162871 , -0.0823562
5.71339 , 0.193622 , 0.0180087 , -0.0707191 , 0.222018 , 0.0137147 , -0.071999
5.74919 , 0.202396 , 0.0214925 , -0.0514494 , 0.212057 , 0.019261 , -0.0575468
5.78586 , 0.199065 , 0.0240084 , -0.0627739 , 0.225313 , 0.0223993 , -0.0705878
5.83202 , 0.207256 , 0.0215009 , -0.06158 , 0.206789 , 0.00744984 , -0.0688486
5.86434 , 0.196597 , 0.0194075 , -0.0657203 , 0.192014 , 0.00201412 , -0.0596241
5.89716 , 0.196786 , 0.0184407 , -0.0598003 , 0.189522 , 0.00338875 , -0.0563909
5.92974 , 0.203113 , 0.019322 , -0.0533181 , 0.184399 , 0.0072771 , -0.052961
5.96608 , 0.210061 , 0.016125 , -0.0475587 , 0.183364 , 0.00815724 , -0.0465954
5.99803 , 0.200524 , 0.0153835 , -0.0413662 , 0.17133 , 0.00953049 , -0.0374552
6.02924 , 0.209201 , 0.0124572 , -0.0378197 , 0.176352 , 0.00791397 , -0.0296172
6.06244 , 0.197588 , 0.0087935 , -0.0303792 , 0.165119 , 0.00654282 , -0.0212104
6.10299 , 0.20721 , 0.00689026 , -0.0271537 , 0.175788 , 0.00643356 , -0.0165706
6.14976 , 0.214171 , 0.00538469 , -0.0228322 , 0.161988 , 0.00764482 , -0.0116089
6.18692 , 0.201596 , 0.00442703 , -0.0184882 , 0.172869 , 0.0048851 , -0.00742868
6.2389 , 0.212333 , 0.00206929 , -0.0155541 , 0.1803 , 0.00193955 , -0.00769992
6.28684 , 0.206616 , 0.00225634 , -0.0133167 , 0.180418 , -0.00273524 , -0.00519545
6.33562 , 0.207316 , -0.00163959 , -0.0136442 , 0.186865 , -0.00433152 , -0.00298087
6.37663 , 0.195718 , -0.000429413 , -0.0130559 , 0.17995 , -0.00412544 , -0.00365379
6.42197 , 0.198105 , -0.00222849 , -0.0117004 , 0.18398 , -0.00369098 , -0.00381218
6.47178 , 0.181891 , -0.000928151 , -0.00909982 , 0.17674 , -0.00238523 , -0.00158987
6.52098 , 0.188638 , -0.00142583 , -0.00709882 , 0.182419 , -0.00138595 , 0.000691025
6.55254 , 0.185003 , -0.00308951 , -0.00591592 , 0.168856 , 0.000916759 , 0.00235457
6.58636 , 0.173952 , -0.0011438 , -0.00557725 , 0.17508 , 0.00190962 , 0.00253433
6.62071 , 0.175727 , -0.00125552 , -0.00597309 , 0.175595 , 0.00178633 , 0.00158494
6.65228 , 0.15962 , -0.00210989 , -0.00875307 , 0.168931 , 0.000252615 , 9.64112e-05
6.68837 , 0.163646 , -0.00260158 , -0.00752657 , 0.171636 , -0.00181228 , -3.23871e-06
6.7197 , 0.162784 , -0.00374981 , -0.00638082 , 0.16732 , -0.00149472 , 0.00202057
6.75073 , 0.158037 , -0.0031646 , -0.00515957 , 0.165231 , -0.00265955 , 0.00390993
6.78394 , 0.154224 , -0.00529074 , -0.0059548 , 0.163987 , -0.00350385 , 0.00360278
6.81746 , 0.152877 , -0.00408387 , -0.00467485 , 0.164542 , -0.00559945 , -0.00121663
6.85293 , 0.151343 , -0.00431034 , -0.0104679 , 0.157249 , -0.00230733 , 0.00124545
6.88749 , 0.144509 , -0.00382053 , -0.00223664 , 0.155544 , -0.00302552 , 0.00845944
6.92236 , 0.147156 , -0.00428224 , -0.00145186 , 0.154702 , -0.004019 , 0.00864513
6.95461 , 0.144957 , -0.00298628 , -0.000297896 , 0.152168 , -0.00163589 , 0.00793225
6.98686 , 0.140921 , -0.00247196 , 0.00167226 , 0.151182 , 0.00086182 , 0.00850991
7.02196 , 0.140927 , -0.00209346 , 0.00207318 , 0.150645 , 0.00308982 , 0.00841168
7.0529 , 0.140268 , -0.00174023 , 0.00209187 , 0.155461 , 0.00221831 , 0.00155102
7.09316 , 0.142444 , -0.00307844 , -0.00675125 , 0.154711 , 0.00428492 , -0.00171218
7.14253 , 0.141567 , -0.002415 , -0.00101079 , 0.153373 , 0.000233814 , 0.003342
7.1924 , 0.144792 , -0.00246498 , -0.0010282 , 0.15414 , -0.00258095 , 0.00489435
7.24376 , 0.145762 , -0.00314943 , -0.000596667 , 0.155248 , -0.00462824 , 0.00375303
7.28911 , 0.14875 , -0.0023836 , -3.67964e-05 , 0.158176 , -0.00329614 , 0.00268323
7.3222 , 0.15121 , -0.00112395 , -0.000432708 , 0.162946 , -0.00168618 , 0.00237632
7.35525 , 0.147585 , -0.00238611 , -0.000519539 , 0.167842 , -0.00228876 , 0.0034756
7.39058 , 0.152844 , -0.00417355 , 0.00107478 , 0.165015 , -0.00394889 , 0.00387979
7.42848 , 0.152559 , -0.00487062 , 0.00202525 , 0.162894 , -0.00545582 , 0.00349784
7.48143 , 0.154893 , -0.00548212 , 0.00367291 , 0.164342 , -0.00643614 , 0.00497683
7.53095 , 0.156886 , -0.00721778 , 0.00536329 , 0.171238 , -0.00725846 , 0.00894966
7.58064 , 0.158763 , -0.00774426 , 0.00691861 , 0.173389 , -0.00811158 , 0.0112121
7.62927 , 0.160622 , -0.00900361 , 0.00769372 , 0.174036 , -0.00936985 , 0.0113051
7.68005 , 0.162803 , -0.00889706 , 0.00834484 , 0.174735 , -0.00870134 , 0.0116241
7.72881 , 0.165094 , -0.0082983 , 0.00796093 , 0.180068 , -0.00715763 , 0.0116977
7.7606 , 0.16785 , -0.00781441 , 0.00776126 , 0.183684 , -0.00704518 , 0.0116287
7.79434 , 0.170682 , -0.00833821 , 0.00768869 , 0.184957 , -0.00744322 , 0.0118547
7.828 , 0.172913 , -0.00739791 , 0.00717795 , 0.18705 , -0.0071054 , 0.0106282
7.86332 , 0.176333 , -0.00753197 , 0.00711253 , 0.188215 , -0.00771241 , 0.0100813
7.90299 , 0.176094 , -0.00797278 , 0.00594473 , 0.19013 , -0.00675493 , 0.00971266
7.94629 , 0.176899 , -0.00799527 , 0.00537559 , 0.192124 , -0.00660571 , 0.00916487
7.98462 , 0.18016 , -0.00786825 , 0.00494551 , 0.190345 , -0.00724017 , 0.00615122
8.02967 , 0.189727 , -0.00903631 , 0.00346471 , 0.197225 , -0.00775863 , 0.00435339
8.06557 , 0.186387 , -0.0068931 , 0.00217236 , 0.194371 , -0.00701548 , 0.0029721
8.11359 , 0.182952 , -0.00888643 , -0.00191663 , 0.196153 , -0.00831321 , 6.89887e-05
8.14945 , 0.198167 , -0.0116244 , -0.0032186 , 0.205132 , -0.0100124 , -0.00394846
8.19622 , 0.193698 , -0.00897531 , -0.00465042 , 0.201104 , -0.0112948 , -0.00762362
8.22666 , 0.191584 , -0.0104602 , -0.00983902 , 0.206099 , -0.01238 , -0.0106432
8.2627 , 0.203503 , -0.0132731 , -0.0104934 , 0.216109 , -0.0133412 , -0.0126742
8.29539 , 0.200726 , -0.0127685 , -0.0133064 , 0.214168 , -0.0139098 , -0.0170065
8.33076 , 0.199807 , -0.0136835 , -0.0174586 , 0.220819 , -0.0182744 , -0.0215202
8.36601 , 0.201766 , -0.0164879 , -0.0194757 , 0.23184 , -0.0208907 , -0.0234727
8.40207 , 0.202062 , -0.015855 , -0.0217863 , 0.234076 , -0.022411 , -0.0316328
8.44912 , 0.202223 , -0.0170799 , -0.0277487 , 0.237497 , -0.0233765 , -0.0371779
8.48559 , 0.207826 , -0.0194074 , -0.0334735 , 0.24769 , -0.0256903 , -0.0395401
8.53332 , 0.207058 , -0.0180006 , -0.0348268 , 0.243462 , -0.0223217 , -0.044674
8.56914 , 0.202804 , -0.0163875 , -0.0378576 , 0.257789 , -0.0222487 , -0.0487768
8.62414 , 0.211384 , -0.0156567 , -0.0403351 , 0.255767 , -0.0239835 , -0.0501136
8.67318 , 0.202411 , -0.0162251 , -0.0415084 , 0.245049 , -0.0257871 , -0.0519769
8.72377 , 0.191659 , -0.0172715 , -0.0439066 , 0.251411 , -0.0269644 , -0.0571962
8.77302 , 0.198789 , -0.0174407 , -0.0495548 , 0.243371 , -0.0274174 , -0.0567811
8.82309 , 0.18221 , -0.017164 , -0.0511392 , 0.254731 , -0.023453 , -0.0600924
8.87557 , 0.200081 , -0.0147199 , -0.0554207 , 0.23637 , -0.0236836 , -0.0634567
8.92285 , 0.183875 , -0.0165738 , -0.0573441 , 0.231512 , -0.0267037 , -0.0670542
8.97312 , 0.175783 , -0.0191636 , -0.0630349 , 0.223273 , -0.0267893 , -0.0674523
9.02168 , 0.171663 , -0.0203325 , -0.0697427 , 0.225302 , -0.0279838 , -0.0742042
9.06893 , 0.168537 , -0.0196303 , -0.0719592 , 0.218055 , -0.0298859 , -0.0761461
9.10506 , 0.166352 , -0.0201071 , -0.080851 , 0.217474 , -0.0277608 , -0.0776552
9.14091 , 0.159424 , -0.0184611 , -0.0817436 , 0.227757 , -0.0291785 , -0.0835471
9.18401 , 0.163246 , -0.0204193 , -0.0837451 , 0.222335 , -0.0271376 , -0.0841834
9.2197 , 0.159327 , -0.0215892 , -0.0910464 , 0.221195 , -0.0290291 , -0.0902149
9.25157 , 0.150358 , -0.0217982 , -0.0937151 , 0.211402 , -0.0341407 , -0.0912217
9.28333 , 0.145543 , -0.0241025 , -0.09503 , 0.219322 , -0.0335016 , -0.0917096
9.32048 , 0.145835 , -0.0239593 , -0.0991069 , 0.223532 , -0.0331637 , -0.0946071
9.3532 , 0.144456 , -0.0258933 , -0.100612 , 0.217912 , -0.0321051 , -0.0943357
9.38433 , 0.139081 , -0.0234217 , -0.098027 , 0.216204 , -0.0311163 , -0.0955707
9.42045 , 0.139075 , -0.0225515 , -0.0983157 , 0.210277 , -0.0288468 , -0.0919495
9.45134 , 0.133692 , -0.0198285 , -0.0980798 , 0.218228 , -0.0299012 , -0.0926257
9.48487 , 0.141659 , -0.0225144 , -0.102167 , 0.224658 , -0.0329783 , -0.0939994
9.51942 , 0.152335 , -0.0234497 , -0.103244 , 0.0530246 , -0.0912992 , -0.083423
9.55183 , -0.078826 , -0.110267 , -0.0825467 , -0.0158643 , -0.118808 , -0.103822
9.58844 , -0.0961795 , -0.11247 , -0.0921839 , -0.0497597 , -0.13003 , -0.0689422
9.61923 , 0.145526 , -0.0153735 , -0.116835 , 0.128336 , -0.0649961 , -0.0855449
9.65244 , 0.14162 , -0.0204886 , -0.118004 , 0.210893 , -0.0168219 , -0.106694
9.68831 , 0.135983 , -0.0194533 , -0.121672 , 0.211994 , -0.0191356 , -0.111652
9.72165 , 0.131463 , -0.0185747 , -0.12358 , 0.193328 , -0.0306695 , -0.114076
9.75617 , 0.126928 , -0.0181934 , -0.125364 , 0.184087 , -0.0342079 , -0.115047
9.78684 , 0.239696 , -0.00802325 , -0.141238 , 0.275305 , -0.0254358 , -0.127825
9.8217 , 0.240117 , -0.00824768 , -0.145113 , 0.312171 , -0.0174303 , -0.133041
9.85652 , 0.241103 , -0.00720064 , -0.149513 , 0.318567 , -0.013077 , -0.13935
9.88798 , 0.243249 , -0.00577861 , -0.15342 , 0.320438 , -0.0107519 , -0.145631
9.92387 , 0.245533 , -0.00400566 , -0.156553 , 0.319175 , -0.00859163 , -0.149961
9.95489 , 0.247566 , -0.00399864 , -0.159215 , 0.316987 , -0.00735662 , -0.151531
9.98809 , 0.248517 , -0.00363311 , -0.162339 , 0.317855 , -0.00762101 , -0.151501
10.0238 , 0.25069 , -0.00443858 , -0.164148 , 0.319376 , -0.00885024 , -0.152108
10.0554 , 0.25224 , -0.0039239 , -0.166517 , 0.317813 , -0.00908994 , -0.154792
10.0918 , 0.250903 , -0.0037503 , -0.169728 , 0.315243 , -0.0103459 , -0.158064
10.126 , 0.251606 , -0.00361602 , -0.170894 , 0.314326 , -0.0124239 , -0.159211
10.1603 , 0.251388 , -0.00458273 , -0.171684 , 0.31749 , -0.0136786 , -0.158587
10.1952 , 0.478525 , 0.0389552 , -0.128635 , 0.295166 , -0.014552 , -0.163441
10.2266 , 0.242384 , -0.00347561 , -0.175678 , 0.319836 , -0.0108826 , -0.15632
10.2592 , 0.480504 , 0.0406442 , -0.136513 , 0.308764 , -0.011678 , -0.167106
10.2918 , 0.261411 , 3.42354e-06 , -0.172275 , 0.339583 , -0.00776998 , -0.16611
10.3251 , 0.261068 , -8.71662e-05 , -0.17327 , 0.341679 , -0.00402791 , -0.174952
10.3589 , 0.257818 , -0.000486741 , -0.175839 , 0.346449 , -0.00220722 , -0.182104
10.3907 , 0.255009 , -0.001188 , -0.176881 , 0.350501 , -0.00110412 , -0.178507
10.4284 , 0.252252 , -0.00159136 , -0.178024 , 0.34636 , -0.000333056 , -0.170756
10.4598 , 0.248639 , -0.0031243 , -0.179595 , 0.339566 , -0.000356546 , -0.168721
10.4987 , 0.246456 , -0.00358927 , -0.182253 , 0.328114 , -0.00390242 , -0.170513
10.5506 , 0.244818 , -0.00435563 , -0.185001 , 0.321209 , -0.0085077 , -0.174987
10.6032 , 0.244948 , -0.00506362 , -0.186794 , 0.320688 , -0.0116084 , -0.178132
10.6525 , 0.124668 , -0.0246725 , -0.178708 , 0.234333 , -0.0262001 , -0.17381
10.7029 , 0.12458 , -0.0239832 , -0.17818 , 0.196234 , -0.0350025 , -0.169674
10.7499 , 0.126686 , -0.0248505 , -0.17655 , 0.195789 , -0.0353471 , -0.166955
10.7958 , 0.130472 , -0.0264815 , -0.175585 , 0.199755 , -0.0349652 , -0.163159
10.828 , 0.134733 , -0.0258371 , -0.174529 , 0.204276 , -0.0349083 , -0.160887
10.8624 , 0.139123 , -0.0263423 , -0.172339 , 0.214234 , -0.0330375 , -0.163282
10.8969 , 0.144344 , -0.0273335 , -0.171578 , 0.219098 , -0.0330591 , -0.1685
10.9311 , 0.151194 , -0.0264007 , -0.168972 , 0.226166 , -0.0313055 , -0.16295
10.9623 , 0.155366 , -0.0247322 , -0.165889 , 0.225028 , -0.0272946 , -0.163325
11.0009 , 0.156814 , -0.0208814 , -0.165947 , 0.229043 , -0.0270151 , -0.165013
11.0503 , 0.164264 , -0.0243143 , -0.164997 , 0.23203 , -0.0281913 , -0.163264
11.0825 , 0.170189 , -0.0239913 , -0.163657 , 0.234685 , -0.0283114 , -0.16196
11.1156 , 0.157285 , -0.0236509 , -0.159731 , 0.225889 , -0.0286343 , -0.155651
11.1466 , 0.170154 , -0.0212523 , -0.156585 , 0.314748 , -0.0135912 , -0.157622
11.1821 , 0.263021 , -0.00817251 , -0.170309 , 0.247189 , -0.0313854 , -0.145223
11.2135 , 0.175931 , -0.0197218 , -0.150296 , 0.235051 , -0.034523 , -0.142874
11.2463 , 0.176461 , -0.0148607 , -0.14592 , 0.231411 , -0.0293739 , -0.13564
11.2819 , 0.167046 , -0.0162147 , -0.142988 , 0.220974 , -0.0252532 , -0.130677
11.3164 , 0.181595 , -0.0113445 , -0.140737 , 0.226481 , -0.0222272 , -0.137283
11.3473 , 0.187703 , -0.00980728 , -0.141993 , 0.223626 , -0.0187156 , -0.14351
11.3804 , 0.182933 , -0.0082581 , -0.138526 , 0.228232 , -0.0135649 , -0.142983
11.4161 , 0.188047 , -0.0056179 , -0.136036 , 0.229082 , -0.00995798 , -0.138933
11.4476 , 0.189659 , -0.0034369 , -0.131252 , 0.221451 , -0.0109613 , -0.13123
11.4842 , 0.187261 , -0.00310973 , -0.123166 , 0.221268 , -0.00783772 , -0.127076
11.5152 , 0.190384 , -0.00154923 , -0.123031 , 0.215824 , -0.0104065 , -0.123478
11.5483 , 0.189988 , -0.00115926 , -0.117551 , 0.204371 , -0.0111421 , -0.117704
11.5856 , 0.182998 , -0.00259952 , -0.101829 , 0.209115 , -0.0150069 , -0.0991912
11.618 , 0.190709 , 0.000345207 , -0.0963104 , 0.22153 , -0.0162543 , -0.0803708
11.6502 , 0.197776 , -0.000241545 , -0.0929786 , 0.195955 , -0.00756217 , -0.0982041
11.6866 , 0.189838 , -0.00202114 , -0.0939917 , 0.189656 , -0.00261042 , -0.10137
11.7179 , 0.193503 , 0.000919354 , -0.0823691 , 0.184919 , -0.00540144 , -0.0794244
11.7531 , 0.188523 , -0.0023212 , -0.0755705 , 0.189391 , -0.00801457 , -0.0613477
11.7858 , 0.194073 , -0.00275082 , -0.0713588 , 0.194252 , -0.00913339 , -0.0553816
11.8167 , 0.199888 , -0.00692616 , -0.065717 , 0.191769 , -0.00913884 , -0.052172
11.8517 , 0.200756 , -0.00807166 , -0.0652236 , 0.183562 , -0.00800175 , -0.0515018
11.8855 , 0.194763 , -0.00710385 , -0.059905 , 0.182397 , -0.00846177 , -0.0498031
11.9189 , 0.191186 , -0.00613939 , -0.0544397 , 0.177136 , -0.00920923 , -0.0435419
11.9522 , 0.195724 , -0.00690267 , -0.0514272 , 0.168984 , -0.0117972 , -0.0313788
11.9913 , 0.188279 , -0.00729464 , -0.0405525 , 0.169496 , -0.0103181 , -0.0264601
12.0404 , 0.193261 , -0.0070912 , -0.0381205 , 0.160211 , -0.00980281 , -0.024687
12.0933 , 0.184246 , -0.00773003 , -0.0332015 , 0.162601 , -0.00816722 , -0.0232869
12.1418 , 0.18606 , -0.00578906 , -0.0311286 , 0.147974 , -0.0068316 , -0.0210959
12.1881 , 0.173654 , -0.00908073 , -0.0268603 , 0.147201 , -0.00591666 , -0.0185955
12.2206 , 0.174076 , -0.00985228 , -0.0246409 , 0.143788 , -0.00535129 , -0.013585
12.2533 , 0.169729 , -0.00810469 , -0.0192028 , 0.153628 , -0.00662421 , -0.00931943
12.2948 , 0.154194 , -0.0085154 , -0.0189287 , 0.157755 , -0.00849153 , -0.00768313
12.342 , 0.164096 , -0.00926571 , -0.0165589 , 0.15343 , -0.00977625 , -0.00830893
12.3734 , 0.160872 , -0.00984334 , -0.0150973 , 0.163801 , -0.0106575 , -0.00757354
12.4061 , 0.158395 , -0.010385 , -0.0140337 , 0.158367 , -0.0112904 , -0.00628829
12.4375 , 0.153368 , -0.0113097 , -0.01394 , 0.169426 , -0.0100147 , -0.00486888
12.4715 , 0.15573 , -0.00957007 , -0.0125742 , 0.175339 , -0.00917817 , -0.00525862
12.5046 , 0.149542 , -0.0110107 , -0.0143155 , 0.175184 , -0.00953813 , -0.00615023
12.5411 , 0.147084 , -0.0106754 , -0.012882 , 0.171921 , -0.0098111 , -0.00797687
12.5756 , 0.144166 , -0.0112453 , -0.0131879 , 0.167226 , -0.0107074 , -0.00812025
12.6128 , 0.143277 , -0.0106158 , -0.0117128 , 0.162587 , -0.00971857 , -0.00728202
12.6601 , 0.141619 , -0.00935133 , -0.0104871 , 0.157026 , -0.00817697 , -0.00629105
12.6969 , 0.138158 , -0.00785815 , -0.00881412 , 0.154032 , -0.00411667 , -0.00415196
12.7425 , 0.138169 , -0.00481025 , -0.00621061 , 0.149414 , -0.00127637 , -0.00344277
12.7767 , 0.136143 , -0.00347084 , -0.00633831 , 0.145671 , 0.00209777 , -0.00388202
12.8119 , 0.1356 , -0.00125988 , -0.00590839 , 0.141495 , 0.00313964 , -0.00508805
12.8452 , 0.138418 , 0.000276492 , -0.00572626 , 0.140447 , 0.00279724 , -0.00673989
12.878 , 0.133935 , 0.000610693 , -0.00744675 , 0.141251 , 0.003975 , -0.00740205
12.9105 , 0.132792 , 0.00154836 , -0.0085957 , 0.142227 , 0.0058874 , -0.0086218
12.9462 , 0.134708 , 0.00350466 , -0.00976403 , 0.141002 , 0.00508707 , -0.0103953
12.9774 , 0.13376 , 0.00543503 , -0.0123838 , 0.139412 , 0.00627161 , -0.0126016
13.0085 , 0.131362 , 0.0055214 , -0.0133548 , 0.141489 , 0.00688981 , -0.0153229
13.0444 , 0.134322 , 0.00592259 , -0.0161782 , 0.139832 , 0.00561608 , -0.0180898
13.0755 , 0.131194 , 0.00540886 , -0.0171793 , 0.141971 , 0.00417424 , -0.0198499
13.1086 , 0.13383 , 0.00427379 , -0.0190805 , 0.140071 , 0.00434173 , -0.0206669
13.1441 , 0.130683 , 0.00555051 , -0.0195712 , 0.136851 , 0.00588356 , -0.0209291
13.1757 , 0.135552 , 0.00526202 , -0.0208922 , 0.137441 , 0.00843195 , -0.0209119
13.2123 , 0.130945 , 0.00603006 , -0.0209422 , 0.135448 , 0.00840013 , -0.0211144
13.2466 , 0.128981 , 0.00653877 , -0.0214738 , 0.134137 , 0.00744352 , -0.0211746
13.2776 , 0.127684 , 0.00599298 , -0.0217424 , 0.136609 , 0.00682425 , -0.0222891
13.3098 , 0.130063 , 0.00569059 , -0.0233293 , 0.133889 , 0.00649414 , -0.0232211
13.3453 , 0.129403 , 0.00590905 , -0.0242655 , 0.132015 , 0.00730291 , -0.0241089
13.3799 , 0.131728 , 0.0063118 , -0.0267247 , 0.13403 , 0.00813659 , -0.0258912
13.4165 , 0.134041 , 0.00635499 , -0.0303539 , 0.138947 , 0.00913004 , -0.0284078
13.4638 , 0.13526 , 0.00643123 , -0.0349293 , 0.142253 , 0.00965982 , -0.0337558
13.5031 , 0.137368 , 0.00636727 , -0.0407291 , 0.145967 , 0.00798775 , -0.0403163
13.5476 , 0.139751 , 0.00595153 , -0.0461696 , 0.150296 , 0.00634468 , -0.0460959
13.5786 , 0.141806 , 0.0055665 , -0.0525516 , 0.153366 , 0.00580648 , -0.0513401
13.6162 , 0.142948 , 0.00593142 , -0.0576438 , 0.15888 , 0.00702771 , -0.0550797
13.6477 , 0.145222 , 0.00704729 , -0.0623653 , 0.160695 , 0.00590232 , -0.0592628
13.6789 , 0.146077 , 0.00610918 , -0.0670073 , 0.161343 , 0.00385997 , -0.0631115
13.7159 , 0.147383 , 0.00546054 , -0.0705692 , 0.164954 , 0.0039037 , -0.0659481
13.7514 , 0.150043 , 0.00691182 , -0.0725833 , 0.165032 , 0.00440008 , -0.0682782
13.7846 , 0.150289 , 0.00535159 , -0.0750644 , 0.165569 , 0.0046152 , -0.0702695
13.8178 , 0.152658 , 0.00503118 , -0.0764903 , 0.166391 , 0.00442654 , -0.0721513
13.8504 , 0.156264 , 0.00395572 , -0.0772443 , 0.168322 , 0.00366589 , -0.0734728
13.8857 , 0.159168 , 0.00216623 , -0.0768056 , 0.170003 , 0.00235745 , -0.0729223
13.9191 , 0.163621 , -0.000147134 , -0.0736481 , 0.172524 , 0.000200953 , -0.0704708
13.9548 , 0.165417 , -0.002802 , -0.0691958 , 0.179146 , -0.000434993 , -0.0659241
13.9985 , 0.169906 , -0.00346552 , -0.06574 , 0.182629 , -0.00335854 , -0.0611583
14.0323 , 0.172645 , -0.00579839 , -0.0594409 , 0.185148 , -0.0100777 , -0.0581868
14.0661 , 0.175756 , -0.00808031 , -0.0569154 , 0.194545 , -0.0107415 , -0.0534163
14.1016 , 0.183055 , -0.00871116 , -0.0494771 , 0.195237 , -0.0146267 , -0.0523465
14.1327 , 0.180104 , -0.0135853 , -0.0447749 , 0.200329 , -0.0190704 , -0.0518249
14.1653 , 0.185425 , -0.014359 , -0.0433334 , 0.200378 , -0.0183318 , -0.0536416
14.2049 , 0.184924 , -0.0140295 , -0.0429014 , 0.21339 , -0.0185711 , -0.0519509
14.2364 , 0.191095 , -0.0156031 , -0.0405623 , 0.212031 , -0.0206183 , -0.0525906
14.2675 , 0.184224 , -0.0174666 , -0.0396704 , 0.213683 , -0.0226927 , -0.0536678
14.2995 , 0.18897 , -0.0168537 , -0.0400193 , 0.223026 , -0.0243867 , -0.0527697
14.3333 , 0.188753 , -0.0179612 , -0.0377083 , 0.21862 , -0.0241228 , -0.050755
14.369 , 0.194132 , -0.020191 , -0.0401858 , 0.231323 , -0.0274632 , -0.0537518
14.4012 , 0.189195 , -0.0173849 , -0.0406996 , 0.225154 , -0.0284412 , -0.0532442
14.4345 , 0.18024 , -0.0167393 , -0.0416929 , 0.222449 , -0.0295183 , -0.0517958
14.4715 , 0.18632 , -0.0180125 , -0.0435978 , 0.227735 , -0.0323165 , -0.0518418
14.5026 , 0.188011 , -0.018761 , -0.047726 , 0.226432 , -0.0330247 , -0.0566005
14.5357 , 0.181711 , -0.0183215 , -0.0513702 , 0.22129 , -0.0321833 , -0.0579357
14.5705 , 0.174003 , -0.0230899 , -0.0598253 , 0.225741 , -0.0342535 , -0.0647769
14.6059 , 0.176507 , -0.0213751 , -0.0629727 , 0.228908 , -0.0346547 , -0.0655518
14.6403 , 0.183422 , -0.0201065 , -0.0642325 , 0.230924 , -0.0322012 , -0.0686219
14.6794 , 0.17947 , -0.022143 , -0.0665084 , 0.233894 , -0.0328165 , -0.0717643
14.7234 , 0.176673 , -0.0208111 , -0.0696134 , 0.231514 , -0.0383255 , -0.06757
14.7598 , 0.180053 , -0.023908 , -0.0721276 , 0.230998 , -0.0349947 , -0.0673724
14.8072 , 0.17493 , -0.0248144 , -0.0731055 , 0.23421 , -0.0331587 , -0.0696034
14.8411 , 0.176436 , -0.0239595 , -0.0774712 , 0.230175 , -0.034345 , -0.0711013
14.8725 , 0.248506 , -0.0184112 , -0.0939472 , 0.299025 , -0.0431412 , -0.0828486
14.9033 , 0.261086 , -0.0189469 , -0.0807898 , 0.326497 , -0.0328343 , -0.0731432
14.942 , 0.169651 , -0.0326066 , -0.0643827 , 0.269908 , -0.0352462 , -0.0495221
14.9808 , 0.167265 , -0.0363816 , -0.0665192 , 0.304705 , -0.0286707 , -0.0543999
15.0268 , 0.163048 , -0.0414183 , -0.0667431 , 0.265466 , -0.0306249 , -0.054749
15.0619 , 0.161667 , -0.0400006 , -0.0812491 , 0.244062 , -0.0400787 , -0.073136
15.1116 , 0.155461 , -0.0412914 , -0.085161 , 0.239202 , -0.0442865 , -0.0858961
15.1607 , 0.156173 , -0.0407251 , -0.0861414 , 0.231781 , -0.0441851 , -0.0884158
15.2113 , 0.146729 , -0.0409425 , -0.090643 , 0.221476 , -0.0494256 , -0.087179
15.2446 , 0.14375 , -0.0420876 , -0.0960464 , 0.206686 , -0.0556389 , -0.0843597
15.2756 , 0.137074 , -0.0405658 , -0.0996382 , 0.203348 , -0.0613771 , -0.089049
15.3129 , 0.136234 , -0.0404943 , -0.105248 , 0.195983 , -0.062214 , -0.100086
15.3599 , 0.125305 , -0.0383067 , -0.104733 , 0.29357 , -0.0446991 , -0.102618
15.3995 , 0.466219 , 0.0124328 , -0.0955515 , 0.322749 , -0.0457734 , -0.116063
15.4495 , 0.296077 , -0.0217058 , -0.351369 , 0.177683 , -0.123242 , -0.25685
15.4963 , 0.0133108 , -0.142846 , -0.344556 , 0.0973376 , -0.139082 , -0.334995
15.5278 , 0.00964221 , -0.146925 , -0.3448 , 0.0441836 , -0.159029 , -0.377199
15.5618 , 0.00651784 , -0.151521 , -0.344833 , 0.310132 , -0.230278 , -0.457973
15.5927 , 0.613624 , -0.205721 , -0.398933 , 0.629016 , -0.227951 , -0.41601
15.625 , 0.614702 , -0.206036 , -0.400184 , 0.720619 , -0.182923 , -0.415504
15.6583 , 0.615088 , -0.206915 , -0.401831 , 0.61351 , 0.000157416 , -0.322031
15.6948 , 0.465645 , 0.0152711 , -0.126928 , 0.573407 , 0.0469861 , -0.126128
15.7253 , 0.466852 , 0.018766 , -0.124554 , 0.538455 , 0.0304962 , -0.074863
15.759 , 0.470089 , 0.0210934 , -0.123078 , 0.558855 , -0.00033257 , -0.0637346
15.7947 , 0.471784 , 0.0236953 , -0.122781 , 0.574404 , -0.00472455 , -0.0637776
15.8263 , 0.473799 , 0.023746 , -0.123232 , 0.58055 , 0.00410309 , -0.0834318
15.8627 , 0.479786 , 0.024232 , -0.123933 , 0.569618 , 0.0101595 , -0.111165
15.8967 , 0.479473 , 0.0259773 , -0.124303 , 0.551815 , 0.0110545 , -0.124672
15.9276 , 0.480467 , 0.0281713 , -0.12464 , 0.540573 , 0.0128691 , -0.118077
15.9624 , 0.481466 , 0.0294382 , -0.12442 , 0.533827 , 0.0174792 , -0.108538
15.9968 , 0.482525 , 0.0314725 , -0.124242 , 0.539738 , 0.0246114 , -0.102067
16.0278 , 0.483271 , 0.033532 , -0.123776 , 0.5513 , 0.0288002 , -0.103925
16.0612 , 0.484731 , 0.0343855 , -0.123307 , 0.563159 , 0.0304581 , -0.110115
16.0958 , 0.486091 , 0.0358624 , -0.124107 , 0.571268 , 0.0316367 , -0.116363
16.1282 , 0.488143 , 0.0363076 , -0.125857 , 0.579588 , 0.0310352 , -0.119075
16.165 , 0.493043 , 0.036826 , -0.127831 , 0.58386 , 0.0284016 , -0.115021
16.1953 , 0.497574 , 0.038383 , -0.129181 , 0.607729 , 0.0144736 , -0.113301
16.2288 , 0.514699 , 0.0413789 , -0.126832 , 0.396112 , -0.00217141 , -0.122537
16.2635 , 0.255126 , 0.0105367 , -0.134624 , 0.30523 , -0.0083643 , -0.115111
16.298 , 0.257946 , 0.0115189 , -0.135549 , 0.314583 , -0.000325268 , -0.118121
16.3295 , 0.262493 , 0.0116301 , -0.135972 , 0.337679 , 0.00388005 , -0.121742
16.3659 , 0.267426 , 0.0130795 , -0.136641 , 0.357661 , 0.00429056 , -0.12181
16.3965 , -0.0889976 , -0.125839 , -0.134854 , 0.279844 , -0.00592126 , -0.147103
16.4301 , 0.153017 , -0.0173233 , -0.176431 , 0.22314 , -0.0248681 , -0.153909
16.4657 , 0.163473 , -0.0182444 , -0.17501 , 0.239287 , -0.0249048 , -0.167936
16.4974 , 0.172858 , -0.0163136 , -0.173526 , 0.260865 , -0.0176183 , -0.171651
16.5344 , 0.175902 , -0.0122145 , -0.172129 , 0.267429 , -0.0124213 , -0.162734
16.5687 , 0.177933 , -0.0100636 , -0.169809 , 0.25801 , -0.0106925 , -0.15771
16.6002 , 0.176858 , -0.00862051 , -0.165025 , 0.251375 , -0.0118373 , -0.150363
16.6315 , 0.181631 , -0.00719623 , -0.161364 , 0.239497 , -0.0130405 , -0.144522
16.6733 , 0.179456 , -0.00517064 , -0.15916 , 0.246557 , -0.0147609 , -0.145895
16.7239 , 0.18763 , -0.00361186 , -0.160372 , 0.252127 , -0.0138267 , -0.150756
16.77 , 0.185704 , -0.00640908 , -0.159954 , 0.249777 , -0.0155331 , -0.153438
16.8009 , 0.193381 , -0.01052 , -0.15815 , 0.248169 , -0.0179164 , -0.156801
16.8361 , 0.198463 , -0.00910707 , -0.155846 , 0.246147 , -0.0197767 , -0.153513
16.8725 , 0.200563 , -0.00876549 , -0.15432 , 0.250987 , -0.0193836 , -0.152045
16.9036 , 0.197472 , -0.0102529 , -0.149642 , 0.249249 , -0.0193077 , -0.147522
16.9387 , 0.204285 , -0.0102993 , -0.140698 , 0.24783 , -0.0194642 , -0.132213
16.9699 , 0.20439 , -0.00831979 , -0.130463 , 0.250354 , -0.0194114 , -0.122957
17.0038 , 0.200521 , -0.00853162 , -0.118079 , 0.246201 , -0.0162803 , -0.113165
17.0364 , 0.208059 , -0.00818961 , -0.112383 , 0.256226 , -0.0121695 , -0.108197
17.0691 , 0.188188 , -0.00319938 , -0.105663 , 0.233695 , -0.00903682 , -0.0987802
17.1042 , 0.20219 , -0.00470314 , -0.0951319 , 0.243265 , -0.00799314 , -0.0920003
17.1404 , 0.213422 , -0.00526982 , -0.0827489 , 0.230272 , -0.00938439 , -0.0756975
17.1734 , 0.205288 , -0.00405248 , -0.0730771 , 0.231441 , -0.0102691 , -0.0637011
17.2059 , 0.20954 , -0.00593113 , -0.0743593 , 0.213156 , -0.00708908 , -0.0605662
17.2382 , 0.199471 , -0.0039033 , -0.0681647 , 0.215479 , -0.00873454 , -0.0604391
17.2705 , 0.206099 , -0.00805682 , -0.0606076 , 0.210401 , -0.00985741 , -0.0522537
17.3051 , 0.19805 , -0.0047585 , -0.0503694 , 0.193798 , -0.00831677 , -0.0391631
17.3414 , 0.1994 , -0.00634059 , -0.0434022 , 0.195177 , -0.00954469 , -0.0340888
17.378 , 0.20444 , -0.00505954 , -0.0351363 , 0.178241 , -0.0119902 , -0.0242627
17.4245 , 0.193836 , -0.00478334 , -0.0279577 , 0.174904 , -0.0128146 , -0.0172591
17.456 , 0.198642 , -0.00468082 , -0.0242115 , 0.159207 , -0.00871043 , -0.0131333
17.4933 , 0.185746 , -0.0053619 , -0.0205606 , 0.161457 , -0.00620533 , -0.0108317
17.5388 , 0.190967 , -0.00691932 , -0.0181493 , 0.148995 , -0.00591892 , -0.00819152
17.5719 , 0.178172 , -0.00646854 , -0.014731 , 0.153242 , -0.0069109 , -0.00523263
17.608 , 0.182804 , -0.00693405 , -0.0144093 , 0.144234 , -0.00601251 , -0.00557811
17.6407 , 0.169982 , -0.00687843 , -0.0151375 , 0.150783 , -0.0067825 , -0.0051196
17.675 , 0.174265 , -0.00668197 , -0.0156885 , 0.155239 , -0.00760206 , -0.00539225
17.7142 , 0.164579 , -0.00776914 , -0.0181329 , 0.153514 , -0.00668803 , -0.0058879
17.7561 , 0.165333 , -0.00842999 , -0.0180958 , 0.160298 , -0.00382422 , -0.0064644
17.7907 , 0.151181 , -0.00561379 , -0.0199363 , 0.154781 , -0.00249273 , -0.0094936
17.8235 , 0.153279 , -0.00560214 , -0.0202678 , 0.16273 , -0.0030205 , -0.0108435
17.8576 , 0.15427 , -0.00581669 , -0.0209955 , 0.163889 , -0.00422494 , -0.0131965
17.8913 , 0.153251 , -0.00534009 , -0.0212391 , 0.158854 , -0.00342966 , -0.0138476
17.9248 , 0.145992 , -0.00495735 , -0.0200997 , 0.161088 , -0.00328374 , -0.0143977
17.9577 , 0.14739 , -0.00484919 , -0.0189731 , 0.163364 , -0.00355923 , -0.0155577
