481

0.022631 , -0.0179641 , -0.013553 , -0.0236611 , 0.00360722 , -0.015345 , 0.00528838
0.05421 , -0.0179696 , -0.0135509 , -0.0236596 , 5.69837e-05 , -0.0108632 , 0.0335404
0.089463 , -0.0179694 , -0.0135486 , -0.0236539 , -0.00902199 , -0.0122149 , 0.0153429
0.124849 , -0.0179657 , -0.0135341 , -0.0236466 , -0.00865915 , -0.0178835 , -0.00760865
0.159566 , -0.0179638 , -0.01353 , -0.0236468 , -0.00830658 , -0.0194345 , 0.00605689
0.191347 , -0.0179638 , -0.01353 , -0.0236468 , -0.0122523 , -0.0190815 , 0.0159203
0.227692 , -0.0179638 , -0.01353 , -0.0236468 , -0.015726 , -0.0176142 , 0.0166648
0.264095 , -0.0179638 , -0.0135281 , -0.0236468 , -0.0144804 , -0.0164961 , 0.0131012
0.313601 , -0.0179638 , -0.0135281 , -0.0236468 , -0.00989247 , -0.0154644 , 0.0106975
0.351095 , -0.0179638 , -0.0135281 , -0.0236468 , -0.00366528 , -0.0144742 , 0.010868
0.395899 , -0.0179618 , -0.013528 , -0.0236469 , 0.0026464 , -0.0137579 , 0.0119794
0.434643 , -0.0179617 , -0.01353 , -0.0236468 , 0.00723494 , -0.0134187 , 0.0122936
0.480169 , -0.0179618 , -0.013528 , -0.0236469 , 0.00875077 , -0.0135063 , 0.0116763
0.514005 , -0.0179618 , -0.013528 , -0.0236469 , 0.00729157 , -0.0140498 , 0.0107894
0.553437 , -0.0179618 , -0.013528 , -0.0236469 , 0.0039196 , -0.014979 , 0.010272
0.601987 , -0.0179618 , -0.013528 , -0.0236469 , 5.27961e-05 , -0.0159763 , 0.0102593
0.654827 , -0.0179618 , -0.013528 , -0.0236469 , -0.00313295 , -0.0166344 , 0.0104918
0.705118 , -0.0179618 , -0.013528 , -0.0236469 , -0.00506032 , -0.016706 , 0.0107804
0.754749 , -0.0179618 , -0.013528 , -0.0236469 , -0.00582799 , -0.0162543 , 0.0110413
0.804009 , -0.0179618 , -0.013528 , -0.0236469 , -0.00590377 , -0.0155092 , 0.0113022
0.854191 , -0.0179618 , -0.013528 , -0.0236469 , -0.0056635 , -0.0147543 , 0.0116074
0.90654 , -0.0179618 , -0.013528 , -0.0236469 , -0.00529202 , -0.0142578 , 0.0118961
0.956428 , -0.0133787 , -0.013867 , -0.0250718 , -0.00477386 , -0.0186352 , 0.014365
1.00578 , -0.0123202 , -0.0157941 , -0.0254508 , -0.00862676 , -0.0178367 , 0.0107543
1.05547 , -0.0107316 , -0.0172903 , -0.0259756 , 0.000715166 , -0.016499 , 0.00850218
1.10546 , -0.00811369 , -0.017267 , -0.0270089 , 0.0100155 , -0.0176334 , 0.00929726
1.15793 , -0.00630532 , -0.0188869 , -0.0280437 , 0.0123892 , -0.019742 , 0.00930776
1.20819 , -0.0039323 , -0.0205399 , -0.0292288 , 0.0122326 , -0.0213256 , 0.0079526
1.25762 , -0.000722945 , -0.0213189 , -0.0306992 , 0.0126775 , -0.022598 , 0.00700698
1.30763 , 0.00275604 , -0.022835 , -0.0314733 , 0.0136218 , -0.0249186 , 0.00671829
1.35286 , 0.00692964 , -0.0246218 , -0.032442 , 0.017199 , -0.0278347 , 0.00579535
1.38466 , 0.0126055 , -0.0255607 , -0.0339497 , 0.0243901 , -0.0303589 , 0.00409209
1.41819 , 0.0186043 , -0.0297292 , -0.0357775 , 0.0306966 , -0.0332824 , 0.00197259
1.45416 , 0.0267442 , -0.0331609 , -0.0379821 , 0.037086 , -0.0378246 , 0.000133677
1.49089 , 0.0355906 , -0.0380226 , -0.0402883 , 0.0437043 , -0.0407764 , -0.00187946
1.53812 , 0.0447148 , -0.0395316 , -0.044034 , 0.0510305 , -0.0439266 , -0.00466114
1.57559 , 0.0540533 , -0.0461242 , -0.0476414 , 0.0558773 , -0.0489537 , -0.00757779
1.62539 , 0.0651461 , -0.0508009 , -0.0510104 , 0.0638321 , -0.0535219 , -0.0109978
1.67533 , 0.0767219 , -0.0551143 , -0.0541655 , 0.073833 , -0.0606382 , -0.0144432
1.72185 , 0.091725 , -0.0599145 , -0.0579226 , 0.0872904 , -0.0671386 , -0.018275
1.75384 , 0.105111 , -0.0691666 , -0.0617816 , 0.0982331 , -0.0756324 , -0.0222256
1.78536 , 0.120532 , -0.0785575 , -0.0667309 , 0.110422 , -0.0839911 , -0.0259143
1.8179 , 0.13766 , -0.0869128 , -0.0722144 , 0.127936 , -0.0939432 , -0.0327856
1.85434 , 0.156221 , -0.0959131 , -0.0780307 , 0.148691 , -0.0991588 , -0.0403997
1.88539 , 0.177185 , -0.102328 , -0.0840395 , 0.164443 , -0.11082 , -0.0469734
1.92233 , 0.197463 , -0.110036 , -0.0904232 , 0.181003 , -0.121692 , -0.0546958
1.95375 , 0.219389 , -0.121162 , -0.098587 , 0.203114 , -0.123992 , -0.0629758
1.98606 , 0.242588 , -0.124155 , -0.108351 , 0.22288 , -0.129346 , -0.073143
2.01942 , 0.264727 , -0.1286 , -0.120318 , 0.242457 , -0.13178 , -0.0843916
2.0564 , 0.288026 , -0.128504 , -0.131096 , 0.265274 , -0.127686 , -0.0943813
2.09765 , 0.312543 , -0.123968 , -0.139322 , 0.288214 , -0.133404 , -0.104568
2.14029 , 0.337308 , -0.121422 , -0.146715 , 0.310157 , -0.134073 , -0.112744
2.18173 , 0.365684 , -0.123128 , -0.155742 , 0.333568 , -0.126205 , -0.119352
2.22431 , 0.390395 , -0.117683 , -0.162752 , 0.357809 , -0.122806 , -0.127346
2.25992 , 0.417583 , -0.11037 , -0.168549 , 0.381644 , -0.115608 , -0.134043
2.2939 , 0.444441 , -0.100709 , -0.174645 , 0.405894 , -0.109876 , -0.141385
2.33194 , 0.4725 , -0.0985728 , -0.179917 , 0.431169 , -0.105387 , -0.146934
2.37481 , 0.500742 , -0.0885313 , -0.183423 , 0.456927 , -0.0980213 , -0.150286
2.40984 , 0.529362 , -0.0798732 , -0.185667 , 0.483157 , -0.0921997 , -0.154313
2.44123 , 0.5582 , -0.0727257 , -0.188448 , 0.508521 , -0.0841898 , -0.158863
2.47252 , 0.586698 , -0.068571 , -0.194687 , 0.535044 , -0.0770497 , -0.165946
2.50898 , 0.615131 , -0.053895 , -0.196387 , 0.563032 , -0.0657417 , -0.167804
2.54055 , 0.651316 , -0.0354427 , -0.191505 , 0.592674 , -0.0614474 , -0.169198
2.57348 , 0.684959 , -0.0335541 , -0.197601 , 0.626083 , -0.0531664 , -0.172457
2.60669 , 0.716017 , -0.0271437 , -0.199485 , 0.653619 , -0.0447551 , -0.174977
2.64226 , 0.751385 , -0.00968772 , -0.191605 , 0.684683 , -0.0377749 , -0.17727
2.67679 , 0.791825 , 0.00065659 , -0.190402 , 0.722849 , -0.0251575 , -0.177429
2.7112 , 0.822121 , 0.00339796 , -0.195794 , 0.752112 , -0.0089204 , -0.173202
2.7458 , 0.857789 , 0.016562 , -0.192679 , 0.788918 , 0.00624763 , -0.170574
2.77755 , 0.900249 , 0.0319116 , -0.192365 , 0.820921 , 0.00692992 , -0.176099
2.80891 , 0.934322 , 0.0408176 , -0.188411 , 0.852538 , 0.0225262 , -0.164836
2.84656 , 0.988192 , 0.0545167 , -0.164154 , 0.895998 , 0.0273669 , -0.159869
2.88099 , 1.01761 , 0.0568002 , -0.171027 , 0.925183 , 0.0363857 , -0.157077
2.91231 , 1.05354 , 0.0639905 , -0.165882 , 0.96223 , 0.0442786 , -0.142046
2.94339 , 1.10002 , 0.0693569 , -0.150614 , 0.994621 , 0.0445284 , -0.141522
2.97659 , 1.13471 , 0.0752087 , -0.14186 , 1.03545 , 0.0493432 , -0.11125
3.01233 , 1.18444 , 0.0722548 , -0.115454 , 1.0662 , 0.0494546 , -0.110837
3.04672 , 1.21757 , 0.0753708 , -0.112121 , 1.09607 , 0.0510842 , -0.106931
3.08255 , 1.25513 , 0.0778335 , -0.0972319 , 1.13557 , 0.0539598 , -0.0773482
3.11391 , 1.3014 , 0.0729826 , -0.0767836 , 1.16582 , 0.0541331 , -0.0746446
3.14474 , 1.33324 , 0.0724147 , -0.0725364 , 1.19284 , 0.055173 , -0.0707253
3.17713 , 1.36774 , 0.0766188 , -0.056685 , 1.2222 , 0.0584575 , -0.0570868
3.21056 , 1.40569 , 0.0799586 , -0.0298136 , 1.2586 , 0.0605272 , -0.032411
3.24637 , 1.44544 , 0.0733104 , -0.0234717 , 1.28972 , 0.06256 , -0.0233728
3.28115 , 1.47724 , 0.0763766 , -0.0149758 , 1.31867 , 0.0689333 , -0.00504638
3.31615 , 1.57081 , -0.168133 , 0.0748419 , 1.34844 , -0.119553 , 0.0796156
3.35078 , 1.59634 , -0.192872 , 0.0851915 , 1.38354 , -0.189306 , 0.114675
3.38591 , 1.622 , -0.208986 , 0.0987034 , 1.40668 , -0.212493 , 0.131302
3.43286 , 1.64503 , -0.228547 , 0.115629 , 1.42649 , -0.224914 , 0.142187
3.46426 , 1.66958 , -0.241052 , 0.125722 , 1.44754 , -0.232694 , 0.15277
3.49566 , 1.69325 , -0.248026 , 0.135683 , 1.46753 , -0.232333 , 0.159013
3.53722 , 1.71863 , -0.259289 , 0.14613 , 1.51058 , -0.071882 , 0.126184
3.58664 , 1.71392 , -0.0549264 , 0.133144 , 1.53162 , -0.0228998 , 0.135321
3.63078 , 1.74396 , -0.0322884 , 0.136032 , 1.55146 , -0.0116506 , 0.135628
3.66986 , 1.77668 , -0.0105657 , 0.139367 , 1.57882 , 0.0042628 , 0.135093
3.71637 , 1.79858 , -0.010053 , 0.138104 , 1.60334 , 0.0108442 , 0.137212
3.75127 , 1.82546 , -0.00473236 , 0.145153 , 1.62355 , 0.00856002 , 0.139245
3.78518 , 1.85591 , 0.00130574 , 0.157207 , 1.64942 , 0.0105478 , 0.148132
3.81678 , 1.88161 , -0.000105001 , 0.158438 , 1.6666 , 0.0396953 , 0.12496
3.84972 , 1.89447 , 0.0350916 , 0.137396 , 1.67525 , 0.0455375 , 0.130474
3.88314 , 1.91651 , 0.0305046 , 0.153786 , 1.68983 , 0.045428 , 0.145871
3.91645 , 1.9359 , 0.0273138 , 0.150686 , 1.70765 , 0.0414146 , 0.149257
3.95005 , 1.9555 , 0.0232193 , 0.152051 , 1.72846 , 0.0441918 , 0.156617
3.98429 , 1.98231 , 0.0350334 , 0.163259 , 1.7526 , 0.0341774 , 0.160985
4.01769 , 2.0192 , 0.0368288 , 0.167361 , 1.78046 , 0.0510747 , 0.166897
4.05088 , 2.03568 , 0.0374043 , 0.167907 , 1.80859 , 0.0473478 , 0.172393
4.08368 , 2.05279 , 0.0374375 , 0.168029 , 1.8281 , 0.0482616 , 0.176021
4.11816 , 2.0689 , 0.0386527 , 0.16855 , 1.84715 , 0.0934235 , 0.16324
4.15102 , 2.09133 , 0.0935707 , 0.156871 , 1.85918 , 0.0982676 , 0.161632
4.18479 , 2.10234 , 0.0942124 , 0.156134 , 1.87046 , 0.108552 , 0.155679
4.21803 , 2.11156 , 0.126065 , 0.140501 , 1.88134 , 0.111792 , 0.17516
4.25225 , 2.11727 , 0.126527 , 0.141099 , 1.88109 , 0.118534 , 0.145631
4.28519 , 2.12335 , 0.127154 , 0.14086 , 1.88323 , 0.1161 , 0.13761
4.31923 , 2.12605 , 0.128697 , 0.141286 , 1.8862 , 0.11895 , 0.130213
4.35222 , 2.13317 , 0.141402 , 0.137622 , 1.88773 , 0.132517 , 0.133116
4.38596 , 2.13056 , 0.142044 , 0.138104 , 1.88413 , 0.138634 , 0.133533
4.42468 , 2.12573 , 0.151047 , 0.133673 , 1.88162 , 0.142335 , 0.128376
4.47485 , 2.11813 , 0.152954 , 0.133021 , 1.87601 , 0.141764 , 0.12745
4.52527 , 2.1065 , 0.156412 , 0.133148 , 1.86714 , 0.142995 , 0.127128
4.57575 , 2.09156 , 0.160567 , 0.132802 , 1.83836 , 0.158036 , 0.0993643
4.62589 , 2.05258 , 0.187245 , 0.109343 , 1.80758 , 0.167168 , 0.101501
4.6761 , 2.0326 , 0.188418 , 0.107544 , 1.7854 , 0.172662 , 0.102091
4.72649 , 2.00985 , 0.19042 , 0.104719 , 1.76579 , 0.173301 , 0.0969665
4.77587 , 1.98432 , 0.192765 , 0.0991235 , 1.74316 , 0.175202 , 0.0887223
4.81404 , 1.95676 , 0.195046 , 0.0928025 , 1.71745 , 0.178681 , 0.0817749
4.86075 , 1.92521 , 0.197169 , 0.083446 , 1.6835 , 0.172709 , 0.0507066
4.91129 , 1.88949 , 0.192519 , 0.0567621 , 1.65581 , 0.171682 , 0.0449316
4.96153 , 1.85985 , 0.190608 , 0.0548284 , 1.62969 , 0.17046 , 0.0428947
5.00763 , 1.82688 , 0.189822 , 0.049221 , 1.59594 , 0.158988 , 0.0199832
5.04075 , 1.78998 , 0.181975 , 0.0279025 , 1.56614 , 0.156545 , 0.0168379
5.07381 , 1.75036 , 0.17491 , 0.0142835 , 1.53316 , 0.145922 , 0.00454163
5.10726 , 1.71804 , 0.166712 , 0.00585445 , 1.51092 , 0.122673 , 0.0187407
5.14053 , 1.70488 , 0.139901 , 0.0271359 , 1.48993 , 0.120143 , 0.0168032
5.17457 , 1.66806 , 0.14083 , 0.0225715 , 1.46095 , 0.118301 , 0.0081485
5.20815 , 1.63264 , 0.14038 , 0.00907737 , 1.42556 , 0.117766 , -0.00294326
5.24137 , 1.59401 , 0.139036 , -0.0143625 , 1.38949 , 0.112893 , -0.0189659
5.27529 , 1.5563 , 0.135928 , -0.027441 , 1.35384 , 0.104789 , -0.0307455
5.30794 , 1.51871 , 0.128234 , -0.0423534 , 1.31684 , 0.0938085 , -0.0418782
5.34312 , 1.48109 , 0.118187 , -0.0539608 , 1.27928 , 0.0840823 , -0.0526198
5.37673 , 1.4421 , 0.10103 , -0.0664377 , 1.2383 , 0.0688223 , -0.0629824
5.4121 , 1.4089 , 0.0961312 , -0.0636953 , 1.19932 , 0.0611916 , -0.0689855
5.44779 , 1.44523 , -0.151078 , 0.0342711 , 1.17414 , -0.112069 , 0.0257563
5.48468 , 1.40663 , -0.153993 , 0.0378992 , 1.1528 , -0.17003 , 0.0591106
5.52643 , 1.29888 , -0.00928362 , -0.0520733 , 1.10895 , -0.0726558 , -0.0151626
5.56418 , 1.25413 , 0.0102894 , -0.0715407 , 1.03709 , -0.0222959 , -0.0766338
5.60346 , 1.21008 , 0.0206535 , -0.0929803 , 0.987512 , -0.0074822 , -0.112808
5.64457 , 1.16693 , 0.021461 , -0.111593 , 0.949247 , -0.010326 , -0.120774
5.68026 , 1.11717 , 0.00479499 , -0.139043 , 0.898257 , -0.0277642 , -0.125041
5.71339 , 1.07674 , 0.00479025 , -0.133989 , 0.854953 , -0.0376671 , -0.12199
5.74919 , 1.11787 , -0.129325 , -0.0487046 , 0.808399 , -0.0589642 , -0.132029
5.78586 , 0.982589 , -0.0247065 , -0.159443 , 0.78093 , -0.0723216 , -0.117662
5.83202 , 0.944998 , -0.0319612 , -0.163515 , 0.735557 , -0.0882006 , -0.130139
5.86434 , 0.903116 , -0.0410157 , -0.15887 , 0.685406 , -0.105196 , -0.147414
5.89716 , 0.858925 , -0.0589072 , -0.164477 , 0.641449 , -0.109655 , -0.144542
5.92974 , 0.816586 , -0.0785851 , -0.163989 , 0.598595 , -0.117632 , -0.130287
5.96608 , 0.784403 , -0.0880547 , -0.160984 , 0.562898 , -0.13398 , -0.11838
5.99803 , 0.741798 , -0.109056 , -0.151916 , 0.524883 , -0.142821 , -0.103925
6.02924 , 0.710111 , -0.113853 , -0.148345 , 0.49359 , -0.155328 , -0.0991003
6.06244 , 0.666878 , -0.132762 , -0.139268 , 0.456148 , -0.169097 , -0.0920916
6.10299 , 0.635088 , -0.140684 , -0.137744 , 0.427905 , -0.176348 , -0.0841911
6.14976 , 0.600649 , -0.15186 , -0.13318 , 0.396329 , -0.18619 , -0.0750469
6.18692 , 0.562285 , -0.161009 , -0.124712 , 0.370027 , -0.191066 , -0.0700355
6.2389 , 0.530884 , -0.170057 , -0.120335 , 0.348738 , -0.189054 , -0.0633886
6.28684 , 0.494274 , -0.179581 , -0.114627 , 0.326108 , -0.200747 , -0.0605516
6.33562 , 0.461072 , -0.183309 , -0.110891 , 0.304464 , -0.200317 , -0.055953
6.37663 , 0.426283 , -0.194096 , -0.107954 , 0.28133 , -0.209509 , -0.0539636
6.42197 , 0.392339 , -0.193226 , -0.10352 , 0.262028 , -0.203702 , -0.048672
6.47178 , 0.35506 , -0.197173 , -0.0969228 , 0.237269 , -0.216992 , -0.0448314
6.52098 , 0.323819 , -0.20207 , -0.0935925 , 0.217224 , -0.21266 , -0.0376527
6.55254 , 0.289818 , -0.196782 , -0.0884884 , 0.192024 , -0.213104 , -0.032273
6.58636 , 0.255696 , -0.205134 , -0.0839028 , 0.17407 , -0.210068 , -0.0270067
6.62071 , 0.223428 , -0.19571 , -0.0778925 , 0.153485 , -0.202471 , -0.0227768
6.65228 , 0.189613 , -0.196309 , -0.0746686 , 0.131994 , -0.201091 , -0.0188264
6.68837 , 0.161797 , -0.189774 , -0.0678199 , 0.114915 , -0.190601 , -0.0116757
6.7197 , 0.135764 , -0.175867 , -0.0610059 , 0.0949931 , -0.1808 , -0.00528384
6.75073 , 0.112935 , -0.16917 , -0.0546616 , 0.0795056 , -0.165991 , 0.00107869
6.78394 , 0.0907325 , -0.15482 , -0.0481061 , 0.0651845 , -0.156411 , 0.00733998
6.81746 , 0.0717091 , -0.145178 , -0.0400955 , 0.0525569 , -0.14745 , 0.0129579
6.85293 , 0.05549 , -0.138826 , -0.0358194 , 0.0410637 , -0.134205 , 0.0160664
6.88749 , 0.0401823 , -0.125421 , -0.0311037 , 0.0324742 , -0.12396 , 0.0194648
6.92236 , 0.026553 , -0.110687 , -0.0281228 , 0.0237233 , -0.112389 , 0.0227137
6.95461 , 0.0147664 , -0.102445 , -0.0257787 , 0.0120129 , -0.100853 , 0.0257728
6.98686 , 0.00346085 , -0.0906427 , -0.0234021 , 0.0046018 , -0.087168 , 0.0281225
7.02196 , -0.00384948 , -0.0790437 , -0.0219675 , 0.000557135 , -0.0759186 , 0.0289481
7.0529 , -0.0101675 , -0.0715907 , -0.020472 , -0.00172967 , -0.0713142 , 0.0289198
7.09316 , -0.0147868 , -0.0702849 , -0.0200994 , -0.0052826 , -0.0681817 , 0.0285424
7.14253 , -0.018914 , -0.0644357 , -0.0188702 , -0.00842981 , -0.0657755 , 0.0288797
7.1924 , -0.0231772 , -0.0634892 , -0.0176342 , -0.0126725 , -0.064196 , 0.0302933
7.24376 , -0.0266115 , -0.0608137 , -0.0163205 , -0.0155553 , -0.061483 , 0.0315915
7.28911 , -0.0277005 , -0.0580557 , -0.0169509 , -0.0173136 , -0.0604316 , 0.0317407
7.3222 , -0.029876 , -0.0569499 , -0.016057 , -0.0173205 , -0.0571607 , 0.0305948
7.35525 , -0.0307139 , -0.0560381 , -0.0153088 , -0.017667 , -0.0576991 , 0.0293838
7.39058 , -0.0310068 , -0.0575899 , -0.0155139 , -0.0172035 , -0.0585235 , 0.0294688
7.42848 , -0.0297044 , -0.0567423 , -0.0159664 , -0.0156795 , -0.0577895 , 0.0302871
7.48143 , -0.0270056 , -0.054932 , -0.0160206 , -0.0136475 , -0.0603895 , 0.029817
7.53095 , -0.0237868 , -0.0566637 , -0.01599 , -0.0117574 , -0.0581396 , 0.028097
7.58064 , -0.0216894 , -0.0603744 , -0.0162113 , -0.00940311 , -0.0587861 , 0.0267939
7.62927 , -0.0172943 , -0.0578714 , -0.0173202 , -0.0060584 , -0.0590246 , 0.0257658
7.68005 , -0.013207 , -0.0579208 , -0.0179229 , -0.00151087 , -0.0581242 , 0.0247262
7.72881 , -0.00824905 , -0.0581155 , -0.0187931 , 0.00260287 , -0.0588786 , 0.0236973
7.7606 , -0.00302709 , -0.0593764 , -0.0199566 , 0.00768395 , -0.0599402 , 0.0216904
7.79434 , 0.0057937 , -0.0608599 , -0.0212745 , 0.0140638 , -0.0641265 , 0.0191336
7.828 , 0.0149723 , -0.0645002 , -0.023416 , 0.023696 , -0.0668122 , 0.0174408
7.86332 , 0.0268594 , -0.0684935 , -0.0251332 , 0.0336785 , -0.0728569 , 0.0145568
7.90299 , 0.0403977 , -0.0739695 , -0.028397 , 0.0457761 , -0.0798567 , 0.0102623
7.94629 , 0.0569004 , -0.0841553 , -0.0329075 , 0.0594726 , -0.092186 , 0.00535291
7.98462 , 0.0746618 , -0.0989965 , -0.038557 , 0.0752752 , -0.103268 , 0.00115165
8.02967 , 0.0976436 , -0.104597 , -0.0410896 , 0.0941103 , -0.111356 , -0.00390352
8.06557 , 0.118301 , -0.114792 , -0.0472769 , 0.107557 , -0.119912 , -0.0100163
8.11359 , 0.139842 , -0.128935 , -0.052373 , 0.124907 , -0.131657 , -0.0158456
8.14945 , 0.165482 , -0.131941 , -0.0568349 , 0.149182 , -0.142066 , -0.0208786
8.19622 , 0.189337 , -0.149559 , -0.0648759 , 0.171942 , -0.15885 , -0.0298915
8.22666 , 0.216712 , -0.164544 , -0.0752452 , 0.201103 , -0.171047 , -0.0420792
8.2627 , 0.252456 , -0.171635 , -0.0863904 , 0.235225 , -0.177039 , -0.0562382
8.29539 , 0.289447 , -0.175122 , -0.100321 , 0.26885 , -0.183668 , -0.0707485
8.33076 , 0.326386 , -0.174985 , -0.113492 , 0.306194 , -0.188067 , -0.0844491
8.36601 , 0.363884 , -0.173722 , -0.127691 , 0.338711 , -0.182952 , -0.0955015
8.40207 , 0.403683 , -0.16328 , -0.133893 , 0.378518 , -0.177297 , -0.106611
8.44912 , 0.444435 , -0.160455 , -0.143572 , 0.418301 , -0.173351 , -0.116373
8.48559 , 0.488706 , -0.152755 , -0.150368 , 0.459576 , -0.166412 , -0.127013
8.53332 , 0.53183 , -0.146599 , -0.15608 , 0.500318 , -0.157541 , -0.134105
8.56914 , 0.577219 , -0.136268 , -0.159707 , 0.547539 , -0.14338 , -0.140069
8.62414 , 0.629505 , -0.12306 , -0.167187 , 0.587027 , -0.132206 , -0.145392
8.67318 , 0.673252 , -0.106449 , -0.167979 , 0.628505 , -0.11578 , -0.151724
8.72377 , 0.721371 , -0.0923527 , -0.173959 , 0.676499 , -0.0919962 , -0.149914
8.77302 , 0.77441 , -0.0705941 , -0.170681 , 0.716053 , -0.0831926 , -0.156457
8.82309 , 0.822005 , -0.0459693 , -0.162558 , 0.766827 , -0.0539243 , -0.151686
8.87557 , 0.876968 , -0.0315919 , -0.166309 , 0.81176 , -0.0439255 , -0.151366
8.92285 , 0.921696 , -0.0220798 , -0.165696 , 0.856918 , -0.0258905 , -0.144538
8.97312 , 0.975103 , -0.0024091 , -0.159021 , 0.896823 , -0.0248634 , -0.150365
9.02168 , 1.02953 , 0.0284516 , -0.151577 , 0.947593 , -0.00526076 , -0.149567
9.06893 , 1.06795 , 0.0301846 , -0.159021 , 0.993589 , 0.0151811 , -0.140193
9.10506 , 1.12109 , 0.0473419 , -0.147965 , 1.03196 , 0.021398 , -0.14425
9.14091 , 1.16316 , 0.0537857 , -0.146992 , 1.07825 , 0.0400318 , -0.117874
9.18401 , 1.21926 , 0.0681005 , -0.12112 , 1.11845 , 0.0398615 , -0.120062
9.2197 , 1.27179 , 0.0797743 , -0.0964273 , 1.16465 , 0.0494462 , -0.102013
9.25157 , 1.3132 , 0.0821334 , -0.0953806 , 1.20866 , 0.0564912 , -0.0729619
9.28333 , 1.35994 , 0.0847446 , -0.0728494 , 1.2497 , 0.0573338 , -0.0550139
9.32048 , 1.40448 , 0.0839075 , -0.0542555 , 1.28843 , 0.0566335 , -0.0400557
9.3532 , 1.44747 , 0.0817856 , -0.0372458 , 1.32628 , 0.0558469 , -0.0193052
9.38433 , 1.49199 , 0.0757477 , -0.0125023 , 1.36385 , 0.050399 , 0.0063657
9.42045 , 1.53293 , 0.0670075 , 0.0127524 , 1.39754 , 0.0453936 , 0.0134777
9.45134 , 1.57027 , 0.0624275 , 0.0253294 , 1.43205 , 0.0423108 , 0.0412397
9.48487 , 1.6107 , 0.05604 , 0.0482969 , 1.46745 , 0.0388239 , 0.0609876
9.51942 , 1.65189 , 0.0548534 , 0.0669703 , 1.49386 , 0.0547633 , 0.0422641
9.55183 , 1.67496 , 0.0747787 , 0.0484335 , 1.51237 , 0.0493004 , 0.0603442
9.58844 , 1.70981 , 0.0625245 , 0.0666908 , 1.53865 , 0.0469908 , 0.0684751
9.61923 , 1.76077 , 0.0699389 , 0.0941808 , 1.58535 , 0.0534176 , 0.0861306
9.65244 , 1.79461 , 0.0684466 , 0.0968281 , 1.63094 , 0.0461895 , 0.0908667
9.68831 , 1.82867 , 0.064553 , 0.104614 , 1.66158 , 0.0465725 , 0.0974743
9.72165 , 1.86248 , 0.0607892 , 0.114381 , 1.68673 , 0.0490041 , 0.108611
9.75617 , 1.89697 , 0.0564182 , 0.124818 , 1.713 , 0.048861 , 0.121169
9.78684 , 1.9313 , 0.0614199 , 0.143638 , 1.74142 , 0.0530477 , 0.133797
9.8217 , 1.95825 , 0.0614817 , 0.14156 , 1.76677 , 0.0522976 , 0.137331
9.85652 , 1.9883 , 0.0590779 , 0.142969 , 1.79148 , 0.0486521 , 0.142982
9.88798 , 2.01789 , 0.0554497 , 0.147829 , 1.81617 , 0.0454527 , 0.150193
9.92387 , 2.04683 , 0.0515883 , 0.152912 , 1.84033 , 0.0432881 , 0.155957
9.95489 , 2.07364 , 0.0495041 , 0.156876 , 1.86207 , 0.0422119 , 0.157136
9.98809 , 2.1021 , 0.0487903 , 0.160863 , 1.88435 , 0.0454536 , 0.163611
10.0238 , 2.12777 , 0.053531 , 0.163785 , 1.90603 , 0.0516332 , 0.166219
10.0554 , 2.15073 , 0.0603777 , 0.164083 , 1.92575 , 0.0587148 , 0.165622
10.0918 , 2.1736 , 0.0692411 , 0.16428 , 1.94262 , 0.0646356 , 0.163252
10.126 , 2.19003 , 0.0742218 , 0.163048 , 1.95675 , 0.0685721 , 0.158492
10.1603 , 2.20851 , 0.0819384 , 0.160562 , 1.97091 , 0.074698 , 0.156462
10.1952 , 2.21597 , 0.118214 , 0.153919 , 1.98773 , 0.0923375 , 0.177506
10.2266 , 2.22869 , 0.14095 , 0.149863 , 1.99182 , 0.125545 , 0.15152
10.2592 , 2.2283 , 0.155449 , 0.143188 , 1.9927 , 0.121982 , 0.165319
10.2918 , 2.23494 , 0.156876 , 0.14487 , 1.98859 , 0.143329 , 0.149076
10.3251 , 2.23365 , 0.157005 , 0.144791 , 1.98495 , 0.145617 , 0.146351
10.3589 , 2.22575 , 0.158558 , 0.144994 , 1.97909 , 0.144616 , 0.146388
10.3907 , 2.21598 , 0.161157 , 0.14588 , 1.97119 , 0.146934 , 0.14598
10.4284 , 2.20202 , 0.164802 , 0.146697 , 1.9598 , 0.150096 , 0.143903
10.4598 , 2.18385 , 0.171488 , 0.146537 , 1.94374 , 0.154832 , 0.14129
10.4987 , 2.16234 , 0.178122 , 0.143432 , 1.92328 , 0.161162 , 0.138458
10.5506 , 2.13833 , 0.184015 , 0.139393 , 1.90007 , 0.167295 , 0.134721
10.6032 , 2.1124 , 0.18947 , 0.135215 , 1.87532 , 0.173512 , 0.130072
10.6525 , 2.08238 , 0.194019 , 0.121868 , 1.85188 , 0.177237 , 0.11964
10.7029 , 2.05219 , 0.197805 , 0.120729 , 1.82574 , 0.180849 , 0.113601
10.7499 , 2.02113 , 0.203399 , 0.113423 , 1.79631 , 0.18562 , 0.104145
10.7958 , 1.98648 , 0.210519 , 0.104659 , 1.76536 , 0.190416 , 0.093594
10.828 , 1.95445 , 0.214591 , 0.0954645 , 1.73474 , 0.194561 , 0.0887051
10.8624 , 1.92026 , 0.21961 , 0.0882661 , 1.69819 , 0.199614 , 0.0650764
10.8969 , 1.8764 , 0.230867 , 0.0597585 , 1.66486 , 0.20055 , 0.0583443
10.9311 , 1.84264 , 0.234262 , 0.0510758 , 1.62707 , 0.204692 , 0.0349261
10.9623 , 1.80057 , 0.239622 , 0.0258293 , 1.58974 , 0.205812 , 0.0140125
11.0009 , 1.7613 , 0.241738 , 0.00608528 , 1.55685 , 0.205785 , 0.00574671
11.0503 , 1.71935 , 0.244146 , -0.00915256 , 1.51983 , 0.203923 , -0.00931243
11.0825 , 1.67862 , 0.243712 , -0.030913 , 1.48025 , 0.200042 , -0.0253505
11.1156 , 1.6351 , 0.244258 , -0.0581486 , 1.4369 , 0.19398 , -0.0477855
11.1466 , 1.60177 , 0.24179 , -0.0583993 , 1.39275 , 0.190035 , -0.0695939
11.1821 , 1.55285 , 0.239182 , -0.0878055 , 1.35206 , 0.182834 , -0.0800072
11.2135 , 1.51959 , 0.232158 , -0.0879918 , 1.3164 , 0.176713 , -0.082973
11.2463 , 1.47633 , 0.223993 , -0.10547 , 1.27668 , 0.167394 , -0.0961046
11.2819 , 1.43181 , 0.213746 , -0.130952 , 1.23016 , 0.157481 , -0.113638
11.3164 , 1.39393 , 0.21056 , -0.126637 , 1.18155 , 0.14986 , -0.135507
11.3473 , 1.34878 , 0.205171 , -0.15037 , 1.13884 , 0.13892 , -0.144577
11.3804 , 1.30253 , 0.197087 , -0.161635 , 1.09592 , 0.127396 , -0.155913
11.4161 , 1.25614 , 0.186664 , -0.176183 , 1.05351 , 0.116007 , -0.162576
11.4476 , 1.20971 , 0.176281 , -0.186396 , 1.01366 , 0.0947651 , -0.161736
11.4842 , 1.17346 , 0.153816 , -0.186068 , 0.968716 , 0.0840324 , -0.167197
11.5152 , 1.11735 , 0.142185 , -0.198156 , 0.920548 , 0.0638387 , -0.174469
11.5483 , 1.07251 , 0.125043 , -0.203063 , 0.873542 , 0.0439816 , -0.163776
11.5856 , 1.01614 , 0.0797931 , -0.207082 , 0.82724 , 0.0146802 , -0.162081
11.618 , 0.978016 , 0.0779842 , -0.19534 , 0.772728 , 0.0141976 , -0.157726
11.6502 , 0.935442 , 0.0554037 , -0.201131 , 0.715735 , -0.00414742 , -0.158657
11.6866 , 0.887984 , 0.0368381 , -0.199653 , 0.674977 , -0.0379603 , -0.151875
11.7179 , 0.839015 , 0.00531785 , -0.192601 , 0.634028 , -0.0649164 , -0.142396
11.7531 , 0.792205 , -0.0224579 , -0.18554 , 0.591382 , -0.0884002 , -0.130106
11.7858 , 0.747852 , -0.046264 , -0.181496 , 0.547053 , -0.106298 , -0.119012
11.8167 , 0.696511 , -0.0727583 , -0.170229 , 0.495347 , -0.119347 , -0.107823
11.8517 , 0.654732 , -0.0933564 , -0.169037 , 0.44733 , -0.145711 , -0.101375
11.8855 , 0.603851 , -0.114799 , -0.155898 , 0.407423 , -0.160615 , -0.0924533
11.9189 , 0.551778 , -0.142053 , -0.145756 , 0.365831 , -0.178303 , -0.0811288
11.9522 , 0.511806 , -0.156179 , -0.140071 , 0.323909 , -0.1943 , -0.067279
11.9913 , 0.46208 , -0.176832 , -0.127279 , 0.294295 , -0.204389 , -0.0584268
12.0404 , 0.418775 , -0.18365 , -0.115459 , 0.262801 , -0.213551 , -0.0481791
12.0933 , 0.373872 , -0.201824 , -0.106455 , 0.23708 , -0.218481 , -0.0407315
12.1418 , 0.330525 , -0.202651 , -0.0946784 , 0.20655 , -0.228303 , -0.032638
12.1881 , 0.288916 , -0.220334 , -0.0874999 , 0.182028 , -0.23178 , -0.0246069
12.2206 , 0.248843 , -0.221421 , -0.0771209 , 0.159015 , -0.231243 , -0.0158032
12.2533 , 0.210316 , -0.222727 , -0.0683814 , 0.139479 , -0.225484 , -0.0082626
12.2948 , 0.17461 , -0.219416 , -0.0627561 , 0.118365 , -0.222132 , -0.00304646
12.342 , 0.14401 , -0.210037 , -0.0555557 , 0.101457 , -0.215699 , 0.00171563
12.3734 , 0.11391 , -0.203979 , -0.0488491 , 0.0871505 , -0.205673 , 0.00640185
12.4061 , 0.089798 , -0.194509 , -0.0436115 , 0.0699535 , -0.196524 , 0.0119161
12.4375 , 0.0646453 , -0.189108 , -0.0355092 , 0.0573379 , -0.186832 , 0.0183424
12.4715 , 0.0447477 , -0.173201 , -0.0286587 , 0.0431821 , -0.169178 , 0.0249526
12.5046 , 0.0272953 , -0.15549 , -0.0238891 , 0.0290867 , -0.154441 , 0.0292485
12.5411 , 0.0121053 , -0.148727 , -0.0203611 , 0.017298 , -0.139997 , 0.0322217
12.5756 , -0.00179854 , -0.135732 , -0.0179439 , 0.00688316 , -0.126661 , 0.0338419
12.6128 , -0.0129772 , -0.123687 , -0.0171389 , -0.00112786 , -0.122141 , 0.0347869
12.6601 , -0.0216316 , -0.112711 , -0.016616 , -0.00963158 , -0.105158 , 0.035013
12.6969 , -0.0299856 , -0.0983524 , -0.0156263 , -0.0154331 , -0.0971178 , 0.0361968
12.7425 , -0.0352315 , -0.089102 , -0.0140402 , -0.019723 , -0.0805358 , 0.0381338
12.7767 , -0.0392666 , -0.0774568 , -0.0116377 , -0.0246788 , -0.0765799 , 0.0403798
12.8119 , -0.0402799 , -0.0684266 , -0.00974197 , -0.0261097 , -0.0660008 , 0.0421194
12.8452 , -0.0437702 , -0.0695738 , -0.00742655 , -0.0269153 , -0.0642362 , 0.0420364
12.878 , -0.0422301 , -0.0599438 , -0.00785189 , -0.0281998 , -0.0597713 , 0.0406084
12.9105 , -0.0419319 , -0.0580309 , -0.0075684 , -0.0285641 , -0.0624307 , 0.0395233
12.9462 , -0.0410374 , -0.0582286 , -0.00900164 , -0.0246059 , -0.0602788 , 0.0382913
12.9774 , -0.0381183 , -0.0568665 , -0.0111793 , -0.0225829 , -0.0566878 , 0.0367143
13.0085 , -0.0350344 , -0.0533341 , -0.0116853 , -0.0219532 , -0.0578555 , 0.0357452
13.0444 , -0.0338418 , -0.0544355 , -0.0126296 , -0.0205316 , -0.0561682 , 0.0360605
13.0755 , -0.0312424 , -0.051219 , -0.0129402 , -0.0197051 , -0.0552697 , 0.0345904
13.1086 , -0.0314063 , -0.0500835 , -0.0130153 , -0.0182314 , -0.0500514 , 0.0334534
13.1441 , -0.0312785 , -0.0455035 , -0.0126908 , -0.0189857 , -0.0458529 , 0.0340012
13.1757 , -0.0334208 , -0.045867 , -0.0109256 , -0.021627 , -0.0425774 , 0.0356941
13.2123 , -0.032412 , -0.0405381 , -0.0112916 , -0.020429 , -0.0395799 , 0.0371965
13.2466 , -0.034932 , -0.0416572 , -0.0120483 , -0.0240363 , -0.0445228 , 0.034765
13.2776 , -0.0359265 , -0.0442119 , -0.0154 , -0.0268644 , -0.0446964 , 0.0319461
13.3098 , -0.0342744 , -0.0394743 , -0.0124922 , -0.0240336 , -0.0418938 , 0.0308883
13.3453 , -0.0330868 , -0.0364626 , -0.0123779 , -0.0206622 , -0.0376598 , 0.0323704
13.3799 , -0.0325015 , -0.0367619 , -0.0143551 , -0.0194063 , -0.0362076 , 0.0334771
13.4165 , -0.0307193 , -0.0356839 , -0.0139111 , -0.0193793 , -0.0338944 , 0.0323847
13.4638 , -0.0286891 , -0.0364052 , -0.0145216 , -0.0172138 , -0.0349074 , 0.0312193
13.5031 , -0.025655 , -0.036008 , -0.0142731 , -0.0147307 , -0.0349883 , 0.0307346
13.5476 , -0.0224252 , -0.0358554 , -0.0141068 , -0.0110821 , -0.0365005 , 0.0309912
13.5786 , -0.0192495 , -0.0372477 , -0.0140733 , -0.00743477 , -0.0389511 , 0.0305349
13.6162 , -0.0156546 , -0.0434137 , -0.0144892 , -0.00427675 , -0.0415145 , 0.0294737
13.6477 , -0.00996063 , -0.0448349 , -0.0154221 , -0.000520352 , -0.0447331 , 0.0283121
13.6789 , -0.00289277 , -0.0482874 , -0.0164706 , 0.00614893 , -0.0495894 , 0.027072
13.7159 , 0.00611132 , -0.0517644 , -0.0180635 , 0.0146281 , -0.0557618 , 0.0253751
13.7514 , 0.0170107 , -0.0592144 , -0.0203959 , 0.0239084 , -0.0631451 , 0.0223988
13.7846 , 0.0305403 , -0.0661729 , -0.0228583 , 0.0341007 , -0.0700307 , 0.0189744
13.8178 , 0.0438365 , -0.0722477 , -0.0249398 , 0.0453272 , -0.0754278 , 0.0157729
13.8504 , 0.0583053 , -0.0804378 , -0.0280309 , 0.0570933 , -0.0819808 , 0.012535
13.8857 , 0.0744175 , -0.086781 , -0.031293 , 0.0698453 , -0.0897782 , 0.00826917
13.9191 , 0.0915111 , -0.0957438 , -0.0354172 , 0.0852069 , -0.0940908 , 0.00286721
13.9548 , 0.110851 , -0.105324 , -0.040812 , 0.1029 , -0.10683 , -0.00419541
13.9985 , 0.136015 , -0.114092 , -0.0467193 , 0.125227 , -0.123547 , -0.0128854
14.0323 , 0.165976 , -0.132628 , -0.054551 , 0.156749 , -0.142554 , -0.0229849
14.0661 , 0.202676 , -0.147657 , -0.0608762 , 0.196275 , -0.156764 , -0.0347165
14.1016 , 0.248157 , -0.164378 , -0.0724488 , 0.234376 , -0.176317 , -0.0492791
14.1327 , 0.294283 , -0.178722 , -0.0884661 , 0.280565 , -0.179902 , -0.0667704
14.1653 , 0.340498 , -0.177679 , -0.103279 , 0.324476 , -0.183911 , -0.0857359
14.2049 , 0.386435 , -0.172388 , -0.11465 , 0.368338 , -0.177261 , -0.09834
14.2364 , 0.433441 , -0.160018 , -0.122193 , 0.41064 , -0.170782 , -0.110724
14.2675 , 0.481731 , -0.15598 , -0.132596 , 0.453436 , -0.155316 , -0.117079
14.2995 , 0.531441 , -0.131507 , -0.1389 , 0.501624 , -0.140832 , -0.126582
14.3333 , 0.580108 , -0.124385 , -0.143001 , 0.543101 , -0.131912 , -0.133034
14.369 , 0.63978 , -0.100178 , -0.141632 , 0.59697 , -0.114416 , -0.136565
14.4012 , 0.685786 , -0.0865212 , -0.142113 , 0.638912 , -0.103211 , -0.138878
14.4345 , 0.730162 , -0.0722835 , -0.14418 , 0.681637 , -0.0895866 , -0.138687
14.4715 , 0.784987 , -0.0475679 , -0.144158 , 0.731611 , -0.0722915 , -0.143124
14.5026 , 0.836977 , -0.0244413 , -0.149257 , 0.781262 , -0.0439419 , -0.147641
14.5357 , 0.883565 , -0.00223418 , -0.138152 , 0.823096 , -0.0253043 , -0.144867
14.5705 , 0.937716 , 0.0220872 , -0.135579 , 0.873062 , -0.00200286 , -0.139645
14.6059 , 0.977915 , 0.0261133 , -0.140103 , 0.918038 , 0.0234024 , -0.124829
14.6403 , 1.03492 , 0.0453451 , -0.127331 , 0.960305 , 0.0237942 , -0.127398
14.6794 , 1.09416 , 0.0520026 , -0.101722 , 1.01396 , 0.025508 , -0.111363
14.7234 , 1.1363 , 0.0505986 , -0.103951 , 1.06313 , 0.0330347 , -0.0804547
14.7598 , 1.1949 , 0.0536598 , -0.0735048 , 1.10585 , 0.0389082 , -0.0674538
14.8072 , 1.25352 , 0.0650516 , -0.0439039 , 1.15303 , 0.0446682 , -0.0554224
14.8411 , 1.30113 , 0.0758092 , -0.031934 , 1.1953 , 0.0568687 , -0.042321
14.8725 , 1.34672 , 0.0888462 , -0.0321466 , 1.24944 , -0.101701 , 0.0793205
14.9033 , 1.46262 , -0.145712 , 0.0839686 , 1.29525 , -0.158908 , 0.109094
14.942 , 1.4999 , -0.174315 , 0.117687 , 1.33023 , -0.185291 , 0.141576
14.9808 , 1.54011 , -0.187825 , 0.130341 , 1.36245 , -0.191444 , 0.159102
15.0268 , 1.58181 , -0.197768 , 0.144275 , 1.41428 , -0.0488149 , 0.129577
15.0619 , 1.59447 , 0.0115359 , 0.105775 , 1.45402 , 0.00778596 , 0.112347
15.1116 , 1.64381 , 0.0387231 , 0.110155 , 1.49789 , 0.0387873 , 0.104394
15.1607 , 1.69634 , 0.0589497 , 0.121725 , 1.54344 , 0.0573904 , 0.1062
15.2113 , 1.74253 , 0.0612565 , 0.121556 , 1.58746 , 0.0634941 , 0.117377
15.2446 , 1.78629 , 0.0649738 , 0.133934 , 1.62417 , 0.063636 , 0.125252
15.2756 , 1.83363 , 0.062839 , 0.146425 , 1.65817 , 0.0659426 , 0.132712
15.3129 , 1.87682 , 0.057551 , 0.153051 , 1.69402 , 0.0652774 , 0.147125
15.3599 , 1.91461 , 0.0520384 , 0.163442 , 1.7302 , 0.068737 , 0.159247
15.3995 , 1.95537 , 0.0649362 , 0.161882 , 1.77391 , 0.0527918 , 0.19636
15.4495 , 1.99683 , 0.0662413 , 0.170876 , 1.78728 , 0.00880612 , 0.177336
15.4963 , 2.00484 , 0.0142467 , 0.183604 , 1.81017 , 0.0216816 , 0.17118
15.5278 , 2.03444 , 0.00664921 , 0.183765 , 1.82308 , 0.0208141 , 0.178611
15.5618 , 2.06401 , -0.00141203 , 0.18707 , 1.86037 , 0.0302944 , 0.209958
15.5927 , 2.11631 , 0.0353239 , 0.198778 , 1.90165 , 0.0571099 , 0.235784
15.625 , 2.1395 , 0.0366563 , 0.198186 , 1.92036 , 0.045829 , 0.207354
15.6583 , 2.16185 , 0.0368517 , 0.196116 , 1.94572 , 0.0866587 , 0.180293
15.6948 , 2.19104 , 0.0896845 , 0.184574 , 1.98003 , 0.0965089 , 0.167337
15.7253 , 2.20538 , 0.0883146 , 0.181303 , 1.99602 , 0.0522437 , 0.188264
15.759 , 2.2185 , 0.0889713 , 0.179046 , 2.00241 , 0.0616423 , 0.163246
15.7947 , 2.22752 , 0.0910212 , 0.177305 , 2.00849 , 0.0711258 , 0.151905
15.8263 , 2.23284 , 0.0926151 , 0.177875 , 2.01196 , 0.081113 , 0.144701
15.8627 , 2.23663 , 0.0988812 , 0.176023 , 2.00999 , 0.0885209 , 0.147949
15.8967 , 2.23673 , 0.0999591 , 0.17689 , 2.00515 , 0.093341 , 0.1551
15.9276 , 2.23229 , 0.102154 , 0.176717 , 1.99956 , 0.0969864 , 0.161116
15.9624 , 2.22565 , 0.105149 , 0.177088 , 1.99228 , 0.0976527 , 0.163236
15.9968 , 2.21553 , 0.110234 , 0.176602 , 1.98345 , 0.0993707 , 0.162458
16.0278 , 2.20209 , 0.11656 , 0.17615 , 1.97212 , 0.105231 , 0.16198
16.0612 , 2.18484 , 0.124607 , 0.175597 , 1.95719 , 0.114726 , 0.161089
16.0958 , 2.16524 , 0.132279 , 0.173485 , 1.93912 , 0.123734 , 0.160052
16.1282 , 2.141 , 0.143275 , 0.169155 , 1.91652 , 0.13426 , 0.152436
16.165 , 2.11427 , 0.155479 , 0.159316 , 1.89111 , 0.144159 , 0.142401
16.1953 , 2.08599 , 0.166076 , 0.151459 , 1.86393 , 0.156148 , 0.121215
16.2288 , 2.05064 , 0.188829 , 0.119676 , 1.83549 , 0.180446 , 0.103202
16.2635 , 2.03259 , 0.203707 , 0.119216 , 1.8057 , 0.193757 , 0.0947216
16.298 , 2.0018 , 0.208118 , 0.117231 , 1.77793 , 0.194237 , 0.0889903
16.3295 , 1.96782 , 0.215933 , 0.109666 , 1.74872 , 0.198235 , 0.0833191
16.3659 , 1.9329 , 0.223629 , 0.0985664 , 1.71385 , 0.204672 , 0.063701
16.3965 , 1.86329 , 0.241598 , 0.0332772 , 1.67866 , 0.196733 , 0.0470744
16.4301 , 1.85356 , 0.2249 , 0.0552241 , 1.64379 , 0.200017 , 0.0396738
16.4657 , 1.81713 , 0.227708 , 0.0493697 , 1.61119 , 0.198782 , 0.0309
16.4974 , 1.78277 , 0.226926 , 0.0381498 , 1.58056 , 0.197305 , 0.0244935
16.5344 , 1.73823 , 0.224531 , 0.0138845 , 1.54334 , 0.192533 , 0.00141822
16.5687 , 1.6984 , 0.217692 , -0.00483359 , 1.50582 , 0.181126 , -0.0161616
16.6002 , 1.65979 , 0.205827 , -0.0189836 , 1.46812 , 0.168369 , -0.0283232
16.6315 , 1.6207 , 0.197623 , -0.0246116 , 1.42695 , 0.146718 , -0.0435813
16.6733 , 1.58211 , 0.178858 , -0.0306035 , 1.38776 , 0.143699 , -0.041725
16.7239 , 1.5382 , 0.171211 , -0.0402643 , 1.34659 , 0.137399 , -0.0495025
16.77 , 1.49279 , 0.155521 , -0.060664 , 1.30007 , 0.122193 , -0.0637723
16.8009 , 1.44846 , 0.143201 , -0.0633203 , 1.25391 , 0.109317 , -0.0686321
16.8361 , 1.40214 , 0.136888 , -0.0763234 , 1.20278 , 0.0982207 , -0.0893827
16.8725 , 1.35644 , 0.128606 , -0.0847415 , 1.15684 , 0.0851409 , -0.0988326
16.9036 , 1.30337 , 0.110305 , -0.105938 , 1.10837 , 0.0711809 , -0.104815
16.9387 , 1.25548 , 0.102807 , -0.113695 , 1.05452 , 0.0563952 , -0.124113
16.9699 , 1.20667 , 0.0948953 , -0.123356 , 1.0047 , 0.0433743 , -0.132569
17.0038 , 1.15082 , 0.0714999 , -0.143607 , 0.950759 , 0.0308018 , -0.128549
17.0364 , 1.10581 , 0.065528 , -0.142638 , 0.900812 , 0.0219593 , -0.125949
17.0691 , 1.0553 , 0.04543 , -0.14418 , 0.842482 , 0.00486815 , -0.125588
17.1042 , 1.01179 , 0.0327451 , -0.145282 , 0.796547 , -0.0158756 , -0.125375
17.1404 , 0.964823 , 0.00832168 , -0.154921 , 0.747764 , -0.0442354 , -0.123934
17.1734 , 0.914021 , -0.00708502 , -0.142784 , 0.699848 , -0.0633417 , -0.122513
17.2059 , 0.860521 , -0.0370745 , -0.144001 , 0.640327 , -0.0906978 , -0.119721
17.2382 , 0.806914 , -0.0570585 , -0.144065 , 0.590838 , -0.104718 , -0.109934
17.2705 , 0.759536 , -0.0783404 , -0.145499 , 0.540361 , -0.120538 , -0.101694
17.3051 , 0.695996 , -0.108626 , -0.1414 , 0.478182 , -0.140435 , -0.0951587
17.3414 , 0.650673 , -0.122715 , -0.136493 , 0.43394 , -0.161723 , -0.0887257
17.378 , 0.597002 , -0.135534 , -0.129416 , 0.383161 , -0.18347 , -0.0784479
17.4245 , 0.543505 , -0.157018 , -0.124373 , 0.342894 , -0.195063 , -0.0716838
17.456 , 0.494437 , -0.170801 , -0.119987 , 0.297736 , -0.208923 , -0.062161
17.4933 , 0.442223 , -0.19076 , -0.113215 , 0.26802 , -0.217389 , -0.054054
17.5388 , 0.394842 , -0.196771 , -0.10318 , 0.238522 , -0.227849 , -0.0439491
17.5719 , 0.348534 , -0.216186 , -0.095573 , 0.21714 , -0.23495 , -0.0368662
17.608 , 0.306638 , -0.218204 , -0.0842975 , 0.189336 , -0.239812 , -0.0265343
17.6407 , 0.265493 , -0.231284 , -0.0751705 , 0.174007 , -0.243879 , -0.0199051
17.675 , 0.231077 , -0.234887 , -0.0685915 , 0.159085 , -0.238523 , -0.0146725
17.7142 , 0.199629 , -0.236127 , -0.0616805 , 0.139532 , -0.236054 , -0.00923494
17.7561 , 0.16992 , -0.227666 , -0.0553364 , 0.12507 , -0.235207 , -0.00405679
17.7907 , 0.140885 , -0.226325 , -0.0502882 , 0.107188 , -0.230493 , 4.99586e-05
17.8235 , 0.118313 , -0.218258 , -0.0461784 , 0.0956947 , -0.221059 , 0.00380549
17.8576 , 0.0989256 , -0.20842 , -0.0421762 , 0.0813214 , -0.20955 , 0.00769183
17.8913 , 0.0818793 , -0.198643 , -0.0378063 , 0.0673763 , -0.20175 , 0.011646
17.9248 , 0.0650008 , -0.187027 , -0.0327813 , 0.0594794 , -0.186958 , 0.0163489
17.9577 , 0.0525786 , -0.176616 , -0.0279493 , 0.0512126 , -0.177692 , 0.0202251
