481

0.022631 , 0.0638862 , -0.0344631 , 0.0115277 , 0.0307795 , -0.0342897 , -0.00826553
0.05421 , 0.0638899 , -0.0344731 , 0.0115362 , 0.0245874 , -0.0310137 , -0.0291728
0.089463 , 0.0638996 , -0.0344854 , 0.011544 , 0.0723998 , -0.0295352 , -0.0227392
0.124849 , 0.0639152 , -0.0344919 , 0.0115576 , 0.0651649 , -0.0404373 , -0.00796383
0.159566 , 0.0639191 , -0.0344959 , 0.0115615 , 0.0687909 , -0.0454928 , -0.000715355
0.191347 , 0.0639191 , -0.0344959 , 0.0115615 , 0.0701952 , -0.0452731 , -0.00270302
0.227692 , 0.0639191 , -0.0344959 , 0.0115615 , 0.0643695 , -0.0437298 , -0.0058116
0.264095 , 0.0639191 , -0.0344959 , 0.0115615 , 0.0594294 , -0.0425687 , -0.00572164
0.313601 , 0.0639191 , -0.0344959 , 0.0115615 , 0.0615638 , -0.0415872 , -0.004404
0.351095 , 0.0639191 , -0.0344959 , 0.0115615 , 0.0693347 , -0.0406843 , -0.00416287
0.395899 , 0.0639191 , -0.0344939 , 0.0115616 , 0.0776227 , -0.0400201 , -0.00491883
0.434643 , 0.0639191 , -0.0344939 , 0.0115616 , 0.0830051 , -0.0397042 , -0.00549485
0.480169 , 0.0639191 , -0.0344939 , 0.0115616 , 0.0847729 , -0.0398053 , -0.0055019
0.514005 , 0.0639191 , -0.0344939 , 0.0115616 , 0.0839481 , -0.0403473 , -0.00537155
0.553437 , 0.0639191 , -0.0344939 , 0.0115616 , 0.0817183 , -0.0412553 , -0.00548624
0.601987 , 0.0639191 , -0.0344939 , 0.0115616 , 0.0790554 , -0.0422248 , -0.00575082
0.654827 , 0.0639191 , -0.0344939 , 0.0115616 , 0.0765263 , -0.0428646 , -0.00585942
0.705118 , 0.0639191 , -0.0344939 , 0.0115616 , 0.0743443 , -0.0429325 , -0.00565302
0.754749 , 0.0639191 , -0.0344939 , 0.0115616 , 0.0724654 , -0.0424832 , -0.005279
0.804009 , 0.0639191 , -0.0344939 , 0.0115616 , 0.0709572 , -0.041741 , -0.00489439
0.854191 , 0.0639191 , -0.0344939 , 0.0115616 , 0.0699226 , -0.040988 , -0.00458495
0.90654 , 0.0639191 , -0.0344939 , 0.0115616 , 0.0694405 , -0.0404911 , -0.00440694
0.956428 , 0.0735442 , -0.0332306 , 0.0140059 , 0.0685741 , -0.0432712 , -0.000513624
1.00578 , 0.0750934 , -0.0318661 , 0.0142266 , 0.0781457 , -0.0405971 , -0.00136101
1.05547 , 0.0768997 , -0.0326962 , 0.0149891 , 0.0838323 , -0.0373988 , -0.00133901
1.10546 , 0.0813651 , -0.0320764 , 0.0156688 , 0.0863762 , -0.036606 , 0.000292124
1.15793 , 0.0836294 , -0.0321519 , 0.0158999 , 0.0899075 , -0.0366754 , 0.000964866
1.20819 , 0.0860988 , -0.0313855 , 0.0158272 , 0.0941487 , -0.036908 , 0.00103207
1.25762 , 0.0897944 , -0.0317262 , 0.0166525 , 0.098049 , -0.0385802 , 0.00167301
1.30763 , 0.0941219 , -0.0321706 , 0.0177684 , 0.100647 , -0.0389069 , 0.00276741
1.35286 , 0.0992922 , -0.0317981 , 0.018402 , 0.105602 , -0.0391683 , 0.00302421
1.38466 , 0.104822 , -0.0311815 , 0.0194029 , 0.111877 , -0.0410531 , 0.00351787
1.41819 , 0.110036 , -0.0286795 , 0.0206055 , 0.116039 , -0.0365704 , 0.00468808
1.45416 , 0.1164 , -0.0290892 , 0.02258 , 0.120728 , -0.0361957 , 0.00636116
1.49089 , 0.123419 , -0.0311242 , 0.0243923 , 0.12633 , -0.0367125 , 0.00878372
1.53812 , 0.131983 , -0.0302203 , 0.0258074 , 0.135447 , -0.0349528 , 0.011497
1.57559 , 0.141334 , -0.026641 , 0.0286158 , 0.142096 , -0.0322799 , 0.0131695
1.62539 , 0.153034 , -0.0210191 , 0.0305451 , 0.149084 , -0.0301557 , 0.0143697
1.67533 , 0.163259 , -0.0300859 , 0.0346877 , 0.156389 , -0.0326046 , 0.017223
1.72185 , 0.173602 , -0.029114 , 0.0395375 , 0.16615 , -0.0340308 , 0.0215619
1.75384 , 0.184644 , -0.0297961 , 0.0427118 , 0.175442 , -0.0356968 , 0.0249654
1.78536 , 0.196106 , -0.0366875 , 0.0453987 , 0.187758 , -0.034083 , 0.0279228
1.8179 , 0.208369 , -0.0352834 , 0.050478 , 0.199702 , -0.0337819 , 0.031536
1.85434 , 0.222092 , -0.0254156 , 0.0570137 , 0.211087 , -0.0321076 , 0.0351344
1.88539 , 0.236186 , -0.0230127 , 0.064223 , 0.222353 , -0.0328957 , 0.0415762
1.92233 , 0.251671 , -0.0239222 , 0.0740015 , 0.237344 , -0.0216384 , 0.0509878
1.95375 , 0.268089 , -0.0200279 , 0.0845664 , 0.254471 , -0.02474 , 0.0604485
1.98606 , 0.286818 , -0.0211389 , 0.0975954 , 0.269839 , -0.0258559 , 0.070473
2.01942 , 0.306523 , -0.0284803 , 0.109473 , 0.288599 , -0.0251481 , 0.0799659
2.0564 , 0.328898 , -0.0313697 , 0.121845 , 0.310622 , -0.0206984 , 0.091923
2.09765 , 0.352917 , -0.0264959 , 0.133754 , 0.329578 , -0.0339932 , 0.0971723
2.14029 , 0.378255 , -0.0384548 , 0.14178 , 0.352854 , -0.0386983 , 0.10235
2.18173 , 0.403578 , -0.0470035 , 0.150145 , 0.376671 , -0.0395452 , 0.106931
2.22431 , 0.429022 , -0.0492848 , 0.157546 , 0.400216 , -0.0384966 , 0.112721
2.25992 , 0.455728 , -0.0546682 , 0.162394 , 0.424191 , -0.0451825 , 0.1157
2.2939 , 0.480841 , -0.0590673 , 0.166386 , 0.448784 , -0.0447721 , 0.118665
2.33194 , 0.506976 , -0.0583014 , 0.172582 , 0.473672 , -0.0492094 , 0.120016
2.37481 , 0.53323 , -0.0688342 , 0.174063 , 0.493619 , -0.0543098 , 0.121608
2.40984 , 0.560363 , -0.0777809 , 0.178192 , 0.51745 , -0.0608062 , 0.124306
2.44123 , 0.587803 , -0.083044 , 0.182524 , 0.543343 , -0.0661263 , 0.126513
2.47252 , 0.617707 , -0.0854882 , 0.18467 , 0.571904 , -0.0701442 , 0.127148
2.50898 , 0.64364 , -0.0904039 , 0.190013 , 0.59383 , -0.0835673 , 0.125931
2.54055 , 0.67073 , -0.109863 , 0.191382 , 0.619222 , -0.0867933 , 0.130524
2.57348 , 0.696778 , -0.109267 , 0.208123 , 0.643447 , -0.0966411 , 0.138393
2.60669 , 0.724501 , -0.125731 , 0.208977 , 0.665024 , -0.110677 , 0.143247
2.64226 , 0.751106 , -0.150235 , 0.214415 , 0.690164 , -0.122066 , 0.151157
2.67679 , 0.778015 , -0.165165 , 0.228825 , 0.716887 , -0.133931 , 0.161766
2.7112 , 0.806589 , -0.168816 , 0.234295 , 0.742375 , -0.15305 , 0.161669
2.7458 , 0.833996 , -0.185593 , 0.237376 , 0.766459 , -0.159726 , 0.16926
2.77755 , 0.859785 , -0.198081 , 0.246944 , 0.789199 , -0.167196 , 0.173695
2.80891 , 0.889142 , -0.215934 , 0.24711 , 0.81125 , -0.187353 , 0.176015
2.84656 , 0.91203 , -0.23508 , 0.260132 , 0.835501 , -0.191687 , 0.188967
2.88099 , 0.943721 , -0.234318 , 0.267133 , 0.864902 , -0.20076 , 0.190374
2.91231 , 0.975661 , -0.251283 , 0.265229 , 0.89185 , -0.2136 , 0.193647
2.94339 , 1.00124 , -0.267995 , 0.272057 , 0.916584 , -0.221126 , 0.196293
2.97659 , 1.03109 , -0.282333 , 0.270738 , 0.935401 , -0.230032 , 0.207915
3.01233 , 1.05361 , -0.289996 , 0.287884 , 0.959553 , -0.240867 , 0.209234
3.04672 , 1.08616 , -0.303737 , 0.285322 , 0.986245 , -0.255844 , 0.204799
3.08255 , 1.11488 , -0.326677 , 0.278696 , 1.00821 , -0.270377 , 0.21065
3.11391 , 1.1392 , -0.333262 , 0.29444 , 1.03529 , -0.277688 , 0.210898
3.14474 , 1.16867 , -0.344402 , 0.293466 , 1.0597 , -0.283526 , 0.214878
3.17713 , 1.1985 , -0.361199 , 0.28614 , 1.08385 , -0.29462 , 0.212764
3.21056 , 1.2255 , -0.375345 , 0.283859 , 1.10869 , -0.306397 , 0.21251
3.24637 , 1.25041 , -0.379497 , 0.29479 , 1.13173 , -0.314349 , 0.212828
3.28115 , 1.28223 , -0.392365 , 0.289524 , 1.15717 , -0.334905 , 0.206091
3.31615 , 1.29579 , -0.424331 , 0.292594 , 1.1862 , -0.339432 , 0.201637
3.35078 , 1.32956 , -0.437198 , 0.278529 , 1.19826 , -0.363827 , 0.200118
3.38591 , 1.36089 , -0.449157 , 0.267046 , 1.22102 , -0.381986 , 0.192443
3.43286 , 1.39025 , -0.459286 , 0.259689 , 1.24536 , -0.39157 , 0.18886
3.46426 , 1.41992 , -0.472881 , 0.252975 , 1.26951 , -0.411179 , 0.18526
3.49566 , 1.44437 , -0.482745 , 0.255664 , 1.29352 , -0.411005 , 0.189888
3.53722 , 1.46728 , -0.498335 , 0.252298 , 1.32142 , -0.417195 , 0.194118
3.58664 , 1.49327 , -0.488344 , 0.265515 , 1.3472 , -0.428022 , 0.195743
3.63078 , 1.51573 , -0.503929 , 0.262914 , 1.36314 , -0.426619 , 0.204708
3.66986 , 1.53393 , -0.518841 , 0.268858 , 1.3797 , -0.438358 , 0.206736
3.71637 , 1.55468 , -0.521784 , 0.272728 , 1.40201 , -0.449611 , 0.198163
3.75127 , 1.57636 , -0.532366 , 0.270149 , 1.41921 , -0.452341 , 0.201747
3.78518 , 1.59573 , -0.544598 , 0.2697 , 1.43565 , -0.465906 , 0.201164
3.81678 , 1.61871 , -0.554052 , 0.26673 , 1.44432 , -0.469458 , 0.216419
3.84972 , 1.62633 , -0.561424 , 0.283492 , 1.46073 , -0.470956 , 0.219575
3.88314 , 1.65169 , -0.572111 , 0.275544 , 1.47377 , -0.482191 , 0.221103
3.91645 , 1.67266 , -0.578113 , 0.272406 , 1.48689 , -0.489596 , 0.220556
3.95005 , 1.69282 , -0.58465 , 0.270404 , 1.49334 , -0.507554 , 0.230584
3.98429 , 1.70449 , -0.611055 , 0.27662 , 1.4985 , -0.53407 , 0.231749
4.01769 , 1.7236 , -0.623363 , 0.275467 , 1.53124 , -0.512582 , 0.226398
4.05088 , 1.73964 , -0.62593 , 0.278757 , 1.54694 , -0.527054 , 0.236683
4.08368 , 1.75675 , -0.630009 , 0.278971 , 1.56207 , -0.533625 , 0.24516
4.11816 , 1.77292 , -0.634411 , 0.278295 , 1.57056 , -0.548913 , 0.255558
4.15102 , 1.78125 , -0.65613 , 0.286654 , 1.58169 , -0.551288 , 0.261093
4.18479 , 1.7918 , -0.658338 , 0.288741 , 1.58782 , -0.564459 , 0.262414
4.21803 , 1.7936 , -0.673924 , 0.296541 , 1.61612 , -0.571032 , 0.230722
4.25225 , 1.7996 , -0.67416 , 0.299175 , 1.60791 , -0.569487 , 0.255467
4.28519 , 1.80662 , -0.675666 , 0.299354 , 1.61065 , -0.569419 , 0.256635
4.31923 , 1.80984 , -0.67672 , 0.299295 , 1.6106 , -0.579982 , 0.257372
4.35222 , 1.81488 , -0.687686 , 0.295862 , 1.6081 , -0.582596 , 0.259349
4.38596 , 1.81236 , -0.687817 , 0.295555 , 1.60155 , -0.582433 , 0.266124
4.42468 , 1.80208 , -0.69221 , 0.301365 , 1.59146 , -0.584842 , 0.276202
4.47485 , 1.79416 , -0.692223 , 0.301914 , 1.5819 , -0.587166 , 0.28021
4.52527 , 1.78167 , -0.690275 , 0.30365 , 1.56922 , -0.587913 , 0.281191
4.57575 , 1.76525 , -0.686853 , 0.306445 , 1.54454 , -0.577089 , 0.292287
4.62589 , 1.73814 , -0.674844 , 0.320036 , 1.52748 , -0.567279 , 0.293046
4.6761 , 1.71747 , -0.671336 , 0.321275 , 1.50787 , -0.56251 , 0.291289
4.72649 , 1.69346 , -0.665707 , 0.325132 , 1.4845 , -0.560646 , 0.290115
4.77587 , 1.66723 , -0.658937 , 0.329718 , 1.46146 , -0.555359 , 0.29162
4.81404 , 1.63926 , -0.650625 , 0.335396 , 1.4378 , -0.545007 , 0.296231
4.86075 , 1.60856 , -0.637653 , 0.344076 , 1.40928 , -0.51751 , 0.317633
4.91129 , 1.5804 , -0.616545 , 0.356738 , 1.38917 , -0.511057 , 0.311895
4.96153 , 1.55328 , -0.608401 , 0.353516 , 1.36669 , -0.503691 , 0.305293
5.00763 , 1.52297 , -0.595104 , 0.354124 , 1.34069 , -0.475952 , 0.313013
5.04075 , 1.49848 , -0.570087 , 0.358944 , 1.32012 , -0.469305 , 0.302096
5.07381 , 1.47116 , -0.546254 , 0.359589 , 1.29337 , -0.452056 , 0.298294
5.10726 , 1.44656 , -0.529521 , 0.355269 , 1.28083 , -0.428209 , 0.277586
5.14053 , 1.43382 , -0.512588 , 0.331742 , 1.25404 , -0.418515 , 0.273096
5.17457 , 1.40089 , -0.496986 , 0.335195 , 1.22668 , -0.402064 , 0.276313
5.20815 , 1.37153 , -0.478793 , 0.338452 , 1.20103 , -0.382554 , 0.279544
5.24137 , 1.34532 , -0.452586 , 0.340025 , 1.17575 , -0.361463 , 0.277545
5.27529 , 1.32147 , -0.428105 , 0.337164 , 1.15008 , -0.341186 , 0.270725
5.30794 , 1.29803 , -0.405383 , 0.329446 , 1.12302 , -0.324958 , 0.260533
5.34312 , 1.27464 , -0.38572 , 0.323519 , 1.09772 , -0.307367 , 0.249744
5.37673 , 1.25043 , -0.368736 , 0.312979 , 1.07122 , -0.291256 , 0.237679
5.4121 , 1.21965 , -0.361856 , 0.307689 , 1.03829 , -0.275623 , 0.235163
5.44779 , 1.19196 , -0.359865 , 0.285444 , 1.02161 , -0.266148 , 0.202485
5.48468 , 1.15931 , -0.339312 , 0.287814 , 0.97479 , -0.264126 , 0.198066
5.52643 , 1.14626 , -0.3005 , 0.269378 , 0.935513 , -0.246404 , 0.195366
5.56418 , 1.11363 , -0.284783 , 0.275544 , 0.912613 , -0.212353 , 0.203563
5.60346 , 1.08291 , -0.273301 , 0.269197 , 0.881974 , -0.186894 , 0.212777
5.64457 , 1.05196 , -0.25586 , 0.266783 , 0.849322 , -0.180046 , 0.208694
5.68026 , 1.03604 , -0.239185 , 0.237939 , 0.829872 , -0.173857 , 0.178172
5.71339 , 0.998273 , -0.228277 , 0.239273 , 0.794346 , -0.158159 , 0.164755
5.74919 , 0.963361 , -0.214884 , 0.228874 , 0.780148 , -0.121851 , 0.141301
5.78586 , 0.938747 , -0.180145 , 0.220586 , 0.735246 , -0.12245 , 0.147041
5.83202 , 0.903111 , -0.165385 , 0.224036 , 0.68859 , -0.109704 , 0.159553
5.86434 , 0.865285 , -0.15411 , 0.225593 , 0.655414 , -0.1009 , 0.157483
5.89716 , 0.836499 , -0.141451 , 0.219003 , 0.626575 , -0.0835654 , 0.146759
5.92974 , 0.80901 , -0.115257 , 0.200466 , 0.598176 , -0.0692292 , 0.127129
5.96608 , 0.777641 , -0.100735 , 0.198063 , 0.565162 , -0.0473354 , 0.118349
5.99803 , 0.749361 , -0.0823421 , 0.178144 , 0.530606 , -0.0402492 , 0.108128
6.02924 , 0.718305 , -0.069319 , 0.178389 , 0.496877 , -0.023093 , 0.107871
6.06244 , 0.690998 , -0.0571973 , 0.161467 , 0.468116 , -0.017489 , 0.100538
6.10299 , 0.659378 , -0.0455624 , 0.161961 , 0.442129 , -0.00509384 , 0.0955306
6.14976 , 0.628532 , -0.0301817 , 0.157689 , 0.420239 , 0.00102853 , 0.0876041
6.18692 , 0.599132 , -0.0135058 , 0.148778 , 0.40279 , 0.0146112 , 0.0829594
6.2389 , 0.568113 , -0.0139366 , 0.141898 , 0.38253 , 0.0145804 , 0.0779391
6.28684 , 0.537411 , -0.0107352 , 0.128699 , 0.36508 , 0.0157369 , 0.0739481
6.33562 , 0.50808 , 0.00444596 , 0.127697 , 0.350511 , 0.0226548 , 0.0683636
6.37663 , 0.477019 , 0.00819637 , 0.113235 , 0.331792 , 0.029873 , 0.0628727
6.42197 , 0.446473 , 0.0229483 , 0.110034 , 0.312145 , 0.0366259 , 0.0593264
6.47178 , 0.416536 , 0.0329368 , 0.0985028 , 0.290992 , 0.0428027 , 0.0552529
6.52098 , 0.385203 , 0.0390135 , 0.0928664 , 0.272956 , 0.0490527 , 0.0515317
6.55254 , 0.354616 , 0.0466861 , 0.0821533 , 0.251601 , 0.0553687 , 0.0457882
6.58636 , 0.324043 , 0.0550828 , 0.0743858 , 0.233573 , 0.0629337 , 0.0423151
6.62071 , 0.296217 , 0.0649092 , 0.0661366 , 0.214364 , 0.0689625 , 0.0374504
6.65228 , 0.267049 , 0.0685568 , 0.053831 , 0.195231 , 0.0735044 , 0.0326835
6.68837 , 0.241686 , 0.0755476 , 0.0493987 , 0.179338 , 0.0759358 , 0.0294559
6.7197 , 0.217889 , 0.07735 , 0.0400992 , 0.159256 , 0.0668073 , 0.0235386
6.75073 , 0.195736 , 0.0733088 , 0.0333557 , 0.144472 , 0.0757403 , 0.0213239
6.78394 , 0.174375 , 0.0776986 , 0.0269353 , 0.128334 , 0.0746143 , 0.0191398
6.81746 , 0.156637 , 0.076777 , 0.0215571 , 0.117638 , 0.0703212 , 0.0166409
6.85293 , 0.142689 , 0.0715451 , 0.0167801 , 0.10989 , 0.066788 , 0.0139912
6.88749 , 0.128446 , 0.0659936 , 0.0118556 , 0.0992576 , 0.063844 , 0.0133222
6.92236 , 0.115563 , 0.0663568 , 0.00867404 , 0.0884774 , 0.0592998 , 0.0128568
6.95461 , 0.105125 , 0.0579583 , 0.00657282 , 0.0779497 , 0.0526929 , 0.0117145
6.98686 , 0.0928967 , 0.0534372 , 0.00495368 , 0.0723457 , 0.0510894 , 0.0111874
7.02196 , 0.0846973 , 0.0474779 , 0.00501956 , 0.0658055 , 0.0465169 , 0.0107433
7.0529 , 0.0781844 , 0.0434071 , 0.00506743 , 0.0604026 , 0.0434875 , 0.0104418
7.09316 , 0.0709563 , 0.042003 , 0.00436278 , 0.05664 , 0.0419265 , 0.00975566
7.14253 , 0.0658963 , 0.0335971 , 0.00374964 , 0.0508402 , 0.0373273 , 0.00888497
7.1924 , 0.059566 , 0.0314056 , 0.00140805 , 0.0485212 , 0.0300678 , 0.00776682
7.24376 , 0.0562665 , 0.0278811 , 0.000345201 , 0.0487606 , 0.0240854 , 0.00629444
7.28911 , 0.0533224 , 0.0241587 , 0.000413947 , 0.047177 , 0.0211405 , 0.0056555
7.3222 , 0.0515692 , 0.0211768 , 0.0010183 , 0.0452984 , 0.0195181 , 0.00596003
7.35525 , 0.0529584 , 0.0175706 , 0.00186509 , 0.0430708 , 0.0206131 , 0.00608524
7.39058 , 0.0512773 , 0.0189347 , 0.00210741 , 0.0430445 , 0.0163406 , 0.00649252
7.42848 , 0.0513594 , 0.0169431 , 0.00372251 , 0.0446247 , 0.0149589 , 0.00747724
7.48143 , 0.052303 , 0.0150794 , 0.0041396 , 0.0467245 , 0.0135607 , 0.00814628
7.53095 , 0.0523398 , 0.014407 , 0.00423686 , 0.0472935 , 0.0141911 , 0.00803027
7.58064 , 0.0531504 , 0.0152262 , 0.00444135 , 0.0489075 , 0.0125078 , 0.00761953
7.62927 , 0.0582683 , 0.013565 , 0.00505529 , 0.0532682 , 0.0124044 , 0.00768115
7.68005 , 0.0640591 , 0.0138573 , 0.00648916 , 0.0601144 , 0.0132033 , 0.00837582
7.72881 , 0.0704998 , 0.0140168 , 0.00828498 , 0.0673165 , 0.0112095 , 0.0099048
7.7606 , 0.0785826 , 0.0156611 , 0.0102504 , 0.0743214 , 0.0129277 , 0.01153
7.79434 , 0.0881766 , 0.0165736 , 0.0121565 , 0.0818327 , 0.0148544 , 0.0127769
7.828 , 0.0997751 , 0.0173646 , 0.0156159 , 0.0933988 , 0.0157372 , 0.0150341
7.86332 , 0.111454 , 0.020678 , 0.0182699 , 0.106352 , 0.0212234 , 0.0170289
7.90299 , 0.124835 , 0.0212386 , 0.0209632 , 0.118611 , 0.0198121 , 0.0181822
7.94629 , 0.140017 , 0.0238969 , 0.0235213 , 0.134643 , 0.029445 , 0.0215982
7.98462 , 0.157717 , 0.0319617 , 0.0280234 , 0.150263 , 0.0256311 , 0.0246116
8.02967 , 0.180765 , 0.0328368 , 0.0346744 , 0.17218 , 0.032993 , 0.0295976
8.06557 , 0.204044 , 0.0367283 , 0.0384589 , 0.18999 , 0.0346664 , 0.0324571
8.11359 , 0.229518 , 0.0440608 , 0.0466346 , 0.213978 , 0.0437506 , 0.0362602
8.14945 , 0.256115 , 0.0476333 , 0.0558743 , 0.239633 , 0.0482905 , 0.0438946
8.19622 , 0.282219 , 0.0531841 , 0.0629492 , 0.261046 , 0.0464572 , 0.0516788
8.22666 , 0.311919 , 0.0533912 , 0.0791249 , 0.290677 , 0.0545025 , 0.0622564
8.2627 , 0.346918 , 0.0521387 , 0.0899329 , 0.326831 , 0.0477572 , 0.0719465
8.29539 , 0.382799 , 0.03402 , 0.0979919 , 0.358914 , 0.0325234 , 0.0791977
8.33076 , 0.418243 , 0.0250425 , 0.110301 , 0.393137 , 0.0170036 , 0.0863422
8.36601 , 0.45873 , 0.0153459 , 0.131481 , 0.433325 , 0.0138295 , 0.0959933
8.40207 , 0.493513 , -0.00180291 , 0.134483 , 0.465796 , 0.00676257 , 0.105591
8.44912 , 0.529243 , -0.0055367 , 0.148119 , 0.498953 , -0.0132409 , 0.106935
8.48559 , 0.569246 , -0.0131935 , 0.155268 , 0.539634 , -0.0104346 , 0.111265
8.53332 , 0.605399 , -0.0243085 , 0.158656 , 0.574779 , -0.0279723 , 0.108989
8.56914 , 0.643397 , -0.0385746 , 0.163047 , 0.612202 , -0.0369331 , 0.111945
8.62414 , 0.682083 , -0.0524991 , 0.171828 , 0.64637 , -0.0470099 , 0.115117
8.67318 , 0.719728 , -0.0730725 , 0.175898 , 0.676795 , -0.0704366 , 0.121353
8.72377 , 0.755109 , -0.0920577 , 0.188722 , 0.706462 , -0.0857191 , 0.132783
8.77302 , 0.789918 , -0.108415 , 0.202963 , 0.740191 , -0.0943607 , 0.140218
8.82309 , 0.825102 , -0.139221 , 0.206905 , 0.769057 , -0.109537 , 0.155908
8.87557 , 0.856448 , -0.143804 , 0.227755 , 0.79979 , -0.131504 , 0.155072
8.92285 , 0.894512 , -0.161699 , 0.227657 , 0.827217 , -0.139702 , 0.173312
8.97312 , 0.92311 , -0.180451 , 0.248967 , 0.859254 , -0.148925 , 0.18009
9.02168 , 0.957464 , -0.203249 , 0.252095 , 0.890702 , -0.164896 , 0.187276
9.06893 , 0.99877 , -0.210205 , 0.257126 , 0.924785 , -0.174477 , 0.19393
9.10506 , 1.03219 , -0.225309 , 0.264206 , 0.961484 , -0.184683 , 0.195764
9.14091 , 1.07236 , -0.238776 , 0.264961 , 0.991753 , -0.207445 , 0.196168
9.18401 , 1.10179 , -0.263645 , 0.269894 , 1.0231 , -0.216118 , 0.200077
9.2197 , 1.13013 , -0.288913 , 0.282545 , 1.05129 , -0.234259 , 0.211708
9.25157 , 1.16812 , -0.303666 , 0.27922 , 1.08445 , -0.270054 , 0.201091
9.28333 , 1.20195 , -0.326603 , 0.278035 , 1.11552 , -0.288753 , 0.201641
9.32048 , 1.23385 , -0.348841 , 0.281409 , 1.14581 , -0.306192 , 0.201682
9.3532 , 1.26882 , -0.367543 , 0.280447 , 1.17661 , -0.314542 , 0.204929
9.38433 , 1.30199 , -0.380816 , 0.280294 , 1.20529 , -0.32941 , 0.202919
9.42045 , 1.33481 , -0.395515 , 0.277103 , 1.23338 , -0.334488 , 0.208378
9.45134 , 1.37074 , -0.410315 , 0.271172 , 1.25994 , -0.35464 , 0.204455
9.48487 , 1.40225 , -0.426789 , 0.269908 , 1.28729 , -0.375224 , 0.197954
9.51942 , 1.42831 , -0.445491 , 0.276038 , 1.30315 , -0.376151 , 0.221595
9.55183 , 1.45606 , -0.457906 , 0.285109 , 1.32695 , -0.389493 , 0.226743
9.58844 , 1.48938 , -0.475676 , 0.276448 , 1.35499 , -0.39932 , 0.22533
9.61923 , 1.50969 , -0.502527 , 0.284273 , 1.38058 , -0.417099 , 0.22911
9.65244 , 1.54482 , -0.509183 , 0.282712 , 1.4061 , -0.43821 , 0.225348
9.68831 , 1.5795 , -0.519626 , 0.274654 , 1.43721 , -0.448831 , 0.221955
9.72165 , 1.61409 , -0.529835 , 0.267794 , 1.46886 , -0.454755 , 0.218184
9.75617 , 1.64771 , -0.542148 , 0.260216 , 1.49748 , -0.463767 , 0.21451
9.78684 , 1.67841 , -0.562101 , 0.25026 , 1.52265 , -0.481156 , 0.209775
9.8217 , 1.70566 , -0.568621 , 0.253174 , 1.54552 , -0.487184 , 0.210615
9.85652 , 1.73402 , -0.577624 , 0.25164 , 1.56862 , -0.495522 , 0.210611
9.88798 , 1.76145 , -0.588703 , 0.24993 , 1.59 , -0.505035 , 0.212765
9.92387 , 1.78816 , -0.600355 , 0.247726 , 1.61028 , -0.515877 , 0.213375
9.95489 , 1.81309 , -0.610723 , 0.246675 , 1.62684 , -0.524272 , 0.218062
9.98809 , 1.83898 , -0.62399 , 0.242642 , 1.64685 , -0.534608 , 0.216494
10.0238 , 1.86035 , -0.63523 , 0.24421 , 1.66333 , -0.545402 , 0.221421
10.0554 , 1.87707 , -0.645481 , 0.250437 , 1.67714 , -0.556264 , 0.228373
10.0918 , 1.89404 , -0.65938 , 0.253292 , 1.69193 , -0.564856 , 0.230207
10.126 , 1.90635 , -0.668495 , 0.25719 , 1.70361 , -0.572857 , 0.233843
10.1603 , 1.91693 , -0.683409 , 0.261427 , 1.7122 , -0.582844 , 0.238583
10.1952 , 1.90536 , -0.70816 , 0.286993 , 1.714 , -0.606121 , 0.246911
10.2266 , 1.89879 , -0.724746 , 0.306965 , 1.6986 , -0.617473 , 0.275525
10.2592 , 1.893 , -0.731057 , 0.315622 , 1.70207 , -0.616099 , 0.270378
10.2918 , 1.89676 , -0.736234 , 0.314466 , 1.68683 , -0.618939 , 0.291986
10.3251 , 1.89596 , -0.736403 , 0.314085 , 1.67981 , -0.618108 , 0.303308
10.3589 , 1.88776 , -0.736448 , 0.313284 , 1.67003 , -0.619141 , 0.310955
10.3907 , 1.87688 , -0.735611 , 0.313677 , 1.65771 , -0.620764 , 0.314341
10.4284 , 1.8615 , -0.733146 , 0.315022 , 1.64421 , -0.620636 , 0.311112
10.4598 , 1.83979 , -0.727994 , 0.321335 , 1.62255 , -0.617503 , 0.315625
10.4987 , 1.81632 , -0.722028 , 0.326588 , 1.60231 , -0.610897 , 0.316199
10.5506 , 1.79055 , -0.715142 , 0.331275 , 1.58054 , -0.603261 , 0.31699
10.6032 , 1.76315 , -0.707005 , 0.336154 , 1.55641 , -0.595529 , 0.318477
10.6525 , 1.73088 , -0.694498 , 0.344413 , 1.53254 , -0.582485 , 0.321672
10.7029 , 1.69962 , -0.682418 , 0.348526 , 1.50608 , -0.572438 , 0.324882
10.7499 , 1.66874 , -0.669927 , 0.352862 , 1.47515 , -0.561776 , 0.329884
10.7958 , 1.63738 , -0.653595 , 0.35714 , 1.44589 , -0.547953 , 0.331862
10.828 , 1.60828 , -0.63997 , 0.358332 , 1.42124 , -0.536424 , 0.326426
10.8624 , 1.57838 , -0.62769 , 0.357161 , 1.39339 , -0.508433 , 0.335263
10.8969 , 1.5492 , -0.600545 , 0.361876 , 1.36834 , -0.497203 , 0.327353
10.9311 , 1.52045 , -0.586939 , 0.35715 , 1.34417 , -0.470809 , 0.325287
10.9623 , 1.49585 , -0.561831 , 0.3542 , 1.32304 , -0.447763 , 0.317768
11.0009 , 1.47261 , -0.53848 , 0.345845 , 1.29745 , -0.435199 , 0.309963
11.0503 , 1.44567 , -0.513814 , 0.341682 , 1.27132 , -0.417291 , 0.30079
11.0825 , 1.42326 , -0.489631 , 0.333643 , 1.24462 , -0.3994 , 0.290311
11.1156 , 1.40466 , -0.456544 , 0.32475 , 1.22042 , -0.374962 , 0.274619
11.1466 , 1.37429 , -0.449844 , 0.313773 , 1.1933 , -0.350902 , 0.266979
11.1821 , 1.35404 , -0.418744 , 0.306311 , 1.17163 , -0.334214 , 0.248709
11.2135 , 1.32156 , -0.412689 , 0.297646 , 1.13804 , -0.327796 , 0.240853
11.2463 , 1.28588 , -0.387998 , 0.30546 , 1.10325 , -0.309897 , 0.237735
11.2819 , 1.26457 , -0.358658 , 0.296731 , 1.07529 , -0.285625 , 0.226373
11.3164 , 1.22894 , -0.355331 , 0.285102 , 1.04395 , -0.255643 , 0.225464
11.3473 , 1.20024 , -0.334519 , 0.279541 , 1.01205 , -0.233276 , 0.222747
11.3804 , 1.16815 , -0.31335 , 0.2745 , 0.983333 , -0.210874 , 0.212234
11.4161 , 1.13828 , -0.290617 , 0.264132 , 0.953336 , -0.192474 , 0.197823
11.4476 , 1.10831 , -0.269009 , 0.251341 , 0.921312 , -0.173486 , 0.182771
11.4842 , 1.07758 , -0.246271 , 0.238095 , 0.887693 , -0.156592 , 0.168516
11.5152 , 1.04331 , -0.222685 , 0.226076 , 0.853846 , -0.129304 , 0.15835
11.5483 , 1.01165 , -0.194334 , 0.216699 , 0.813759 , -0.130261 , 0.138284
11.5856 , 1.0706 , 0.0625959 , 0.0969879 , 0.798676 , 0.0561812 , 0.050596
11.618 , 1.02687 , 0.069755 , 0.0898215 , 0.767329 , 0.103276 , 0.0272627
11.6502 , 0.980223 , 0.0714996 , 0.0803805 , 0.701646 , -0.0442161 , 0.108886
11.6866 , 0.860624 , -0.123192 , 0.179328 , 0.644505 , -0.0569875 , 0.115246
11.7179 , 0.824429 , -0.103381 , 0.162606 , 0.598564 , -0.0413107 , 0.105269
11.7531 , 0.785262 , -0.077943 , 0.156266 , 0.554909 , -0.0118233 , 0.0984369
11.7858 , 0.741954 , -0.0555302 , 0.156162 , 0.512869 , -0.000116702 , 0.0893783
11.8167 , 0.70463 , -0.0242654 , 0.145675 , 0.473977 , 0.0081573 , 0.0812444
11.8517 , 0.664012 , -0.0122112 , 0.14208 , 0.436626 , 0.0234153 , 0.0734324
11.8855 , 0.623214 , -0.00195299 , 0.128327 , 0.404236 , 0.041154 , 0.0703472
11.9189 , 0.582103 , 0.0166729 , 0.118512 , 0.369748 , 0.0464298 , 0.0636225
11.9522 , 0.540833 , 0.0305038 , 0.115916 , 0.340477 , 0.0561903 , 0.0549718
11.9913 , 0.501075 , 0.0448666 , 0.104538 , 0.3139 , 0.0689267 , 0.0522421
12.0404 , 0.461155 , 0.0573698 , 0.0962444 , 0.287308 , 0.0752917 , 0.0476308
12.0933 , 0.421561 , 0.067479 , 0.0854266 , 0.265083 , 0.0856513 , 0.0447139
12.1418 , 0.382283 , 0.0766806 , 0.0727398 , 0.240673 , 0.0886153 , 0.0378032
12.1881 , 0.344384 , 0.0870829 , 0.0658988 , 0.221644 , 0.094563 , 0.0321852
12.2206 , 0.308531 , 0.0964306 , 0.0558624 , 0.201106 , 0.101986 , 0.0287973
12.2533 , 0.27462 , 0.105039 , 0.0462219 , 0.182914 , 0.106475 , 0.0264721
12.2948 , 0.243075 , 0.115156 , 0.0364493 , 0.16445 , 0.115159 , 0.0240774
12.342 , 0.214302 , 0.118496 , 0.0281554 , 0.148675 , 0.120103 , 0.0221752
12.3734 , 0.184983 , 0.123754 , 0.0188428 , 0.134914 , 0.117187 , 0.0182408
12.4061 , 0.163082 , 0.118127 , 0.0106277 , 0.119293 , 0.119094 , 0.0146403
12.4375 , 0.136229 , 0.128044 , 0.0038579 , 0.105938 , 0.113959 , 0.0117156
12.4715 , 0.11724 , 0.121903 , -0.00155991 , 0.0915201 , 0.115563 , 0.0100673
12.5046 , 0.0986821 , 0.118072 , -0.00384407 , 0.0785393 , 0.111839 , 0.0087465
12.5411 , 0.0834408 , 0.106788 , -0.00555883 , 0.0653852 , 0.103672 , 0.00889708
12.5756 , 0.0695496 , 0.0990137 , -0.0051549 , 0.0541127 , 0.096576 , 0.00952117
12.6128 , 0.0568818 , 0.0935284 , -0.00558145 , 0.0441789 , 0.0867515 , 0.0102607
12.6601 , 0.0457295 , 0.0858719 , -0.00564332 , 0.0342763 , 0.085886 , 0.00991592
12.6969 , 0.0368333 , 0.0805341 , -0.0060866 , 0.0265678 , 0.0785026 , 0.00900537
12.7425 , 0.0297936 , 0.0763765 , -0.00634503 , 0.0196964 , 0.0700894 , 0.0082382
12.7767 , 0.0248241 , 0.073253 , -0.00568714 , 0.0141154 , 0.0722277 , 0.00869667
12.8119 , 0.024563 , 0.0682534 , -0.00504536 , 0.0127814 , 0.0652221 , 0.00976688
12.8452 , 0.0217549 , 0.0703281 , -0.00367591 , 0.0133847 , 0.0627726 , 0.00970629
12.878 , 0.0242729 , 0.0616078 , -0.00356131 , 0.0158391 , 0.0610054 , 0.00922223
12.9105 , 0.0260656 , 0.0623509 , -0.00252056 , 0.0156196 , 0.0611554 , 0.00920425
12.9462 , 0.0286676 , 0.0635012 , -0.00192798 , 0.0206665 , 0.0614034 , 0.0102626
12.9774 , 0.0323154 , 0.0622315 , -0.00101977 , 0.0242964 , 0.0607976 , 0.0110022
13.0085 , 0.0365006 , 0.0612176 , 1.25513e-05 , 0.0266291 , 0.0565225 , 0.0110617
13.0444 , 0.0385937 , 0.0588103 , 0.000280418 , 0.0303627 , 0.0554905 , 0.0116065
13.0755 , 0.040628 , 0.0564742 , 0.000622668 , 0.0279464 , 0.0598868 , 0.0104866
13.1086 , 0.0384096 , 0.0586054 , -9.95225e-05 , 0.0270926 , 0.0567245 , 0.00989171
13.1441 , 0.0384095 , 0.0536271 , 2.60073e-05 , 0.0270793 , 0.0540595 , 0.0100226
13.1757 , 0.0368109 , 0.0592582 , 0.00149844 , 0.0245235 , 0.0540111 , 0.0106638
13.2123 , 0.038233 , 0.0526398 , 0.00159672 , 0.0250828 , 0.0521553 , 0.0119679
13.2466 , 0.0378381 , 0.0516934 , 0.00139233 , 0.0249405 , 0.0513322 , 0.0118916
13.2776 , 0.0400312 , 0.0513599 , 0.00219864 , 0.0243816 , 0.0563185 , 0.0129878
13.3098 , 0.0401499 , 0.0519762 , 0.00199332 , 0.0280925 , 0.0514473 , 0.013024
13.3453 , 0.0420573 , 0.0499993 , 0.0024698 , 0.0319931 , 0.0491599 , 0.0119695
13.3799 , 0.0446285 , 0.0473443 , 0.00277487 , 0.0338176 , 0.0484951 , 0.0111299
13.4165 , 0.048046 , 0.0455135 , 0.00285391 , 0.0355207 , 0.0465616 , 0.0109629
13.4638 , 0.0512886 , 0.0438574 , 0.0030951 , 0.0396049 , 0.0442419 , 0.0114018
13.5031 , 0.0550248 , 0.0420468 , 0.0041845 , 0.0449734 , 0.0415467 , 0.0116317
13.5476 , 0.0598284 , 0.0405527 , 0.00551164 , 0.0502425 , 0.0386981 , 0.0116217
13.5786 , 0.06504 , 0.0387003 , 0.00692511 , 0.0560764 , 0.0370351 , 0.0121044
13.6162 , 0.0717973 , 0.0371132 , 0.00820013 , 0.0633994 , 0.0340296 , 0.013925
13.6477 , 0.0789666 , 0.0377373 , 0.00981343 , 0.0706424 , 0.0340025 , 0.0158738
13.6789 , 0.0873504 , 0.0379033 , 0.0118916 , 0.0781822 , 0.0335527 , 0.0173384
13.7159 , 0.0970361 , 0.036955 , 0.0143637 , 0.0875322 , 0.0326114 , 0.0192306
13.7514 , 0.107856 , 0.0383311 , 0.017278 , 0.0977571 , 0.0341027 , 0.0215663
13.7846 , 0.121335 , 0.0351607 , 0.0201506 , 0.110025 , 0.032426 , 0.0244153
13.8178 , 0.136068 , 0.0372756 , 0.0241453 , 0.123276 , 0.0338307 , 0.0273604
13.8504 , 0.151903 , 0.0389016 , 0.0287158 , 0.13937 , 0.0340691 , 0.0309783
13.8857 , 0.171688 , 0.0380821 , 0.0340826 , 0.158602 , 0.0343943 , 0.0345154
13.9191 , 0.193326 , 0.0427502 , 0.038661 , 0.179513 , 0.0394197 , 0.0373235
13.9548 , 0.215596 , 0.0556941 , 0.0430812 , 0.203197 , 0.0396684 , 0.0423414
13.9985 , 0.238952 , 0.0431498 , 0.0496152 , 0.226881 , 0.0439034 , 0.0481149
14.0323 , 0.267556 , 0.0477126 , 0.058561 , 0.254171 , 0.0431709 , 0.0521235
14.0661 , 0.294595 , 0.0491826 , 0.0659998 , 0.284364 , 0.0474285 , 0.0546168
14.1016 , 0.325146 , 0.0526704 , 0.0729781 , 0.312579 , 0.0453821 , 0.0590772
14.1327 , 0.355557 , 0.0525918 , 0.0846045 , 0.343331 , 0.0522932 , 0.0701282
14.1653 , 0.391528 , 0.0539282 , 0.0985129 , 0.37395 , 0.0453048 , 0.082085
14.2049 , 0.4315 , 0.0382159 , 0.11409 , 0.415759 , 0.0379885 , 0.0959583
14.2364 , 0.475594 , 0.0261213 , 0.131872 , 0.455098 , 0.0135032 , 0.108915
14.2675 , 0.515822 , -0.0129025 , 0.155629 , 0.493515 , -0.00347618 , 0.120624
14.2995 , 0.559983 , -0.0286653 , 0.175011 , 0.536335 , -0.0216041 , 0.132487
14.3333 , 0.602527 , -0.050888 , 0.1788 , 0.573821 , -0.0486282 , 0.134753
14.369 , 0.646895 , -0.0594665 , 0.188819 , 0.615371 , -0.052875 , 0.1364
14.4012 , 0.688601 , -0.0885829 , 0.18879 , 0.653281 , -0.0649327 , 0.137759
14.4345 , 0.731572 , -0.10837 , 0.189102 , 0.692432 , -0.0832876 , 0.135668
14.4715 , 0.776528 , -0.125794 , 0.196837 , 0.735475 , -0.0992875 , 0.139218
14.5026 , 0.819075 , -0.129472 , 0.206384 , 0.774921 , -0.11013 , 0.142392
14.5357 , 0.863216 , -0.162491 , 0.189394 , 0.816373 , -0.126434 , 0.137252
14.5705 , 0.903736 , -0.169194 , 0.201106 , 0.85644 , -0.138961 , 0.139073
14.6059 , 0.94566 , -0.173847 , 0.207027 , 0.889299 , -0.14936 , 0.156589
14.6403 , 0.979568 , -0.193961 , 0.227067 , 0.921772 , -0.164373 , 0.158629
14.6794 , 1.01332 , -0.223982 , 0.243055 , 0.950288 , -0.189527 , 0.174828
14.7234 , 1.05491 , -0.238707 , 0.242881 , 0.978669 , -0.214312 , 0.193338
14.7598 , 1.08547 , -0.267449 , 0.261234 , 1.01352 , -0.241118 , 0.184314
14.8072 , 1.12312 , -0.306566 , 0.255874 , 1.04556 , -0.254895 , 0.192351
14.8411 , 1.16331 , -0.328046 , 0.253623 , 1.08353 , -0.271732 , 0.194241
14.8725 , 1.20478 , -0.341943 , 0.262129 , 1.10817 , -0.301174 , 0.199958
14.9033 , 1.23551 , -0.37822 , 0.256025 , 1.14126 , -0.329884 , 0.177517
14.942 , 1.27714 , -0.388438 , 0.247962 , 1.17968 , -0.343492 , 0.168396
14.9808 , 1.31943 , -0.398952 , 0.249915 , 1.21558 , -0.357691 , 0.172148
15.0268 , 1.36168 , -0.425693 , 0.243441 , 1.25704 , -0.355472 , 0.189683
15.0619 , 1.40151 , -0.4429 , 0.256283 , 1.29338 , -0.372488 , 0.209339
15.1116 , 1.44211 , -0.464048 , 0.258392 , 1.32775 , -0.392238 , 0.214157
15.1607 , 1.48624 , -0.486272 , 0.249479 , 1.36394 , -0.41274 , 0.20765
15.2113 , 1.52867 , -0.491788 , 0.257285 , 1.40338 , -0.437913 , 0.192948
15.2446 , 1.56648 , -0.507063 , 0.252464 , 1.44125 , -0.446414 , 0.185597
15.2756 , 1.60953 , -0.520648 , 0.248684 , 1.47957 , -0.454126 , 0.18
15.3129 , 1.6509 , -0.5349 , 0.243078 , 1.51494 , -0.467256 , 0.173194
15.3599 , 1.68651 , -0.549175 , 0.239224 , 1.54092 , -0.481986 , 0.17984
15.3995 , 1.71228 , -0.578911 , 0.248516 , 1.5888 , -0.512373 , 0.154069
15.4495 , 1.75141 , -0.605754 , 0.247296 , 1.59101 , -0.547998 , 0.19269
15.4963 , 1.77418 , -0.618732 , 0.255849 , 1.60765 , -0.55665 , 0.194713
15.5278 , 1.80783 , -0.625443 , 0.250399 , 1.62876 , -0.54014 , 0.197047
15.5618 , 1.84185 , -0.634149 , 0.239937 , 1.65171 , -0.559198 , 0.195506
15.5927 , 1.86368 , -0.652091 , 0.239376 , 1.69006 , -0.553208 , 0.186166
15.625 , 1.88734 , -0.653276 , 0.243056 , 1.69564 , -0.57027 , 0.209353
15.6583 , 1.91221 , -0.657326 , 0.239848 , 1.7259 , -0.582583 , 0.207426
15.6948 , 1.92821 , -0.676614 , 0.24239 , 1.73978 , -0.604661 , 0.19762
15.7253 , 1.94378 , -0.679428 , 0.241988 , 1.7862 , -0.605598 , 0.155604
15.759 , 1.95853 , -0.68321 , 0.238902 , 1.78523 , -0.612886 , 0.1841
15.7947 , 1.96875 , -0.686423 , 0.237565 , 1.79274 , -0.608853 , 0.184449
15.8263 , 1.97365 , -0.688309 , 0.237459 , 1.79375 , -0.610665 , 0.188346
15.8627 , 1.97657 , -0.691967 , 0.23746 , 1.79036 , -0.608685 , 0.195239
15.8967 , 1.9765 , -0.692712 , 0.237111 , 1.78341 , -0.607031 , 0.202819
15.9276 , 1.97164 , -0.69353 , 0.236023 , 1.77364 , -0.607722 , 0.206127
15.9624 , 1.96434 , -0.693605 , 0.235643 , 1.76021 , -0.611586 , 0.206493
15.9968 , 1.95274 , -0.693835 , 0.235582 , 1.74814 , -0.613415 , 0.205689
16.0278 , 1.93744 , -0.693615 , 0.237232 , 1.73559 , -0.611505 , 0.207154
16.0612 , 1.91666 , -0.691712 , 0.241807 , 1.72145 , -0.60754 , 0.207758
16.0958 , 1.89331 , -0.689769 , 0.247118 , 1.70375 , -0.603056 , 0.210673
16.1282 , 1.86473 , -0.685569 , 0.255699 , 1.6755 , -0.598268 , 0.225107
16.165 , 1.83321 , -0.680948 , 0.267357 , 1.64618 , -0.593156 , 0.23624
16.1953 , 1.80037 , -0.674974 , 0.278887 , 1.60461 , -0.589422 , 0.261389
16.2288 , 1.7615 , -0.66571 , 0.298507 , 1.57628 , -0.575251 , 0.273223
16.2635 , 1.73168 , -0.660786 , 0.310958 , 1.55036 , -0.567986 , 0.262708
16.298 , 1.70112 , -0.653906 , 0.309897 , 1.52202 , -0.564062 , 0.25943
16.3295 , 1.66894 , -0.643925 , 0.312175 , 1.49459 , -0.555957 , 0.262433
16.3659 , 1.63577 , -0.632557 , 0.316838 , 1.46362 , -0.534523 , 0.275152
16.3965 , 1.6165 , -0.583829 , 0.30416 , 1.45365 , -0.505987 , 0.243312
16.4301 , 1.59875 , -0.574923 , 0.287661 , 1.42542 , -0.486346 , 0.241216
16.4657 , 1.56296 , -0.561924 , 0.295728 , 1.39335 , -0.470951 , 0.248432
16.4974 , 1.52863 , -0.550848 , 0.300197 , 1.3629 , -0.462906 , 0.251704
16.5344 , 1.48832 , -0.528024 , 0.315879 , 1.32798 , -0.440228 , 0.263894
16.5687 , 1.45778 , -0.507592 , 0.316398 , 1.29402 , -0.423679 , 0.263196
16.6002 , 1.42964 , -0.485442 , 0.313633 , 1.26352 , -0.404692 , 0.256986
16.6315 , 1.39838 , -0.463926 , 0.310171 , 1.23907 , -0.365692 , 0.250302
16.6733 , 1.37476 , -0.437666 , 0.29612 , 1.21157 , -0.355323 , 0.235754
16.7239 , 1.33913 , -0.419544 , 0.294941 , 1.17884 , -0.339881 , 0.228364
16.77 , 1.30806 , -0.387775 , 0.296797 , 1.14645 , -0.314481 , 0.22048
16.8009 , 1.27893 , -0.366349 , 0.283699 , 1.11019 , -0.295956 , 0.210359
16.8361 , 1.24277 , -0.351548 , 0.273717 , 1.0784 , -0.264284 , 0.201452
16.8725 , 1.2118 , -0.333484 , 0.260539 , 1.03849 , -0.24748 , 0.200653
16.9036 , 1.17785 , -0.298696 , 0.258789 , 1 , -0.230905 , 0.186574
16.9387 , 1.139 , -0.281546 , 0.25342 , 0.96376 , -0.195486 , 0.181474
16.9699 , 1.10498 , -0.263657 , 0.240907 , 0.923084 , -0.175061 , 0.173337
17.0038 , 1.07565 , -0.223741 , 0.226899 , 0.882223 , -0.165075 , 0.152661
17.0364 , 1.03703 , -0.212784 , 0.212969 , 0.836399 , -0.153942 , 0.138519
17.0691 , 0.999973 , -0.191989 , 0.201461 , 0.790974 , -0.132983 , 0.130265
17.1042 , 0.951339 , -0.183774 , 0.202228 , 0.738188 , -0.118121 , 0.13312
17.1404 , 0.906833 , -0.1595 , 0.208913 , 0.690557 , -0.083873 , 0.128885
17.1734 , 0.866885 , -0.134273 , 0.189172 , 0.645114 , -0.0697289 , 0.124921
17.2059 , 0.823037 , -0.106099 , 0.184675 , 0.602554 , -0.0459865 , 0.114951
17.2382 , 0.781227 , -0.0939025 , 0.173253 , 0.555551 , -0.032346 , 0.108122
17.2705 , 0.73572 , -0.0649258 , 0.17561 , 0.511392 , -0.00979051 , 0.096444
17.3051 , 0.696574 , -0.0438284 , 0.150492 , 0.470578 , -0.000879351 , 0.085226
17.3414 , 0.64795 , -0.0282504 , 0.153288 , 0.425121 , 0.0190354 , 0.0827215
17.378 , 0.603984 , -0.00443634 , 0.144952 , 0.381551 , 0.0212664 , 0.0716229
17.4245 , 0.560178 , 0.00529692 , 0.133066 , 0.346985 , 0.0392649 , 0.0694153
17.456 , 0.517212 , 0.0262318 , 0.130179 , 0.319534 , 0.0513838 , 0.064185
17.4933 , 0.476275 , 0.0332769 , 0.117633 , 0.297479 , 0.0659814 , 0.0627626
17.5388 , 0.43708 , 0.0487092 , 0.109609 , 0.273344 , 0.0644773 , 0.0564128
17.5719 , 0.397517 , 0.0560762 , 0.0985416 , 0.254138 , 0.0745928 , 0.0534855
17.608 , 0.360117 , 0.0687751 , 0.0902193 , 0.23511 , 0.0789277 , 0.0509694
17.6407 , 0.322427 , 0.0763775 , 0.0813512 , 0.21798 , 0.0846426 , 0.0493222
17.675 , 0.289344 , 0.0874066 , 0.0725873 , 0.199512 , 0.0908492 , 0.0449743
17.7142 , 0.258219 , 0.0748479 , 0.0552818 , 0.185912 , 0.0897431 , 0.0386654
17.7561 , 0.233347 , 0.0948465 , 0.0524132 , 0.174374 , 0.0918845 , 0.0340725
17.7907 , 0.20846 , 0.0932357 , 0.038254 , 0.155793 , 0.0929683 , 0.028787
17.8235 , 0.186466 , 0.0921163 , 0.0324407 , 0.146695 , 0.0912739 , 0.0245986
17.8576 , 0.168326 , 0.0920781 , 0.0241604 , 0.133362 , 0.0943685 , 0.0195364
17.8913 , 0.151111 , 0.0871599 , 0.0178969 , 0.118941 , 0.0858757 , 0.0134848
17.9248 , 0.132811 , 0.0836238 , 0.0124631 , 0.1119 , 0.0795971 , 0.0108643
17.9577 , 0.119328 , 0.0794586 , 0.0107405 , 0.102634 , 0.0756536 , 0.0102421
