481

0.022631 , -2.92732 , 0.277203 , 3.02815 , -2.93729 , 0.27966 , 3.02355
0.05421 , -2.92729 , 0.277175 , 3.02816 , -2.93677 , 0.276925 , 3.03091
0.089463 , -2.92723 , 0.277161 , 3.02819 , -2.92921 , 0.275612 , 3.03557
0.124849 , -2.92719 , 0.277102 , 3.02824 , -2.92054 , 0.275829 , 3.03502
0.159566 , -2.92718 , 0.27707 , 3.02825 , -2.91594 , 0.275392 , 3.03692
0.191347 , -2.92718 , 0.277068 , 3.02825 , -2.91524 , 0.276402 , 3.03172
0.227692 , -2.92718 , 0.277068 , 3.02825 , -2.91814 , 0.277238 , 3.02732
0.264095 , -2.92718 , 0.277066 , 3.02825 , -2.92315 , 0.27778 , 3.02461
0.313601 , -2.92718 , 0.277066 , 3.02825 , -2.928 , 0.27801 , 3.02359
0.351095 , -2.92718 , 0.277065 , 3.02825 , -2.93114 , 0.277971 , 3.02389
0.395899 , -2.92718 , 0.277063 , 3.02825 , -2.93221 , 0.277728 , 3.02514
0.434643 , -2.92718 , 0.277061 , 3.02826 , -2.93192 , 0.277366 , 3.02685
0.480169 , -2.92718 , 0.277059 , 3.02826 , -2.93111 , 0.277024 , 3.02844
0.514005 , -2.92718 , 0.277059 , 3.02826 , -2.93039 , 0.276778 , 3.02957
0.553437 , -2.92718 , 0.277059 , 3.02826 , -2.92993 , 0.27669 , 3.02999
0.601987 , -2.92718 , 0.277059 , 3.02826 , -2.92948 , 0.276739 , 3.02979
0.654827 , -2.92718 , 0.277059 , 3.02826 , -2.92877 , 0.276865 , 3.02922
0.705118 , -2.92718 , 0.277059 , 3.02826 , -2.92881 , 0.276906 , 3.02906
0.754749 , -2.92718 , 0.277059 , 3.02826 , -2.92797 , 0.277051 , 3.02837
0.804009 , -2.92718 , 0.277059 , 3.02826 , -2.926 , 0.277368 , 3.02683
0.854191 , -2.92718 , 0.277059 , 3.02826 , -2.92547 , 0.277354 , 3.02684
0.90654 , -2.92718 , 0.277059 , 3.02826 , -2.92557 , 0.277316 , 3.02701
0.956428 , -2.93138 , 0.287016 , 3.0251 , -2.93202 , 0.286028 , 3.02247
1.00578 , -2.93188 , 0.283558 , 3.02359 , -2.93264 , 0.28445 , 3.02124
1.05547 , -2.93234 , 0.282953 , 3.02284 , -2.93017 , 0.283518 , 3.0208
1.10546 , -2.93225 , 0.282697 , 3.02104 , -2.9297 , 0.282547 , 3.022
1.15793 , -2.93146 , 0.282244 , 3.01951 , -2.93093 , 0.280804 , 3.02263
1.20819 , -2.93073 , 0.281543 , 3.01787 , -2.93157 , 0.283582 , 3.02143
1.25762 , -2.92999 , 0.286046 , 3.01667 , -2.93162 , 0.287304 , 3.01807
1.30763 , -2.92809 , 0.288087 , 3.01514 , -2.92982 , 0.285263 , 3.01544
1.35286 , -2.9258 , 0.286855 , 3.01291 , -2.9265 , 0.28505 , 3.01293
1.38466 , -2.92107 , 0.285803 , 3.01145 , -2.9225 , 0.285245 , 3.0097
1.41819 , -2.91648 , 0.283639 , 3.00964 , -2.91553 , 0.28358 , 3.00759
1.45416 , -2.912 , 0.286944 , 3.00826 , -2.90989 , 0.286663 , 3.00571
1.49089 , -2.90469 , 0.282051 , 3.00689 , -2.9029 , 0.283439 , 3.0031
1.53812 , -2.89781 , 0.282888 , 3.00424 , -2.89901 , 0.288509 , 3.00027
1.57559 , -2.89162 , 0.286222 , 3.00282 , -2.88809 , 0.281503 , 3.00224
1.62539 , -2.88643 , 0.285596 , 3.00119 , -2.87984 , 0.27951 , 3.00209
1.67533 , -2.87635 , 0.285016 , 2.99845 , -2.87008 , 0.28292 , 2.99944
1.72185 , -2.86399 , 0.282995 , 2.99683 , -2.85803 , 0.280934 , 2.99899
1.75384 , -2.85004 , 0.279254 , 2.99776 , -2.84623 , 0.282364 , 3.00004
1.78536 , -2.84431 , 0.289893 , 2.99512 , -2.83688 , 0.285306 , 2.99885
1.8179 , -2.83118 , 0.288966 , 2.99572 , -2.82797 , 0.293455 , 2.99378
1.85434 , -2.81597 , 0.287106 , 2.99633 , -2.81344 , 0.290743 , 2.99555
1.88539 , -2.79996 , 0.282804 , 2.99694 , -2.79639 , 0.286984 , 2.99598
1.92233 , -2.78313 , 0.280391 , 2.99788 , -2.78322 , 0.288652 , 2.99485
1.95375 , -2.76667 , 0.285944 , 3.00139 , -2.76474 , 0.287647 , 2.99697
1.98606 , -2.75071 , 0.278304 , 3.00068 , -2.74525 , 0.281719 , 2.99974
2.01942 , -2.73615 , 0.275505 , 2.9997 , -2.72671 , 0.274175 , 3.00288
2.0564 , -2.71747 , 0.27161 , 3.00183 , -2.71569 , 0.282197 , 3.00159
2.09765 , -2.69821 , 0.274539 , 3.00905 , -2.69423 , 0.268242 , 3.00447
2.14029 , -2.67773 , 0.265285 , 3.01238 , -2.67533 , 0.263243 , 3.00713
2.18173 , -2.66604 , 0.255877 , 3.00612 , -2.65539 , 0.25878 , 3.01334
2.22431 , -2.64847 , 0.261996 , 3.01282 , -2.63826 , 0.256198 , 3.02062
2.25992 , -2.63219 , 0.244701 , 3.0148 , -2.62391 , 0.249402 , 3.02246
2.2939 , -2.61745 , 0.233587 , 3.01785 , -2.6095 , 0.248628 , 3.0295
2.33194 , -2.60538 , 0.258055 , 3.02304 , -2.59581 , 0.255541 , 3.03548
2.37481 , -2.5917 , 0.233018 , 3.02215 , -2.58327 , 0.247143 , 3.03507
2.40984 , -2.57934 , 0.22244 , 3.02082 , -2.57128 , 0.246627 , 3.04079
2.44123 , -2.56684 , 0.227178 , 3.02658 , -2.55754 , 0.244174 , 3.04405
2.47252 , -2.55761 , 0.256998 , 3.03425 , -2.54778 , 0.24718 , 3.04676
2.50898 , -2.53733 , 0.242243 , 3.05156 , -2.53822 , 0.210305 , 3.03256
2.54055 , -2.52858 , 0.217499 , 3.03752 , -2.52324 , 0.232054 , 3.05025
2.57348 , -2.52574 , 0.218084 , 3.04277 , -2.5142 , 0.230631 , 3.05516
2.60669 , -2.50544 , 0.209076 , 3.05279 , -2.50453 , 0.207855 , 3.04772
2.64226 , -2.50343 , 0.178947 , 3.0353 , -2.49513 , 0.201689 , 3.05153
2.67679 , -2.48652 , 0.20801 , 3.06046 , -2.48219 , 0.22078 , 3.06921
2.7112 , -2.47343 , 0.225008 , 3.08094 , -2.47941 , 0.200456 , 3.05865
2.7458 , -2.46736 , 0.224908 , 3.07887 , -2.46713 , 0.209796 , 3.07292
2.77755 , -2.45618 , 0.220417 , 3.08641 , -2.45486 , 0.220082 , 3.08836
2.80891 , -2.44957 , 0.228111 , 3.0863 , -2.45381 , 0.197459 , 3.06437
2.84656 , -2.43924 , 0.207224 , 3.08423 , -2.43741 , 0.210764 , 3.09028
2.88099 , -2.42783 , 0.21446 , 3.10401 , -2.4307 , 0.215554 , 3.09498
2.91231 , -2.42278 , 0.209082 , 3.10272 , -2.4204 , 0.20524 , 3.10022
2.94339 , -2.41004 , 0.205051 , 3.1123 , -2.40851 , 0.207608 , 3.11425
2.97659 , -2.40651 , 0.207724 , 3.11048 , -2.4026 , 0.198088 , 3.11275
3.01233 , -2.3963 , 0.19445 , 3.12224 , -2.39482 , 0.202858 , 3.12622
3.04672 , -2.39203 , 0.19699 , 3.13171 , -2.39322 , 0.195292 , 3.12798
3.08255 , -2.39194 , 0.192122 , 3.125 , -2.38699 , 0.150743 , 3.11773
3.11391 , -2.38038 , 0.167216 , 3.13511 , -2.38187 , 0.171574 , 3.13326
3.14474 , -2.37809 , 0.167789 , -3.13822 , -2.37858 , 0.172086 , -3.13687
3.17713 , -2.38145 , 0.169603 , 3.14047 , -2.37703 , 0.166439 , -3.13507
3.21056 , -2.377 , 0.156407 , 3.13122 , -2.37066 , 0.156623 , -3.1192
3.24637 , -2.3706 , 0.152624 , -3.11956 , -2.37184 , 0.154088 , -3.12235
3.28115 , -2.37177 , 0.150658 , -3.12122 , -2.37581 , 0.141255 , -3.13302
3.31615 , -2.36591 , 0.128724 , -3.12419 , -2.37565 , 0.141314 , -3.12083
3.35078 , -2.37354 , 0.132907 , -3.1161 , -2.37292 , 0.132617 , -3.11024
3.38591 , -2.37776 , 0.129761 , -3.11698 , -2.37606 , 0.132778 , -3.11038
3.43286 , -2.38119 , 0.124332 , -3.11647 , -2.3825 , 0.128519 , -3.10984
3.46426 , -2.38747 , 0.125144 , -3.11119 , -2.3919 , 0.130589 , -3.12026
3.49566 , -2.39253 , 0.123475 , -3.1089 , -2.38872 , 0.12947 , -3.09329
3.53722 , -2.39878 , 0.117735 , -3.10476 , -2.4001 , 0.128408 , -3.08744
3.58664 , -2.40154 , 0.132196 , -3.08289 , -2.4118 , 0.127024 , -3.10198
3.63078 , -2.41119 , 0.137359 , -3.09 , -2.41394 , 0.143764 , -3.08393
3.66986 , -2.42323 , 0.146369 , -3.09351 , -2.42295 , 0.151847 , -3.08371
3.71637 , -2.42406 , 0.159886 , -3.07311 , -2.43457 , 0.158544 , -3.09255
3.75127 , -2.43174 , 0.161078 , -3.0759 , -2.43765 , 0.161683 , -3.08068
3.78518 , -2.43777 , 0.13551 , -3.07489 , -2.43846 , 0.1444 , -3.07099
3.81678 , -2.44716 , 0.137822 , -3.08178 , -2.43608 , 0.119163 , -3.09527
3.84972 , -2.44555 , 0.119779 , -3.08779 , -2.44907 , 0.130538 , -3.08842
3.88314 , -2.46086 , 0.125158 , -3.10639 , -2.46544 , 0.13217 , -3.10009
3.91645 , -2.47289 , 0.12366 , -3.09761 , -2.47656 , 0.122417 , -3.08937
3.95005 , -2.4829 , 0.119065 , -3.086 , -2.57523 , 0.382545 , 3.11676
3.98429 , -2.48145 , 0.085236 , -3.0757 , -2.50347 , 0.126646 , -3.09118
4.01769 , -2.51832 , 0.145817 , -3.07176 , -2.52075 , 0.119484 , -3.07547
4.05088 , -2.52496 , 0.110624 , -3.06908 , -2.52943 , 0.0951014 , -3.06121
4.08368 , -2.5398 , 0.0865912 , -3.07113 , -2.54463 , 0.0805599 , -3.06641
4.11816 , -2.55272 , 0.0751405 , -3.07009 , -2.65876 , 0.342677 , 3.13343
4.15102 , -2.6596 , 0.373027 , 3.12028 , -2.66817 , 0.361372 , 3.11653
4.18479 , -2.66221 , 0.351173 , 3.12912 , -2.56905 , 0.08234 , -3.07669
4.21803 , -2.60348 , 0.0868763 , -3.10381 , -2.60254 , 0.0844856 , -3.10416
4.25225 , -2.60359 , 0.0867258 , -3.09497 , -2.60435 , 0.082504 , -3.09018
4.28519 , -2.60739 , 0.0884629 , -3.09236 , -2.60509 , 0.0919683 , -3.0906
4.31923 , -2.6078 , 0.0919046 , -3.09075 , -2.60183 , 0.11241 , -3.05502
4.35222 , -2.60205 , 0.123381 , -3.056 , -2.59965 , 0.132738 , -3.06167
4.38596 , -2.59518 , 0.134435 , -3.05509 , -2.59575 , 0.120466 , -3.06972
4.42468 , -2.56727 , 0.0935106 , -3.04156 , -2.56976 , 0.0959049 , -3.0485
4.47485 , -2.56071 , 0.102729 , -3.04382 , -2.55879 , 0.105642 , -3.04959
4.52527 , -2.54543 , 0.119325 , -3.03897 , -2.54513 , 0.117603 , -3.04679
4.57575 , -2.53442 , 0.125722 , -3.04042 , -2.51853 , 0.0972882 , -3.06343
4.62589 , -2.51207 , 0.115156 , -3.0547 , -2.5096 , 0.124425 , -3.0603
4.6761 , -2.49833 , 0.137176 , -3.05043 , -2.49316 , 0.143588 , -3.05605
4.72649 , -2.48396 , 0.151634 , -3.04997 , -2.47524 , 0.159747 , -3.05131
4.77587 , -2.46844 , 0.183737 , -3.04142 , -2.46183 , 0.170238 , -3.04764
4.81404 , -2.45257 , 0.183651 , -3.04607 , -2.44688 , 0.181127 , -3.04426
4.86075 , -2.43782 , 0.186344 , -3.04449 , -2.42931 , 0.179432 , -3.03828
4.91129 , -2.42563 , 0.179155 , -3.0448 , -2.42416 , 0.180551 , -3.04814
4.96153 , -2.41799 , 0.181216 , -3.04874 , -2.41656 , 0.180313 , -3.05203
5.00763 , -2.4101 , 0.178484 , -3.04705 , -2.40514 , 0.175853 , -3.04382
5.04075 , -2.40432 , 0.174245 , -3.04634 , -2.40571 , 0.174489 , -3.05386
5.07381 , -2.39664 , 0.16658 , -3.03568 , -2.40131 , 0.169294 , -3.05059
5.10726 , -2.39594 , 0.161673 , -3.03944 , -2.40761 , 0.173026 , -3.03205
5.14053 , -2.40481 , 0.159567 , -3.03868 , -2.39622 , 0.152872 , -3.03446
5.17457 , -2.39502 , 0.141491 , -3.03682 , -2.39505 , 0.135624 , -3.03645
5.20815 , -2.39342 , 0.128342 , -3.03864 , -2.39532 , 0.126571 , -3.03832
5.24137 , -2.39309 , 0.125414 , -3.03233 , -2.39671 , 0.117781 , -3.04313
5.27529 , -2.39551 , 0.110684 , -3.03363 , -2.39845 , 0.111067 , -3.04497
5.30794 , -2.39697 , 0.105489 , -3.02934 , -2.39937 , 0.0983292 , -3.04635
5.34312 , -2.39973 , 0.108318 , -3.02513 , -2.40579 , 0.0916357 , -3.05123
5.37673 , -2.40334 , 0.0993138 , -3.03707 , -2.40948 , 0.0871365 , -3.05778
5.4121 , -2.4057 , 0.066462 , -3.06052 , -2.41088 , 0.0607941 , -3.0661
5.44779 , -2.41275 , 0.0609656 , -3.0666 , -2.41734 , 0.0524764 , -3.08052
5.48468 , -2.41097 , 0.0287539 , -3.08936 , -2.41857 , 0.0428402 , -3.09286
5.52643 , -2.42717 , 0.0684294 , -3.082 , -2.42937 , 0.0518237 , -3.09757
5.56418 , -2.43304 , 0.0645509 , -3.08942 , -2.4432 , 0.0708859 , -3.09891
5.60346 , -2.44727 , 0.0729025 , -3.10786 , -2.44976 , 0.0788176 , -3.09298
5.64457 , -2.46034 , 0.0840048 , -3.11003 , -2.46116 , 0.0813863 , -3.0995
5.68026 , -2.47635 , 0.0953825 , -3.1087 , -2.48363 , 0.0930927 , -3.11871
5.71339 , -2.49571 , 0.0999615 , -3.13185 , -2.50708 , 0.10579 , -3.13783
5.74919 , -2.52149 , 0.112134 , -3.13821 , -2.53898 , 0.126129 , 3.13443
5.78586 , -2.55271 , 0.120629 , 3.12667 , -2.56645 , 0.129462 , 3.12126
5.83202 , -2.57629 , 0.162437 , -3.14121 , -2.59387 , 0.142522 , 3.12496
5.86434 , -2.60511 , 0.148565 , 3.11726 , -2.61829 , 0.166507 , 3.12039
5.89716 , -2.63303 , 0.170432 , 3.1117 , -2.64455 , 0.1809 , 3.11494
5.92974 , -2.66644 , 0.196094 , 3.11523 , -2.67661 , 0.199652 , 3.10414
5.96608 , -2.7 , 0.223086 , 3.1073 , -2.70536 , 0.221423 , 3.10746
5.99803 , -2.73495 , 0.223107 , 3.09234 , -2.74219 , 0.23152 , 3.08914
6.02924 , -2.76938 , 0.232013 , 3.08356 , -2.77391 , 0.239256 , 3.08873
6.06244 , -2.79603 , 0.214343 , 3.07108 , -2.80616 , 0.234104 , 3.07408
6.10299 , -2.83115 , 0.233987 , 3.06515 , -2.83782 , 0.236985 , 3.06851
6.14976 , -2.8575 , 0.238661 , 3.06197 , -2.86052 , 0.233727 , 3.06368
6.18692 , -2.88226 , 0.230821 , 3.05534 , -2.88817 , 0.228862 , 3.06226
6.2389 , -2.90162 , 0.224548 , 3.05977 , -2.90101 , 0.213363 , 3.06712
6.28684 , -2.91019 , 0.184065 , 3.05952 , -2.92561 , 0.205394 , 3.05634
6.33562 , -2.93714 , 0.193387 , 3.05761 , -2.93974 , 0.182725 , 3.06395
6.37663 , -2.94939 , 0.165937 , 3.05452 , -2.96387 , 0.172462 , 3.0544
6.42197 , -2.97433 , 0.162396 , 3.05221 , -2.97702 , 0.154002 , 3.05663
6.47178 , -2.97885 , 0.138336 , 3.04707 , -2.99078 , 0.115002 , 3.05493
6.52098 , -2.99097 , 0.136474 , 3.04638 , -2.99346 , 0.126926 , 3.04985
6.55254 , -2.98961 , 0.120192 , 3.04636 , -2.98833 , 0.12286 , 3.04218
6.58636 , -2.9933 , 0.117079 , 3.03704 , -2.99438 , 0.118202 , 3.03814
6.62071 , -2.98874 , 0.113805 , 3.03473 , -2.98607 , 0.103303 , 3.03675
6.65228 , -2.97895 , 0.102526 , 3.0279 , -2.9862 , 0.11149 , 3.02652
6.68837 , -2.98111 , 0.11061 , 3.02197 , -2.97735 , 0.1152 , 3.02272
6.7197 , -2.96396 , 0.102972 , 3.02062 , -2.9554 , 0.0942147 , 3.02313
6.75073 , -2.95328 , 0.100269 , 3.01544 , -2.94209 , 0.0927501 , 3.01965
6.78394 , -2.92651 , 0.0868018 , 3.01841 , -2.91883 , 0.0746317 , 3.02116
6.81746 , -2.90061 , 0.0658467 , 3.02201 , -2.89185 , -0.109721 , 3.0193
6.85293 , -2.87683 , -0.158736 , 3.02147 , -2.86157 , 0.068552 , 3.02385
6.88749 , -2.85709 , 0.100833 , 3.01933 , -2.85008 , 0.036848 , 3.02047
6.92236 , -2.82918 , -0.00606585 , 3.02284 , -2.82862 , 0.0125856 , 3.02854
6.95461 , -2.81937 , 0.0569899 , 3.0358 , -2.80641 , -0.0220093 , 3.03216
6.98686 , -2.79964 , -0.0185392 , 3.03609 , -2.79572 , -0.0377147 , 3.03647
7.02196 , -2.78813 , -0.0527494 , 3.03766 , -2.787 , -0.0500195 , 3.04203
7.0529 , -2.78448 , 0.0390941 , 3.0565 , -2.77126 , -0.263922 , 3.0204
7.09316 , -2.77221 , -0.376259 , 3.01698 , -2.78243 , -0.0914437 , 3.05705
7.14253 , -2.77962 , -0.0695203 , 3.0578 , -2.7821 , -0.0632004 , 3.06094
7.1924 , -2.78309 , -0.0589814 , 3.06331 , -2.78625 , -0.0563494 , 3.06519
7.24376 , -2.78544 , -0.0539056 , 3.06657 , -2.78333 , -0.0548449 , 3.06812
7.28911 , -2.7856 , -0.043868 , 3.07092 , -2.78195 , -0.0535387 , 3.07004
7.3222 , -2.78264 , -0.0396274 , 3.07126 , -2.77836 , -0.0426621 , 3.07309
7.35525 , -2.77363 , -0.0370523 , 3.07589 , -2.77159 , -0.0377911 , 3.07157
7.39058 , -2.7668 , -0.0295668 , 3.07585 , -2.76321 , -0.0254639 , 3.07569
7.42848 , -2.75777 , -0.0248517 , 3.07271 , -2.75472 , -0.0239082 , 3.07481
7.48143 , -2.75048 , -0.0169855 , 3.07231 , -2.74769 , -0.0166711 , 3.07456
7.53095 , -2.74354 , -0.00987756 , 3.07218 , -2.74156 , -0.0175457 , 3.07106
7.58064 , -2.73656 , -0.0121924 , 3.07474 , -2.73397 , -0.00716866 , 3.07446
7.62927 , -2.72927 , -0.000790151 , 3.07487 , -2.72704 , 0.00100118 , 3.07591
7.68005 , -2.72261 , 0.00558517 , 3.07618 , -2.72116 , 0.00690455 , 3.07731
7.72881 , -2.71673 , 0.0122711 , 3.0779 , -2.71512 , 0.012476 , 3.07832
7.7606 , -2.71017 , 0.0218484 , 3.07967 , -2.70758 , 0.0214453 , 3.07943
7.79434 , -2.70181 , 0.0299987 , 3.08113 , -2.69994 , 0.0307236 , 3.08243
7.828 , -2.6923 , 0.0362766 , 3.08404 , -2.6882 , 0.0360371 , 3.08457
7.86332 , -2.67885 , 0.0426212 , 3.08443 , -2.67324 , 0.0441824 , 3.0847
7.90299 , -2.66463 , 0.0405755 , 3.08308 , -2.65734 , 0.044277 , 3.08347
7.94629 , -2.64906 , 0.04606 , 3.08152 , -2.64518 , 0.0577617 , 3.07982
7.98462 , -2.63061 , 0.0530501 , 3.08212 , -2.627 , 0.0634346 , 3.07969
8.02967 , -2.61513 , 0.0697529 , 3.08209 , -2.60548 , 0.0612655 , 3.08182
8.06557 , -2.59123 , 0.054579 , 3.08113 , -2.58525 , 0.0587985 , 3.08087
8.11359 , -2.57598 , 0.0705886 , 3.07667 , -2.56364 , 0.0580948 , 3.0803
8.14945 , -2.55467 , 0.0720849 , 3.07922 , -2.54432 , 0.0595553 , 3.07793
8.19622 , -2.53188 , 0.0584764 , 3.0787 , -2.52928 , 0.0652466 , 3.07514
8.22666 , -2.52254 , 0.0800364 , 3.0725 , -2.51 , 0.0706977 , 3.08132
8.2627 , -2.50456 , 0.0837973 , 3.0846 , -2.49289 , 0.0719381 , 3.0837
8.29539 , -2.48658 , 0.0715846 , 3.08225 , -2.47963 , 0.0768179 , 3.07804
8.33076 , -2.47001 , 0.0830763 , 3.08941 , -2.46872 , 0.0835002 , 3.07802
8.36601 , -2.46324 , 0.108308 , 3.08365 , -2.45204 , 0.100729 , 3.09669
8.40207 , -2.44425 , 0.0999932 , 3.10106 , -2.44268 , 0.127493 , 3.09468
8.44912 , -2.42944 , 0.121644 , 3.1106 , -2.43154 , 0.123724 , 3.09676
8.48559 , -2.4237 , 0.132125 , 3.09529 , -2.41305 , 0.135188 , 3.11282
8.53332 , -2.40246 , 0.138442 , 3.13175 , -2.4051 , 0.133168 , 3.10862
8.56914 , -2.39223 , 0.141028 , 3.13655 , -2.39269 , 0.141448 , 3.13167
8.62414 , -2.38041 , 0.138954 , -3.13746 , -2.37606 , 0.140258 , -3.13889
8.67318 , -2.36602 , 0.138395 , -3.13657 , -2.3661 , 0.131804 , 3.12129
8.72377 , -2.35588 , 0.139868 , -3.1374 , -2.3544 , 0.129532 , 3.13943
8.77302 , -2.34256 , 0.121937 , -3.12849 , -2.33948 , 0.130779 , -3.12749
8.82309 , -2.3295 , 0.0968463 , 3.1332 , -2.32491 , 0.103185 , -3.12704
8.87557 , -2.31281 , 0.0983906 , -3.1134 , -2.31319 , 0.0990149 , -3.12997
8.92285 , -2.30449 , 0.0949663 , -3.11113 , -2.30121 , 0.0817468 , -3.12356
8.97312 , -2.29214 , 0.0798683 , -3.10158 , -2.29107 , 0.0833028 , -3.09566
9.02168 , -2.28453 , 0.0595355 , -3.11882 , -2.28341 , 0.0617962 , -3.0968
9.06893 , -2.27641 , 0.057949 , -3.08211 , -2.27294 , 0.0448052 , -3.09555
9.10506 , -2.268 , 0.0405181 , -3.07477 , -2.26884 , 0.0437613 , -3.06835
9.14091 , -2.26696 , 0.039824 , -3.05436 , -2.26623 , 0.0180812 , -3.0681
9.18401 , -2.26203 , 0.0117623 , -3.05074 , -2.26494 , 0.0172592 , -3.04533
9.2197 , -2.26904 , -0.00639855 , -3.05601 , -2.27258 , 0.010591 , -3.0383
9.25157 , -2.27615 , 0.00994529 , -3.02817 , -2.28031 , -0.00633447 , -3.04202
9.28333 , -2.28513 , -0.0153916 , -3.02749 , -2.29223 , -0.0180776 , -3.03704
9.32048 , -2.29927 , -0.0310881 , -3.02569 , -2.30686 , -0.0289449 , -3.03438
9.3532 , -2.31625 , -0.0408151 , -3.02404 , -2.32735 , -0.0399507 , -3.02872
9.38433 , -2.33789 , -0.0453818 , -3.02015 , -2.34683 , -0.0415627 , -3.02373
9.42045 , -2.36074 , -0.0543712 , -3.01765 , -2.3722 , -0.038537 , -3.01863
9.45134 , -2.38371 , -0.0395851 , -3.00721 , -2.39777 , -0.0355384 , -3.0126
9.48487 , -2.40952 , -0.0422936 , -3.00716 , -2.42942 , -0.00291747 , -2.98315
9.51942 , -2.43861 , -0.0211037 , -2.9875 , -2.44706 , -0.00158199 , -3.00002
9.55183 , -2.45432 , -0.0139329 , -2.99449 , -2.46134 , -0.020811 , -3.02376
9.58844 , -2.48108 , -0.0226589 , -3.01862 , -2.50044 , 0.012041 , -3.00624
9.61923 , -2.51683 , 0.0169029 , -2.98811 , -2.53169 , 0.0151904 , -2.98855
9.65244 , -2.54087 , 0.0134384 , -2.98317 , -2.54249 , 0.0215885 , -2.97655
9.68831 , -2.55542 , 0.0244546 , -2.97983 , -2.55926 , 0.0210673 , -2.98127
9.72165 , -2.57341 , 0.0155658 , -2.98216 , -2.5754 , 0.0222627 , -2.98135
9.75617 , -2.58636 , 0.0178884 , -2.97998 , -2.58929 , 0.0226501 , -2.98431
9.78684 , -2.61093 , 0.0280244 , -3.0016 , -2.61303 , 0.0232942 , -3.00647
9.8217 , -2.62111 , 0.0196068 , -3.00471 , -2.62104 , 0.0225089 , -3.00279
9.85652 , -2.62874 , 0.0225996 , -3.00563 , -2.62877 , 0.0247952 , -3.00541
9.88798 , -2.63432 , 0.0242826 , -3.00797 , -2.63547 , 0.0269348 , -3.00917
9.92387 , -2.63965 , 0.0285544 , -3.00907 , -2.64234 , 0.0306721 , -3.01291
9.95489 , -2.64313 , 0.0347666 , -3.00938 , -2.64581 , 0.0391165 , -3.01311
9.98809 , -2.64965 , 0.047702 , -3.01423 , -2.6504 , 0.0452834 , -3.01716
10.0238 , -2.64956 , 0.0499489 , -3.01688 , -2.64978 , 0.0494726 , -3.01978
10.0554 , -2.64915 , 0.0522607 , -3.01782 , -2.64608 , 0.0196128 , -3.03322
10.0918 , -2.64768 , 0.0143566 , -3.03356 , -2.64701 , 0.00910183 , -3.03343
10.126 , -2.65017 , 0.0129341 , -3.03346 , -2.65054 , 0.00799605 , -3.03448
10.1603 , -2.65302 , 0.0255465 , -3.03493 , -2.65103 , 0.0462155 , -3.02485
10.1952 , -2.66208 , 0.0170348 , -3.06067 , -2.65321 , 0.0679093 , -3.02649
10.2266 , -2.65317 , 0.074643 , -3.01944 , -2.65077 , 0.0507167 , -3.02628
10.2592 , -2.65829 , 0.0266395 , -3.05286 , -2.6493 , 0.0487616 , -3.03678
10.2918 , -2.64903 , 0.0444255 , -3.03414 , -2.64587 , 0.0529559 , -3.0334
10.3251 , -2.64296 , 0.0556828 , -3.02996 , -2.63607 , 0.0532095 , -3.03239
10.3589 , -2.62838 , 0.0491892 , -3.0281 , -2.62444 , 0.0436252 , -3.03302
10.3907 , -2.6122 , 0.0559608 , -3.02702 , -2.60665 , 0.0637849 , -3.02728
10.4284 , -2.59507 , 0.0651276 , -3.0217 , -2.5878 , 0.0703709 , -3.02504
10.4598 , -2.57132 , 0.0707823 , -3.01274 , -2.56152 , 0.0743261 , -3.01984
10.4987 , -2.54722 , 0.0664689 , -3.01322 , -2.53761 , 0.0683489 , -3.01819
10.5506 , -2.52363 , 0.0619805 , -3.0147 , -2.51442 , 0.065193 , -3.01632
10.6032 , -2.49939 , 0.0575285 , -3.01519 , -2.49037 , 0.0624143 , -3.01193
10.6525 , -2.45924 , 0.00492304 , -3.00148 , -2.44878 , 0.0150136 , -2.98959
10.7029 , -2.43463 , -0.00601048 , -2.98857 , -2.42381 , -0.00802898 , -2.99239
10.7499 , -2.40741 , -0.021618 , -2.9856 , -2.39773 , -0.0297912 , -2.98968
10.7958 , -2.38098 , -0.0337595 , -2.9798 , -2.3696 , -0.040217 , -2.9837
10.828 , -2.35491 , -0.0538364 , -2.98598 , -2.34383 , -0.045814 , -2.98471
10.8624 , -2.32666 , -0.0518669 , -2.98152 , -2.31187 , -0.0816409 , -2.98316
10.8969 , -2.29574 , -0.085296 , -2.97855 , -2.28773 , -0.0893077 , -2.98066
10.9311 , -2.27033 , -0.103996 , -2.977 , -2.25471 , -0.120283 , -2.97534
10.9623 , -2.23906 , -0.142258 , -2.98254 , -2.22827 , -0.140306 , -2.97082
11.0009 , -2.21152 , -0.16096 , -2.97874 , -2.19847 , -0.154523 , -2.97114
11.0503 , -2.17516 , -0.197445 , -2.99213 , -2.16529 , -0.187064 , -2.99028
11.0825 , -2.14201 , -0.200294 , -2.99724 , -2.13439 , -0.198432 , -3.00064
11.1156 , -2.11386 , -0.204815 , -3.01824 , -2.10566 , -0.206156 , -3.01661
11.1466 , -2.08795 , -0.224023 , -3.02515 , -2.08971 , -0.220014 , -3.03334
11.1821 , -2.06976 , -0.22126 , -3.07001 , -2.0551 , -0.233598 , -3.05208
11.2135 , -2.04574 , -0.233609 , -3.05795 , -2.04245 , -0.245474 , -3.06031
11.2463 , -2.03512 , -0.252611 , -3.06258 , -2.03707 , -0.239786 , -3.06505
11.2819 , -2.03993 , -0.225038 , -3.04326 , -2.03966 , -0.217895 , -3.05424
11.3164 , -2.03832 , -0.218333 , -3.05314 , -2.04503 , -0.199488 , -3.0464
11.3473 , -2.04971 , -0.18891 , -3.0484 , -2.06071 , -0.173854 , -3.03149
11.3804 , -2.06818 , -0.157505 , -3.03606 , -2.08103 , -0.129003 , -3.02041
11.4161 , -2.09514 , -0.119047 , -3.03117 , -2.10776 , -0.0937372 , -3.02594
11.4476 , -2.12538 , -0.0880213 , -3.04039 , -2.14397 , -0.0554852 , -3.02124
11.4842 , -2.16557 , -0.0514329 , -3.04093 , -2.18609 , -0.0300674 , -3.0409
11.5152 , -2.21079 , -0.0306519 , -3.06452 , -2.23017 , 0.00889644 , -3.05314
11.5483 , -2.25859 , 0.00763448 , -3.0779 , -2.2833 , 0.0487935 , -3.07433
11.5856 , -2.30838 , 0.0331521 , -3.09298 , -2.33491 , 0.0462793 , -3.10156
11.618 , -2.36337 , 0.0468637 , -3.11813 , -2.38229 , 0.072338 , -3.11802
11.6502 , -2.41753 , 0.0884176 , -3.1102 , -2.4445 , 0.123992 , -3.1206
11.6866 , -2.47963 , 0.133604 , -3.132 , -2.5068 , 0.163652 , -3.12333
11.7179 , -2.54376 , 0.166938 , 3.13551 , -2.57272 , 0.196486 , 3.13816
11.7531 , -2.61183 , 0.194526 , 3.11608 , -2.63277 , 0.215629 , 3.12476
11.7858 , -2.67245 , 0.20488 , 3.10448 , -2.6907 , 0.218115 , 3.11383
11.8167 , -2.72217 , 0.214634 , 3.10629 , -2.74756 , 0.218215 , 3.0968
11.8517 , -2.7801 , 0.227384 , 3.09357 , -2.8007 , 0.213342 , 3.09286
11.8855 , -2.83255 , 0.213852 , 3.07381 , -2.84902 , 0.21492 , 3.08363
11.9189 , -2.8723 , 0.197829 , 3.07051 , -2.89493 , 0.199068 , 3.07125
11.9522 , -2.91929 , 0.186603 , 3.06057 , -2.92625 , 0.173239 , 3.0671
11.9913 , -2.94974 , 0.161383 , 3.05184 , -2.96207 , 0.165821 , 3.05505
12.0404 , -2.97196 , 0.160959 , 3.04926 , -2.97726 , 0.143036 , 3.05216
12.0933 , -2.9949 , 0.142375 , 3.03599 , -2.9991 , 0.146943 , 3.04203
12.1418 , -3.00177 , 0.108245 , 3.03412 , -3.00463 , 0.122249 , 3.03417
12.1881 , -3.01761 , 0.140591 , 3.01955 , -3.0172 , 0.135714 , 3.01974
12.2206 , -3.02264 , 0.151045 , 3.00739 , -3.01901 , 0.146622 , 3.00726
12.2533 , -3.02278 , 0.160222 , 2.99615 , -3.02375 , 0.169601 , 2.99022
12.2948 , -3.0243 , 0.182083 , 2.97896 , -3.02508 , 0.178801 , 2.97753
12.342 , -3.02114 , 0.1944 , 2.96436 , -3.01985 , 0.19869 , 2.96227
12.3734 , -3.00888 , 0.196412 , 2.95541 , -3.00613 , 0.198543 , 2.95216
12.4061 , -2.99473 , 0.204544 , 2.94686 , -2.9888 , 0.207405 , 2.94612
12.4375 , -2.97745 , 0.20041 , 2.94558 , -2.97966 , 0.199396 , 2.94124
12.4715 , -2.95772 , 0.196332 , 2.94384 , -2.9462 , 0.185813 , 2.94774
12.5046 , -2.92096 , 0.175941 , 2.94887 , -2.91194 , 0.16841 , 2.95229
12.5411 , -2.89516 , 0.148499 , 2.94939 , -2.87687 , 0.12935 , 2.95562
12.5756 , -2.85611 , 0.116317 , 2.95661 , -2.83824 , 0.0949461 , 2.96295
12.6128 , -2.8128 , 0.076476 , 2.96566 , -2.80107 , 0.0813798 , 2.97177
12.6601 , -2.77357 , 0.0577483 , 2.97497 , -2.7565 , 0.030744 , 2.98051
12.6969 , -2.74158 , 0.00841161 , 2.98162 , -2.73571 , 0.0137235 , 2.99066
12.7425 , -2.72256 , -0.0144134 , 2.99191 , -2.72094 , -0.0494805 , 2.991
12.7767 , -2.71686 , -0.0457811 , 3.0028 , -2.7083 , -0.0836955 , 3.00697
12.8119 , -2.70672 , -0.0736987 , 3.01212 , -2.70934 , -0.10903 , 3.01182
12.8452 , -2.70597 , -0.148823 , 3.01811 , -2.70636 , -0.136926 , 3.02061
12.878 , -2.70659 , -0.126267 , 3.02726 , -2.71376 , -0.121039 , 3.03134
12.9105 , -2.71466 , -0.1211 , 3.03361 , -2.72487 , -0.102388 , 3.03633
12.9462 , -2.7267 , -0.101664 , 3.0379 , -2.72706 , -0.0907973 , 3.04102
12.9774 , -2.73741 , -0.0677258 , 3.046 , -2.73531 , -0.0731928 , 3.04514
13.0085 , -2.73742 , -0.064709 , 3.04881 , -2.7416 , -0.0599789 , 3.04595
13.0444 , -2.74263 , -0.065432 , 3.04705 , -2.74218 , -0.0750442 , 3.0465
13.0755 , -2.74272 , -0.0828685 , 3.04903 , -2.74431 , -0.0905131 , 3.04875
13.1086 , -2.74555 , -0.0978996 , 3.05157 , -2.74623 , -0.0911245 , 3.05552
13.1441 , -2.74909 , -0.0944728 , 3.05854 , -2.7484 , -0.0961137 , 3.06063
13.1757 , -2.75215 , -0.101871 , 3.06088 , -2.75223 , -0.0988791 , 3.06461
13.2123 , -2.75439 , -0.102356 , 3.06699 , -2.75581 , -0.102271 , 3.07053
13.2466 , -2.76123 , -0.103437 , 3.07545 , -2.76256 , -0.106681 , 3.07767
13.2776 , -2.76451 , -0.113728 , 3.07944 , -2.77164 , -0.109179 , 3.08156
13.3098 , -2.77446 , -0.110738 , 3.08349 , -2.77646 , -0.111759 , 3.0866
13.3453 , -2.78288 , -0.105076 , 3.08942 , -2.78391 , -0.111792 , 3.0909
13.3799 , -2.79545 , -0.0991431 , 3.09193 , -2.79702 , -0.109665 , 3.09334
13.4165 , -2.81333 , -0.0928316 , 3.09306 , -2.81991 , -0.087702 , 3.09452
13.4638 , -2.83324 , -0.0755387 , 3.09689 , -2.84357 , -0.0671516 , 3.09426
13.5031 , -2.85588 , -0.0564357 , 3.0948 , -2.86482 , -0.0496786 , 3.09364
13.5476 , -2.87627 , -0.0357087 , 3.09387 , -2.88654 , -0.0262731 , 3.09252
13.5786 , -2.89723 , -0.0161678 , 3.09194 , -2.90388 , -0.00584332 , 3.0913
13.6162 , -2.9134 , 0.00839553 , 3.0902 , -2.92146 , 0.0113287 , 3.08772
13.6477 , -2.92761 , 0.0277193 , 3.0881 , -2.93221 , 0.02563 , 3.08753
13.6789 , -2.93947 , 0.0393742 , 3.08492 , -2.94301 , 0.0468073 , 3.08355
13.7159 , -2.94511 , 0.0560183 , 3.08208 , -2.94932 , 0.0546723 , 3.0809
13.7514 , -2.94793 , 0.0634711 , 3.07852 , -2.94824 , 0.0717208 , 3.07911
13.7846 , -2.94931 , 0.0780168 , 3.07473 , -2.95114 , 0.0796584 , 3.07296
13.8178 , -2.94629 , 0.0841976 , 3.06986 , -2.9471 , 0.0854978 , 3.06896
13.8504 , -2.94323 , 0.0938789 , 3.06701 , -2.94039 , 0.0938807 , 3.06572
13.8857 , -2.93405 , 0.0993704 , 3.06463 , -2.93115 , 0.101979 , 3.06364
13.9191 , -2.92128 , 0.110369 , 3.06249 , -2.91197 , 0.100115 , 3.06451
13.9548 , -2.90731 , 0.117044 , 3.06199 , -2.89808 , 0.108697 , 3.06261
13.9985 , -2.88584 , 0.107474 , 3.06206 , -2.87875 , 0.116984 , 3.06199
14.0323 , -2.86173 , 0.113708 , 3.06304 , -2.85275 , 0.120393 , 3.06092
14.0661 , -2.83152 , 0.10985 , 3.0645 , -2.82302 , 0.117308 , 3.07026
14.1016 , -2.79996 , 0.10851 , 3.06794 , -2.78906 , 0.112283 , 3.06313
14.1327 , -2.7712 , 0.121777 , 3.06292 , -2.7562 , 0.113981 , 3.06417
14.1653 , -2.72613 , 0.102403 , 3.06884 , -2.71768 , 0.108438 , 3.06054
14.2049 , -2.68685 , 0.10427 , 3.06669 , -2.67289 , 0.103363 , 3.06802
14.2364 , -2.64727 , 0.103778 , 3.07172 , -2.63537 , 0.102072 , 3.05778
14.2675 , -2.61004 , 0.0925363 , 3.05581 , -2.59426 , 0.10355 , 3.06803
14.2995 , -2.57067 , 0.105592 , 3.08129 , -2.55297 , 0.0948571 , 3.07077
14.3333 , -2.53116 , 0.0753559 , 3.06815 , -2.51665 , 0.0760666 , 3.06229
14.369 , -2.48822 , 0.0713766 , 3.07414 , -2.47741 , 0.0713529 , 3.0835
14.4012 , -2.45697 , 0.0629743 , 3.07003 , -2.4426 , 0.0714545 , 3.08704
14.4345 , -2.42211 , 0.0539606 , 3.07148 , -2.41154 , 0.0663188 , 3.09177
14.4715 , -2.39178 , 0.0549783 , 3.09233 , -2.37717 , 0.0647522 , 3.10651
14.5026 , -2.35999 , 0.0622056 , 3.0976 , -2.34777 , 0.0635567 , 3.11481
14.5357 , -2.32951 , 0.0477053 , 3.10108 , -2.31769 , 0.0526186 , 3.12077
14.5705 , -2.30209 , 0.0556758 , 3.11113 , -2.29114 , 0.0527682 , 3.12948
14.6059 , -2.27616 , 0.0483983 , -3.14028 , -2.26811 , 0.0397469 , 3.12482
14.6403 , -2.25404 , 0.0387464 , -3.13925 , -2.24684 , 0.0453066 , -3.13262
14.6794 , -2.23842 , 0.0390158 , -3.13873 , -2.23092 , 0.0405474 , -3.1261
14.7234 , -2.22262 , 0.0371844 , -3.1146 , -2.2195 , 0.0364218 , -3.13091
14.7598 , -2.21126 , 0.0290132 , -3.11477 , -2.2124 , 0.0378292 , -3.1191
14.8072 , -2.20551 , 0.0238996 , -3.11421 , -2.20684 , 0.0302863 , -3.1042
14.8411 , -2.20231 , 0.0332732 , -3.10047 , -2.20249 , 0.0389682 , -3.08929
14.8725 , -2.19962 , 0.0408794 , -3.0904 , -2.19943 , 0.0469972 , -3.08008
14.9033 , -2.20129 , 0.0592883 , -3.0653 , -2.20048 , 0.0619339 , -3.0616
14.942 , -2.19803 , 0.0624467 , -3.02758 , -2.19631 , 0.0547042 , -3.02795
14.9808 , -2.20252 , 0.0540552 , -3.00764 , -2.2067 , 0.0726946 , -3.01296
15.0268 , -2.20825 , 0.0676798 , -3.0062 , -2.21579 , 0.0588476 , -2.98967
15.0619 , -2.22181 , 0.0420063 , -2.99416 , -2.23157 , 0.0523582 , -2.98486
15.1116 , -2.23972 , 0.0385816 , -2.98812 , -2.25 , 0.0481655 , -2.9819
15.1607 , -2.25917 , 0.0240128 , -2.99006 , -2.26942 , 0.0309865 , -2.98562
15.2113 , -2.28557 , 0.0354198 , -2.98408 , -2.29417 , 0.0338702 , -2.9869
15.2446 , -2.30648 , 0.0168219 , -2.98095 , -2.32342 , 0.0482437 , -2.97361
15.2756 , -2.33207 , 0.0478641 , -2.96378 , -2.34839 , 0.0555677 , -2.97094
15.3129 , -2.36045 , 0.0536663 , -2.96575 , -2.37356 , 0.0409169 , -2.97266
15.3599 , -2.38732 , 0.0271426 , -2.97036 , -2.40183 , 0.0446859 , -2.97608
15.3995 , -2.43187 , 0.0673598 , -3.03891 , -2.43854 , 0.0860191 , -2.98058
15.4495 , -2.61287 , -0.0371881 , -3.12543 , -2.20377 , -0.0298389 , 3.04261
15.4963 , -2.24014 , -0.108504 , 3.00645 , -2.24461 , -0.0771235 , 3.00878
15.5278 , -2.26806 , -0.0974667 , 3.01642 , -2.30149 , -0.0931342 , 3.0236
15.5618 , -2.29694 , -0.0777296 , 3.02083 , -2.3345 , -0.0956233 , 3.03371
15.5927 , -2.32019 , 0.0446092 , 2.94762 , -2.32726 , 0.0283983 , 2.97954
15.625 , -2.33663 , 0.064219 , 2.97216 , -2.33907 , 0.0615095 , 2.98471
15.6583 , -2.35221 , 0.0843513 , 2.98782 , -2.75113 , 0.00740362 , -3.12446
15.6948 , -2.60957 , 0.193671 , -3.01209 , -2.61305 , 0.198349 , -3.01085
15.7253 , -2.61854 , 0.250926 , -2.98912 , -2.60938 , 0.234557 , -3.02672
15.759 , -2.62861 , 0.227652 , -2.99433 , -2.62449 , 0.234515 , -3.01159
15.7947 , -2.63214 , 0.226229 , -2.98911 , -2.6289 , 0.227031 , -2.99116
15.8263 , -2.6304 , 0.227784 , -2.97847 , -2.62949 , 0.224787 , -2.98258
15.8627 , -2.63139 , 0.217435 , -2.98002 , -2.62329 , 0.215372 , -2.96901
15.8967 , -2.6256 , 0.217007 , -2.97293 , -2.61897 , 0.212271 , -2.96355
15.9276 , -2.61645 , 0.20816 , -2.96942 , -2.61114 , 0.211064 , -2.96364
15.9624 , -2.60608 , 0.208856 , -2.96904 , -2.60283 , 0.201575 , -2.96849
15.9968 , -2.59609 , 0.196493 , -2.97118 , -2.59335 , 0.201929 , -2.97017
16.0278 , -2.58379 , 0.196655 , -2.96989 , -2.58056 , 0.20165 , -2.9697
16.0612 , -2.56636 , 0.203457 , -2.96347 , -2.56163 , 0.199887 , -2.96789
16.0958 , -2.54866 , 0.201572 , -2.96312 , -2.53772 , 0.225692 , -2.95693
16.1282 , -2.52093 , 0.232404 , -2.94358 , -2.51056 , 0.211362 , -2.95608
16.165 , -2.49935 , 0.207437 , -2.952 , -2.48722 , 0.207923 , -2.95435
16.1953 , -2.47577 , 0.205727 , -2.94945 , -2.44017 , 0.20269 , -2.9541
16.2288 , -2.44863 , 0.224864 , -2.92915 , -2.41863 , 0.106904 , -2.89786
16.2635 , -2.41172 , 0.113907 , -2.89411 , -2.39886 , 0.119355 , -2.89889
16.298 , -2.39029 , 0.110306 , -2.88868 , -2.3809 , 0.105039 , -2.89226
16.3295 , -2.36857 , 0.0890621 , -2.88857 , -2.35931 , 0.0840059 , -2.89373
16.3659 , -2.3489 , 0.0625457 , -2.89721 , -2.33444 , 0.0633035 , -2.88917
16.3965 , -2.31649 , 0.00659736 , -2.91064 , -2.31407 , 0.0491601 , -2.89444
16.4301 , -2.29897 , 0.0203787 , -2.90708 , -2.29199 , 0.0108672 , -2.91767
16.4657 , -2.27946 , -0.0305839 , -2.93112 , -2.27467 , -0.026375 , -2.9275
16.4974 , -2.26365 , -0.0263621 , -2.93332 , -2.25789 , -0.033493 , -2.93256
16.5344 , -2.2455 , -0.0385655 , -2.92476 , -2.23741 , -0.0471933 , -2.94052
16.5687 , -2.22856 , -0.0615756 , -2.94642 , -2.22611 , -0.0601022 , -2.95111
16.6002 , -2.22098 , -0.0651088 , -2.95091 , -2.22051 , -0.0735575 , -2.96291
16.6315 , -2.21481 , -0.0832726 , -2.9661 , -2.21571 , -0.0626607 , -2.96354
16.6733 , -2.21312 , -0.0668882 , -2.97621 , -2.20995 , -0.0869206 , -2.99317
16.7239 , -2.20681 , -0.0682653 , -2.98082 , -2.2075 , -0.0633862 , -2.98984
16.77 , -2.20798 , -0.042311 , -2.98039 , -2.20289 , -0.0415021 , -2.99081
16.8009 , -2.20469 , -0.0298415 , -2.98307 , -2.21056 , -0.0337245 , -2.99725
16.8361 , -2.20514 , -0.0392798 , -3.00504 , -2.2144 , 0.00390113 , -2.97127
16.8725 , -2.21807 , 0.00221847 , -2.98754 , -2.22083 , 0.00970397 , -2.9896
16.9036 , -2.22161 , 0.0307601 , -2.97388 , -2.229 , 0.0237477 , -2.99422
16.9387 , -2.22953 , 0.0309996 , -2.99078 , -2.23661 , 0.0379641 , -2.98353
16.9699 , -2.24123 , 0.037813 , -2.99437 , -2.25029 , 0.0429717 , -2.98136
17.0038 , -2.25663 , 0.0335899 , -2.98325 , -2.26813 , 0.0394468 , -3.00045
17.0364 , -2.27355 , 0.0366583 , -2.99572 , -2.28526 , 0.0412213 , -3.011
17.0691 , -2.29809 , 0.0438115 , -3.01117 , -2.30766 , 0.0420925 , -3.02148
17.1042 , -2.31796 , 0.0402118 , -3.02018 , -2.3305 , 0.0448656 , -3.01912
17.1404 , -2.34601 , 0.049058 , -3.01209 , -2.36173 , 0.0526912 , -3.01891
17.1734 , -2.3761 , 0.0524039 , -3.03931 , -2.38832 , 0.0573148 , -3.04081
17.2059 , -2.40395 , 0.070603 , -3.03393 , -2.41857 , 0.0751283 , -3.05414
17.2382 , -2.43158 , 0.0840164 , -3.06846 , -2.44086 , 0.0871802 , -3.06632
17.2705 , -2.45156 , 0.0868659 , -3.07404 , -2.46425 , 0.0904174 , -3.0606
17.3051 , -2.48329 , 0.110218 , -3.07999 , -2.49262 , 0.110578 , -3.08856
17.3414 , -2.50213 , 0.110737 , -3.10493 , -2.50959 , 0.117631 , -3.09823
17.378 , -2.51934 , 0.10183 , -3.10743 , -2.52954 , 0.100518 , -3.11377
17.4245 , -2.5457 , 0.102139 , -3.14137 , -2.55425 , 0.0987878 , 3.13697
17.456 , -2.56538 , 0.085742 , 3.12249 , -2.57491 , 0.0821999 , 3.11238
17.4933 , -2.58864 , 0.0913245 , 3.09236 , -2.59131 , 0.0863816 , 3.09723
17.5388 , -2.60172 , 0.0749187 , 3.07929 , -2.60559 , 0.0713709 , 3.0771
17.5719 , -2.61993 , 0.0815987 , 3.05669 , -2.62299 , 0.0842893 , 3.06101
17.608 , -2.63353 , 0.089207 , 3.04919 , -2.6367 , 0.0890877 , 3.04344
17.6407 , -2.65095 , 0.107411 , 3.02968 , -2.65286 , 0.107842 , 3.03112
17.675 , -2.65835 , 0.120731 , 3.02105 , -2.65992 , 0.0964524 , 3.02089
17.7142 , -2.65935 , 0.0877673 , 3.00481 , -2.66656 , 0.127491 , 3.00351
17.7561 , -2.67352 , 0.144281 , 3.00169 , -2.67689 , 0.148018 , 2.99391
17.7907 , -2.67659 , 0.158014 , 2.99019 , -2.68342 , 0.162648 , 2.98577
17.8235 , -2.68758 , 0.170748 , 2.98025 , -2.68972 , 0.172398 , 2.97821
17.8576 , -2.68809 , 0.170363 , 2.97613 , -2.68403 , 0.16627 , 2.98286
17.8913 , -2.68389 , 0.158871 , 2.97879 , -2.67901 , 0.142858 , 2.98395
17.9248 , -2.68158 , 0.13796 , 2.98183 , -2.68565 , 0.136143 , 2.98108
17.9577 , -2.68521 , 0.131695 , 2.9831 , -2.68795 , 0.126817 , 2.98286
