832

0.024248 , -0.809144 , -0.0839236 , 0.585325 , -0.756735 , -0.0804646 , 0.587409
0.064605 , -0.809112 , -0.084213 , 0.585707 , -0.776976 , -0.0724267 , 0.589615
0.110522 , -0.809265 , -0.0844516 , 0.585464 , -0.812759 , -0.0774456 , 0.588595
0.1502 , -0.809517 , -0.0845787 , 0.585379 , -0.833488 , -0.0837168 , 0.587717
0.19522 , -0.809502 , -0.0845636 , 0.585646 , -0.835301 , -0.084884 , 0.587732
0.234407 , -0.809612 , -0.0847509 , 0.585454 , -0.825576 , -0.0825661 , 0.587999
0.277776 , -0.809804 , -0.0847641 , 0.58556 , -0.812844 , -0.0797601 , 0.588299
0.315207 , -0.810322 , -0.0850083 , 0.584941 , -0.802576 , -0.0784457 , 0.587612
0.36137 , -0.810747 , -0.085002 , 0.585087 , -0.797421 , -0.0792928 , 0.586484
0.400228 , -0.810647 , -0.0846001 , 0.586173 , -0.796777 , -0.0814289 , 0.585976
0.442086 , -0.810811 , -0.0846117 , 0.586257 , -0.799315 , -0.08293 , 0.585727
0.482972 , -0.811113 , -0.0847547 , 0.585976 , -0.802681 , -0.0838741 , 0.585558
0.530529 , -0.811291 , -0.0849088 , 0.585614 , -0.806134 , -0.0841929 , 0.585479
0.569604 , -0.811543 , -0.0847655 , 0.58596 , -0.808199 , -0.0839719 , 0.585692
0.613877 , -0.811521 , -0.08472 , 0.586231 , -0.808229 , -0.0835803 , 0.586227
0.653675 , -0.811526 , -0.0845598 , 0.586724 , -0.807421 , -0.0834295 , 0.586339
0.698131 , -0.811302 , -0.0847865 , 0.586462 , -0.807257 , -0.0833855 , 0.587455
0.736718 , -0.811555 , -0.0844685 , 0.587132 , -0.806494 , -0.0829504 , 0.587455
0.781958 , -0.811667 , -0.0845207 , 0.587104 , -0.806053 , -0.0828428 , 0.587131
0.81986 , -0.811897 , -0.0846052 , 0.586888 , -0.806261 , -0.0825614 , 0.586668
0.871326 , -0.811577 , -0.0846576 , 0.586618 , -0.80673 , -0.0828845 , 0.58669
0.919417 , -0.811543 , -0.0846353 , 0.586615 , -0.806302 , -0.0834085 , 0.586666
0.964058 , -0.810952 , -0.0847026 , 0.586664 , -0.805068 , -0.0836248 , 0.586231
1.00168 , -0.809811 , -0.0850252 , 0.586542 , -0.804474 , -0.0837956 , 0.586405
1.04352 , -0.809855 , -0.0849715 , 0.586585 , -0.804674 , -0.0838323 , 0.586425
1.08601 , -0.809502 , -0.084859 , 0.586473 , -0.804599 , -0.0838706 , 0.586297
1.13345 , -0.809417 , -0.0847555 , 0.586642 , -0.804454 , -0.0838378 , 0.586407
1.17172 , -0.809417 , -0.0847555 , 0.586642 , -0.804865 , -0.083499 , 0.586682
1.21584 , -0.808141 , -0.0847252 , 0.586631 , -0.803935 , -0.0837408 , 0.586489
1.25276 , -0.80827 , -0.0846516 , 0.586667 , -0.803936 , -0.0834926 , 0.586637
1.28974 , -0.808361 , -0.0845459 , 0.586533 , -0.803741 , -0.0835264 , 0.586479
1.33679 , -0.808361 , -0.0845459 , 0.586533 , -0.803841 , -0.0830721 , 0.585905
1.37535 , -0.808273 , -0.0844453 , 0.586621 , -0.803742 , -0.0832286 , 0.586019
1.41891 , -0.808343 , -0.0843989 , 0.586613 , -0.803476 , -0.0828746 , 0.586076
1.45828 , -0.808567 , -0.0843911 , 0.586406 , -0.803219 , -0.0827401 , 0.586011
1.5038 , -0.808533 , -0.0842418 , 0.586586 , -0.803591 , -0.0830999 , 0.586315
1.54201 , -0.808482 , -0.0839632 , 0.586986 , -0.804083 , -0.0835489 , 0.587612
1.58875 , -0.808336 , -0.0835215 , 0.587645 , -0.804729 , -0.0831173 , 0.588357
1.62677 , -0.808372 , -0.0833985 , 0.587554 , -0.80447 , -0.082177 , 0.58803
1.6717 , -0.808138 , -0.0830001 , 0.588152 , -0.80407 , -0.0825674 , 0.588797
1.71017 , -0.808244 , -0.0827284 , 0.58852 , -0.80327 , -0.0817445 , 0.58854
1.75591 , -0.807732 , -0.082955 , 0.588439 , -0.802953 , -0.0810697 , 0.588347
1.79524 , -0.807653 , -0.0830158 , 0.588237 , -0.80343 , -0.0815383 , 0.588809
1.83559 , -0.807545 , -0.0830154 , 0.587882 , -0.803511 , -0.0822966 , 0.588628
1.87726 , -0.807186 , -0.0830527 , 0.587686 , -0.802888 , -0.0827521 , 0.588021
1.92193 , -0.806782 , -0.0832459 , 0.587299 , -0.802669 , -0.0827642 , 0.587338
1.96234 , -0.806375 , -0.0838436 , 0.586092 , -0.801662 , -0.0826206 , 0.586332
2.00566 , -0.805769 , -0.0841845 , 0.585708 , -0.801436 , -0.08332 , 0.586301
2.04486 , -0.80506 , -0.0846891 , 0.58569 , -0.800157 , -0.0838603 , 0.58674
2.09018 , -0.803911 , -0.084768 , 0.586736 , -0.799754 , -0.0844045 , 0.586581
2.12875 , -0.803649 , -0.0848239 , 0.586705 , -0.799163 , -0.0822579 , 0.584641
2.17537 , -0.803155 , -0.081857 , 0.583734 , -0.798762 , -0.0806146 , 0.58323
2.21321 , -0.802319 , -0.0827469 , 0.582831 , -0.797658 , -0.0819221 , 0.583227
2.25771 , -0.801037 , -0.0843058 , 0.583106 , -0.797223 , -0.0844215 , 0.583094
2.29518 , -0.801081 , -0.0867291 , 0.582677 , -0.796612 , -0.0861703 , 0.582392
2.34178 , -0.800876 , -0.0877515 , 0.582215 , -0.796583 , -0.0872006 , 0.581903
2.37895 , -0.800518 , -0.0890081 , 0.581979 , -0.796237 , -0.0881467 , 0.581559
2.42801 , -0.799423 , -0.0905428 , 0.582712 , -0.794774 , -0.0884298 , 0.582022
2.47611 , -0.798428 , -0.0912819 , 0.58411 , -0.794169 , -0.0904682 , 0.583426
2.5142 , -0.797797 , -0.0927259 , 0.583669 , -0.794073 , -0.0927539 , 0.584431
2.56037 , -0.796662 , -0.0944409 , 0.582826 , -0.793811 , -0.0932877 , 0.584393
2.60227 , -0.795326 , -0.0941932 , 0.583738 , -0.791806 , -0.0926577 , 0.582857
2.64719 , -0.793831 , -0.0938764 , 0.580973 , -0.78931 , -0.0918235 , 0.579972
2.6938 , -0.791978 , -0.0928545 , 0.580709 , -0.788023 , -0.0960855 , 0.582931
2.73042 , -0.790717 , -0.0979111 , 0.584228 , -0.788201 , -0.100149 , 0.585791
2.77729 , -0.790198 , -0.103075 , 0.587901 , -0.782219 , -0.102013 , 0.585939
2.81355 , -0.782785 , -0.105735 , 0.587416 , -0.779028 , -0.105354 , 0.587844
2.84964 , -0.764782 , -0.125801 , 0.588871 , -0.769042 , -0.119207 , 0.59009
2.89595 , -0.759212 , -0.133165 , 0.588426 , -0.757411 , -0.133671 , 0.590008
2.93517 , -0.75554 , -0.14146 , 0.590276 , -0.752491 , -0.142614 , 0.591014
2.97983 , -0.752135 , -0.149255 , 0.591419 , -0.752118 , -0.150638 , 0.59615
3.01973 , -0.750678 , -0.156607 , 0.595798 , -0.751375 , -0.156887 , 0.59952
3.06482 , -0.747816 , -0.164679 , 0.599621 , -0.747861 , -0.162885 , 0.60143
3.10875 , -0.742435 , -0.170212 , 0.601724 , -0.743145 , -0.170527 , 0.60394
3.15378 , -0.738771 , -0.178663 , 0.604687 , -0.7392 , -0.177818 , 0.607687
3.20454 , -0.732466 , -0.18656 , 0.607172 , -0.733516 , -0.18509 , 0.611364
3.25168 , -0.727103 , -0.193653 , 0.611419 , -0.727632 , -0.191739 , 0.61136
3.30669 , -0.721485 , -0.201669 , 0.610936 , -0.721821 , -0.201151 , 0.613355
3.35506 , -0.712836 , -0.209356 , 0.609682 , -0.712844 , -0.208348 , 0.611382
3.40333 , -0.703494 , -0.216726 , 0.606825 , -0.703053 , -0.216115 , 0.608476
3.45072 , -0.692992 , -0.22517 , 0.604508 , -0.69166 , -0.22495 , 0.606445
3.49261 , -0.6811 , -0.23402 , 0.602757 , -0.680056 , -0.233684 , 0.602431
3.5332 , -0.669226 , -0.240909 , 0.598191 , -0.668415 , -0.240232 , 0.598403
3.57119 , -0.65819 , -0.248584 , 0.594475 , -0.658361 , -0.248519 , 0.595129
3.61781 , -0.647039 , -0.257513 , 0.590842 , -0.648103 , -0.257458 , 0.591714
3.65519 , -0.636202 , -0.266058 , 0.587107 , -0.637985 , -0.265967 , 0.588454
3.70305 , -0.62685 , -0.2746 , 0.582675 , -0.629095 , -0.275848 , 0.585138
3.74973 , -0.61978 , -0.284169 , 0.581268 , -0.619274 , -0.28321 , 0.581885
3.78923 , -0.611271 , -0.290717 , 0.577052 , -0.613342 , -0.291253 , 0.579365
3.83334 , -0.607105 , -0.298158 , 0.575857 , -0.605279 , -0.296743 , 0.575171
3.87025 , -0.602184 , -0.300735 , 0.572888 , -0.601861 , -0.300507 , 0.573072
3.91111 , -0.597947 , -0.305095 , 0.571137 , -0.596775 , -0.3067 , 0.572034
3.95178 , -0.595699 , -0.310861 , 0.568745 , -0.590255 , -0.312053 , 0.570139
3.99076 , -0.591989 , -0.315342 , 0.568059 , -0.586229 , -0.317556 , 0.569748
4.03547 , -0.58837 , -0.319959 , 0.568206 , -0.587313 , -0.320206 , 0.569508
4.07324 , -0.584252 , -0.323778 , 0.569283 , -0.58361 , -0.321941 , 0.56848
4.12038 , -0.583033 , -0.32385 , 0.568465 , -0.580802 , -0.322712 , 0.567379
4.15711 , -0.581189 , -0.322881 , 0.568312 , -0.576813 , -0.320603 , 0.567178
4.20016 , -0.578634 , -0.32042 , 0.566672 , -0.57333 , -0.318668 , 0.565531
4.24067 , -0.57519 , -0.319164 , 0.563457 , -0.571964 , -0.316791 , 0.563022
4.29357 , -0.572796 , -0.317238 , 0.561338 , -0.570506 , -0.313649 , 0.559354
4.34037 , -0.571302 , -0.312052 , 0.55733 , -0.567856 , -0.310324 , 0.55645
4.38979 , -0.570247 , -0.308376 , 0.555113 , -0.568492 , -0.306564 , 0.559841
4.43197 , -0.571061 , -0.303592 , 0.557308 , -0.568454 , -0.300877 , 0.55877
4.4742 , -0.569623 , -0.29885 , 0.55393 , -0.569875 , -0.295703 , 0.559693
4.51513 , -0.574158 , -0.292847 , 0.558224 , -0.571693 , -0.290134 , 0.561754
4.55452 , -0.577648 , -0.28598 , 0.561862 , -0.574135 , -0.284228 , 0.563814
4.59561 , -0.582828 , -0.281053 , 0.564824 , -0.57776 , -0.278596 , 0.566744
4.63883 , -0.588608 , -0.27444 , 0.567184 , -0.583046 , -0.271198 , 0.568682
4.68067 , -0.594821 , -0.266443 , 0.568333 , -0.590002 , -0.263095 , 0.569845
4.72196 , -0.603523 , -0.257476 , 0.571607 , -0.598472 , -0.252179 , 0.572137
4.76309 , -0.614008 , -0.247473 , 0.57393 , -0.609844 , -0.242219 , 0.57556
4.80405 , -0.627808 , -0.239011 , 0.577635 , -0.623166 , -0.233038 , 0.579193
4.84275 , -0.639883 , -0.230087 , 0.581317 , -0.635793 , -0.223402 , 0.583341
4.8852 , -0.653805 , -0.219853 , 0.586117 , -0.648555 , -0.210879 , 0.585605
4.92582 , -0.666593 , -0.207732 , 0.589319 , -0.663372 , -0.200717 , 0.593256
4.96447 , -0.684083 , -0.196165 , 0.598434 , -0.680473 , -0.188136 , 0.601774
5.0093 , -0.698802 , -0.183404 , 0.604696 , -0.694035 , -0.172623 , 0.607394
5.0464 , -0.71249 , -0.166721 , 0.607897 , -0.707454 , -0.158454 , 0.613579
5.0931 , -0.725824 , -0.152599 , 0.612872 , -0.721657 , -0.143259 , 0.618092
5.132 , -0.738945 , -0.138041 , 0.617404 , -0.73397 , -0.129594 , 0.621245
5.18181 , -0.74779 , -0.127359 , 0.621044 , -0.742853 , -0.116194 , 0.622695
5.22859 , -0.754181 , -0.115497 , 0.621272 , -0.747625 , -0.107466 , 0.623758
5.27637 , -0.757337 , -0.107619 , 0.623243 , -0.751912 , -0.100377 , 0.62438
5.32418 , -0.759392 , -0.102477 , 0.622562 , -0.752607 , -0.0951957 , 0.62401
5.36887 , -0.758179 , -0.0994948 , 0.620814 , -0.749898 , -0.0928596 , 0.622045
5.41233 , -0.755995 , -0.0974973 , 0.616989 , -0.748779 , -0.091991 , 0.619394
5.45976 , -0.767391 , -0.0831328 , 0.615461 , -0.74942 , -0.0845063 , 0.614816
5.50132 , -0.802537 , -0.0526777 , 0.612301 , -0.774156 , -0.0629918 , 0.609967
5.55335 , -0.792664 , -0.056982 , 0.606295 , -0.781761 , -0.0579652 , 0.605735
5.60328 , -0.784373 , -0.0630456 , 0.602056 , -0.776502 , -0.0623827 , 0.601179
5.64611 , -0.777406 , -0.0672234 , 0.596795 , -0.723826 , -0.0967275 , 0.595242
5.68543 , -0.72933 , -0.0973291 , 0.591236 , -0.711117 , -0.103721 , 0.588111
5.72908 , -0.722339 , -0.0994358 , 0.588449 , -0.704561 , -0.105534 , 0.585148
5.76648 , -0.712756 , -0.102701 , 0.587226 , -0.698129 , -0.107385 , 0.584186
5.81557 , -0.701114 , -0.102854 , 0.58434 , -0.689753 , -0.10779 , 0.583993
5.85679 , -0.692051 , -0.103714 , 0.587661 , -0.680607 , -0.10585 , 0.58384
5.89569 , -0.679788 , -0.100535 , 0.588707 , -0.668898 , -0.102503 , 0.586265
5.9331 , -0.671642 , -0.0921637 , 0.592373 , -0.633694 , -0.128198 , 0.589907
5.97011 , -0.639739 , -0.109279 , 0.601172 , -0.644979 , -0.100782 , 0.592372
6.01483 , -0.630098 , -0.0923608 , 0.608485 , -0.626245 , -0.094073 , 0.609575
6.05174 , -0.62334 , -0.0792071 , 0.62761 , -0.609033 , -0.0802585 , 0.625347
6.10109 , -0.619744 , -0.0629805 , 0.647327 , -0.60189 , -0.0633184 , 0.646754
6.13942 , -0.614907 , -0.042203 , 0.67027 , -0.599455 , -0.0392661 , 0.670506
6.18461 , -0.614638 , -0.0178062 , 0.69721 , -0.597594 , -0.0131262 , 0.699413
6.22351 , -0.612313 , 0.00730217 , 0.728 , -0.596875 , 0.0118889 , 0.733696
6.26813 , -0.610642 , 0.0340478 , 0.762596 , -0.59763 , 0.0404678 , 0.771925
6.3067 , -0.610692 , 0.0632346 , 0.801622 , -0.598129 , 0.07526 , 0.811976
6.35203 , -0.610835 , 0.0982388 , 0.841998 , -0.597585 , 0.110975 , 0.853302
6.38949 , -0.611274 , 0.131725 , 0.884689 , -0.599531 , 0.144012 , 0.8977
6.43523 , -0.613673 , 0.164825 , 0.928433 , -0.601298 , 0.175765 , 0.945451
6.47266 , -0.61515 , 0.197465 , 0.973912 , -0.603013 , 0.213033 , 0.992742
6.51883 , -0.61663 , 0.230755 , 1.02013 , -0.606613 , 0.243117 , 1.04383
6.55665 , -0.619647 , 0.258595 , 1.06756 , -0.611279 , 0.273107 , 1.09232
6.60396 , -0.625065 , 0.28661 , 1.11381 , -0.617393 , 0.301441 , 1.14021
6.64527 , -0.630781 , 0.313069 , 1.15828 , -0.622993 , 0.333408 , 1.18068
6.68768 , -0.636781 , 0.338677 , 1.19914 , -0.632299 , 0.36575 , 1.21438
6.72466 , -0.649243 , 0.366719 , 1.23026 , -0.641881 , 0.390601 , 1.25115
6.77258 , -0.657371 , 0.385144 , 1.26762 , -0.649014 , 0.403528 , 1.2957
6.81203 , -0.66983 , 0.401595 , 1.29398 , -0.653746 , 0.419802 , 1.32568
6.85566 , -0.673094 , 0.410782 , 1.3189 , -0.651245 , 0.425897 , 1.3525
6.89162 , -0.667907 , 0.410067 , 1.33861 , -0.656191 , 0.429946 , 1.37005
6.94081 , -0.66313 , 0.409862 , 1.35149 , -0.655813 , 0.421207 , 1.38555
6.98751 , -0.658417 , 0.402545 , 1.36147 , -0.649906 , 0.423554 , 1.39033
7.02429 , -0.651213 , 0.40314 , 1.3585 , -0.644562 , 0.422749 , 1.38181
7.0637 , -0.639631 , 0.408267 , 1.34867 , -0.635145 , 0.423023 , 1.36814
7.10567 , -0.629331 , 0.409283 , 1.34001 , -0.622737 , 0.417098 , 1.35321
7.14491 , -0.620938 , 0.403868 , 1.3295 , -0.610682 , 0.405832 , 1.33582
7.19168 , -0.611387 , 0.393118 , 1.31709 , -0.600938 , 0.392319 , 1.3151
7.23212 , -0.601529 , 0.377527 , 1.29802 , -0.584947 , 0.372502 , 1.30236
7.2712 , -0.592839 , 0.35698 , 1.27304 , -0.576526 , 0.352639 , 1.26567
7.3109 , -0.577478 , 0.332887 , 1.23863 , -0.567441 , 0.32872 , 1.22772
7.36079 , -0.567148 , 0.309874 , 1.19956 , -0.560012 , 0.303162 , 1.18613
7.41027 , -0.556351 , 0.279989 , 1.16268 , -0.549405 , 0.269131 , 1.15244
7.45429 , -0.546826 , 0.247265 , 1.12973 , -0.539207 , 0.233426 , 1.11424
7.4924 , -0.538206 , 0.211755 , 1.09209 , -0.529468 , 0.195932 , 1.07535
7.52889 , -0.532603 , 0.18231 , 1.04712 , -0.523195 , 0.166225 , 1.03007
7.58085 , -0.52741 , 0.150167 , 1.00512 , -0.520712 , 0.139124 , 0.989255
7.63075 , -0.529013 , 0.122037 , 0.968715 , -0.522122 , 0.111687 , 0.951734
7.67329 , -0.530259 , 0.0962998 , 0.931949 , -0.525233 , 0.087448 , 0.912582
7.71109 , -0.530796 , 0.070921 , 0.894668 , -0.526612 , 0.0586662 , 0.875047
7.74646 , -0.530272 , 0.045882 , 0.858324 , -0.525249 , 0.0321288 , 0.839004
7.79391 , -0.531003 , 0.0190179 , 0.824598 , -0.524763 , 0.00661815 , 0.804781
7.8356 , -0.528143 , -0.0059362 , 0.792685 , -0.522125 , -0.0189915 , 0.776783
7.87613 , -0.525827 , -0.0296997 , 0.765758 , -0.519564 , -0.0429882 , 0.75141
7.91303 , -0.524401 , -0.0510982 , 0.741781 , -0.518109 , -0.0593402 , 0.725404
7.9499 , -0.525394 , -0.0640942 , 0.716444 , -0.518778 , -0.0794882 , 0.702323
8.00177 , -0.526721 , -0.0868908 , 0.696551 , -0.52097 , -0.0985145 , 0.682516
8.05198 , -0.530186 , -0.10332 , 0.678273 , -0.525125 , -0.115384 , 0.666619
8.10104 , -0.535814 , -0.119503 , 0.664108 , -0.531557 , -0.12848 , 0.652944
8.15105 , -0.541601 , -0.132671 , 0.651506 , -0.539964 , -0.143126 , 0.643095
8.20068 , -0.549193 , -0.145992 , 0.640678 , -0.548588 , -0.152256 , 0.632385
8.25267 , -0.557914 , -0.156903 , 0.632604 , -0.557607 , -0.15836 , 0.622212
8.30315 , -0.56502 , -0.160489 , 0.621326 , -0.567131 , -0.165404 , 0.615287
8.35045 , -0.576656 , -0.166307 , 0.617144 , -0.574918 , -0.169569 , 0.609729
8.40761 , -0.584145 , -0.168851 , 0.610589 , -0.583063 , -0.172743 , 0.60679
8.45296 , -0.590174 , -0.171191 , 0.606851 , -0.589702 , -0.173211 , 0.602118
8.50133 , -0.592217 , -0.171194 , 0.601157 , -0.592133 , -0.172865 , 0.598896
8.55635 , -0.597896 , -0.170699 , 0.601368 , -0.596581 , -0.171504 , 0.599021
8.60408 , -0.603002 , -0.169823 , 0.600634 , -0.598696 , -0.170348 , 0.599026
8.6496 , -0.603563 , -0.167872 , 0.60148 , -0.599529 , -0.167394 , 0.599837
8.69621 , -0.606763 , -0.163759 , 0.601736 , -0.601007 , -0.163828 , 0.600356
8.74065 , -0.602367 , -0.162752 , 0.599288 , -0.602378 , -0.164411 , 0.601631
8.78753 , -0.601442 , -0.162527 , 0.601431 , -0.597252 , -0.163026 , 0.600411
8.84081 , -0.602496 , -0.161608 , 0.604377 , -0.596103 , -0.162054 , 0.602165
8.89019 , -0.600072 , -0.160682 , 0.604835 , -0.596602 , -0.160553 , 0.602368
8.94026 , -0.600785 , -0.160139 , 0.604369 , -0.594685 , -0.160531 , 0.602528
8.99012 , -0.599212 , -0.159549 , 0.604621 , -0.59229 , -0.158433 , 0.602475
9.04143 , -0.597131 , -0.159199 , 0.605254 , -0.593601 , -0.159325 , 0.604343
9.09189 , -0.595633 , -0.159501 , 0.604963 , -0.594546 , -0.157989 , 0.604735
9.14718 , -0.598259 , -0.158665 , 0.605571 , -0.593621 , -0.162424 , 0.60782
9.18528 , -0.597911 , -0.158148 , 0.605539 , -0.592725 , -0.159588 , 0.606974
9.22992 , -0.597508 , -0.157615 , 0.607506 , -0.592564 , -0.158269 , 0.607277
9.27805 , -0.597835 , -0.156876 , 0.608048 , -0.593216 , -0.157301 , 0.60731
9.32806 , -0.59884 , -0.159684 , 0.609001 , -0.595321 , -0.153896 , 0.607072
9.38062 , -0.599551 , -0.155613 , 0.608356 , -0.595962 , -0.154666 , 0.608845
9.42368 , -0.598767 , -0.155987 , 0.608723 , -0.596822 , -0.156083 , 0.609999
9.47876 , -0.596881 , -0.159641 , 0.610028 , -0.595982 , -0.158121 , 0.609987
9.52285 , -0.598176 , -0.159488 , 0.610315 , -0.594327 , -0.158976 , 0.609793
9.56041 , -0.597341 , -0.159521 , 0.610034 , -0.592484 , -0.155014 , 0.605227
9.61059 , -0.597251 , -0.16017 , 0.61014 , -0.591494 , -0.153343 , 0.604236
9.65626 , -0.597439 , -0.159156 , 0.608343 , -0.592282 , -0.156464 , 0.607121
9.69877 , -0.595565 , -0.158864 , 0.608402 , -0.591985 , -0.157048 , 0.608539
9.73983 , -0.594805 , -0.157717 , 0.607485 , -0.590687 , -0.154425 , 0.607503
9.78408 , -0.594221 , -0.156593 , 0.607402 , -0.588978 , -0.15546 , 0.607107
9.82303 , -0.59331 , -0.156287 , 0.607162 , -0.587853 , -0.154843 , 0.606986
9.86614 , -0.592311 , -0.15375 , 0.606252 , -0.586764 , -0.153125 , 0.605803
9.90754 , -0.591699 , -0.152797 , 0.606135 , -0.586097 , -0.152274 , 0.605587
9.94477 , -0.590213 , -0.151783 , 0.605172 , -0.585589 , -0.150834 , 0.604841
9.99189 , -0.588877 , -0.150479 , 0.60478 , -0.585238 , -0.15004 , 0.60433
10.0326 , -0.588004 , -0.150657 , 0.603835 , -0.585373 , -0.147966 , 0.602483
10.0755 , -0.588221 , -0.147848 , 0.601271 , -0.585564 , -0.147399 , 0.600685
10.1176 , -0.589223 , -0.146683 , 0.599569 , -0.586148 , -0.147007 , 0.598357
10.159 , -0.590572 , -0.146157 , 0.597437 , -0.584789 , -0.147842 , 0.597034
10.202 , -0.590337 , -0.148909 , 0.596701 , -0.585692 , -0.148927 , 0.595928
10.245 , -0.593695 , -0.149096 , 0.594388 , -0.588425 , -0.152048 , 0.593826
10.2836 , -0.596366 , -0.15318 , 0.592262 , -0.59497 , -0.156059 , 0.590738
10.3325 , -0.599666 , -0.153516 , 0.587744 , -0.598693 , -0.159451 , 0.587038
10.3788 , -0.603 , -0.155287 , 0.584507 , -0.602029 , -0.164419 , 0.585479
10.4377 , -0.60682 , -0.161137 , 0.583396 , -0.608851 , -0.166504 , 0.582319
10.482 , -0.613535 , -0.166989 , 0.581319 , -0.614388 , -0.172544 , 0.580867
10.5323 , -0.619337 , -0.171593 , 0.577287 , -0.619662 , -0.174917 , 0.576753
10.5814 , -0.624315 , -0.178561 , 0.576519 , -0.624997 , -0.177569 , 0.572903
10.6346 , -0.629545 , -0.178241 , 0.57174 , -0.631438 , -0.180825 , 0.570386
10.6806 , -0.635665 , -0.181986 , 0.570166 , -0.637231 , -0.189317 , 0.571374
10.7198 , -0.642079 , -0.189212 , 0.569732 , -0.64406 , -0.195665 , 0.570488
10.7638 , -0.651384 , -0.19875 , 0.571067 , -0.645127 , -0.196357 , 0.564491
10.807 , -0.648839 , -0.199664 , 0.564582 , -0.648685 , -0.202381 , 0.564588
10.8506 , -0.650682 , -0.210195 , 0.567202 , -0.652443 , -0.208703 , 0.56679
10.9026 , -0.663205 , -0.205605 , 0.569801 , -0.648113 , -0.21537 , 0.56252
10.9489 , -0.651954 , -0.221802 , 0.567758 , -0.650262 , -0.22445 , 0.567903
10.9861 , -0.650793 , -0.229603 , 0.568225 , -0.64919 , -0.230607 , 0.572535
11.0318 , -0.646768 , -0.23753 , 0.572072 , -0.645736 , -0.237147 , 0.575308
11.0692 , -0.641523 , -0.245728 , 0.572252 , -0.640728 , -0.240792 , 0.573478
11.122 , -0.637799 , -0.254718 , 0.572593 , -0.635522 , -0.248429 , 0.573632
11.1712 , -0.632961 , -0.261201 , 0.57125 , -0.631192 , -0.260206 , 0.574937
11.2151 , -0.628131 , -0.277419 , 0.572968 , -0.629715 , -0.268298 , 0.5718
11.2559 , -0.625919 , -0.28387 , 0.567948 , -0.627547 , -0.281593 , 0.572046
11.299 , -0.62451 , -0.302839 , 0.568936 , -0.628109 , -0.29261 , 0.570769
11.341 , -0.625598 , -0.3087 , 0.563378 , -0.628988 , -0.307405 , 0.569135
11.3829 , -0.627394 , -0.321449 , 0.561833 , -0.631654 , -0.317554 , 0.564523
11.4242 , -0.630956 , -0.330913 , 0.55954 , -0.637591 , -0.332225 , 0.565004
11.4668 , -0.634851 , -0.347179 , 0.557659 , -0.641245 , -0.345623 , 0.562556
11.5015 , -0.64042 , -0.35898 , 0.557755 , -0.647855 , -0.358528 , 0.562808
11.539 , -0.645218 , -0.371551 , 0.557588 , -0.65587 , -0.370998 , 0.564725
11.5854 , -0.651929 , -0.381487 , 0.558765 , -0.665081 , -0.381445 , 0.566357
11.6216 , -0.663585 , -0.389319 , 0.564153 , -0.667053 , -0.389895 , 0.561665
11.6696 , -0.670713 , -0.395387 , 0.564638 , -0.681961 , -0.398409 , 0.564573
11.7057 , -0.681732 , -0.40399 , 0.56811 , -0.690114 , -0.402454 , 0.566292
11.7538 , -0.691433 , -0.406196 , 0.568087 , -0.697797 , -0.406411 , 0.568601
11.79 , -0.698979 , -0.407668 , 0.572278 , -0.701885 , -0.407841 , 0.571168
11.8434 , -0.702331 , -0.407545 , 0.574077 , -0.704708 , -0.406363 , 0.570546
11.8918 , -0.701799 , -0.405599 , 0.571538 , -0.70709 , -0.405044 , 0.572805
11.9373 , -0.703976 , -0.402569 , 0.57532 , -0.705179 , -0.400791 , 0.575249
11.9803 , -0.703387 , -0.396476 , 0.579 , -0.706245 , -0.395537 , 0.579775
12.0221 , -0.699768 , -0.393409 , 0.580613 , -0.703138 , -0.391053 , 0.583127
12.0628 , -0.698548 , -0.388084 , 0.583704 , -0.694781 , -0.383173 , 0.580692
12.1017 , -0.691665 , -0.381398 , 0.580259 , -0.688306 , -0.376922 , 0.578193
12.1489 , -0.683584 , -0.375099 , 0.576945 , -0.682491 , -0.375803 , 0.576531
12.1877 , -0.679069 , -0.369947 , 0.576468 , -0.672677 , -0.368332 , 0.573676
12.2303 , -0.673962 , -0.363672 , 0.575043 , -0.703368 , -0.371219 , 0.595301
12.2718 , -0.669844 , -0.354725 , 0.572052 , -0.677016 , -0.355857 , 0.576222
12.3127 , -0.666258 , -0.351319 , 0.568907 , -0.664192 , -0.348046 , 0.571492
12.3552 , -0.66194 , -0.344553 , 0.565733 , -0.65756 , -0.343795 , 0.568373
12.3974 , -0.660204 , -0.339741 , 0.566437 , -0.652045 , -0.337559 , 0.562672
12.4398 , -0.658162 , -0.333515 , 0.561813 , -0.652606 , -0.329693 , 0.561462
12.4822 , -0.658407 , -0.324998 , 0.560876 , -0.654851 , -0.322478 , 0.561812
12.5231 , -0.662072 , -0.319353 , 0.561371 , -0.655999 , -0.31654 , 0.562219
12.5642 , -0.664599 , -0.314177 , 0.561839 , -0.656539 , -0.309062 , 0.560808
12.6077 , -0.668573 , -0.308884 , 0.562104 , -0.660137 , -0.302995 , 0.560143
12.6523 , -0.671535 , -0.301825 , 0.560728 , -0.663985 , -0.298065 , 0.558357
12.691 , -0.677296 , -0.296142 , 0.560701 , -0.670114 , -0.292021 , 0.558885
12.7356 , -0.682435 , -0.286433 , 0.560224 , -0.676131 , -0.28358 , 0.559254
12.7748 , -0.687784 , -0.279307 , 0.56116 , -0.678906 , -0.276762 , 0.560575
12.8171 , -0.689984 , -0.27307 , 0.561208 , -0.682699 , -0.266275 , 0.560398
12.8594 , -0.693781 , -0.263132 , 0.561201 , -0.685657 , -0.259098 , 0.562979
12.9007 , -0.696158 , -0.255767 , 0.562949 , -0.687364 , -0.251038 , 0.564604
12.9431 , -0.697919 , -0.249001 , 0.564577 , -0.688726 , -0.245434 , 0.56755
12.9847 , -0.698424 , -0.24255 , 0.565628 , -0.687855 , -0.237004 , 0.566498
13.029 , -0.695765 , -0.236976 , 0.56584 , -0.687652 , -0.231888 , 0.567095
13.071 , -0.693971 , -0.232787 , 0.564441 , -0.686008 , -0.226386 , 0.566466
13.1105 , -0.692143 , -0.228761 , 0.563544 , -0.686046 , -0.22153 , 0.564935
13.15 , -0.690574 , -0.224825 , 0.561573 , -0.68329 , -0.218757 , 0.564017
13.1947 , -0.68715 , -0.222381 , 0.559334 , -0.678095 , -0.215827 , 0.56114
13.2347 , -0.681746 , -0.220823 , 0.55542 , -0.672189 , -0.215918 , 0.55786
13.2787 , -0.678855 , -0.223374 , 0.554803 , -0.669454 , -0.217939 , 0.554615
13.319 , -0.673853 , -0.224268 , 0.548936 , -0.664702 , -0.21972 , 0.549664
13.3657 , -0.669328 , -0.224992 , 0.544008 , -0.660266 , -0.221941 , 0.54512
13.4086 , -0.678009 , -0.215394 , 0.542486 , -0.651217 , -0.227906 , 0.538609
13.4535 , -0.662216 , -0.227923 , 0.537348 , -0.650839 , -0.227784 , 0.535216
13.4996 , -0.670388 , -0.220723 , 0.536381 , -0.65363 , -0.22299 , 0.533141
13.5415 , -0.664817 , -0.221206 , 0.531816 , -0.656003 , -0.220705 , 0.531021
13.5781 , -0.666826 , -0.224417 , 0.530458 , -0.65606 , -0.221902 , 0.529467
13.6239 , -0.654375 , -0.232211 , 0.52663 , -0.658002 , -0.22481 , 0.52889
13.6682 , -0.66292 , -0.229178 , 0.527971 , -0.656083 , -0.228204 , 0.528134
13.7196 , -0.662786 , -0.230062 , 0.526175 , -0.654509 , -0.229815 , 0.526104
13.7645 , -0.662062 , -0.231714 , 0.526337 , -0.654209 , -0.233189 , 0.525159
13.8067 , -0.660553 , -0.235435 , 0.525829 , -0.651235 , -0.232422 , 0.523752
13.8497 , -0.656233 , -0.236072 , 0.524377 , -0.650155 , -0.235948 , 0.524236
13.8886 , -0.655863 , -0.239871 , 0.525118 , -0.652122 , -0.238547 , 0.524114
13.9346 , -0.65551 , -0.241564 , 0.524588 , -0.650697 , -0.241939 , 0.523662
13.9739 , -0.64707 , -0.240146 , 0.519492 , -0.641957 , -0.242293 , 0.520188
14.0177 , -0.676024 , -0.231964 , 0.529224 , -0.655434 , -0.236013 , 0.522554
14.056 , -0.629456 , -0.250203 , 0.513677 , -0.637647 , -0.245745 , 0.51873
14.1016 , -0.623261 , -0.252394 , 0.51302 , -0.617806 , -0.249687 , 0.512145
14.1413 , -0.609424 , -0.249271 , 0.507145 , -0.599594 , -0.254871 , 0.507143
14.1869 , -0.595899 , -0.253161 , 0.506468 , -0.580162 , -0.25309 , 0.500165
14.2244 , -0.576001 , -0.25146 , 0.501285 , -0.561685 , -0.249499 , 0.494441
14.2684 , -0.55613 , -0.249883 , 0.496621 , -0.51927 , -0.25949 , 0.481203
14.3133 , -0.513717 , -0.259725 , 0.485906 , -0.505386 , -0.252878 , 0.481424
14.3568 , -0.534979 , -0.236642 , 0.494416 , -0.493229 , -0.242661 , 0.479887
14.4038 , -0.454808 , -0.239515 , 0.477606 , -0.45416 , -0.240527 , 0.47568
14.4416 , -0.425758 , -0.23546 , 0.472334 , -0.4041 , -0.225802 , 0.458188
14.4878 , -0.378421 , -0.224301 , 0.457369 , -0.359584 , -0.222617 , 0.449601
14.5256 , -0.332741 , -0.211119 , 0.447127 , -0.311753 , -0.212891 , 0.439414
14.5715 , -0.285699 , -0.194358 , 0.437287 , -0.259525 , -0.203483 , 0.429361
14.6082 , -0.237823 , -0.183833 , 0.433404 , -0.211329 , -0.176048 , 0.421774
14.6573 , -0.189637 , -0.160872 , 0.428082 , -0.164781 , -0.158652 , 0.420824
14.6963 , -0.145808 , -0.138859 , 0.426714 , -0.120107 , -0.13745 , 0.420452
14.7392 , -0.105394 , -0.110785 , 0.429914 , -0.0796056 , -0.1116 , 0.424018
14.7767 , -0.071429 , -0.0880504 , 0.441645 , -0.0455671 , -0.0879545 , 0.435849
14.8248 , -0.0449704 , -0.0661191 , 0.461326 , -0.021057 , -0.0635334 , 0.456001
14.8641 , -0.0268823 , -0.0425238 , 0.488003 , 0.00377282 , -0.051489 , 0.482494
14.9074 , -0.0157997 , -0.0331537 , 0.5211 , 0.00732386 , -0.029406 , 0.518411
14.9439 , -0.0122365 , -0.0135886 , 0.562658 , 0.00089488 , -0.0108116 , 0.565908
14.9912 , -0.0203299 , 0.00282895 , 0.607634 , -0.0115861 , 0.00566012 , 0.618605
15.0273 , -0.0338286 , 0.0184545 , 0.657069 , -0.0280091 , 0.0208745 , 0.67455
15.0755 , -0.0515402 , 0.0324393 , 0.710307 , -0.0463203 , 0.0380371 , 0.730646
15.1116 , -0.075355 , 0.0469362 , 0.770399 , -0.0698947 , 0.0538499 , 0.788309
15.159 , -0.101316 , 0.0602522 , 0.831453 , -0.0973797 , 0.0687098 , 0.850888
15.1956 , -0.130736 , 0.0762055 , 0.893893 , -0.129347 , 0.0838616 , 0.91639
15.2451 , -0.163195 , 0.091764 , 0.955999 , -0.160944 , 0.101515 , 0.982103
15.2951 , -0.196711 , 0.105042 , 1.01834 , -0.19736 , 0.119652 , 1.04581
15.3403 , -0.232269 , 0.124313 , 1.07814 , -0.234006 , 0.140689 , 1.10735
15.3781 , -0.268801 , 0.146116 , 1.13529 , -0.27116 , 0.163206 , 1.16698
15.4149 , -0.307326 , 0.171981 , 1.1875 , -0.316614 , 0.186407 , 1.22667
15.4609 , -0.348886 , 0.194946 , 1.2424 , -0.359331 , 0.21997 , 1.27734
15.4987 , -0.393257 , 0.225801 , 1.28568 , -0.403405 , 0.251371 , 1.31795
15.5445 , -0.436669 , 0.269454 , 1.3142 , -0.448173 , 0.293103 , 1.34625
15.5841 , -0.480828 , 0.290185 , 1.34711 , -0.492642 , 0.335186 , 1.36501
15.629 , -0.525051 , 0.322485 , 1.36766 , -0.535521 , 0.353312 , 1.39134
15.6665 , -0.563466 , 0.344738 , 1.38778 , -0.578111 , 0.384965 , 1.39652
15.7191 , -0.597694 , 0.372794 , 1.39039 , -0.613026 , 0.394334 , 1.40899
15.7669 , -0.633559 , 0.402572 , 1.38043 , -0.636352 , 0.410362 , 1.40522
15.8156 , -0.652908 , 0.412472 , 1.38113 , -0.653854 , 0.421547 , 1.39733
15.8691 , -0.665847 , 0.421593 , 1.37221 , -0.668264 , 0.431133 , 1.38315
15.9144 , -0.67521 , 0.423694 , 1.36086 , -0.677363 , 0.431814 , 1.36672
15.9527 , -0.682473 , 0.423102 , 1.34533 , -0.682927 , 0.428503 , 1.34548
15.9981 , -0.688231 , 0.418127 , 1.32551 , -0.684401 , 0.420873 , 1.32143
16.0361 , -0.690813 , 0.41092 , 1.29905 , -0.683679 , 0.410333 , 1.29278
16.0875 , -0.690211 , 0.399404 , 1.27123 , -0.682141 , 0.396557 , 1.2638
16.1343 , -0.687675 , 0.381726 , 1.24059 , -0.677513 , 0.374928 , 1.23275
16.1844 , -0.678276 , 0.355557 , 1.21127 , -0.669148 , 0.346652 , 1.20256
16.2376 , -0.66822 , 0.327342 , 1.17817 , -0.658616 , 0.315334 , 1.16925
16.2802 , -0.659082 , 0.296535 , 1.14095 , -0.649034 , 0.289519 , 1.12839
16.321 , -0.649304 , 0.268556 , 1.10275 , -0.638231 , 0.257345 , 1.08918
16.376 , -0.638437 , 0.236259 , 1.06448 , -0.626807 , 0.219511 , 1.05295
16.4251 , -0.628875 , 0.198742 , 1.03119 , -0.61851 , 0.186626 , 1.01378
16.4683 , -0.620468 , 0.162061 , 0.997272 , -0.610208 , 0.153688 , 0.977015
16.5122 , -0.613311 , 0.132549 , 0.961988 , -0.60244 , 0.124687 , 0.941038
16.5529 , -0.605359 , 0.105759 , 0.922869 , -0.59602 , 0.0961484 , 0.905561
16.5955 , -0.599283 , 0.0798959 , 0.886768 , -0.589171 , 0.0652163 , 0.873241
16.6434 , -0.591908 , 0.0513871 , 0.856381 , -0.582801 , 0.0422435 , 0.839467
16.692 , -0.585875 , 0.0294332 , 0.825875 , -0.577394 , 0.0144028 , 0.812464
16.74 , -0.580765 , 0.00493311 , 0.799231 , -0.571857 , -0.00480706 , 0.783203
16.7927 , -0.574287 , -0.0135873 , 0.772152 , -0.564832 , -0.0277754 , 0.759452
16.8459 , -0.567118 , -0.0356405 , 0.750641 , -0.557133 , -0.0508099 , 0.738883
16.8847 , -0.560542 , -0.0581319 , 0.731264 , -0.551994 , -0.0705118 , 0.719597
16.9309 , -0.556432 , -0.0774886 , 0.712417 , -0.546672 , -0.0901428 , 0.700365
16.9706 , -0.551268 , -0.0957737 , 0.692777 , -0.542293 , -0.106394 , 0.681278
17.0124 , -0.548691 , -0.11162 , 0.676405 , -0.537957 , -0.119663 , 0.662614
17.0568 , -0.544813 , -0.126603 , 0.658598 , -0.538925 , -0.134861 , 0.651266
17.1009 , -0.545835 , -0.140762 , 0.64681 , -0.540302 , -0.147066 , 0.637063
17.1399 , -0.547279 , -0.15365 , 0.633746 , -0.540573 , -0.158867 , 0.624034
17.177 , -0.55182 , -0.165158 , 0.625316 , -0.544735 , -0.169793 , 0.615391
17.2219 , -0.556417 , -0.172701 , 0.616448 , -0.551546 , -0.179579 , 0.60971
17.2617 , -0.562744 , -0.181398 , 0.609345 , -0.555723 , -0.19001 , 0.603407
17.3082 , -0.566166 , -0.192183 , 0.604455 , -0.562946 , -0.200521 , 0.599324
17.3488 , -0.573872 , -0.201608 , 0.600002 , -0.599245 , -0.190895 , 0.606968
17.3916 , -0.608843 , -0.190779 , 0.605827 , -0.609989 , -0.192684 , 0.604666
17.431 , -0.615952 , -0.194854 , 0.601853 , -0.615693 , -0.196485 , 0.599182
17.48 , -0.624316 , -0.199045 , 0.599065 , -0.623741 , -0.19995 , 0.595429
17.5256 , -0.630862 , -0.201181 , 0.595796 , -0.630215 , -0.203279 , 0.593389
17.5695 , -0.637854 , -0.203411 , 0.594856 , -0.637383 , -0.203604 , 0.588631
17.6096 , -0.642573 , -0.204339 , 0.590928 , -0.64145 , -0.206039 , 0.587971
17.6513 , -0.645679 , -0.205813 , 0.590114 , -0.645884 , -0.205844 , 0.58738
17.6993 , -0.650389 , -0.206845 , 0.588807 , -0.648549 , -0.206713 , 0.587572
17.7418 , -0.652612 , -0.20674 , 0.588526 , -0.649026 , -0.207389 , 0.587459
17.7782 , -0.654049 , -0.206565 , 0.58884 , -0.651821 , -0.206249 , 0.584705
17.8145 , -0.656893 , -0.205825 , 0.587283 , -0.650891 , -0.207032 , 0.585318
17.8595 , -0.656156 , -0.205627 , 0.588263 , -0.65215 , -0.206495 , 0.586461
17.8961 , -0.655397 , -0.205264 , 0.588636 , -0.650734 , -0.205977 , 0.587806
17.946 , -0.657369 , -0.206239 , 0.590496 , -0.650678 , -0.205305 , 0.59008
17.9834 , -0.655357 , -0.204996 , 0.592043 , -0.648456 , -0.204535 , 0.59131
18.0294 , -0.652986 , -0.203323 , 0.592827 , -0.648034 , -0.203458 , 0.593242
18.0734 , -0.651376 , -0.20241 , 0.593179 , -0.645424 , -0.201063 , 0.592263
18.1144 , -0.650018 , -0.201448 , 0.594423 , -0.645988 , -0.201811 , 0.594248
18.1621 , -0.650127 , -0.201845 , 0.595001 , -0.644146 , -0.2006 , 0.593882
18.2035 , -0.648199 , -0.201374 , 0.595244 , -0.643348 , -0.200817 , 0.594723
18.2485 , -0.647181 , -0.200901 , 0.595846 , -0.642779 , -0.200224 , 0.595353
18.2944 , -0.646434 , -0.199933 , 0.595658 , -0.641879 , -0.199424 , 0.595506
18.3334 , -0.647268 , -0.198596 , 0.594974 , -0.6422 , -0.199416 , 0.595275
18.3786 , -0.646577 , -0.198133 , 0.593987 , -0.641386 , -0.19813 , 0.594207
18.4184 , -0.645443 , -0.198327 , 0.594825 , -0.641615 , -0.197732 , 0.594364
18.4625 , -0.645605 , -0.197865 , 0.594565 , -0.640303 , -0.196129 , 0.593517
18.5036 , -0.645344 , -0.196335 , 0.593853 , -0.639313 , -0.193781 , 0.592809
18.5475 , -0.643063 , -0.194238 , 0.591332 , -0.637236 , -0.192795 , 0.592173
18.5895 , -0.641252 , -0.192816 , 0.592002 , -0.634225 , -0.189505 , 0.590689
18.6298 , -0.639952 , -0.191435 , 0.592102 , -0.6221 , -0.200097 , 0.587803
18.6672 , -0.626499 , -0.200926 , 0.589505 , -0.619452 , -0.200531 , 0.588436
18.711 , -0.625507 , -0.199555 , 0.590301 , -0.619159 , -0.198562 , 0.590352
18.7477 , -0.638487 , -0.199594 , 0.596898 , -0.627982 , -0.19728 , 0.594101
18.7853 , -0.632504 , -0.182496 , 0.592338 , -0.626614 , -0.18672 , 0.593578
18.8336 , -0.632406 , -0.180329 , 0.593713 , -0.626183 , -0.179965 , 0.594659
18.8787 , -0.614975 , -0.192246 , 0.590806 , -0.617641 , -0.184974 , 0.593703
18.9175 , -0.614951 , -0.188152 , 0.592205 , -0.612158 , -0.18449 , 0.59275
18.9553 , -0.613877 , -0.182506 , 0.592929 , -0.60905 , -0.17934 , 0.591852
19.0021 , -0.611555 , -0.176683 , 0.592597 , -0.608154 , -0.173465 , 0.593706
19.0428 , -0.611405 , -0.171258 , 0.59376 , -0.607291 , -0.166844 , 0.594361
19.0854 , -0.61004 , -0.164865 , 0.592902 , -0.605483 , -0.15983 , 0.592884
19.1284 , -0.606578 , -0.160377 , 0.593263 , -0.607466 , -0.153389 , 0.596029
19.1684 , -0.609807 , -0.154635 , 0.596318 , -0.599974 , -0.147998 , 0.59194
19.207 , -0.605286 , -0.148984 , 0.592872 , -0.596727 , -0.141465 , 0.591681
19.2543 , -0.605142 , -0.142758 , 0.593078 , -0.595554 , -0.136445 , 0.59123
19.2958 , -0.605116 , -0.137912 , 0.593478 , -0.596667 , -0.130306 , 0.590908
19.3364 , -0.603595 , -0.133694 , 0.59392 , -0.598915 , -0.125821 , 0.592907
19.3754 , -0.609074 , -0.125015 , 0.595452 , -0.60184 , -0.123697 , 0.595158
19.4207 , -0.613823 , -0.123304 , 0.597447 , -0.605732 , -0.119174 , 0.596715
19.4594 , -0.618933 , -0.117864 , 0.59836 , -0.609788 , -0.113819 , 0.596914
19.5048 , -0.623978 , -0.114952 , 0.598857 , -0.615602 , -0.108577 , 0.596777
19.5422 , -0.630215 , -0.110205 , 0.598785 , -0.621858 , -0.107527 , 0.597865
19.5914 , -0.636715 , -0.108448 , 0.5994 , -0.62878 , -0.101254 , 0.594644
19.641 , -0.64388 , -0.103355 , 0.595646 , -0.636482 , -0.106446 , 0.597113
19.6884 , -0.650591 , -0.10782 , 0.596483 , -0.642731 , -0.106055 , 0.59298
19.7286 , -0.654892 , -0.10719 , 0.591868 , -0.651087 , -0.106023 , 0.587744
19.7775 , -0.659009 , -0.111968 , 0.588501 , -0.658468 , -0.111037 , 0.582346
19.8308 , -0.664585 , -0.118946 , 0.581945 , -0.664305 , -0.120643 , 0.576015
19.8791 , -0.670159 , -0.126538 , 0.572326 , -0.668557 , -0.130243 , 0.567339
19.9259 , -0.675688 , -0.137856 , 0.56267 , -0.673133 , -0.142051 , 0.556617
19.9799 , -0.678409 , -0.14965 , 0.55013 , -0.675408 , -0.154781 , 0.541912
20.0217 , -0.682216 , -0.163522 , 0.535103 , -0.680146 , -0.171263 , 0.527849
20.0616 , -0.68517 , -0.179456 , 0.518834 , -0.682789 , -0.185274 , 0.511918
20.1062 , -0.686402 , -0.195331 , 0.504003 , -0.683598 , -0.198949 , 0.496084
20.1454 , -0.698378 , -0.213019 , 0.492104 , -0.678394 , -0.217925 , 0.481429
20.1901 , -0.683851 , -0.226433 , 0.474273 , -0.680391 , -0.231207 , 0.467221
20.2294 , -0.6818 , -0.241462 , 0.459596 , -0.682199 , -0.24062 , 0.449864
20.2746 , -0.683337 , -0.252671 , 0.442044 , -0.677467 , -0.256278 , 0.434241
20.3106 , -0.679611 , -0.270043 , 0.429376 , -0.674068 , -0.272043 , 0.420647
20.3512 , -0.679449 , -0.282096 , 0.417792 , -0.675521 , -0.285645 , 0.409584
20.394 , -0.675255 , -0.290667 , 0.402681 , -0.680498 , -0.292809 , 0.40248
20.4294 , -0.675852 , -0.298893 , 0.395285 , -0.682687 , -0.300891 , 0.400567
20.4785 , -0.677956 , -0.305979 , 0.391412 , -0.68775 , -0.310607 , 0.40252
20.5154 , -0.682564 , -0.314207 , 0.393474 , -0.692459 , -0.31316 , 0.403409
20.5615 , -0.690703 , -0.322731 , 0.403622 , -0.692768 , -0.319256 , 0.403505
20.5968 , -0.691152 , -0.324469 , 0.40639 , -0.695239 , -0.323556 , 0.407742
20.645 , -0.693316 , -0.33015 , 0.4112 , -0.698661 , -0.325356 , 0.412846
20.69 , -0.694654 , -0.331239 , 0.413294 , -0.701094 , -0.328864 , 0.418228
20.7302 , -0.697251 , -0.331851 , 0.417733 , -0.697571 , -0.327898 , 0.417368
20.7691 , -0.693886 , -0.330682 , 0.416005 , -0.698841 , -0.327534 , 0.420549
20.815 , -0.694376 , -0.331029 , 0.418572 , -0.699397 , -0.325248 , 0.423801
20.8616 , -0.693859 , -0.329259 , 0.419968 , -0.700795 , -0.321948 , 0.426659
20.8976 , -0.694636 , -0.323843 , 0.423019 , -0.701395 , -0.317303 , 0.42677
20.938 , -0.696862 , -0.32007 , 0.423463 , -0.701517 , -0.313114 , 0.427565
20.9813 , -0.69636 , -0.315862 , 0.423664 , -0.700326 , -0.309105 , 0.427415
21.0172 , -0.696772 , -0.311825 , 0.424128 , -0.698841 , -0.305833 , 0.427798
21.0655 , -0.698634 , -0.309015 , 0.425545 , -0.699514 , -0.302015 , 0.429428
21.1025 , -0.695776 , -0.303345 , 0.425394 , -0.699166 , -0.29903 , 0.432514
21.1486 , -0.699751 , -0.299785 , 0.430532 , -0.698452 , -0.294351 , 0.435202
21.1866 , -0.700235 , -0.294763 , 0.433534 , -0.69781 , -0.288317 , 0.437855
21.2316 , -0.701658 , -0.289816 , 0.437129 , -0.697073 , -0.283236 , 0.440694
21.2707 , -0.702972 , -0.283836 , 0.440942 , -0.697347 , -0.278023 , 0.444341
21.3153 , -0.704503 , -0.278922 , 0.445277 , -0.698312 , -0.272644 , 0.447487
21.3528 , -0.706045 , -0.273597 , 0.448572 , -0.699152 , -0.268977 , 0.452044
21.3996 , -0.707954 , -0.268609 , 0.452826 , -0.698836 , -0.264237 , 0.455211
21.4368 , -0.707737 , -0.263324 , 0.456639 , -0.697786 , -0.259207 , 0.457988
21.4846 , -0.707343 , -0.2573 , 0.458842 , -0.6956 , -0.25509 , 0.459465
21.5225 , -0.706469 , -0.254399 , 0.461981 , -0.695716 , -0.254949 , 0.464691
21.5681 , -0.707573 , -0.249014 , 0.463508 , -0.696059 , -0.248736 , 0.466914
21.6064 , -0.70863 , -0.244631 , 0.468727 , -0.696896 , -0.243959 , 0.469154
21.6511 , -0.709776 , -0.241735 , 0.473827 , -0.699013 , -0.24134 , 0.473824
21.6887 , -0.709918 , -0.238541 , 0.477805 , -0.698808 , -0.237459 , 0.477189
21.7354 , -0.71143 , -0.235736 , 0.481469 , -0.700904 , -0.234217 , 0.481116
21.7733 , -0.711244 , -0.232184 , 0.485101 , -0.70142 , -0.231536 , 0.484558
21.8201 , -0.712892 , -0.229436 , 0.488836 , -0.700789 , -0.228589 , 0.487569
21.858 , -0.713267 , -0.226447 , 0.492141 , -0.702488 , -0.226131 , 0.492082
21.9026 , -0.713607 , -0.223665 , 0.496273 , -0.703639 , -0.222995 , 0.496836
21.9406 , -0.715939 , -0.221059 , 0.501994 , -0.706774 , -0.220669 , 0.502973
21.987 , -0.719022 , -0.220444 , 0.507994 , -0.727925 , -0.215564 , 0.511668
22.0256 , -0.713857 , -0.228841 , 0.513447 , -0.726366 , -0.216735 , 0.517678
22.0701 , -0.723302 , -0.223924 , 0.518375 , -0.747502 , -0.211228 , 0.532719
22.1085 , -0.752006 , -0.212867 , 0.533827 , -0.74957 , -0.208663 , 0.535777
22.1548 , -0.753283 , -0.210611 , 0.535761 , -0.750798 , -0.207131 , 0.538496
22.1929 , -0.755324 , -0.208848 , 0.538511 , -0.750875 , -0.204611 , 0.539806
22.242 , -0.755781 , -0.207573 , 0.540009 , -0.750537 , -0.204408 , 0.541784
22.2894 , -0.756114 , -0.20796 , 0.541803 , -0.751041 , -0.204391 , 0.544374
22.3345 , -0.755826 , -0.207399 , 0.544227 , -0.750394 , -0.204776 , 0.546112
22.3735 , -0.755264 , -0.207709 , 0.545854 , -0.749761 , -0.204831 , 0.546965
22.4099 , -0.75401 , -0.208025 , 0.546249 , -0.748522 , -0.205125 , 0.547813
22.4573 , -0.752394 , -0.207862 , 0.547007 , -0.748186 , -0.205251 , 0.547867
22.4954 , -0.750581 , -0.208283 , 0.547464 , -0.747471 , -0.206035 , 0.547879
22.544 , -0.749845 , -0.208423 , 0.547535 , -0.745529 , -0.206421 , 0.548245
22.5919 , -0.749028 , -0.2081 , 0.548245 , -0.744477 , -0.209191 , 0.551138
22.6346 , -0.749641 , -0.207714 , 0.548979 , -0.743653 , -0.207232 , 0.549628
22.6788 , -0.749429 , -0.207549 , 0.54962 , -0.743403 , -0.206394 , 0.549663
22.7258 , -0.749559 , -0.206858 , 0.550646 , -0.743726 , -0.206782 , 0.552933
22.7726 , -0.749075 , -0.206975 , 0.554145 , -0.744154 , -0.205297 , 0.554312
22.8103 , -0.748489 , -0.204739 , 0.556659 , -0.745215 , -0.203357 , 0.55669
22.8527 , -0.745657 , -0.200535 , 0.555896 , -0.740636 , -0.204603 , 0.559363
22.8966 , -0.740995 , -0.202834 , 0.559108 , -0.734265 , -0.200204 , 0.558653
22.943 , -0.70546 , -0.212104 , 0.554313 , -0.711975 , -0.20609 , 0.559789
22.9796 , -0.695776 , -0.215561 , 0.559321 , -0.691833 , -0.208414 , 0.558688
23.0306 , -0.706094 , -0.203729 , 0.568712 , -0.690029 , -0.204192 , 0.566356
23.0808 , -0.688014 , -0.200388 , 0.571231 , -0.677543 , -0.198771 , 0.571022
23.1276 , -0.66281 , -0.199735 , 0.571129 , -0.626595 , -0.207091 , 0.562723
23.1665 , -0.608568 , -0.214009 , 0.563181 , -0.5914 , -0.212211 , 0.561818
23.2119 , -0.575232 , -0.215405 , 0.559344 , -0.560385 , -0.213444 , 0.561436
23.2501 , -0.536739 , -0.218642 , 0.555008 , -0.549086 , -0.207965 , 0.568482
23.295 , -0.521427 , -0.213611 , 0.558687 , -0.548733 , -0.208962 , 0.572489
23.3331 , -0.515092 , -0.207853 , 0.555377 , -0.506598 , -0.214473 , 0.562999
23.3795 , -0.467401 , -0.217479 , 0.544801 , -0.454084 , -0.217322 , 0.549557
23.417 , -0.414631 , -0.231273 , 0.530667 , -0.347731 , -0.238437 , 0.516401
23.4633 , -0.319878 , -0.249632 , 0.501111 , -0.28929 , -0.245477 , 0.489535
23.5024 , -0.280859 , -0.252379 , 0.482654 , -0.23026 , -0.257607 , 0.460353
23.5485 , -0.213313 , -0.254249 , 0.450973 , -0.182677 , -0.259855 , 0.437056
23.5859 , -0.155201 , -0.259629 , 0.42218 , -0.145663 , -0.259639 , 0.41692
23.6319 , -0.116577 , -0.259823 , 0.396001 , -0.0836504 , -0.264828 , 0.381413
23.6704 , -0.0564951 , -0.265458 , 0.360183 , -0.0310065 , -0.264465 , 0.345685
23.7157 , -0.00957506 , -0.268189 , 0.32497 , 0.0150277 , -0.265956 , 0.307686
23.7522 , 0.0328887 , -0.278563 , 0.286387 , 0.0592901 , -0.261655 , 0.268151
23.7992 , 0.0690628 , -0.269379 , 0.24906 , 0.0872078 , -0.265209 , 0.230382
23.8363 , 0.0906344 , -0.260141 , 0.214753 , 0.109129 , -0.254039 , 0.199059
23.8841 , 0.103524 , -0.258454 , 0.187704 , 0.119007 , -0.248578 , 0.172211
23.9372 , 0.104706 , -0.2498 , 0.170558 , 0.107551 , -0.225298 , 0.160369
23.9873 , 0.084266 , -0.227598 , 0.170675 , 0.0941893 , -0.221042 , 0.161156
24.0334 , 0.0626554 , -0.226467 , 0.179916 , 0.0705651 , -0.220263 , 0.171993
24.0791 , 0.0405189 , -0.229282 , 0.201783 , 0.043454 , -0.222884 , 0.192492
24.1131 , 0.00626228 , -0.223722 , 0.229756 , 0.0123616 , -0.221235 , 0.224353
24.1545 , -0.0431621 , -0.212117 , 0.269742 , -0.0329167 , -0.213941 , 0.263444
24.1988 , -0.0913724 , -0.197512 , 0.312413 , -0.0791572 , -0.204899 , 0.311216
24.2387 , -0.129816 , -0.19267 , 0.354278 , -0.13277 , -0.188835 , 0.35963
24.2849 , -0.18382 , -0.1698 , 0.401713 , -0.189174 , -0.167163 , 0.407679
24.3246 , -0.241781 , -0.136561 , 0.447013 , -0.24874 , -0.13741 , 0.455339
24.3676 , -0.300919 , -0.106208 , 0.49008 , -0.309843 , -0.0952522 , 0.498062
24.4086 , -0.359856 , -0.0766331 , 0.528788 , -0.371781 , -0.0493417 , 0.533958
24.4515 , -0.415855 , -0.0333054 , 0.556641 , -0.427269 , -0.0247393 , 0.569915
24.493 , -0.461886 , -0.00787961 , 0.582716 , -0.475235 , 0.00274425 , 0.595963
24.5352 , -0.501122 , 0.0136143 , 0.601691 , -0.515687 , 0.0278532 , 0.615523
24.5769 , -0.531671 , 0.0357424 , 0.614479 , -0.546093 , 0.0459038 , 0.629854
24.6189 , -0.555528 , 0.0562727 , 0.618778 , -0.568121 , 0.0620829 , 0.63629
24.661 , -0.565926 , 0.0591493 , 0.625076 , -0.584889 , 0.0661721 , 0.644214
24.7023 , -0.57403 , 0.0572987 , 0.62843 , -0.587987 , 0.0634826 , 0.64614
24.742 , -0.578116 , 0.0473968 , 0.633102 , -0.585028 , 0.0570263 , 0.640665
24.7882 , -0.573246 , 0.0409663 , 0.624233 , -0.597507 , 0.0649483 , 0.633692
24.8255 , -0.575425 , 0.0308459 , 0.619053 , -0.584518 , 0.0464324 , 0.626352
24.8709 , -0.568248 , 0.0204568 , 0.609049 , -0.569534 , 0.0282411 , 0.610184
24.9064 , -0.561529 , 0.00576134 , 0.598087 , -0.558294 , 0.0110596 , 0.595795
24.9472 , -0.552452 , -0.00956145 , 0.586144 , -0.547934 , -0.00533732 , 0.584767
24.9873 , -0.542068 , -0.0248845 , 0.573217 , -0.540785 , -0.0265099 , 0.576979
25.0241 , -0.531384 , -0.0438722 , 0.559838 , -0.533132 , -0.0468883 , 0.566394
25.0647 , -0.523003 , -0.0645173 , 0.549497 , -0.524776 , -0.0638675 , 0.55264
25.1083 , -0.515137 , -0.0802537 , 0.537178 , -0.515782 , -0.0823419 , 0.539273
25.147 , -0.511703 , -0.0958983 , 0.528016 , -0.51045 , -0.0971965 , 0.525858
25.1912 , -0.510801 , -0.109009 , 0.518147 , -0.507774 , -0.113584 , 0.517526
25.231 , -0.511952 , -0.122585 , 0.514993 , -0.510272 , -0.126808 , 0.512115
25.2756 , -0.519325 , -0.133351 , 0.514149 , -0.516523 , -0.137505 , 0.50901
25.3138 , -0.530309 , -0.138886 , 0.513325 , -0.529545 , -0.145315 , 0.509225
25.3606 , -0.545788 , -0.146322 , 0.515871 , -0.54585 , -0.149307 , 0.511456
25.4049 , -0.565052 , -0.15124 , 0.519071 , -0.566208 , -0.155377 , 0.519001
25.4427 , -0.584378 , -0.155663 , 0.525056 , -0.588185 , -0.160213 , 0.526782
25.4814 , -0.605033 , -0.159807 , 0.533553 , -0.61014 , -0.163232 , 0.534958
25.5266 , -0.626533 , -0.163129 , 0.539444 , -0.633657 , -0.164355 , 0.54422
25.5645 , -0.647117 , -0.165647 , 0.546635 , -0.654426 , -0.16603 , 0.550181
25.6117 , -0.665921 , -0.16907 , 0.552301 , -0.673965 , -0.170812 , 0.557138
25.6498 , -0.697035 , -0.14686 , 0.559479 , -0.696837 , -0.157454 , 0.560106
25.6939 , -0.710402 , -0.149584 , 0.562875 , -0.704799 , -0.166468 , 0.566435
25.7321 , -0.70708 , -0.167219 , 0.564933 , -0.712476 , -0.169873 , 0.568747
25.7782 , -0.714253 , -0.17183 , 0.570018 , -0.717594 , -0.1717 , 0.572365
25.8172 , -0.735409 , -0.160109 , 0.576399 , -0.716211 , -0.17614 , 0.570777
25.8618 , -0.724879 , -0.174687 , 0.572686 , -0.724228 , -0.175022 , 0.573003
25.9001 , -0.728031 , -0.175932 , 0.57301 , -0.742621 , -0.157467 , 0.576245
25.9466 , -0.744845 , -0.160636 , 0.574308 , -0.745269 , -0.157231 , 0.576184
25.9828 , -0.744489 , -0.161619 , 0.573078 , -0.746726 , -0.159935 , 0.573197
26.032 , -0.744832 , -0.163695 , 0.571496 , -0.745026 , -0.160874 , 0.572837
26.0686 , -0.745469 , -0.164427 , 0.571052 , -0.743733 , -0.16229 , 0.570493
26.1142 , -0.746249 , -0.165283 , 0.569256 , -0.743248 , -0.164324 , 0.569075
26.1521 , -0.747437 , -0.165281 , 0.568837 , -0.744017 , -0.165867 , 0.567955
26.2001 , -0.749067 , -0.165124 , 0.567159 , -0.746323 , -0.165012 , 0.566104
26.2515 , -0.749281 , -0.165053 , 0.566057 , -0.748173 , -0.16509 , 0.565056
26.2957 , -0.749992 , -0.165244 , 0.56684 , -0.747456 , -0.165418 , 0.56595
26.3315 , -0.751177 , -0.165093 , 0.567259 , -0.746695 , -0.164896 , 0.566663
26.3692 , -0.752493 , -0.164428 , 0.56641 , -0.747067 , -0.164418 , 0.566032
26.4218 , -0.752506 , -0.164218 , 0.56678 , -0.748354 , -0.164349 , 0.566114
26.4655 , -0.753454 , -0.163619 , 0.568044 , -0.749052 , -0.164305 , 0.566967
26.5018 , -0.753655 , -0.162515 , 0.567751 , -0.750548 , -0.164255 , 0.567191
26.5485 , -0.7517 , -0.161807 , 0.569248 , -0.748878 , -0.16215 , 0.568451
26.5874 , -0.749692 , -0.160987 , 0.570124 , -0.744661 , -0.160542 , 0.569643
26.632 , -0.747455 , -0.1602 , 0.570728 , -0.74262 , -0.16002 , 0.569283
26.6698 , -0.745083 , -0.158925 , 0.570854 , -0.739777 , -0.157827 , 0.570076
26.7186 , -0.743121 , -0.157021 , 0.571328 , -0.736956 , -0.155861 , 0.570982
26.7589 , -0.74027 , -0.155702 , 0.571167 , -0.733922 , -0.153228 , 0.571129
26.8034 , -0.735248 , -0.15391 , 0.571157 , -0.731511 , -0.151959 , 0.572051
26.8448 , -0.732215 , -0.152454 , 0.571794 , -0.728681 , -0.149855 , 0.574259
26.8899 , -0.729569 , -0.149371 , 0.573983 , -0.725117 , -0.146067 , 0.573349
26.9343 , -0.711632 , -0.166572 , 0.573928 , -0.714569 , -0.154667 , 0.576197
26.9801 , -0.709363 , -0.161726 , 0.573978 , -0.704509 , -0.152844 , 0.572614
27.0249 , -0.706515 , -0.155617 , 0.574869 , -0.701901 , -0.150484 , 0.575471
27.0728 , -0.703326 , -0.14999 , 0.576418 , -0.698965 , -0.146715 , 0.578026
27.1298 , -0.699785 , -0.14649 , 0.579642 , -0.695977 , -0.141185 , 0.581761
27.1743 , -0.696265 , -0.140464 , 0.581187 , -0.693185 , -0.135555 , 0.585003
27.2284 , -0.691747 , -0.133639 , 0.582825 , -0.690764 , -0.130551 , 0.587449
27.2739 , -0.691682 , -0.127462 , 0.586759 , -0.68554 , -0.123275 , 0.586634
27.32 , -0.688535 , -0.121544 , 0.589784 , -0.684981 , -0.117637 , 0.590343
27.3591 , -0.684279 , -0.113476 , 0.591521 , -0.683401 , -0.112197 , 0.595003
27.4035 , -0.681971 , -0.107548 , 0.596333 , -0.683146 , -0.105288 , 0.600024
27.4391 , -0.680615 , -0.0966741 , 0.598118 , -0.682979 , -0.0967831 , 0.60416
27.4809 , -0.681152 , -0.0878584 , 0.603055 , -0.684787 , -0.0873553 , 0.608846
27.5208 , -0.682858 , -0.080994 , 0.608845 , -0.686844 , -0.080199 , 0.613823
27.5586 , -0.684005 , -0.0733263 , 0.614271 , -0.689316 , -0.0737866 , 0.619715
27.5997 , -0.686582 , -0.067106 , 0.61874 , -0.69268 , -0.0682472 , 0.624741
27.6405 , -0.689852 , -0.0643515 , 0.626657 , -0.689897 , -0.050131 , 0.617819
27.6778 , -0.693474 , -0.0523342 , 0.625869 , -0.69179 , -0.0471388 , 0.624333
27.7257 , -0.696117 , -0.0469656 , 0.628031 , -0.695521 , -0.0456132 , 0.628262
27.7622 , -0.702267 , -0.0432349 , 0.63047 , -0.700639 , -0.0458962 , 0.631037
27.8133 , -0.704626 , -0.0372032 , 0.627546 , -0.70506 , -0.0486109 , 0.634821
27.8625 , -0.712688 , -0.0407315 , 0.631235 , -0.708398 , -0.0426452 , 0.628585
27.9135 , -0.71427 , -0.0413279 , 0.630107 , -0.714796 , -0.0424849 , 0.626977
27.9679 , -0.719787 , -0.0406459 , 0.625442 , -0.719962 , -0.0429099 , 0.623832
28.017 , -0.724339 , -0.0437929 , 0.620081 , -0.726113 , -0.0466945 , 0.617651
28.0609 , -0.732635 , -0.0498194 , 0.617373 , -0.733354 , -0.0517972 , 0.612053
28.1114 , -0.737431 , -0.050445 , 0.604512 , -0.739249 , -0.0566788 , 0.60399
28.1577 , -0.742358 , -0.0606072 , 0.598927 , -0.743111 , -0.0629987 , 0.594094
28.1996 , -0.743816 , -0.0668497 , 0.585305 , -0.743269 , -0.0692662 , 0.580579
28.2429 , -0.74189 , -0.0754967 , 0.572315 , -0.740649 , -0.0776617 , 0.565121
28.2835 , -0.739459 , -0.0867168 , 0.558488 , -0.736339 , -0.0885665 , 0.551062
28.333 , -0.732897 , -0.0991373 , 0.54475 , -0.726239 , -0.103672 , 0.536819
28.375 , -0.721705 , -0.114235 , 0.530699 , -0.714956 , -0.117868 , 0.521676
28.4171 , -0.710175 , -0.128442 , 0.515158 , -0.702318 , -0.133961 , 0.508462
28.4657 , -0.697619 , -0.142475 , 0.500201 , -0.690165 , -0.146648 , 0.493943
28.5171 , -0.685114 , -0.155889 , 0.487248 , -0.678855 , -0.163396 , 0.48372
28.5688 , -0.673798 , -0.165463 , 0.477269 , -0.668986 , -0.176108 , 0.474252
28.6099 , -0.661669 , -0.182023 , 0.47069 , -0.657919 , -0.187972 , 0.46644
28.6496 , -0.650513 , -0.195234 , 0.464638 , -0.648306 , -0.203315 , 0.464033
28.6977 , -0.637347 , -0.20686 , 0.457076 , -0.637969 , -0.214759 , 0.460233
28.741 , -0.627535 , -0.222642 , 0.458682 , -0.627294 , -0.226655 , 0.459141
28.7873 , -0.616436 , -0.237423 , 0.457609 , -0.617846 , -0.238104 , 0.46089
28.8337 , -0.605503 , -0.255668 , 0.459319 , -0.608503 , -0.253125 , 0.466801
28.8824 , -0.600865 , -0.261175 , 0.46409 , -0.59923 , -0.270209 , 0.470727
28.9214 , -0.589526 , -0.278795 , 0.468929 , -0.589086 , -0.282677 , 0.474597
28.9671 , -0.57826 , -0.288263 , 0.473327 , -0.580354 , -0.290745 , 0.480471
29.0065 , -0.570916 , -0.298468 , 0.480262 , -0.573226 , -0.296556 , 0.48646
29.0461 , -0.563633 , -0.304345 , 0.484434 , -0.567025 , -0.303046 , 0.493143
29.0867 , -0.558247 , -0.309332 , 0.491164 , -0.561849 , -0.305002 , 0.497681
29.1321 , -0.554493 , -0.315448 , 0.497017 , -0.558878 , -0.311781 , 0.500871
29.168 , -0.547474 , -0.321852 , 0.495865 , -0.554075 , -0.316774 , 0.498639
29.2091 , -0.538935 , -0.323835 , 0.490096 , -0.546539 , -0.318081 , 0.490735
29.249 , -0.534777 , -0.326208 , 0.483557 , -0.542961 , -0.319353 , 0.482569
29.2945 , -0.528478 , -0.325138 , 0.473577 , -0.53532 , -0.320028 , 0.472195
29.3385 , -0.520255 , -0.324453 , 0.464478 , -0.528616 , -0.319529 , 0.462131
29.3889 , -0.513441 , -0.32314 , 0.455342 , -0.521811 , -0.319132 , 0.454702
29.4399 , -0.507147 , -0.319354 , 0.449127 , -0.516121 , -0.316467 , 0.44929
29.4873 , -0.504311 , -0.317416 , 0.445156 , -0.513238 , -0.315277 , 0.446766
29.5239 , -0.504842 , -0.313764 , 0.446639 , -0.512608 , -0.313063 , 0.446159
29.5717 , -0.507418 , -0.312038 , 0.445891 , -0.513619 , -0.314646 , 0.446565
29.6086 , -0.503845 , -0.310543 , 0.44338 , -0.511723 , -0.310206 , 0.447169
29.6561 , -0.514466 , -0.312097 , 0.448468 , -0.571516 , -0.299904 , 0.47494
29.7042 , -0.52052 , -0.309447 , 0.451923 , -0.545009 , -0.299108 , 0.46246
29.7424 , -0.524045 , -0.306129 , 0.450806 , -0.532253 , -0.301087 , 0.454026
29.789 , -0.528713 , -0.302021 , 0.452136 , -0.53044 , -0.300544 , 0.451365
29.8326 , -0.53313 , -0.302115 , 0.45197 , -0.534954 , -0.299256 , 0.452307
29.8712 , -0.539114 , -0.297588 , 0.451089 , -0.537865 , -0.294595 , 0.449762
29.9091 , -0.545514 , -0.294696 , 0.450606 , -0.546117 , -0.293678 , 0.452895
29.9574 , -0.555358 , -0.292235 , 0.45123 , -0.552593 , -0.290272 , 0.453298
30.0002 , -0.562383 , -0.286035 , 0.451376 , -0.559796 , -0.284739 , 0.452946
30.038 , -0.57363 , -0.283235 , 0.453843 , -0.569099 , -0.28018 , 0.453411
30.08 , -0.582843 , -0.279342 , 0.453089 , -0.578397 , -0.276511 , 0.455293
30.1194 , -0.594025 , -0.27648 , 0.45613 , -0.5887 , -0.268915 , 0.456716
30.1614 , -0.604915 , -0.271935 , 0.459034 , -0.601287 , -0.263097 , 0.461574
30.2068 , -0.61605 , -0.2647 , 0.461961 , -0.609425 , -0.256653 , 0.464516
30.2453 , -0.62644 , -0.255949 , 0.46542 , -0.620256 , -0.249334 , 0.468163
30.2923 , -0.637013 , -0.2483 , 0.468368 , -0.630035 , -0.242014 , 0.471942
30.33 , -0.647791 , -0.244968 , 0.473753 , -0.641507 , -0.242735 , 0.479534
30.3745 , -0.65958 , -0.239918 , 0.477413 , -0.650759 , -0.234887 , 0.481692
30.4127 , -0.669837 , -0.23362 , 0.481856 , -0.659659 , -0.228283 , 0.486154
30.4589 , -0.677112 , -0.229037 , 0.487208 , -0.66834 , -0.222677 , 0.488064
30.4974 , -0.685814 , -0.22254 , 0.488246 , -0.6113 , -0.266966 , 0.469984
30.5424 , -0.689354 , -0.219593 , 0.492601 , -0.674239 , -0.243483 , 0.480642
30.5804 , -0.695529 , -0.213074 , 0.493368 , -0.688657 , -0.214946 , 0.494398
30.6273 , -0.701248 , -0.213846 , 0.49967 , -0.690166 , -0.205623 , 0.497462
30.6661 , -0.705894 , -0.210714 , 0.503432 , -0.690831 , -0.20462 , 0.503245
30.7133 , -0.70403 , -0.20489 , 0.505825 , -0.691263 , -0.201537 , 0.507446
30.7677 , -0.705567 , -0.198837 , 0.511423 , -0.718822 , -0.167538 , 0.512833
30.8171 , -0.732403 , -0.166175 , 0.518504 , -0.727341 , -0.158279 , 0.521805
30.8662 , -0.73367 , -0.160903 , 0.522667 , -0.728803 , -0.154021 , 0.527071
30.9204 , -0.73453 , -0.157687 , 0.527142 , -0.728478 , -0.15144 , 0.531551
30.9679 , -0.734482 , -0.155038 , 0.531298 , -0.727387 , -0.150738 , 0.535327
31.019 , -0.734417 , -0.153381 , 0.536089 , -0.726463 , -0.149198 , 0.537377
31.066 , -0.73371 , -0.150379 , 0.538718 , -0.725436 , -0.147288 , 0.539227
31.1163 , -0.732262 , -0.147454 , 0.540725 , -0.725197 , -0.14498 , 0.541297
31.1693 , -0.73187 , -0.144961 , 0.542735 , -0.724764 , -0.142912 , 0.54329
31.2188 , -0.731081 , -0.143018 , 0.544466 , -0.723881 , -0.140022 , 0.543847
31.2645 , -0.730518 , -0.140905 , 0.545269 , -0.725404 , -0.140542 , 0.545627
31.308 , -0.732178 , -0.14132 , 0.546908 , -0.72497 , -0.139201 , 0.545614
31.3556 , -0.73005 , -0.139071 , 0.54692 , -0.725206 , -0.138976 , 0.545347
31.4019 , -0.729861 , -0.139343 , 0.546695 , -0.726235 , -0.138427 , 0.547214
31.4525 , -0.731454 , -0.141071 , 0.547694 , -0.725589 , -0.138835 , 0.548125
31.5053 , -0.731127 , -0.14106 , 0.548521 , -0.72389 , -0.137999 , 0.549238
31.5549 , -0.729782 , -0.139324 , 0.54878 , -0.723108 , -0.136912 , 0.550321
31.6011 , -0.729892 , -0.138567 , 0.548073 , -0.72438 , -0.136275 , 0.54825
31.6379 , -0.731259 , -0.13821 , 0.548199 , -0.725189 , -0.137632 , 0.547616
31.6837 , -0.731829 , -0.137922 , 0.547421 , -0.725981 , -0.137482 , 0.545811
31.721 , -0.732484 , -0.137749 , 0.547392 , -0.727362 , -0.137198 , 0.545493
31.768 , -0.733345 , -0.137106 , 0.548444 , -0.728027 , -0.136854 , 0.547368
31.8072 , -0.733819 , -0.137046 , 0.548772 , -0.728748 , -0.136147 , 0.54826
31.8509 , -0.734196 , -0.136883 , 0.549079 , -0.729048 , -0.135848 , 0.548866
31.8879 , -0.734528 , -0.136013 , 0.549355 , -0.728805 , -0.135618 , 0.548883
31.9409 , -0.733934 , -0.135584 , 0.549979 , -0.728682 , -0.135071 , 0.549859
31.9908 , -0.733947 , -0.135235 , 0.550601 , -0.727997 , -0.134281 , 0.550581
32.0368 , -0.733122 , -0.134886 , 0.551132 , -0.7277 , -0.133989 , 0.550802
32.0738 , -0.731667 , -0.133852 , 0.55291 , -0.726877 , -0.132961 , 0.551972
32.1177 , -0.730513 , -0.132841 , 0.553996 , -0.725386 , -0.132015 , 0.554333
32.1579 , -0.729233 , -0.132133 , 0.556023 , -0.72427 , -0.130884 , 0.555885
32.2017 , -0.72828 , -0.131169 , 0.556872 , -0.724984 , -0.130458 , 0.556928
32.2417 , -0.727366 , -0.129804 , 0.559097 , -0.723363 , -0.129133 , 0.559119
32.2857 , -0.726777 , -0.128936 , 0.560811 , -0.721981 , -0.127438 , 0.561481
32.3218 , -0.72601 , -0.127914 , 0.562137 , -0.722287 , -0.126707 , 0.562216
32.362 , -0.725561 , -0.126792 , 0.562883 , -0.721079 , -0.124993 , 0.563244
32.4054 , -0.725616 , -0.125787 , 0.563842 , -0.72033 , -0.123918 , 0.563545
32.4421 , -0.725594 , -0.124724 , 0.563718 , -0.719994 , -0.122799 , 0.56159
32.4885 , -0.709443 , -0.157889 , 0.564528 , -0.712858 , -0.14368 , 0.564608
32.5267 , -0.711647 , -0.155324 , 0.565822 , -0.7075 , -0.15196 , 0.564568
32.5787 , -0.711008 , -0.154684 , 0.566165 , -0.707073 , -0.153208 , 0.565194
32.6219 , -0.728333 , -0.130203 , 0.566099 , -0.717204 , -0.138927 , 0.565212
32.6632 , -0.73 , -0.129823 , 0.567468 , -0.725681 , -0.131342 , 0.567206
32.7064 , -0.731448 , -0.1295 , 0.566555 , -0.726758 , -0.127903 , 0.567138
32.7429 , -0.730123 , -0.127628 , 0.566398 , -0.725684 , -0.127756 , 0.566148
32.7946 , -0.730175 , -0.126744 , 0.566494 , -0.726047 , -0.127434 , 0.566134
32.8391 , -0.730012 , -0.126468 , 0.566316 , -0.706425 , -0.154377 , 0.561781
32.8786 , -0.709822 , -0.152799 , 0.563582 , -0.70374 , -0.156831 , 0.560151
32.9278 , -0.710439 , -0.153293 , 0.563865 , -0.703583 , -0.154498 , 0.561505
32.9783 , -0.709568 , -0.155698 , 0.563487 , -0.704112 , -0.155422 , 0.562236
33.0285 , -0.709849 , -0.156059 , 0.563576 , -0.706208 , -0.156299 , 0.563541
33.0786 , -0.709968 , -0.156231 , 0.5649 , -0.707338 , -0.156762 , 0.564438
33.1238 , -0.709606 , -0.156725 , 0.564568 , -0.707194 , -0.156491 , 0.564805
33.1605 , -0.709236 , -0.15717 , 0.565056 , -0.706261 , -0.156366 , 0.564729
33.1981 , -0.7093 , -0.157412 , 0.566111 , -0.721929 , -0.132978 , 0.566347
33.2445 , -0.727702 , -0.134074 , 0.567537 , -0.725568 , -0.131002 , 0.569105
33.2823 , -0.735279 , -0.133958 , 0.570487 , -0.732418 , -0.131892 , 0.570942
33.3277 , -0.735604 , -0.133447 , 0.569972 , -0.733679 , -0.132522 , 0.570565
33.3647 , -0.735926 , -0.132829 , 0.570167 , -0.732655 , -0.132813 , 0.569738
33.4117 , -0.736013 , -0.132519 , 0.57089 , -0.731973 , -0.132948 , 0.57016
33.4491 , -0.735888 , -0.132318 , 0.571448 , -0.731493 , -0.132433 , 0.571402
33.4966 , -0.736223 , -0.13171 , 0.572 , -0.731457 , -0.131805 , 0.571416
33.5338 , -0.736101 , -0.131657 , 0.571602 , -0.732054 , -0.13154 , 0.570783
33.5786 , -0.736335 , -0.131812 , 0.570282 , -0.732809 , -0.13149 , 0.57004
33.6157 , -0.735949 , -0.13148 , 0.57036 , -0.73215 , -0.131582 , 0.57002
33.6631 , -0.73526 , -0.131352 , 0.57092 , -0.712348 , -0.160369 , 0.567214
33.7003 , -0.713652 , -0.158842 , 0.569124 , -0.708739 , -0.162725 , 0.565613
33.75 , -0.713827 , -0.158839 , 0.56913 , -0.708458 , -0.161138 , 0.56693
33.8007 , -0.714344 , -0.158808 , 0.568115 , -0.708774 , -0.158985 , 0.566665
33.8453 , -0.714571 , -0.158517 , 0.567353 , -0.709873 , -0.158353 , 0.566795
33.8822 , -0.713858 , -0.15851 , 0.567264 , -0.710188 , -0.158415 , 0.567136
33.922 , -0.71282 , -0.158817 , 0.567707 , -0.710385 , -0.158615 , 0.56717
33.9653 , -0.712373 , -0.159194 , 0.567802 , -0.710011 , -0.158825 , 0.567035
34.0015 , -0.712506 , -0.159275 , 0.567863 , -0.72935 , -0.1331 , 0.570095
34.0486 , -0.734233 , -0.134415 , 0.569906 , -0.712892 , -0.156339 , 0.567864
34.0858 , -0.714359 , -0.158621 , 0.566431 , -0.710212 , -0.160063 , 0.5648
34.1336 , -0.714003 , -0.158578 , 0.566879 , -0.709452 , -0.160002 , 0.565103
34.1705 , -0.713757 , -0.158723 , 0.566316 , -0.70959 , -0.159474 , 0.564887
34.2177 , -0.733422 , -0.133447 , 0.569294 , -0.720772 , -0.143998 , 0.565942
34.2549 , -0.733424 , -0.133633 , 0.569045 , -0.709474 , -0.161247 , 0.565207
34.3044 , -0.712429 , -0.157484 , 0.566923 , -0.707738 , -0.161364 , 0.563932
34.3531 , -0.712122 , -0.157547 , 0.566847 , -0.725611 , -0.135069 , 0.568514
34.3999 , -0.732736 , -0.133823 , 0.569525 , -0.728453 , -0.131659 , 0.570435
34.4361 , -0.73259 , -0.133796 , 0.569358 , -0.729638 , -0.132113 , 0.569721
34.4759 , -0.732152 , -0.133728 , 0.569067 , -0.729483 , -0.132293 , 0.569222
34.5182 , -0.731919 , -0.133467 , 0.569138 , -0.729095 , -0.133494 , 0.568938
34.5593 , -0.731962 , -0.133304 , 0.56902 , -0.728629 , -0.133456 , 0.568529
34.6019 , -0.731868 , -0.133265 , 0.568934 , -0.728335 , -0.133308 , 0.568117
34.6435 , -0.731873 , -0.133075 , 0.568952 , -0.727965 , -0.133349 , 0.56834
34.6843 , -0.731949 , -0.133061 , 0.568944 , -0.728069 , -0.132798 , 0.568544
34.7215 , -0.731778 , -0.132588 , 0.568993 , -0.728234 , -0.132801 , 0.568472
34.7573 , -0.731516 , -0.132277 , 0.569139 , -0.728286 , -0.132223 , 0.568447
34.8101 , -0.731475 , -0.132495 , 0.568853 , -0.728335 , -0.131857 , 0.568737
34.8586 , -0.73142 , -0.13232 , 0.570285 , -0.727349 , -0.132074 , 0.569346
34.9093 , -0.731822 , -0.132346 , 0.570168 , -0.727468 , -0.131909 , 0.56964
34.9634 , -0.732173 , -0.131841 , 0.570748 , -0.728506 , -0.131441 , 0.569864
35.0133 , -0.732197 , -0.131802 , 0.570849 , -0.729826 , -0.131255 , 0.570539
35.0579 , -0.731704 , -0.131316 , 0.570854 , -0.729309 , -0.130458 , 0.570846
35.1131 , -0.732002 , -0.131463 , 0.570441 , -0.709494 , -0.155182 , 0.566942
35.174 , -0.711885 , -0.155189 , 0.56745 , -0.705825 , -0.157745 , 0.564805
35.2207 , -0.712405 , -0.155517 , 0.56633 , -0.70568 , -0.156673 , 0.565029
35.2638 , -0.712668 , -0.155642 , 0.566053 , -0.70721 , -0.155364 , 0.566289
35.3043 , -0.712612 , -0.155277 , 0.566995 , -0.710005 , -0.154457 , 0.56686
35.3465 , -0.712812 , -0.155548 , 0.566729 , -0.728988 , -0.130119 , 0.569834
35.3922 , -0.73177 , -0.131951 , 0.569131 , -0.731536 , -0.127938 , 0.571516
35.43 , -0.733022 , -0.132119 , 0.568661 , -0.731809 , -0.128476 , 0.569902
35.4746 , -0.73396 , -0.131631 , 0.569277 , -0.731105 , -0.129874 , 0.569192
35.5124 , -0.734487 , -0.131625 , 0.569221 , -0.730913 , -0.130691 , 0.569043
35.5658 , -0.735281 , -0.13143 , 0.569406 , -0.731493 , -0.131235 , 0.569333
35.611 , -0.735671 , -0.131151 , 0.569756 , -0.732224 , -0.130942 , 0.569549
35.6525 , -0.736099 , -0.131097 , 0.569944 , -0.732965 , -0.13028 , 0.570473
35.6993 , -0.73691 , -0.130624 , 0.570713 , -0.733464 , -0.13008 , 0.571077
35.7463 , -0.737198 , -0.130577 , 0.570776 , -0.73381 , -0.129763 , 0.571108
35.7967 , -0.737442 , -0.130321 , 0.570865 , -0.734107 , -0.129522 , 0.570782
35.8519 , -0.737384 , -0.130405 , 0.570652 , -0.734442 , -0.129639 , 0.570516
35.8944 , -0.737515 , -0.13057 , 0.570122 , -0.734596 , -0.129756 , 0.570232
35.9378 , -0.737868 , -0.130335 , 0.570055 , -0.734443 , -0.129689 , 0.570063
35.9784 , -0.737946 , -0.13056 , 0.569372 , -0.734281 , -0.129536 , 0.569693
36.0148 , -0.737944 , -0.130515 , 0.568771 , -0.734493 , -0.129593 , 0.569032
36.0624 , -0.737944 , -0.130515 , 0.568771 , -0.734533 , -0.129555 , 0.568311
36.0994 , -0.737507 , -0.130643 , 0.5681 , -0.734473 , -0.130073 , 0.567945
36.1478 , -0.737507 , -0.130643 , 0.5681 , -0.733849 , -0.129931 , 0.567609
