832

0.024248 , -0.0111893 , 0.410339 , 0.231243 , -0.00430513 , 0.410075 , 0.229568
0.064605 , -0.0110752 , 0.410815 , 0.23153 , -0.00843744 , 0.410665 , 0.23031
0.110522 , -0.0112113 , 0.410684 , 0.231753 , -0.011037 , 0.410446 , 0.231643
0.1502 , -0.0112318 , 0.41044 , 0.232081 , -0.0115224 , 0.410651 , 0.233252
0.19522 , -0.011192 , 0.410764 , 0.231753 , -0.0127889 , 0.410882 , 0.232635
0.234407 , -0.0109625 , 0.410642 , 0.231825 , -0.0135341 , 0.410737 , 0.231491
0.277776 , -0.011138 , 0.410718 , 0.231647 , -0.0132318 , 0.410692 , 0.230852
0.315207 , -0.0109883 , 0.410305 , 0.231914 , -0.0120968 , 0.410363 , 0.231182
0.36137 , -0.0108975 , 0.410139 , 0.232034 , -0.010968 , 0.410183 , 0.231766
0.400228 , -0.0111282 , 0.409767 , 0.232256 , -0.0106752 , 0.409921 , 0.232572
0.442086 , -0.0109472 , 0.409724 , 0.232184 , -0.0103569 , 0.409941 , 0.233538
0.482972 , -0.0111726 , 0.409761 , 0.232183 , -0.0104398 , 0.40987 , 0.234067
0.530529 , -0.0109583 , 0.40961 , 0.232516 , -0.0111549 , 0.409791 , 0.234362
0.569604 , -0.0108736 , 0.409783 , 0.232626 , -0.0111051 , 0.40976 , 0.233621
0.613877 , -0.0111824 , 0.410234 , 0.232698 , -0.0113371 , 0.410029 , 0.233419
0.653675 , -0.0117987 , 0.410684 , 0.233072 , -0.0115347 , 0.411094 , 0.234485
0.698131 , -0.0113341 , 0.411322 , 0.234035 , -0.0117022 , 0.410898 , 0.234808
0.736718 , -0.0113921 , 0.411403 , 0.23383 , -0.011314 , 0.411443 , 0.234975
0.781958 , -0.0116048 , 0.411513 , 0.233846 , -0.0115825 , 0.412008 , 0.235098
0.81986 , -0.011776 , 0.411462 , 0.233878 , -0.0121332 , 0.412375 , 0.234784
0.871326 , -0.011569 , 0.410688 , 0.235035 , -0.0119502 , 0.411779 , 0.235079
0.919417 , -0.0112839 , 0.410384 , 0.235146 , -0.0113972 , 0.411552 , 0.23567
0.964058 , -0.0113551 , 0.410307 , 0.23509 , -0.00991412 , 0.410147 , 0.234996
1.00168 , -0.0101633 , 0.40973 , 0.234261 , -0.0102881 , 0.409797 , 0.235033
1.04352 , -0.0101461 , 0.409586 , 0.234508 , -0.0108171 , 0.409845 , 0.235536
1.08601 , -0.00996924 , 0.409425 , 0.235291 , -0.0110669 , 0.40983 , 0.236272
1.13345 , -0.00964037 , 0.40908 , 0.235943 , -0.010252 , 0.409306 , 0.236699
1.17172 , -0.00964037 , 0.40908 , 0.235943 , -0.00991648 , 0.409161 , 0.236992
1.21584 , -0.00901874 , 0.409362 , 0.235397 , -0.00942412 , 0.409335 , 0.236499
1.25276 , -0.00911161 , 0.409198 , 0.235409 , -0.00973054 , 0.409268 , 0.236113
1.28974 , -0.00946285 , 0.408904 , 0.235095 , -0.00955875 , 0.409016 , 0.236076
1.33679 , -0.00946285 , 0.408904 , 0.235095 , -0.00972674 , 0.409318 , 0.235399
1.37535 , -0.00936922 , 0.408675 , 0.23503 , -0.00971283 , 0.409536 , 0.235622
1.41891 , -0.00941722 , 0.408424 , 0.235196 , -0.0093392 , 0.409278 , 0.235615
1.45828 , -0.00937721 , 0.408836 , 0.234998 , -0.00905641 , 0.409017 , 0.235464
1.5038 , -0.00910423 , 0.408878 , 0.2347 , -0.00870942 , 0.408362 , 0.235566
1.54201 , -0.00868278 , 0.408774 , 0.234592 , -0.00887384 , 0.408626 , 0.235511
1.58875 , -0.00842711 , 0.409005 , 0.234642 , -0.00902704 , 0.408681 , 0.236014
1.62677 , -0.00715261 , 0.409555 , 0.234976 , -0.00788371 , 0.409242 , 0.235943
1.6717 , -0.006696 , 0.410098 , 0.235254 , -0.00723706 , 0.40947 , 0.236525
1.71017 , -0.00651898 , 0.410266 , 0.235124 , -0.00589447 , 0.410813 , 0.236546
1.75591 , -0.0052842 , 0.411187 , 0.235873 , -0.00541389 , 0.411574 , 0.236628
1.79524 , -0.00407384 , 0.411784 , 0.236804 , -0.00457748 , 0.411045 , 0.237604
1.83559 , -0.00301346 , 0.411742 , 0.23746 , -0.00407811 , 0.410985 , 0.238472
1.87726 , -0.00222452 , 0.412072 , 0.237361 , -0.00270282 , 0.41134 , 0.238398
1.92193 , -0.00130488 , 0.412426 , 0.237612 , -0.00185849 , 0.411651 , 0.238715
1.96234 , -0.000376146 , 0.413034 , 0.237554 , -0.000498934 , 0.413012 , 0.238631
2.00566 , 0.000797316 , 0.413461 , 0.238235 , 0.000387314 , 0.412427 , 0.239269
2.04486 , 0.00217255 , 0.413455 , 0.238182 , 0.00172826 , 0.413453 , 0.239009
2.09018 , 0.00384739 , 0.413944 , 0.238683 , 0.00192279 , 0.413454 , 0.239551
2.12875 , 0.00559114 , 0.415195 , 0.240337 , 0.00387223 , 0.414604 , 0.240497
2.17537 , 0.00645627 , 0.414749 , 0.240458 , 0.00513841 , 0.414789 , 0.240808
2.21321 , 0.0072286 , 0.415911 , 0.239616 , 0.00705662 , 0.415084 , 0.24101
2.25771 , 0.00982839 , 0.416279 , 0.240115 , 0.0086493 , 0.415751 , 0.241253
2.29518 , 0.0110022 , 0.415656 , 0.240947 , 0.0112073 , 0.416777 , 0.242538
2.34178 , 0.0132638 , 0.41584 , 0.242294 , 0.0125771 , 0.415877 , 0.24283
2.37895 , 0.0153741 , 0.413962 , 0.243828 , 0.0158245 , 0.415631 , 0.243796
2.42801 , 0.0176117 , 0.413545 , 0.244181 , 0.0169369 , 0.415228 , 0.244745
2.47611 , 0.0205673 , 0.412421 , 0.246019 , 0.0205566 , 0.411691 , 0.246816
2.5142 , 0.0237957 , 0.410151 , 0.249167 , 0.0242973 , 0.406854 , 0.249077
2.56037 , 0.0270106 , 0.405466 , 0.250169 , 0.0293219 , 0.405424 , 0.254754
2.60227 , 0.0310901 , 0.402793 , 0.25481 , 0.0346606 , 0.402244 , 0.259113
2.64719 , 0.0365916 , 0.398266 , 0.259254 , 0.0408691 , 0.398642 , 0.264954
2.6938 , 0.0415181 , 0.393041 , 0.26472 , 0.0468443 , 0.392465 , 0.272158
2.73042 , 0.047487 , 0.384857 , 0.273176 , 0.0521443 , 0.385048 , 0.281233
2.77729 , 0.0515769 , 0.375558 , 0.280604 , 0.0615172 , 0.376431 , 0.288745
2.81355 , 0.0618688 , 0.367006 , 0.290893 , 0.0657641 , 0.362804 , 0.297347
2.84964 , 0.0960025 , 0.350042 , 0.310155 , 0.0875666 , 0.342298 , 0.306969
2.89595 , 0.104372 , 0.334257 , 0.321345 , 0.102991 , 0.325419 , 0.322762
2.93517 , 0.110259 , 0.31476 , 0.332631 , 0.109044 , 0.307792 , 0.336883
2.97983 , 0.116076 , 0.29498 , 0.344647 , 0.114438 , 0.287759 , 0.350711
3.01973 , 0.119337 , 0.27617 , 0.358945 , 0.119754 , 0.266923 , 0.363829
3.06482 , 0.123366 , 0.253774 , 0.372868 , 0.125876 , 0.246746 , 0.379163
3.10875 , 0.129373 , 0.233919 , 0.389636 , 0.130312 , 0.223905 , 0.395517
3.15378 , 0.133449 , 0.212961 , 0.407533 , 0.134483 , 0.203598 , 0.41381
3.20454 , 0.139179 , 0.191773 , 0.422928 , 0.141071 , 0.182584 , 0.433815
3.25168 , 0.143971 , 0.170885 , 0.443961 , 0.145884 , 0.160998 , 0.450569
3.30669 , 0.149223 , 0.15057 , 0.463859 , 0.15075 , 0.139629 , 0.46842
3.35506 , 0.154372 , 0.128875 , 0.482574 , 0.157494 , 0.119305 , 0.488676
3.40333 , 0.159731 , 0.108158 , 0.500772 , 0.162883 , 0.0985052 , 0.503204
3.45072 , 0.166168 , 0.0876854 , 0.517461 , 0.166717 , 0.0775799 , 0.517196
3.49261 , 0.170771 , 0.0667101 , 0.531461 , 0.168714 , 0.055209 , 0.532137
3.5332 , 0.171429 , 0.0447843 , 0.541697 , 0.169446 , 0.0356724 , 0.546215
3.57119 , 0.169907 , 0.0220526 , 0.552765 , 0.166296 , 0.0141228 , 0.554841
3.61781 , 0.165977 , 0.000803344 , 0.560675 , 0.162933 , -0.00936405 , 0.561663
3.65519 , 0.161239 , -0.0227845 , 0.565754 , 0.15659 , -0.0323307 , 0.567654
3.70305 , 0.15446 , -0.0470518 , 0.570416 , 0.149382 , -0.0573247 , 0.574548
3.74973 , 0.1452 , -0.0713165 , 0.57544 , 0.140653 , -0.0804192 , 0.57666
3.78923 , 0.135859 , -0.0945036 , 0.577901 , 0.128629 , -0.105687 , 0.578736
3.83334 , 0.122214 , -0.118542 , 0.57962 , 0.117766 , -0.12603 , 0.575177
3.87025 , 0.110229 , -0.140626 , 0.576721 , 0.104748 , -0.146057 , 0.574781
3.91111 , 0.0972065 , -0.158574 , 0.577552 , 0.093584 , -0.164795 , 0.573844
3.95178 , 0.0835464 , -0.176129 , 0.577604 , 0.0837418 , -0.181187 , 0.572376
3.99076 , 0.0730917 , -0.191192 , 0.576192 , 0.0728853 , -0.196623 , 0.568998
4.03547 , 0.0644005 , -0.204494 , 0.573 , 0.0603114 , -0.208796 , 0.569123
4.07324 , 0.0591758 , -0.216241 , 0.567401 , 0.0546392 , -0.214851 , 0.568785
4.12038 , 0.0516116 , -0.21856 , 0.56706 , 0.0510999 , -0.222698 , 0.560068
4.15711 , 0.0507187 , -0.22235 , 0.559248 , 0.0517201 , -0.221952 , 0.555065
4.20016 , 0.0526383 , -0.222238 , 0.553442 , 0.0549395 , -0.220708 , 0.549253
4.24067 , 0.0572438 , -0.219639 , 0.545496 , 0.059174 , -0.217468 , 0.543196
4.29357 , 0.0631948 , -0.215373 , 0.539161 , 0.0658147 , -0.21456 , 0.533755
4.34037 , 0.0720743 , -0.208681 , 0.527032 , 0.0764719 , -0.205411 , 0.523438
4.38979 , 0.0808855 , -0.199497 , 0.518041 , 0.086804 , -0.192635 , 0.515496
4.43197 , 0.0928151 , -0.185094 , 0.506504 , 0.0973409 , -0.179029 , 0.505905
4.4742 , 0.104472 , -0.166549 , 0.494429 , 0.106899 , -0.160632 , 0.494745
4.51513 , 0.113341 , -0.147347 , 0.486321 , 0.116925 , -0.139143 , 0.485429
4.55452 , 0.122969 , -0.125963 , 0.477272 , 0.125817 , -0.115747 , 0.475615
4.59561 , 0.129164 , -0.10196 , 0.471123 , 0.134295 , -0.0900135 , 0.465842
4.63883 , 0.137505 , -0.0771095 , 0.459011 , 0.14272 , -0.0647927 , 0.455105
4.68067 , 0.146266 , -0.0505303 , 0.445262 , 0.150141 , -0.0384417 , 0.441953
4.72196 , 0.154706 , -0.02347 , 0.430923 , 0.15653 , -0.0153741 , 0.426258
4.76309 , 0.160634 , 0.00100257 , 0.415691 , 0.162791 , 0.0089845 , 0.408766
4.80405 , 0.165794 , 0.0253186 , 0.400759 , 0.168479 , 0.0356819 , 0.394556
4.84275 , 0.17191 , 0.0516532 , 0.38749 , 0.175614 , 0.0616574 , 0.380328
4.8852 , 0.177328 , 0.0786083 , 0.37394 , 0.18292 , 0.0881372 , 0.364646
4.92582 , 0.185207 , 0.103906 , 0.360768 , 0.188154 , 0.114538 , 0.352688
4.96447 , 0.188601 , 0.131215 , 0.348488 , 0.191699 , 0.141491 , 0.343575
5.0093 , 0.193506 , 0.157363 , 0.337195 , 0.198119 , 0.168543 , 0.336741
5.0464 , 0.199732 , 0.184173 , 0.330634 , 0.20369 , 0.191865 , 0.32664
5.0931 , 0.204868 , 0.206553 , 0.323045 , 0.20671 , 0.213391 , 0.317032
5.132 , 0.208173 , 0.227191 , 0.312249 , 0.210605 , 0.233482 , 0.308879
5.18181 , 0.211682 , 0.247104 , 0.302884 , 0.215676 , 0.253848 , 0.301747
5.22859 , 0.215949 , 0.265797 , 0.295045 , 0.220847 , 0.27167 , 0.291573
5.27637 , 0.220024 , 0.282403 , 0.286442 , 0.222965 , 0.287559 , 0.283347
5.32418 , 0.221711 , 0.295912 , 0.276279 , 0.22556 , 0.299275 , 0.274333
5.36887 , 0.224038 , 0.30648 , 0.26812 , 0.227439 , 0.310403 , 0.266097
5.41233 , 0.223807 , 0.316195 , 0.261908 , 0.224414 , 0.318137 , 0.258867
5.45976 , 0.197865 , 0.326012 , 0.251949 , 0.208096 , 0.329341 , 0.250529
5.50132 , 0.133724 , 0.337741 , 0.224968 , 0.157972 , 0.341599 , 0.231617
5.55335 , 0.135072 , 0.341881 , 0.222032 , 0.146353 , 0.343082 , 0.226942
5.60328 , 0.134449 , 0.343685 , 0.222001 , 0.140766 , 0.34402 , 0.225409
5.64611 , 0.13167 , 0.344259 , 0.222075 , 0.212985 , 0.33554 , 0.254917
5.68543 , 0.187034 , 0.337427 , 0.243833 , 0.190957 , 0.33759 , 0.249523
5.72908 , 0.183015 , 0.335279 , 0.244361 , 0.183553 , 0.340463 , 0.249501
5.76648 , 0.180195 , 0.33628 , 0.247428 , 0.180037 , 0.341888 , 0.250632
5.81557 , 0.1786 , 0.33877 , 0.248898 , 0.177868 , 0.343949 , 0.253405
5.85679 , 0.173946 , 0.344086 , 0.249743 , 0.173293 , 0.346468 , 0.248166
5.89569 , 0.173149 , 0.343692 , 0.244153 , 0.172496 , 0.351551 , 0.246828
5.9331 , 0.169846 , 0.349162 , 0.240891 , 0.220719 , 0.344595 , 0.259198
5.97011 , 0.204549 , 0.350578 , 0.245685 , 0.168176 , 0.352904 , 0.233936
6.01483 , 0.206991 , 0.356387 , 0.241656 , 0.195139 , 0.360048 , 0.235291
6.05174 , 0.207496 , 0.364492 , 0.235413 , 0.206816 , 0.366242 , 0.232312
6.10109 , 0.209031 , 0.369675 , 0.228407 , 0.210179 , 0.373115 , 0.226546
6.13942 , 0.214613 , 0.378824 , 0.224441 , 0.212776 , 0.380699 , 0.218504
6.18461 , 0.218139 , 0.386825 , 0.218857 , 0.21878 , 0.389864 , 0.210786
6.22351 , 0.223247 , 0.39531 , 0.210613 , 0.226157 , 0.398656 , 0.203617
6.26813 , 0.230099 , 0.406141 , 0.200974 , 0.233516 , 0.407346 , 0.19908
6.3067 , 0.236737 , 0.41476 , 0.192685 , 0.238556 , 0.41843 , 0.190263
6.35203 , 0.241506 , 0.425418 , 0.182813 , 0.244942 , 0.431214 , 0.179878
6.38949 , 0.247731 , 0.436779 , 0.17364 , 0.249528 , 0.442592 , 0.170853
6.43523 , 0.253233 , 0.45027 , 0.165523 , 0.255841 , 0.454821 , 0.163872
6.47266 , 0.258673 , 0.461145 , 0.156958 , 0.259469 , 0.468101 , 0.153926
6.51883 , 0.262847 , 0.474155 , 0.1473 , 0.264446 , 0.479826 , 0.145116
6.55665 , 0.269726 , 0.485049 , 0.138291 , 0.26816 , 0.490553 , 0.132179
6.60396 , 0.269995 , 0.49614 , 0.123654 , 0.273051 , 0.5032 , 0.124606
6.64527 , 0.273113 , 0.510695 , 0.116289 , 0.275863 , 0.516262 , 0.113328
6.68768 , 0.274355 , 0.52774 , 0.107106 , 0.27451 , 0.533197 , 0.100054
6.72466 , 0.274654 , 0.54061 , 0.0961236 , 0.275702 , 0.549814 , 0.0943202
6.77258 , 0.27402 , 0.556391 , 0.084696 , 0.277644 , 0.565181 , 0.0886201
6.81203 , 0.275315 , 0.572935 , 0.0774511 , 0.275915 , 0.584135 , 0.0739493
6.85566 , 0.272173 , 0.591796 , 0.0628556 , 0.274681 , 0.606146 , 0.0579054
6.89162 , 0.269397 , 0.612084 , 0.0489228 , 0.27636 , 0.618536 , 0.0559746
6.94081 , 0.270906 , 0.628625 , 0.0451442 , 0.275433 , 0.628999 , 0.0485359
6.98751 , 0.273842 , 0.636436 , 0.0518244 , 0.279808 , 0.63847 , 0.0560468
7.02429 , 0.285903 , 0.642731 , 0.0674764 , 0.285504 , 0.641529 , 0.0643068
7.0637 , 0.287666 , 0.643515 , 0.0699439 , 0.293175 , 0.642117 , 0.0767488
7.10567 , 0.29459 , 0.639891 , 0.0789857 , 0.299653 , 0.637315 , 0.0872022
7.14491 , 0.303345 , 0.633504 , 0.0912892 , 0.305038 , 0.62951 , 0.0938268
7.19168 , 0.307867 , 0.624943 , 0.0989224 , 0.309365 , 0.619576 , 0.0990566
7.23212 , 0.312278 , 0.615362 , 0.106379 , 0.315716 , 0.609885 , 0.109737
7.2712 , 0.31965 , 0.605621 , 0.117788 , 0.323264 , 0.602314 , 0.115233
7.3109 , 0.325797 , 0.59617 , 0.122278 , 0.328893 , 0.5924 , 0.123093
7.36079 , 0.327872 , 0.586282 , 0.127031 , 0.333004 , 0.58179 , 0.131611
7.41027 , 0.330456 , 0.578268 , 0.13594 , 0.330332 , 0.573734 , 0.139569
7.45429 , 0.326461 , 0.568944 , 0.142057 , 0.326673 , 0.566144 , 0.144038
7.4924 , 0.322147 , 0.562145 , 0.147646 , 0.323814 , 0.557113 , 0.149149
7.52889 , 0.317378 , 0.552386 , 0.151156 , 0.317707 , 0.547473 , 0.152766
7.58085 , 0.312466 , 0.541202 , 0.15339 , 0.307473 , 0.535447 , 0.152793
7.63075 , 0.303846 , 0.529009 , 0.157236 , 0.30126 , 0.523353 , 0.157307
7.67329 , 0.293593 , 0.517027 , 0.158393 , 0.291385 , 0.512476 , 0.159481
7.71109 , 0.286169 , 0.506099 , 0.160707 , 0.283185 , 0.503704 , 0.160636
7.74646 , 0.276667 , 0.499562 , 0.160655 , 0.276378 , 0.496817 , 0.163224
7.79391 , 0.269717 , 0.491972 , 0.16378 , 0.272781 , 0.489206 , 0.169122
7.8356 , 0.266241 , 0.485625 , 0.169179 , 0.269389 , 0.480658 , 0.174092
7.87613 , 0.2626 , 0.475611 , 0.171867 , 0.266614 , 0.473999 , 0.179505
7.91303 , 0.260451 , 0.467724 , 0.178105 , 0.26341 , 0.467926 , 0.186504
7.9499 , 0.259085 , 0.460839 , 0.186097 , 0.260515 , 0.459681 , 0.190261
8.00177 , 0.256949 , 0.454045 , 0.190509 , 0.258392 , 0.451525 , 0.194968
8.05198 , 0.254977 , 0.446908 , 0.19614 , 0.256098 , 0.444746 , 0.200383
8.10104 , 0.253916 , 0.441098 , 0.202541 , 0.253943 , 0.438457 , 0.203025
8.15105 , 0.253167 , 0.434903 , 0.205926 , 0.254506 , 0.432911 , 0.20842
8.20068 , 0.252992 , 0.429261 , 0.20835 , 0.254815 , 0.429761 , 0.213859
8.25267 , 0.252069 , 0.426972 , 0.212016 , 0.255334 , 0.429274 , 0.217859
8.30315 , 0.252468 , 0.426859 , 0.212582 , 0.256542 , 0.43026 , 0.223809
8.35045 , 0.252436 , 0.428058 , 0.21963 , 0.254546 , 0.430434 , 0.223095
8.40761 , 0.253229 , 0.430481 , 0.224545 , 0.253877 , 0.435673 , 0.229012
8.45296 , 0.251806 , 0.434401 , 0.226564 , 0.252949 , 0.436693 , 0.232501
8.50133 , 0.255203 , 0.4393 , 0.231018 , 0.252456 , 0.43846 , 0.232502
8.55635 , 0.253344 , 0.443036 , 0.236656 , 0.250244 , 0.440778 , 0.233784
8.60408 , 0.24889 , 0.446723 , 0.237394 , 0.249015 , 0.444926 , 0.236982
8.6496 , 0.248146 , 0.448539 , 0.239483 , 0.248862 , 0.448524 , 0.240984
8.69621 , 0.249214 , 0.454468 , 0.251298 , 0.248712 , 0.450258 , 0.245881
8.74065 , 0.252442 , 0.454619 , 0.252673 , 0.248105 , 0.451674 , 0.252235
8.78753 , 0.251527 , 0.452951 , 0.252315 , 0.251855 , 0.452421 , 0.255703
8.84081 , 0.249951 , 0.455045 , 0.258601 , 0.251539 , 0.451396 , 0.25851
8.89019 , 0.252441 , 0.4525 , 0.26219 , 0.25075 , 0.45279 , 0.263635
8.94026 , 0.251604 , 0.451771 , 0.265665 , 0.254063 , 0.45075 , 0.268648
8.99012 , 0.253949 , 0.450084 , 0.269256 , 0.255752 , 0.449466 , 0.272749
9.04143 , 0.255062 , 0.448893 , 0.271137 , 0.253542 , 0.445647 , 0.273567
9.09189 , 0.257063 , 0.448294 , 0.275315 , 0.251622 , 0.446496 , 0.274275
9.14718 , 0.254216 , 0.446277 , 0.275611 , 0.254468 , 0.445794 , 0.277298
9.18528 , 0.257491 , 0.446781 , 0.280871 , 0.255438 , 0.445442 , 0.27828
9.22992 , 0.256452 , 0.445813 , 0.278697 , 0.255998 , 0.444423 , 0.279596
9.27805 , 0.257434 , 0.448234 , 0.283135 , 0.256882 , 0.445423 , 0.282195
9.32806 , 0.25668 , 0.448007 , 0.281436 , 0.259375 , 0.447944 , 0.287851
9.38062 , 0.258645 , 0.448212 , 0.285486 , 0.25983 , 0.447749 , 0.286792
9.42368 , 0.259839 , 0.448306 , 0.284706 , 0.259745 , 0.44673 , 0.28686
9.47876 , 0.263635 , 0.449457 , 0.288173 , 0.262086 , 0.447249 , 0.288149
9.52285 , 0.263865 , 0.449363 , 0.289302 , 0.264753 , 0.450241 , 0.291106
9.56041 , 0.266086 , 0.452314 , 0.291788 , 0.266933 , 0.452253 , 0.29149
9.61059 , 0.265552 , 0.454199 , 0.292172 , 0.268034 , 0.455115 , 0.292076
9.65626 , 0.266419 , 0.456365 , 0.293133 , 0.266946 , 0.457979 , 0.292582
9.69877 , 0.267423 , 0.458268 , 0.292923 , 0.267146 , 0.458673 , 0.293723
9.73983 , 0.267304 , 0.460138 , 0.292284 , 0.267501 , 0.46016 , 0.294438
9.78408 , 0.268732 , 0.463073 , 0.295131 , 0.267356 , 0.464156 , 0.293235
9.82303 , 0.269657 , 0.467077 , 0.29592 , 0.268961 , 0.46843 , 0.294967
9.86614 , 0.270544 , 0.471757 , 0.296459 , 0.271937 , 0.471832 , 0.296919
9.90754 , 0.272172 , 0.47478 , 0.298399 , 0.2732 , 0.476913 , 0.298784
9.94477 , 0.274453 , 0.479444 , 0.299666 , 0.27327 , 0.481243 , 0.298379
9.99189 , 0.275872 , 0.483204 , 0.300541 , 0.275181 , 0.484133 , 0.299045
10.0326 , 0.277813 , 0.486853 , 0.302305 , 0.278034 , 0.487538 , 0.301956
10.0755 , 0.279606 , 0.490934 , 0.304864 , 0.279917 , 0.490833 , 0.305935
10.1176 , 0.280617 , 0.49444 , 0.306707 , 0.281448 , 0.49427 , 0.308838
10.159 , 0.281935 , 0.497365 , 0.309964 , 0.283428 , 0.495447 , 0.308988
10.202 , 0.284558 , 0.498588 , 0.312276 , 0.283578 , 0.497293 , 0.30786
10.245 , 0.282728 , 0.498818 , 0.310694 , 0.282577 , 0.498372 , 0.307843
10.2836 , 0.283825 , 0.501285 , 0.314788 , 0.280942 , 0.501423 , 0.312145
10.3325 , 0.282539 , 0.502788 , 0.315581 , 0.282692 , 0.503471 , 0.318366
10.3788 , 0.282713 , 0.504481 , 0.319099 , 0.28359 , 0.503698 , 0.32291
10.4377 , 0.281671 , 0.503548 , 0.32206 , 0.281962 , 0.502418 , 0.32722
10.482 , 0.279409 , 0.501448 , 0.325494 , 0.278865 , 0.499865 , 0.329419
10.5323 , 0.275679 , 0.497305 , 0.327582 , 0.274596 , 0.494182 , 0.328487
10.5814 , 0.271695 , 0.490823 , 0.329226 , 0.270527 , 0.487858 , 0.330228
10.6346 , 0.267886 , 0.483107 , 0.330635 , 0.265653 , 0.47781 , 0.331905
10.6806 , 0.262053 , 0.471364 , 0.331677 , 0.259284 , 0.465595 , 0.33376
10.7198 , 0.25585 , 0.4568 , 0.333578 , 0.25169 , 0.449382 , 0.335925
10.7638 , 0.244044 , 0.437738 , 0.332945 , 0.245602 , 0.43278 , 0.331735
10.807 , 0.239013 , 0.4202 , 0.330194 , 0.235436 , 0.412165 , 0.328102
10.8506 , 0.230433 , 0.399357 , 0.326609 , 0.22705 , 0.391342 , 0.329418
10.9026 , 0.205169 , 0.381814 , 0.323371 , 0.229026 , 0.366872 , 0.330074
10.9489 , 0.215932 , 0.354442 , 0.333016 , 0.215737 , 0.346882 , 0.332301
10.9861 , 0.209999 , 0.33106 , 0.331867 , 0.20866 , 0.324162 , 0.335446
11.0318 , 0.205593 , 0.309361 , 0.337525 , 0.203072 , 0.298677 , 0.33852
11.0692 , 0.201385 , 0.283943 , 0.343942 , 0.199135 , 0.273538 , 0.345257
11.122 , 0.195504 , 0.257083 , 0.352783 , 0.192117 , 0.245503 , 0.347746
11.1712 , 0.189329 , 0.2277 , 0.358324 , 0.187722 , 0.216997 , 0.358537
11.2151 , 0.182613 , 0.196204 , 0.365428 , 0.182712 , 0.184724 , 0.370572
11.2559 , 0.177172 , 0.164492 , 0.374635 , 0.176054 , 0.153826 , 0.379286
11.299 , 0.168929 , 0.132355 , 0.381439 , 0.16914 , 0.120255 , 0.388056
11.341 , 0.162837 , 0.0999385 , 0.393695 , 0.160865 , 0.0883088 , 0.396297
11.3829 , 0.154285 , 0.0666279 , 0.398573 , 0.150163 , 0.0558491 , 0.397909
11.4242 , 0.145588 , 0.0348906 , 0.404199 , 0.142301 , 0.0258415 , 0.406292
11.4668 , 0.137262 , 0.00756509 , 0.414466 , 0.135554 , -0.00309967 , 0.41153
11.5015 , 0.130263 , -0.0220939 , 0.41935 , 0.127376 , -0.0313193 , 0.418651
11.539 , 0.121783 , -0.0467784 , 0.423596 , 0.118801 , -0.0583997 , 0.426324
11.5854 , 0.113649 , -0.0700606 , 0.429626 , 0.10932 , -0.080715 , 0.434643
11.6216 , 0.102537 , -0.0923813 , 0.438476 , 0.104585 , -0.0998675 , 0.433154
11.6696 , 0.0939318 , -0.11145 , 0.444258 , 0.090379 , -0.119737 , 0.441419
11.7057 , 0.0842697 , -0.129167 , 0.446526 , 0.0826652 , -0.137372 , 0.445146
11.7538 , 0.0728471 , -0.145127 , 0.452982 , 0.0731844 , -0.147309 , 0.447169
11.79 , 0.0679813 , -0.157166 , 0.447735 , 0.0730711 , -0.155476 , 0.451874
11.8434 , 0.0652985 , -0.162135 , 0.451899 , 0.0683725 , -0.160658 , 0.450537
11.8918 , 0.0657274 , -0.164105 , 0.453114 , 0.066492 , -0.163451 , 0.452542
11.9373 , 0.0665865 , -0.165642 , 0.451105 , 0.0708019 , -0.161257 , 0.451793
11.9803 , 0.0710385 , -0.161065 , 0.452604 , 0.0744474 , -0.156778 , 0.457845
12.0221 , 0.0797398 , -0.156501 , 0.455561 , 0.0818119 , -0.153632 , 0.457402
12.0628 , 0.0859317 , -0.149744 , 0.454881 , 0.0926561 , -0.146071 , 0.455124
12.1017 , 0.0964046 , -0.142346 , 0.454246 , 0.102796 , -0.135722 , 0.453224
12.1489 , 0.108135 , -0.130655 , 0.450133 , 0.115922 , -0.129836 , 0.449182
12.1877 , 0.119262 , -0.119252 , 0.444623 , 0.125205 , -0.11112 , 0.444913
12.2303 , 0.127848 , -0.102892 , 0.440548 , 0.0958941 , -0.0960761 , 0.461321
12.2718 , 0.13551 , -0.0842336 , 0.436141 , 0.130019 , -0.0799992 , 0.438205
12.3127 , 0.143709 , -0.0688589 , 0.42426 , 0.145634 , -0.061329 , 0.424007
12.3552 , 0.151311 , -0.0508775 , 0.415344 , 0.154267 , -0.0416607 , 0.417753
12.3974 , 0.156683 , -0.0304507 , 0.411115 , 0.159632 , -0.0230799 , 0.40456
12.4398 , 0.16142 , -0.0109463 , 0.399211 , 0.16291 , -0.0014986 , 0.3965
12.4822 , 0.164677 , 0.0105691 , 0.390606 , 0.166179 , 0.0178036 , 0.388596
12.5231 , 0.166757 , 0.0297274 , 0.38136 , 0.170107 , 0.0372941 , 0.377967
12.5642 , 0.170333 , 0.0500565 , 0.371358 , 0.174793 , 0.0593069 , 0.367053
12.6077 , 0.174142 , 0.0735765 , 0.362664 , 0.17806 , 0.0815953 , 0.357707
12.6523 , 0.177317 , 0.0941303 , 0.353374 , 0.181509 , 0.102536 , 0.346215
12.691 , 0.179715 , 0.113587 , 0.340562 , 0.181901 , 0.121632 , 0.335081
12.7356 , 0.182723 , 0.135994 , 0.327502 , 0.184225 , 0.142608 , 0.326419
12.7748 , 0.183526 , 0.152307 , 0.311518 , 0.189967 , 0.166894 , 0.316011
12.8171 , 0.188025 , 0.177012 , 0.301708 , 0.189099 , 0.184718 , 0.301665
12.8594 , 0.187782 , 0.194975 , 0.289373 , 0.19152 , 0.205481 , 0.290475
12.9007 , 0.188316 , 0.213339 , 0.281001 , 0.193911 , 0.222781 , 0.280008
12.9431 , 0.190667 , 0.230927 , 0.273396 , 0.193693 , 0.235844 , 0.267996
12.9847 , 0.191057 , 0.245366 , 0.263183 , 0.194147 , 0.250138 , 0.257746
13.029 , 0.192725 , 0.259043 , 0.254209 , 0.193357 , 0.264218 , 0.247629
13.071 , 0.193263 , 0.271806 , 0.244515 , 0.193813 , 0.275634 , 0.241281
13.1105 , 0.192487 , 0.282903 , 0.237263 , 0.192228 , 0.286014 , 0.235653
13.15 , 0.190869 , 0.293965 , 0.232405 , 0.192203 , 0.2959 , 0.231581
13.1947 , 0.190801 , 0.304337 , 0.229904 , 0.193134 , 0.305713 , 0.228056
13.2347 , 0.190697 , 0.312512 , 0.224725 , 0.193295 , 0.313968 , 0.224258
13.2787 , 0.188323 , 0.320037 , 0.220598 , 0.188275 , 0.320723 , 0.218117
13.319 , 0.186575 , 0.326922 , 0.216998 , 0.186766 , 0.327174 , 0.215487
13.3657 , 0.185865 , 0.332981 , 0.216904 , 0.184214 , 0.331927 , 0.212735
13.4086 , 0.163653 , 0.33869 , 0.209733 , 0.193769 , 0.337017 , 0.21819
13.4535 , 0.181445 , 0.340775 , 0.212445 , 0.18663 , 0.34323 , 0.219276
13.4996 , 0.162307 , 0.346116 , 0.211343 , 0.172182 , 0.348255 , 0.216168
13.5415 , 0.161816 , 0.348989 , 0.210343 , 0.165491 , 0.350639 , 0.21499
13.5781 , 0.157808 , 0.349352 , 0.212933 , 0.16155 , 0.349672 , 0.212592
13.6239 , 0.169912 , 0.346055 , 0.219016 , 0.150242 , 0.346546 , 0.207686
13.6682 , 0.154415 , 0.347609 , 0.212086 , 0.153579 , 0.347006 , 0.210379
13.7196 , 0.152417 , 0.345449 , 0.21343 , 0.15422 , 0.345825 , 0.212891
13.7645 , 0.150714 , 0.342389 , 0.21391 , 0.151573 , 0.342206 , 0.215308
13.8067 , 0.148708 , 0.338592 , 0.213827 , 0.150313 , 0.337822 , 0.214342
13.8497 , 0.148082 , 0.334742 , 0.213854 , 0.147861 , 0.332388 , 0.214918
13.8886 , 0.145933 , 0.328523 , 0.216374 , 0.142294 , 0.326511 , 0.215583
13.9346 , 0.14129 , 0.322429 , 0.21747 , 0.139012 , 0.319658 , 0.217589
13.9739 , 0.13969 , 0.315412 , 0.214141 , 0.138836 , 0.312264 , 0.216647
14.0177 , 0.0902604 , 0.306822 , 0.20274 , 0.10458 , 0.30604 , 0.208315
14.056 , 0.138168 , 0.295893 , 0.212121 , 0.122978 , 0.294356 , 0.21328
14.1016 , 0.130147 , 0.284388 , 0.21084 , 0.126922 , 0.281755 , 0.212293
14.1413 , 0.127091 , 0.273463 , 0.210726 , 0.126312 , 0.269346 , 0.213029
14.1869 , 0.125022 , 0.262971 , 0.215666 , 0.126657 , 0.256369 , 0.21412
14.2244 , 0.124299 , 0.250521 , 0.218856 , 0.125029 , 0.243638 , 0.215325
14.2684 , 0.122906 , 0.237298 , 0.221995 , 0.150405 , 0.228489 , 0.221287
14.3133 , 0.140394 , 0.223836 , 0.229017 , 0.127032 , 0.219308 , 0.223891
14.3568 , 0.0830667 , 0.219421 , 0.230871 , 0.108491 , 0.211996 , 0.225891
14.4038 , 0.139745 , 0.206717 , 0.238157 , 0.12099 , 0.205268 , 0.234173
14.4416 , 0.13025 , 0.203954 , 0.239589 , 0.132588 , 0.198379 , 0.233614
14.4878 , 0.137764 , 0.196155 , 0.23652 , 0.132734 , 0.199039 , 0.2403
14.5256 , 0.140191 , 0.19494 , 0.238997 , 0.13505 , 0.198392 , 0.239855
14.5715 , 0.141168 , 0.19362 , 0.233842 , 0.143087 , 0.195062 , 0.234495
14.6082 , 0.142711 , 0.198413 , 0.230514 , 0.142894 , 0.197297 , 0.228498
14.6573 , 0.144931 , 0.200853 , 0.224699 , 0.143478 , 0.207051 , 0.22476
14.6963 , 0.145892 , 0.210002 , 0.21791 , 0.145462 , 0.216621 , 0.218273
14.7392 , 0.147711 , 0.219117 , 0.208189 , 0.148533 , 0.223075 , 0.206775
14.7767 , 0.150802 , 0.226018 , 0.197457 , 0.152141 , 0.230191 , 0.193332
14.8248 , 0.153308 , 0.232663 , 0.182426 , 0.155259 , 0.239933 , 0.181249
14.8641 , 0.156735 , 0.241307 , 0.171508 , 0.17921 , 0.244893 , 0.17221
14.9074 , 0.166996 , 0.246861 , 0.157711 , 0.17457 , 0.254625 , 0.155913
14.9439 , 0.172563 , 0.257327 , 0.146647 , 0.173014 , 0.261977 , 0.143449
14.9912 , 0.17261 , 0.269778 , 0.134465 , 0.173207 , 0.274479 , 0.134321
15.0273 , 0.173299 , 0.28312 , 0.124265 , 0.173277 , 0.287866 , 0.123327
15.0755 , 0.173807 , 0.298465 , 0.114996 , 0.17688 , 0.302454 , 0.113068
15.1116 , 0.174939 , 0.31397 , 0.110256 , 0.177269 , 0.319637 , 0.105484
15.159 , 0.17693 , 0.329973 , 0.105566 , 0.179214 , 0.336648 , 0.102226
15.1956 , 0.177849 , 0.348551 , 0.101659 , 0.179531 , 0.353892 , 0.0995516
15.2451 , 0.178379 , 0.365426 , 0.0968819 , 0.180864 , 0.371421 , 0.0931485
15.2951 , 0.17882 , 0.383108 , 0.092212 , 0.18159 , 0.391064 , 0.0915413
15.3403 , 0.178803 , 0.401196 , 0.0870192 , 0.181202 , 0.411016 , 0.0869767
15.3781 , 0.177782 , 0.420936 , 0.0805151 , 0.180292 , 0.430131 , 0.0785758
15.4149 , 0.175866 , 0.439485 , 0.0686857 , 0.178376 , 0.446329 , 0.0725866
15.4609 , 0.17357 , 0.455102 , 0.0590854 , 0.17684 , 0.465398 , 0.0591991
15.4987 , 0.172815 , 0.47493 , 0.0499359 , 0.172936 , 0.482998 , 0.0436914
15.5445 , 0.167492 , 0.49413 , 0.0301258 , 0.167297 , 0.502091 , 0.0253004
15.5841 , 0.162012 , 0.512674 , 0.0157246 , 0.165375 , 0.523049 , 0.0100468
15.629 , 0.158567 , 0.533169 , 0.00441691 , 0.158165 , 0.541892 , -0.000237514
15.6665 , 0.152119 , 0.552029 , -0.0101822 , 0.152885 , 0.56308 , -0.0121221
15.7191 , 0.147203 , 0.574614 , -0.0204228 , 0.147536 , 0.578466 , -0.0244741
15.7669 , 0.141199 , 0.590759 , -0.0320332 , 0.141361 , 0.598278 , -0.0367428
15.8156 , 0.136934 , 0.604383 , -0.0352247 , 0.139464 , 0.609528 , -0.0400337
15.8691 , 0.134242 , 0.613817 , -0.0388319 , 0.136683 , 0.616315 , -0.0416992
15.9144 , 0.13379 , 0.61909 , -0.0393042 , 0.133949 , 0.617706 , -0.0440278
15.9527 , 0.133243 , 0.618797 , -0.0409946 , 0.135766 , 0.617233 , -0.0419955
15.9981 , 0.134858 , 0.615077 , -0.0409373 , 0.138714 , 0.611873 , -0.0402174
16.0361 , 0.138603 , 0.609364 , -0.0404369 , 0.144536 , 0.607416 , -0.036827
16.0875 , 0.145325 , 0.603374 , -0.033408 , 0.150359 , 0.59991 , -0.0290579
16.1343 , 0.151301 , 0.594413 , -0.0248285 , 0.158485 , 0.592503 , -0.0199088
16.1844 , 0.158915 , 0.586753 , -0.0152165 , 0.163763 , 0.5828 , -0.0104667
16.2376 , 0.163792 , 0.578067 , -0.0052388 , 0.166984 , 0.571955 , -0.00232194
16.2802 , 0.165512 , 0.566989 , 0.0033548 , 0.166899 , 0.562425 , 0.00630225
16.321 , 0.165249 , 0.557282 , 0.0123107 , 0.166435 , 0.552737 , 0.0148529
16.376 , 0.163311 , 0.547034 , 0.0202116 , 0.165196 , 0.54283 , 0.0242619
16.4251 , 0.160779 , 0.536997 , 0.0303547 , 0.158765 , 0.530748 , 0.030984
16.4683 , 0.156792 , 0.526538 , 0.0388834 , 0.152307 , 0.519286 , 0.0377516
16.5122 , 0.14956 , 0.516625 , 0.0453382 , 0.148945 , 0.510727 , 0.0469264
16.5529 , 0.145492 , 0.50584 , 0.0518799 , 0.14498 , 0.501318 , 0.0564234
16.5955 , 0.138832 , 0.493273 , 0.0559026 , 0.140729 , 0.490505 , 0.0633551
16.6434 , 0.134959 , 0.483277 , 0.0645564 , 0.136889 , 0.481086 , 0.0725976
16.692 , 0.131512 , 0.472721 , 0.0729462 , 0.135156 , 0.470015 , 0.0842329
16.74 , 0.129935 , 0.46323 , 0.084672 , 0.130497 , 0.46076 , 0.0918557
16.7927 , 0.125813 , 0.453911 , 0.0915365 , 0.128762 , 0.451761 , 0.100855
16.8459 , 0.123945 , 0.446276 , 0.100641 , 0.127558 , 0.443253 , 0.108321
16.8847 , 0.123405 , 0.437272 , 0.109775 , 0.126334 , 0.434657 , 0.116305
16.9309 , 0.123188 , 0.429169 , 0.117897 , 0.126226 , 0.426444 , 0.123292
16.9706 , 0.122774 , 0.420728 , 0.123598 , 0.127856 , 0.419923 , 0.133431
17.0124 , 0.123721 , 0.414955 , 0.133373 , 0.127671 , 0.412101 , 0.137564
17.0568 , 0.127348 , 0.407676 , 0.141742 , 0.125718 , 0.403945 , 0.143138
17.1009 , 0.12632 , 0.399683 , 0.146623 , 0.12879 , 0.395724 , 0.149898
17.1399 , 0.12966 , 0.39088 , 0.154097 , 0.131114 , 0.389129 , 0.153919
17.177 , 0.129157 , 0.384215 , 0.15829 , 0.131158 , 0.382067 , 0.158028
17.2219 , 0.13272 , 0.380111 , 0.164449 , 0.134283 , 0.377903 , 0.165912
17.2617 , 0.135499 , 0.375128 , 0.1679 , 0.142436 , 0.375192 , 0.172706
17.3082 , 0.143302 , 0.372073 , 0.172226 , 0.148533 , 0.373746 , 0.177926
17.3488 , 0.150265 , 0.369922 , 0.176048 , 0.108503 , 0.37347 , 0.172816
17.3916 , 0.119829 , 0.372353 , 0.175781 , 0.122482 , 0.372851 , 0.178632
17.431 , 0.12692 , 0.374411 , 0.18058 , 0.130031 , 0.372477 , 0.179866
17.48 , 0.132669 , 0.37574 , 0.18514 , 0.131719 , 0.375362 , 0.182488
17.5256 , 0.136302 , 0.377499 , 0.184857 , 0.138693 , 0.377878 , 0.189956
17.5695 , 0.141126 , 0.381655 , 0.193939 , 0.138577 , 0.380671 , 0.189657
17.6096 , 0.143086 , 0.383416 , 0.194265 , 0.145263 , 0.381589 , 0.195989
17.6513 , 0.148899 , 0.384563 , 0.200329 , 0.14759 , 0.383287 , 0.199187
17.6993 , 0.149607 , 0.385106 , 0.2015 , 0.152516 , 0.385073 , 0.205308
17.7418 , 0.155975 , 0.385941 , 0.209237 , 0.158508 , 0.385683 , 0.213039
17.7782 , 0.161347 , 0.386464 , 0.216007 , 0.157399 , 0.385276 , 0.213708
17.8145 , 0.16238 , 0.385846 , 0.218486 , 0.164107 , 0.385635 , 0.219026
17.8595 , 0.167373 , 0.385072 , 0.223005 , 0.166211 , 0.385219 , 0.222182
17.8961 , 0.172238 , 0.384118 , 0.226274 , 0.172947 , 0.384642 , 0.227499
17.946 , 0.17192 , 0.384005 , 0.226067 , 0.175493 , 0.38528 , 0.231595
17.9834 , 0.177113 , 0.385333 , 0.232484 , 0.179582 , 0.385578 , 0.23582
18.0294 , 0.181004 , 0.386276 , 0.236502 , 0.180434 , 0.385457 , 0.238531
18.0734 , 0.183578 , 0.38647 , 0.238518 , 0.18478 , 0.387739 , 0.241469
18.1144 , 0.186799 , 0.388001 , 0.243647 , 0.185213 , 0.386936 , 0.24501
18.1621 , 0.187431 , 0.38807 , 0.244715 , 0.188059 , 0.388764 , 0.245928
18.2035 , 0.189144 , 0.388328 , 0.246854 , 0.189452 , 0.388519 , 0.248359
18.2485 , 0.190148 , 0.388925 , 0.249199 , 0.189285 , 0.387337 , 0.251026
18.2944 , 0.191502 , 0.390584 , 0.252087 , 0.190082 , 0.387876 , 0.253955
18.3334 , 0.191593 , 0.389903 , 0.255748 , 0.190266 , 0.387761 , 0.255395
18.3786 , 0.192695 , 0.391691 , 0.257647 , 0.191837 , 0.390804 , 0.258254
18.4184 , 0.192916 , 0.392871 , 0.259112 , 0.192415 , 0.390106 , 0.260515
18.4625 , 0.192153 , 0.393601 , 0.260356 , 0.194455 , 0.393352 , 0.264696
18.5036 , 0.193864 , 0.3937 , 0.264328 , 0.194696 , 0.395654 , 0.267382
18.5475 , 0.197437 , 0.396284 , 0.268554 , 0.197438 , 0.397757 , 0.270853
18.5895 , 0.199917 , 0.399264 , 0.272477 , 0.202483 , 0.40144 , 0.277871
18.6298 , 0.203031 , 0.402256 , 0.278622 , 0.22851 , 0.400583 , 0.287539
18.6672 , 0.226207 , 0.402954 , 0.288677 , 0.2297 , 0.405392 , 0.29476
18.711 , 0.232059 , 0.409745 , 0.300907 , 0.23144 , 0.409158 , 0.301081
18.7477 , 0.219877 , 0.414427 , 0.307314 , 0.22646 , 0.417085 , 0.310988
18.7853 , 0.224086 , 0.422033 , 0.311349 , 0.228364 , 0.422809 , 0.318948
18.8336 , 0.228641 , 0.428176 , 0.319845 , 0.234352 , 0.429508 , 0.326898
18.8787 , 0.260953 , 0.428947 , 0.339374 , 0.254725 , 0.43241 , 0.340544
18.9175 , 0.264419 , 0.436449 , 0.347291 , 0.263058 , 0.439274 , 0.351365
18.9553 , 0.270137 , 0.446041 , 0.357028 , 0.270842 , 0.447033 , 0.360547
19.0021 , 0.277801 , 0.455574 , 0.366454 , 0.276761 , 0.457171 , 0.368636
19.0428 , 0.28324 , 0.465301 , 0.375045 , 0.283758 , 0.468605 , 0.377066
19.0854 , 0.291155 , 0.475539 , 0.382973 , 0.292365 , 0.480493 , 0.386413
19.1284 , 0.298611 , 0.485178 , 0.38795 , 0.301026 , 0.486865 , 0.400642
19.1684 , 0.305876 , 0.495141 , 0.40077 , 0.311992 , 0.500105 , 0.397518
19.207 , 0.316102 , 0.508433 , 0.403635 , 0.319663 , 0.509174 , 0.401676
19.2543 , 0.323729 , 0.51829 , 0.408415 , 0.328574 , 0.518529 , 0.405868
19.2958 , 0.33138 , 0.52722 , 0.410748 , 0.335161 , 0.527958 , 0.408806
19.3364 , 0.337591 , 0.534267 , 0.40845 , 0.339716 , 0.537583 , 0.410118
19.3754 , 0.340303 , 0.543748 , 0.408826 , 0.345667 , 0.54589 , 0.410397
19.4207 , 0.344866 , 0.551898 , 0.410322 , 0.349474 , 0.550563 , 0.407596
19.4594 , 0.345278 , 0.555522 , 0.403934 , 0.349714 , 0.554472 , 0.399963
19.5048 , 0.34555 , 0.557535 , 0.396763 , 0.346462 , 0.555467 , 0.387278
19.5422 , 0.34132 , 0.55614 , 0.38393 , 0.345348 , 0.55448 , 0.376858
19.5914 , 0.33913 , 0.55323 , 0.371836 , 0.341159 , 0.550488 , 0.363696
19.641 , 0.333273 , 0.54734 , 0.355456 , 0.33505 , 0.540759 , 0.347616
19.6884 , 0.325857 , 0.535747 , 0.336794 , 0.32638 , 0.530155 , 0.325851
19.7286 , 0.315779 , 0.520935 , 0.310681 , 0.313954 , 0.514729 , 0.299484
19.7775 , 0.307041 , 0.502346 , 0.284447 , 0.30307 , 0.495918 , 0.272491
19.8308 , 0.296297 , 0.482274 , 0.256904 , 0.290666 , 0.473369 , 0.243133
19.8791 , 0.282465 , 0.457289 , 0.224748 , 0.276143 , 0.448228 , 0.210056
19.9259 , 0.265847 , 0.428948 , 0.186822 , 0.261301 , 0.419416 , 0.174736
19.9799 , 0.250866 , 0.397479 , 0.147591 , 0.244547 , 0.384803 , 0.130879
20.0217 , 0.234926 , 0.361603 , 0.104843 , 0.226477 , 0.346956 , 0.0869889
20.0616 , 0.219626 , 0.323125 , 0.0633283 , 0.211007 , 0.308494 , 0.0456502
20.1062 , 0.206595 , 0.282962 , 0.021541 , 0.199743 , 0.268423 , 0.00529938
20.1454 , 0.182944 , 0.239863 , -0.0207712 , 0.198795 , 0.232975 , -0.029108
20.1901 , 0.190188 , 0.201641 , -0.0586927 , 0.187337 , 0.189596 , -0.0702021
20.2294 , 0.185926 , 0.162169 , -0.0953016 , 0.183516 , 0.149082 , -0.104549
20.2746 , 0.182663 , 0.125005 , -0.124838 , 0.182366 , 0.107829 , -0.14236
20.3106 , 0.183775 , 0.0894282 , -0.15606 , 0.182037 , 0.0681726 , -0.177296
20.3512 , 0.182621 , 0.0525719 , -0.185905 , 0.18055 , 0.0378823 , -0.200193
20.394 , 0.186475 , 0.0154846 , -0.215787 , 0.181632 , 0.00999229 , -0.212974
20.4294 , 0.18783 , -0.00999783 , -0.231498 , 0.182779 , -0.0200514 , -0.228963
20.4785 , 0.188836 , -0.0362187 , -0.245434 , 0.185578 , -0.0422685 , -0.237574
20.5154 , 0.190224 , -0.0594459 , -0.252995 , 0.18929 , -0.0632839 , -0.24179
20.5615 , 0.190724 , -0.079206 , -0.249834 , 0.196313 , -0.0849036 , -0.249136
20.5968 , 0.198905 , -0.0939396 , -0.247393 , 0.202158 , -0.100467 , -0.244236
20.645 , 0.204504 , -0.106887 , -0.242259 , 0.207098 , -0.112936 , -0.238671
20.69 , 0.210512 , -0.117287 , -0.238002 , 0.212868 , -0.120983 , -0.232723
20.7302 , 0.213273 , -0.127451 , -0.233918 , 0.218725 , -0.125431 , -0.230644
20.7691 , 0.217577 , -0.129944 , -0.232113 , 0.219826 , -0.134059 , -0.228181
20.815 , 0.218234 , -0.133306 , -0.229756 , 0.219393 , -0.134658 , -0.226614
20.8616 , 0.215891 , -0.132219 , -0.228591 , 0.215695 , -0.133733 , -0.227301
20.8976 , 0.212496 , -0.129084 , -0.228119 , 0.210263 , -0.12857 , -0.227314
20.938 , 0.20641 , -0.124684 , -0.228528 , 0.204403 , -0.119457 , -0.22366
20.9813 , 0.201436 , -0.115282 , -0.227662 , 0.200034 , -0.109767 , -0.222394
21.0172 , 0.19628 , -0.10414 , -0.225086 , 0.194424 , -0.099159 , -0.221884
21.0655 , 0.189822 , -0.0938847 , -0.222967 , 0.187779 , -0.0891929 , -0.219197
21.1025 , 0.186225 , -0.0794022 , -0.220285 , 0.182876 , -0.0767998 , -0.214102
21.1486 , 0.179685 , -0.066546 , -0.212534 , 0.177943 , -0.0635028 , -0.209421
21.1866 , 0.175031 , -0.0531071 , -0.204528 , 0.17329 , -0.0478452 , -0.201163
21.2316 , 0.170209 , -0.0374559 , -0.195259 , 0.169796 , -0.0304949 , -0.189904
21.2707 , 0.165271 , -0.0218096 , -0.183701 , 0.165129 , -0.0145369 , -0.177126
21.3153 , 0.160605 , -0.0060226 , -0.166938 , 0.161133 , 0.00151514 , -0.16249
21.3528 , 0.157818 , 0.0125172 , -0.15275 , 0.158648 , 0.0180941 , -0.146509
21.3996 , 0.155958 , 0.0310526 , -0.136653 , 0.156748 , 0.0384447 , -0.13013
21.4368 , 0.15483 , 0.051521 , -0.121448 , 0.156877 , 0.0603622 , -0.113874
21.4846 , 0.155128 , 0.073594 , -0.104095 , 0.157195 , 0.0804127 , -0.0998453
21.5225 , 0.155291 , 0.0923489 , -0.0890125 , 0.156652 , 0.0971995 , -0.0839083
21.5681 , 0.155382 , 0.108634 , -0.0739029 , 0.158643 , 0.118378 , -0.0636364
21.6064 , 0.156755 , 0.127595 , -0.0574406 , 0.160022 , 0.133075 , -0.0503972
21.6511 , 0.159368 , 0.144862 , -0.0407065 , 0.162085 , 0.149478 , -0.0358886
21.6887 , 0.162782 , 0.162445 , -0.0264452 , 0.165331 , 0.164921 , -0.0227317
21.7354 , 0.165462 , 0.17705 , -0.0107383 , 0.167178 , 0.179508 , -0.00979399
21.7733 , 0.168679 , 0.190543 , 0.00085558 , 0.170461 , 0.193559 , 0.0042074
21.8201 , 0.170224 , 0.201542 , 0.0119002 , 0.1744 , 0.205947 , 0.0165888
21.858 , 0.173911 , 0.210938 , 0.0246578 , 0.177058 , 0.21701 , 0.0297582
21.9026 , 0.176978 , 0.221482 , 0.0358914 , 0.180974 , 0.225441 , 0.0430642
21.9406 , 0.179577 , 0.229978 , 0.0505412 , 0.183872 , 0.233219 , 0.0579122
21.987 , 0.181475 , 0.236763 , 0.0644746 , 0.155671 , 0.235701 , 0.0630384
22.0256 , 0.194021 , 0.241584 , 0.0807793 , 0.173419 , 0.243739 , 0.079501
22.0701 , 0.187107 , 0.24712 , 0.0917958 , 0.145028 , 0.246796 , 0.0931676
22.1085 , 0.153191 , 0.252535 , 0.100668 , 0.152629 , 0.253833 , 0.107467
22.1548 , 0.153862 , 0.256078 , 0.109381 , 0.154158 , 0.258651 , 0.115936
22.1929 , 0.152995 , 0.260234 , 0.117489 , 0.155473 , 0.262752 , 0.123671
22.242 , 0.153598 , 0.264434 , 0.125989 , 0.156759 , 0.266853 , 0.12815
22.2894 , 0.154963 , 0.269274 , 0.134806 , 0.155501 , 0.269637 , 0.134399
22.3345 , 0.155349 , 0.272382 , 0.139923 , 0.15766 , 0.27306 , 0.140194
22.3735 , 0.155373 , 0.274194 , 0.144485 , 0.157986 , 0.276824 , 0.145248
22.4099 , 0.156899 , 0.279094 , 0.147615 , 0.158707 , 0.280004 , 0.148586
22.4573 , 0.15811 , 0.283039 , 0.151956 , 0.15803 , 0.283273 , 0.151655
22.4954 , 0.159666 , 0.28651 , 0.154483 , 0.157876 , 0.286245 , 0.153341
22.544 , 0.159089 , 0.289105 , 0.15497 , 0.159503 , 0.288871 , 0.155078
22.5919 , 0.159487 , 0.292154 , 0.15725 , 0.160751 , 0.293225 , 0.159893
22.6346 , 0.159174 , 0.293846 , 0.159944 , 0.160254 , 0.293599 , 0.160756
22.6788 , 0.1591 , 0.29454 , 0.160243 , 0.160275 , 0.293582 , 0.160701
22.7258 , 0.157856 , 0.295272 , 0.16057 , 0.158605 , 0.294725 , 0.160638
22.7726 , 0.156583 , 0.296077 , 0.160144 , 0.158448 , 0.294615 , 0.160975
22.8103 , 0.155459 , 0.294576 , 0.159895 , 0.156868 , 0.294433 , 0.160669
22.8527 , 0.156635 , 0.29414 , 0.161764 , 0.156795 , 0.294451 , 0.16012
22.8966 , 0.155791 , 0.292556 , 0.159929 , 0.157213 , 0.293624 , 0.159887
22.943 , 0.19 , 0.291588 , 0.159684 , 0.181902 , 0.289704 , 0.160751
22.9796 , 0.192154 , 0.289339 , 0.160679 , 0.190517 , 0.286576 , 0.160768
23.0306 , 0.161798 , 0.287416 , 0.159911 , 0.168645 , 0.287182 , 0.16143
23.0808 , 0.161886 , 0.287068 , 0.162397 , 0.167339 , 0.286886 , 0.164874
23.1276 , 0.164412 , 0.285404 , 0.164638 , 0.209089 , 0.282377 , 0.168249
23.1665 , 0.199481 , 0.280008 , 0.168314 , 0.205669 , 0.279996 , 0.171615
23.2119 , 0.201034 , 0.275991 , 0.171979 , 0.201396 , 0.275024 , 0.176069
23.2501 , 0.20461 , 0.270108 , 0.175642 , 0.166642 , 0.267065 , 0.180587
23.295 , 0.174438 , 0.264684 , 0.180291 , 0.119294 , 0.258364 , 0.177271
23.3331 , 0.127458 , 0.255312 , 0.174353 , 0.127252 , 0.252635 , 0.181403
23.3795 , 0.129857 , 0.247782 , 0.179517 , 0.126489 , 0.245352 , 0.185486
23.417 , 0.134742 , 0.238155 , 0.184815 , 0.202015 , 0.236455 , 0.192192
23.4633 , 0.189267 , 0.230664 , 0.192127 , 0.188678 , 0.226977 , 0.190523
23.5024 , 0.17001 , 0.221517 , 0.197058 , 0.196183 , 0.220845 , 0.195218
23.5485 , 0.186122 , 0.217384 , 0.199799 , 0.187183 , 0.218639 , 0.203879
23.5859 , 0.187615 , 0.217828 , 0.208122 , 0.164205 , 0.222961 , 0.222197
23.6319 , 0.166387 , 0.223859 , 0.223884 , 0.182777 , 0.225493 , 0.238126
23.6704 , 0.176714 , 0.231826 , 0.239598 , 0.176303 , 0.234971 , 0.250136
23.7157 , 0.173712 , 0.242542 , 0.255974 , 0.172257 , 0.244726 , 0.262062
23.7522 , 0.173618 , 0.251797 , 0.273495 , 0.173153 , 0.260174 , 0.275139
23.7992 , 0.173762 , 0.267211 , 0.285526 , 0.17066 , 0.270444 , 0.293031
23.8363 , 0.17245 , 0.284475 , 0.298181 , 0.172429 , 0.291345 , 0.307995
23.8841 , 0.173953 , 0.30278 , 0.317041 , 0.1762 , 0.310927 , 0.32604
23.9372 , 0.177606 , 0.323253 , 0.335157 , 0.151218 , 0.341005 , 0.328046
23.9873 , 0.157497 , 0.358488 , 0.342922 , 0.15592 , 0.364105 , 0.348901
24.0334 , 0.159389 , 0.378369 , 0.362752 , 0.161878 , 0.386759 , 0.373188
24.0791 , 0.183951 , 0.393825 , 0.397859 , 0.181553 , 0.405393 , 0.401157
24.1131 , 0.190915 , 0.41649 , 0.417085 , 0.194317 , 0.424243 , 0.426335
24.1545 , 0.172019 , 0.439795 , 0.420002 , 0.187255 , 0.449696 , 0.437991
24.1988 , 0.181819 , 0.464018 , 0.444972 , 0.215505 , 0.463742 , 0.469632
24.2387 , 0.218441 , 0.4759 , 0.477734 , 0.229394 , 0.482305 , 0.490615
24.2849 , 0.232112 , 0.493651 , 0.502522 , 0.241424 , 0.500451 , 0.510035
24.3246 , 0.242855 , 0.511629 , 0.523072 , 0.252518 , 0.515335 , 0.52879
24.3676 , 0.255264 , 0.526309 , 0.541912 , 0.261338 , 0.530044 , 0.544748
24.4086 , 0.268284 , 0.536773 , 0.556321 , 0.270093 , 0.544618 , 0.556107
24.4515 , 0.276077 , 0.549757 , 0.563581 , 0.285445 , 0.551876 , 0.564326
24.493 , 0.290629 , 0.557984 , 0.571493 , 0.296386 , 0.561325 , 0.568423
24.5352 , 0.301406 , 0.566347 , 0.573883 , 0.306252 , 0.570073 , 0.570816
24.5769 , 0.310121 , 0.576684 , 0.576182 , 0.316195 , 0.578588 , 0.57236
24.6189 , 0.315126 , 0.588106 , 0.576964 , 0.320594 , 0.585666 , 0.569279
24.661 , 0.324082 , 0.590235 , 0.576 , 0.323286 , 0.593967 , 0.574208
24.7023 , 0.324683 , 0.592672 , 0.569368 , 0.331886 , 0.593985 , 0.575577
24.742 , 0.329174 , 0.595179 , 0.573276 , 0.330628 , 0.59319 , 0.562154
24.7882 , 0.329674 , 0.592004 , 0.561829 , 0.2808 , 0.608152 , 0.524849
24.8255 , 0.327882 , 0.596238 , 0.562651 , 0.310539 , 0.595631 , 0.534518
24.8709 , 0.326225 , 0.589548 , 0.555522 , 0.323005 , 0.591378 , 0.54229
24.9064 , 0.323804 , 0.585474 , 0.549651 , 0.319281 , 0.587103 , 0.537388
24.9472 , 0.319968 , 0.579681 , 0.541361 , 0.31746 , 0.578826 , 0.531059
24.9873 , 0.317025 , 0.571985 , 0.533436 , 0.313256 , 0.56922 , 0.524881
25.0241 , 0.313625 , 0.565663 , 0.524884 , 0.308909 , 0.562001 , 0.517245
25.0647 , 0.307458 , 0.557576 , 0.513358 , 0.304854 , 0.55664 , 0.50813
25.1083 , 0.303058 , 0.551291 , 0.503596 , 0.299437 , 0.548597 , 0.49603
25.147 , 0.29588 , 0.544259 , 0.492521 , 0.291486 , 0.539723 , 0.481794
25.1912 , 0.28822 , 0.532596 , 0.474869 , 0.286624 , 0.528225 , 0.468802
25.231 , 0.284903 , 0.519853 , 0.461492 , 0.282455 , 0.515284 , 0.45575
25.2756 , 0.281276 , 0.507327 , 0.449112 , 0.279872 , 0.501746 , 0.440098
25.3138 , 0.278951 , 0.492568 , 0.433278 , 0.277776 , 0.487491 , 0.424892
25.3606 , 0.277501 , 0.477888 , 0.416517 , 0.278866 , 0.471315 , 0.408323
25.4049 , 0.278576 , 0.461871 , 0.401999 , 0.281266 , 0.455554 , 0.394088
25.4427 , 0.281116 , 0.443873 , 0.384706 , 0.282163 , 0.437631 , 0.3776
25.4814 , 0.282803 , 0.425952 , 0.368617 , 0.285924 , 0.421662 , 0.36176
25.5266 , 0.287455 , 0.411884 , 0.354538 , 0.288894 , 0.405343 , 0.348965
25.5645 , 0.291423 , 0.396871 , 0.344991 , 0.294145 , 0.393177 , 0.3394
25.6117 , 0.296682 , 0.387488 , 0.339004 , 0.300574 , 0.383028 , 0.338755
25.6498 , 0.269903 , 0.390013 , 0.320827 , 0.28439 , 0.382864 , 0.328051
25.6939 , 0.27521 , 0.382929 , 0.320165 , 0.308035 , 0.376057 , 0.331346
25.7321 , 0.301036 , 0.370545 , 0.319921 , 0.311491 , 0.370028 , 0.329888
25.7782 , 0.306095 , 0.367324 , 0.321632 , 0.309875 , 0.366303 , 0.324621
25.8172 , 0.282623 , 0.372273 , 0.31701 , 0.321002 , 0.365149 , 0.328165
25.8618 , 0.308882 , 0.365607 , 0.323227 , 0.314358 , 0.366705 , 0.328996
25.9001 , 0.311164 , 0.366643 , 0.329998 , 0.28454 , 0.375763 , 0.324575
25.9466 , 0.287502 , 0.373801 , 0.326952 , 0.290666 , 0.37623 , 0.328955
25.9828 , 0.29209 , 0.377643 , 0.334725 , 0.291893 , 0.37495 , 0.335442
26.032 , 0.292788 , 0.377528 , 0.338702 , 0.291014 , 0.378011 , 0.338618
26.0686 , 0.292448 , 0.380081 , 0.343796 , 0.291557 , 0.380005 , 0.342259
26.1142 , 0.291391 , 0.381874 , 0.346241 , 0.291492 , 0.383724 , 0.347717
26.1521 , 0.290214 , 0.385761 , 0.351126 , 0.290736 , 0.38461 , 0.349978
26.2001 , 0.28857 , 0.388656 , 0.356296 , 0.289637 , 0.387194 , 0.354162
26.2515 , 0.288017 , 0.3922 , 0.358663 , 0.286551 , 0.389629 , 0.356034
26.2957 , 0.28567 , 0.392091 , 0.359537 , 0.285413 , 0.391912 , 0.358674
26.3315 , 0.284066 , 0.393016 , 0.36031 , 0.285224 , 0.392943 , 0.360747
26.3692 , 0.282703 , 0.394979 , 0.360553 , 0.284082 , 0.394115 , 0.36102
26.4218 , 0.283394 , 0.395683 , 0.362246 , 0.283572 , 0.393176 , 0.363113
26.4655 , 0.283591 , 0.396147 , 0.364962 , 0.284628 , 0.394985 , 0.365483
26.5018 , 0.283456 , 0.397316 , 0.365952 , 0.283912 , 0.395389 , 0.366268
26.5485 , 0.285475 , 0.398392 , 0.368367 , 0.285546 , 0.39657 , 0.367863
26.5874 , 0.288175 , 0.399723 , 0.372142 , 0.290838 , 0.400527 , 0.373038
26.632 , 0.291595 , 0.402233 , 0.376518 , 0.295704 , 0.404121 , 0.380453
26.6698 , 0.294945 , 0.405408 , 0.381762 , 0.299536 , 0.407366 , 0.38711
26.7186 , 0.298455 , 0.408829 , 0.387922 , 0.302775 , 0.410947 , 0.392564
26.7589 , 0.303082 , 0.411904 , 0.396031 , 0.306781 , 0.414635 , 0.399998
26.8034 , 0.309715 , 0.416656 , 0.402584 , 0.310455 , 0.419172 , 0.406286
26.8448 , 0.314495 , 0.423397 , 0.411673 , 0.314942 , 0.42427 , 0.413956
26.8899 , 0.319088 , 0.429599 , 0.421172 , 0.32396 , 0.431448 , 0.42598
26.9343 , 0.352709 , 0.427523 , 0.443928 , 0.346826 , 0.434701 , 0.442324
26.9801 , 0.35739 , 0.437031 , 0.45252 , 0.357755 , 0.439544 , 0.453486
27.0249 , 0.363311 , 0.44552 , 0.461686 , 0.363466 , 0.451435 , 0.465746
27.0728 , 0.369908 , 0.458259 , 0.471434 , 0.373769 , 0.458701 , 0.477141
27.1298 , 0.379321 , 0.4668 , 0.483511 , 0.382203 , 0.472406 , 0.487017
27.1743 , 0.387454 , 0.478201 , 0.492369 , 0.391694 , 0.485562 , 0.498776
27.2284 , 0.39746 , 0.48934 , 0.500941 , 0.399992 , 0.497887 , 0.507196
27.2739 , 0.404731 , 0.504497 , 0.511448 , 0.411325 , 0.505033 , 0.51158
27.32 , 0.41519 , 0.515141 , 0.51991 , 0.415178 , 0.520245 , 0.513535
27.3591 , 0.422722 , 0.523948 , 0.519968 , 0.42364 , 0.533213 , 0.522382
27.4035 , 0.430066 , 0.535145 , 0.523075 , 0.429102 , 0.544685 , 0.528144
27.4391 , 0.436458 , 0.546837 , 0.527062 , 0.433552 , 0.555428 , 0.529764
27.4809 , 0.438915 , 0.557758 , 0.52699 , 0.435191 , 0.566493 , 0.529162
27.5208 , 0.440644 , 0.568392 , 0.525317 , 0.435275 , 0.575868 , 0.525045
27.5586 , 0.44026 , 0.577585 , 0.521076 , 0.433122 , 0.582806 , 0.518339
27.5997 , 0.436947 , 0.583344 , 0.511869 , 0.42845 , 0.588988 , 0.507474
27.6405 , 0.432014 , 0.587469 , 0.502324 , 0.42701 , 0.590903 , 0.492403
27.6778 , 0.422311 , 0.590012 , 0.485172 , 0.415878 , 0.592292 , 0.473706
27.7257 , 0.410195 , 0.590382 , 0.464862 , 0.404817 , 0.590553 , 0.455
27.7622 , 0.394553 , 0.58673 , 0.440112 , 0.388889 , 0.587013 , 0.428661
27.8133 , 0.378165 , 0.582103 , 0.411057 , 0.369672 , 0.580125 , 0.39793
27.8625 , 0.354315 , 0.574106 , 0.376714 , 0.348675 , 0.569869 , 0.360021
27.9135 , 0.333259 , 0.560381 , 0.338375 , 0.321884 , 0.55558 , 0.32032
27.9679 , 0.306594 , 0.545032 , 0.297646 , 0.296161 , 0.538882 , 0.281685
28.017 , 0.279318 , 0.526244 , 0.255045 , 0.267834 , 0.518234 , 0.238236
28.0609 , 0.248574 , 0.50246 , 0.212701 , 0.23897 , 0.49403 , 0.195977
28.1114 , 0.222146 , 0.475396 , 0.168015 , 0.211412 , 0.462618 , 0.153581
28.1577 , 0.197059 , 0.44223 , 0.128894 , 0.187083 , 0.428543 , 0.114097
28.1996 , 0.174206 , 0.40505 , 0.0881899 , 0.166996 , 0.393126 , 0.0764281
28.2429 , 0.156444 , 0.368955 , 0.0533089 , 0.147774 , 0.352766 , 0.037117
28.2835 , 0.138547 , 0.327247 , 0.0153768 , 0.130962 , 0.311843 , 0.000330885
28.333 , 0.124463 , 0.284584 , -0.0219464 , 0.122397 , 0.269241 , -0.03525
28.375 , 0.11676 , 0.24026 , -0.0575975 , 0.113792 , 0.224032 , -0.0713667
28.4171 , 0.111283 , 0.19538 , -0.0944717 , 0.108353 , 0.179986 , -0.106236
28.4657 , 0.106272 , 0.152428 , -0.127156 , 0.103832 , 0.13517 , -0.138138
28.5171 , 0.10345 , 0.105552 , -0.159371 , 0.101479 , 0.090688 , -0.16635
28.5688 , 0.100948 , 0.0607026 , -0.184432 , 0.0988435 , 0.0440876 , -0.192151
28.6099 , 0.10181 , 0.0160059 , -0.207578 , 0.100508 , -0.000968743 , -0.215067
28.6496 , 0.103214 , -0.029915 , -0.229192 , 0.102872 , -0.045848 , -0.234534
28.6977 , 0.105877 , -0.0757334 , -0.251435 , 0.104385 , -0.0923753 , -0.253514
28.741 , 0.109643 , -0.121454 , -0.267644 , 0.110718 , -0.13685 , -0.269906
28.7873 , 0.117769 , -0.164326 , -0.280354 , 0.119455 , -0.178913 , -0.281392
28.8337 , 0.129529 , -0.204009 , -0.289138 , 0.128861 , -0.216845 , -0.28589
28.8824 , 0.132529 , -0.241917 , -0.291909 , 0.142167 , -0.25246 , -0.290264
28.9214 , 0.146974 , -0.275463 , -0.294156 , 0.155808 , -0.284587 , -0.290924
28.9671 , 0.160521 , -0.304889 , -0.293116 , 0.167388 , -0.314104 , -0.28808
29.0065 , 0.172643 , -0.332644 , -0.289221 , 0.179849 , -0.340603 , -0.284541
29.0461 , 0.184143 , -0.357017 , -0.284922 , 0.193575 , -0.365571 , -0.279328
29.0867 , 0.196755 , -0.380771 , -0.277387 , 0.204457 , -0.3886 , -0.271158
29.1321 , 0.211101 , -0.401603 , -0.265053 , 0.219631 , -0.411389 , -0.26417
29.168 , 0.225584 , -0.420621 , -0.262719 , 0.232996 , -0.428426 , -0.259862
29.2091 , 0.236172 , -0.436316 , -0.262542 , 0.243616 , -0.440416 , -0.260086
29.249 , 0.2462 , -0.449241 , -0.262223 , 0.252006 , -0.452048 , -0.260703
29.2945 , 0.255259 , -0.459247 , -0.265352 , 0.261375 , -0.458594 , -0.266555
29.3385 , 0.263426 , -0.461024 , -0.268386 , 0.265751 , -0.461232 , -0.271606
29.3889 , 0.267577 , -0.46088 , -0.273675 , 0.270429 , -0.457714 , -0.272698
29.4399 , 0.26922 , -0.454105 , -0.274613 , 0.269947 , -0.451335 , -0.273841
29.4873 , 0.266938 , -0.446745 , -0.276627 , 0.268088 , -0.441831 , -0.272674
29.5239 , 0.263195 , -0.43457 , -0.27044 , 0.264196 , -0.429766 , -0.269274
29.5717 , 0.257462 , -0.421302 , -0.267369 , 0.257184 , -0.419138 , -0.272816
29.6086 , 0.255801 , -0.40516 , -0.274094 , 0.251153 , -0.396852 , -0.263399
29.6561 , 0.241218 , -0.390612 , -0.261336 , 0.17807 , -0.398132 , -0.199764
29.7042 , 0.23022 , -0.370908 , -0.250138 , 0.211604 , -0.367254 , -0.230495
29.7424 , 0.219083 , -0.349928 , -0.245841 , 0.212205 , -0.34629 , -0.241232
29.789 , 0.207712 , -0.327113 , -0.236378 , 0.204973 , -0.325105 , -0.241557
29.8326 , 0.197861 , -0.305997 , -0.233506 , 0.193657 , -0.295257 , -0.228914
29.8712 , 0.186114 , -0.282056 , -0.226949 , 0.183671 , -0.270425 , -0.223072
29.9091 , 0.175561 , -0.254889 , -0.219618 , 0.172261 , -0.241261 , -0.210335
29.9574 , 0.164529 , -0.229809 , -0.210612 , 0.162922 , -0.215299 , -0.203515
30.0002 , 0.155625 , -0.199395 , -0.197966 , 0.154106 , -0.188527 , -0.195306
30.038 , 0.145739 , -0.172395 , -0.186994 , 0.145691 , -0.162077 , -0.184901
30.08 , 0.139358 , -0.144863 , -0.176814 , 0.139655 , -0.133552 , -0.172818
30.1194 , 0.132955 , -0.115264 , -0.162127 , 0.133617 , -0.102295 , -0.157971
30.1614 , 0.128975 , -0.0834563 , -0.147323 , 0.128245 , -0.0701023 , -0.139102
30.2068 , 0.126029 , -0.0519172 , -0.129327 , 0.128344 , -0.0378925 , -0.121298
30.2453 , 0.124346 , -0.0186006 , -0.108956 , 0.126207 , -0.00785118 , -0.103254
30.2923 , 0.123246 , 0.00647461 , -0.0933114 , 0.129011 , 0.0272398 , -0.081488
30.33 , 0.125886 , 0.0383943 , -0.0690331 , 0.129384 , 0.0513766 , -0.0600099
30.3745 , 0.129088 , 0.0718773 , -0.0429253 , 0.132668 , 0.0826008 , -0.035386
30.4127 , 0.134136 , 0.10551 , -0.0173677 , 0.138753 , 0.115934 , -0.00896325
30.4589 , 0.140649 , 0.135934 , 0.00729726 , 0.145571 , 0.144888 , 0.0178052
30.4974 , 0.146701 , 0.165042 , 0.0327894 , 0.211371 , 0.172198 , 0.0378933
30.5424 , 0.157918 , 0.186797 , 0.056865 , 0.181605 , 0.197812 , 0.076475
30.5804 , 0.165299 , 0.216112 , 0.0868875 , 0.178566 , 0.22563 , 0.0924332
30.6273 , 0.171929 , 0.240312 , 0.111358 , 0.17947 , 0.247901 , 0.115197
30.6661 , 0.181199 , 0.261978 , 0.138021 , 0.186507 , 0.270222 , 0.144356
30.7133 , 0.190179 , 0.282808 , 0.158368 , 0.194262 , 0.287743 , 0.171623
30.7677 , 0.197777 , 0.300386 , 0.182004 , 0.152365 , 0.309715 , 0.177836
30.8171 , 0.163802 , 0.320763 , 0.192804 , 0.16538 , 0.325748 , 0.198957
30.8662 , 0.169745 , 0.334775 , 0.210373 , 0.173769 , 0.338363 , 0.216444
30.9204 , 0.174662 , 0.345772 , 0.225835 , 0.178139 , 0.349403 , 0.23195
30.9679 , 0.17974 , 0.35571 , 0.239943 , 0.183857 , 0.359954 , 0.247453
31.019 , 0.185349 , 0.365771 , 0.254648 , 0.189588 , 0.369667 , 0.260953
31.066 , 0.190596 , 0.374167 , 0.265986 , 0.195278 , 0.378154 , 0.272656
31.1163 , 0.196005 , 0.382156 , 0.277029 , 0.19991 , 0.385222 , 0.282077
31.1693 , 0.199861 , 0.388453 , 0.285973 , 0.203519 , 0.390638 , 0.291044
31.2188 , 0.202638 , 0.393919 , 0.291391 , 0.20707 , 0.396118 , 0.297094
31.2645 , 0.205482 , 0.399226 , 0.298395 , 0.20808 , 0.40005 , 0.30412
31.308 , 0.204907 , 0.401353 , 0.302875 , 0.209183 , 0.405264 , 0.308237
31.3556 , 0.206522 , 0.405187 , 0.304782 , 0.210581 , 0.407818 , 0.31458
31.4019 , 0.207758 , 0.407519 , 0.30959 , 0.209215 , 0.407847 , 0.315302
31.4525 , 0.207271 , 0.410277 , 0.31359 , 0.208095 , 0.409543 , 0.312943
31.5053 , 0.206208 , 0.412092 , 0.313031 , 0.208201 , 0.412556 , 0.312721
31.5549 , 0.206651 , 0.413386 , 0.313291 , 0.208672 , 0.413881 , 0.314767
31.6011 , 0.206894 , 0.416845 , 0.315566 , 0.208133 , 0.415683 , 0.315666
31.6379 , 0.205809 , 0.418587 , 0.316599 , 0.206567 , 0.418731 , 0.315585
31.6837 , 0.205944 , 0.422206 , 0.317129 , 0.205439 , 0.423392 , 0.318401
31.721 , 0.204528 , 0.424475 , 0.317544 , 0.204755 , 0.425011 , 0.316936
31.768 , 0.203414 , 0.426988 , 0.316409 , 0.204098 , 0.426541 , 0.3165
31.8072 , 0.203028 , 0.428951 , 0.316557 , 0.202883 , 0.428465 , 0.315478
31.8509 , 0.201956 , 0.430602 , 0.315121 , 0.202954 , 0.430329 , 0.315104
31.8879 , 0.200364 , 0.432309 , 0.313564 , 0.201813 , 0.433425 , 0.314804
31.9409 , 0.201646 , 0.435178 , 0.315473 , 0.201003 , 0.435808 , 0.315
31.9908 , 0.202114 , 0.437099 , 0.317873 , 0.203609 , 0.436893 , 0.319045
32.0368 , 0.202728 , 0.438635 , 0.319084 , 0.202895 , 0.43885 , 0.318524
32.0738 , 0.203129 , 0.441717 , 0.319161 , 0.204466 , 0.442719 , 0.32169
32.1177 , 0.204625 , 0.445179 , 0.323634 , 0.20605 , 0.444524 , 0.325228
32.1579 , 0.205965 , 0.447821 , 0.326624 , 0.207923 , 0.44647 , 0.328877
32.2017 , 0.208311 , 0.451737 , 0.331464 , 0.208089 , 0.44974 , 0.332145
32.2417 , 0.20963 , 0.453942 , 0.335698 , 0.210549 , 0.454746 , 0.33611
32.2857 , 0.210639 , 0.455821 , 0.338193 , 0.211807 , 0.457161 , 0.340681
32.3218 , 0.212175 , 0.458825 , 0.341869 , 0.211631 , 0.45812 , 0.342814
32.362 , 0.213126 , 0.459871 , 0.34484 , 0.212632 , 0.459115 , 0.344932
32.4054 , 0.214045 , 0.46069 , 0.347494 , 0.214355 , 0.461808 , 0.349818
32.4421 , 0.214687 , 0.463165 , 0.350223 , 0.215484 , 0.463986 , 0.353057
32.4885 , 0.250205 , 0.453762 , 0.37056 , 0.238015 , 0.45568 , 0.362552
32.5267 , 0.247586 , 0.454496 , 0.369927 , 0.245545 , 0.454188 , 0.369892
32.5787 , 0.248427 , 0.454444 , 0.372491 , 0.245922 , 0.454678 , 0.372534
32.6219 , 0.216025 , 0.462625 , 0.358588 , 0.223545 , 0.460306 , 0.364125
32.6632 , 0.215792 , 0.463845 , 0.361964 , 0.218051 , 0.462132 , 0.362499
32.7064 , 0.215149 , 0.464581 , 0.36371 , 0.218209 , 0.464338 , 0.363245
32.7429 , 0.214949 , 0.46586 , 0.363669 , 0.216751 , 0.465071 , 0.364337
32.7946 , 0.214303 , 0.466106 , 0.363544 , 0.214293 , 0.46568 , 0.36432
32.8391 , 0.213296 , 0.466225 , 0.3633 , 0.255093 , 0.456172 , 0.379354
32.8786 , 0.247544 , 0.456355 , 0.376568 , 0.249764 , 0.456185 , 0.37938
32.9278 , 0.24744 , 0.456231 , 0.377598 , 0.248058 , 0.455906 , 0.379562
32.9783 , 0.249753 , 0.457113 , 0.380403 , 0.248003 , 0.456707 , 0.37845
33.0285 , 0.247347 , 0.457203 , 0.377488 , 0.246872 , 0.455792 , 0.378857
33.0786 , 0.246262 , 0.457835 , 0.377273 , 0.246147 , 0.457662 , 0.378312
33.1238 , 0.245525 , 0.458485 , 0.376349 , 0.245587 , 0.458343 , 0.377709
33.1605 , 0.244909 , 0.458839 , 0.37596 , 0.245415 , 0.458291 , 0.378232
33.1981 , 0.243916 , 0.459399 , 0.375864 , 0.204461 , 0.469782 , 0.360177
33.2445 , 0.208113 , 0.469697 , 0.359522 , 0.20597 , 0.469024 , 0.359229
33.2823 , 0.199907 , 0.472343 , 0.358189 , 0.201541 , 0.471091 , 0.358288
33.3277 , 0.198755 , 0.47108 , 0.356046 , 0.200052 , 0.473513 , 0.360462
33.3647 , 0.19765 , 0.472744 , 0.356749 , 0.19839 , 0.473632 , 0.358814
33.4117 , 0.196614 , 0.472829 , 0.356425 , 0.196727 , 0.473143 , 0.357541
33.4491 , 0.196095 , 0.473269 , 0.356331 , 0.195685 , 0.473215 , 0.357649
33.4966 , 0.195247 , 0.47378 , 0.356382 , 0.19592 , 0.474068 , 0.358349
33.5338 , 0.195411 , 0.473683 , 0.35738 , 0.195411 , 0.473552 , 0.358383
33.5786 , 0.195339 , 0.473107 , 0.357176 , 0.195373 , 0.47388 , 0.358237
33.6157 , 0.194131 , 0.473519 , 0.356187 , 0.194991 , 0.473916 , 0.357332
33.6631 , 0.194252 , 0.474301 , 0.355822 , 0.238689 , 0.463146 , 0.373942
33.7003 , 0.23144 , 0.464154 , 0.370185 , 0.233642 , 0.463757 , 0.373347
33.75 , 0.231645 , 0.462889 , 0.369984 , 0.231446 , 0.462789 , 0.371423
33.8007 , 0.231871 , 0.463092 , 0.370589 , 0.231316 , 0.461763 , 0.371073
33.8453 , 0.231487 , 0.462493 , 0.370207 , 0.231274 , 0.461875 , 0.370769
33.8822 , 0.231011 , 0.462583 , 0.369704 , 0.230996 , 0.462184 , 0.370423
33.922 , 0.230813 , 0.462398 , 0.369576 , 0.230839 , 0.462678 , 0.370733
33.9653 , 0.230685 , 0.462675 , 0.36936 , 0.23066 , 0.463165 , 0.370544
34.0015 , 0.230067 , 0.462373 , 0.368719 , 0.185794 , 0.474731 , 0.352815
34.0486 , 0.192004 , 0.472203 , 0.352948 , 0.232814 , 0.463843 , 0.369279
34.0858 , 0.227303 , 0.462974 , 0.367714 , 0.22992 , 0.463635 , 0.371005
34.1336 , 0.227054 , 0.462491 , 0.367813 , 0.227524 , 0.463699 , 0.37002
34.1705 , 0.227183 , 0.462834 , 0.367148 , 0.227107 , 0.463572 , 0.368646
34.2177 , 0.190332 , 0.47153 , 0.35156 , 0.201792 , 0.470382 , 0.360117
34.2549 , 0.190718 , 0.473265 , 0.353659 , 0.23665 , 0.462442 , 0.37292
34.3044 , 0.227345 , 0.464648 , 0.369166 , 0.231905 , 0.46437 , 0.372872
34.3531 , 0.228218 , 0.464748 , 0.370327 , 0.186473 , 0.474821 , 0.355483
34.3999 , 0.191467 , 0.473819 , 0.356517 , 0.190559 , 0.474059 , 0.356328
34.4361 , 0.1917 , 0.473288 , 0.357087 , 0.192218 , 0.474209 , 0.358307
34.4759 , 0.19134 , 0.472987 , 0.357127 , 0.192181 , 0.473635 , 0.359151
34.5182 , 0.19092 , 0.473266 , 0.357216 , 0.192108 , 0.472596 , 0.359675
34.5593 , 0.190978 , 0.473242 , 0.357489 , 0.19151 , 0.473256 , 0.359467
34.6019 , 0.191009 , 0.473294 , 0.357621 , 0.192176 , 0.473113 , 0.359759
34.6435 , 0.191707 , 0.473556 , 0.358546 , 0.192296 , 0.471201 , 0.360518
34.6843 , 0.191563 , 0.472861 , 0.359211 , 0.192241 , 0.474207 , 0.361793
34.7215 , 0.192009 , 0.47484 , 0.360418 , 0.192242 , 0.4745 , 0.361498
34.7573 , 0.192491 , 0.474961 , 0.361047 , 0.192418 , 0.474855 , 0.362105
34.8101 , 0.193569 , 0.475057 , 0.3625 , 0.193001 , 0.474839 , 0.363006
34.8586 , 0.194352 , 0.475712 , 0.364671 , 0.194303 , 0.47524 , 0.365015
34.9093 , 0.194157 , 0.47629 , 0.364274 , 0.194182 , 0.475842 , 0.365126
34.9634 , 0.193191 , 0.475629 , 0.363207 , 0.193373 , 0.475757 , 0.3642
35.0133 , 0.192799 , 0.476148 , 0.363065 , 0.193032 , 0.475854 , 0.364209
35.0579 , 0.192204 , 0.476302 , 0.36297 , 0.192999 , 0.476281 , 0.365055
35.1131 , 0.191683 , 0.47692 , 0.363021 , 0.235587 , 0.466691 , 0.381845
35.174 , 0.227572 , 0.467156 , 0.376563 , 0.230193 , 0.466957 , 0.380048
35.2207 , 0.227212 , 0.467183 , 0.376371 , 0.227704 , 0.466995 , 0.378424
35.2638 , 0.226726 , 0.467759 , 0.376256 , 0.226825 , 0.467813 , 0.377736
35.3043 , 0.225773 , 0.46761 , 0.375305 , 0.226558 , 0.467918 , 0.377593
35.3465 , 0.225583 , 0.468387 , 0.375398 , 0.185632 , 0.477396 , 0.359908
35.3922 , 0.190044 , 0.475837 , 0.358153 , 0.18957 , 0.477459 , 0.360427
35.43 , 0.189674 , 0.477338 , 0.359405 , 0.189877 , 0.479204 , 0.36174
35.4746 , 0.188911 , 0.479121 , 0.360249 , 0.189446 , 0.478365 , 0.36044
35.5124 , 0.188939 , 0.478427 , 0.359193 , 0.18818 , 0.477597 , 0.359181
35.5658 , 0.187293 , 0.478442 , 0.357712 , 0.186458 , 0.476315 , 0.357687
35.611 , 0.185911 , 0.47813 , 0.356336 , 0.186077 , 0.477424 , 0.357055
35.6525 , 0.185937 , 0.478109 , 0.356269 , 0.185371 , 0.477359 , 0.356528
35.6993 , 0.18418 , 0.477888 , 0.355319 , 0.185804 , 0.477516 , 0.357292
35.7463 , 0.184171 , 0.478092 , 0.355151 , 0.184667 , 0.477348 , 0.356328
35.7967 , 0.183173 , 0.477732 , 0.354382 , 0.183793 , 0.477634 , 0.355194
35.8519 , 0.183201 , 0.47785 , 0.35411 , 0.183616 , 0.477521 , 0.355037
35.8944 , 0.182732 , 0.47786 , 0.353565 , 0.182181 , 0.475752 , 0.353056
35.9378 , 0.18138 , 0.476125 , 0.35223 , 0.181962 , 0.47578 , 0.353027
35.9784 , 0.181169 , 0.476139 , 0.35255 , 0.181825 , 0.475898 , 0.353286
36.0148 , 0.181292 , 0.476167 , 0.352836 , 0.18204 , 0.47578 , 0.353732
36.0624 , 0.181292 , 0.476167 , 0.352836 , 0.182381 , 0.475754 , 0.354275
36.0994 , 0.180827 , 0.476494 , 0.352753 , 0.182756 , 0.47568 , 0.354979
36.1478 , 0.180827 , 0.476494 , 0.352753 , 0.181744 , 0.474807 , 0.353181
