832

0.024248 , -0.976783 , 0.0508778 , -0.328654 , -0.93832 , 0.0326817 , -0.341987
0.064605 , -0.977249 , 0.0507566 , -0.328843 , -0.973871 , 0.0492573 , -0.331867
0.110522 , -0.977464 , 0.0506667 , -0.328961 , -1.00671 , 0.059007 , -0.325597
0.1502 , -0.97779 , 0.0505601 , -0.329158 , -1.0178 , 0.062873 , -0.322842
0.19522 , -0.978137 , 0.0504472 , -0.329171 , -1.01192 , 0.0622815 , -0.323212
0.234407 , -0.978261 , 0.0502953 , -0.329203 , -0.99872 , 0.0579988 , -0.325555
0.277776 , -0.978564 , 0.0503254 , -0.329058 , -0.986682 , 0.0525821 , -0.328221
0.315207 , -0.978607 , 0.050785 , -0.328713 , -0.979529 , 0.0488088 , -0.329936
0.36137 , -0.978787 , 0.0508298 , -0.328695 , -0.977485 , 0.0475867 , -0.330588
0.400228 , -0.978705 , 0.0507249 , -0.328997 , -0.978531 , 0.0487558 , -0.330168
0.442086 , -0.978696 , 0.0507551 , -0.328894 , -0.98073 , 0.0509909 , -0.329088
0.482972 , -0.978583 , 0.0506992 , -0.328851 , -0.981775 , 0.0531344 , -0.328093
0.530529 , -0.977875 , 0.0509596 , -0.328628 , -0.981728 , 0.0543416 , -0.327606
0.569604 , -0.977844 , 0.0509043 , -0.328732 , -0.981496 , 0.054143 , -0.327708
0.613877 , -0.977612 , 0.0511198 , -0.328639 , -0.980712 , 0.0534392 , -0.327877
0.653675 , -0.977348 , 0.0511815 , -0.328642 , -0.979541 , 0.053196 , -0.328375
0.698131 , -0.97713 , 0.0514906 , -0.328718 , -0.979463 , 0.0521087 , -0.328199
0.736718 , -0.976908 , 0.0513762 , -0.328648 , -0.979512 , 0.0521698 , -0.328673
0.781958 , -0.976734 , 0.0513206 , -0.328566 , -0.979044 , 0.0526995 , -0.328612
0.81986 , -0.976524 , 0.0515424 , -0.328204 , -0.978764 , 0.0534265 , -0.328364
0.871326 , -0.976089 , 0.0516702 , -0.328182 , -0.978624 , 0.0537526 , -0.328252
0.919417 , -0.975791 , 0.0518972 , -0.328116 , -0.978028 , 0.0537801 , -0.328134
0.964058 , -0.975703 , 0.0518022 , -0.328441 , -0.977447 , 0.0538001 , -0.327999
1.00168 , -0.975192 , 0.0520869 , -0.328178 , -0.976499 , 0.0539026 , -0.327795
1.04352 , -0.975124 , 0.051868 , -0.328287 , -0.976153 , 0.0537334 , -0.32789
1.08601 , -0.974776 , 0.0518262 , -0.328143 , -0.976164 , 0.0535096 , -0.327853
1.13345 , -0.974703 , 0.0516917 , -0.328236 , -0.976374 , 0.0532231 , -0.327846
1.17172 , -0.974703 , 0.0516917 , -0.328236 , -0.976888 , 0.0528595 , -0.327965
1.21584 , -0.974834 , 0.051762 , -0.327846 , -0.976283 , 0.0530472 , -0.327691
1.25276 , -0.974684 , 0.0517841 , -0.327546 , -0.976674 , 0.0529486 , -0.327407
1.28974 , -0.974313 , 0.0516717 , -0.327037 , -0.976244 , 0.0530421 , -0.326888
1.33679 , -0.974313 , 0.0516717 , -0.327037 , -0.976346 , 0.053645 , -0.327392
1.37535 , -0.973673 , 0.0516354 , -0.326441 , -0.975182 , 0.0531673 , -0.325937
1.41891 , -0.973222 , 0.051705 , -0.326047 , -0.974809 , 0.053389 , -0.32598
1.45828 , -0.972953 , 0.0517678 , -0.32578 , -0.974466 , 0.0535567 , -0.325911
1.5038 , -0.9725 , 0.0517469 , -0.325573 , -0.973967 , 0.0533424 , -0.325462
1.54201 , -0.971949 , 0.0515841 , -0.325384 , -0.972921 , 0.0526969 , -0.324522
1.58875 , -0.971082 , 0.0514147 , -0.325202 , -0.971817 , 0.052054 , -0.324038
1.62677 , -0.970241 , 0.0514497 , -0.325149 , -0.971137 , 0.0519672 , -0.324244
1.6717 , -0.969837 , 0.0515722 , -0.325363 , -0.970513 , 0.0520662 , -0.324706
1.71017 , -0.969161 , 0.051455 , -0.325582 , -0.969901 , 0.0525566 , -0.325286
1.75591 , -0.968024 , 0.0509965 , -0.325542 , -0.969044 , 0.0523618 , -0.324845
1.79524 , -0.966859 , 0.05066 , -0.325003 , -0.96848 , 0.0521558 , -0.324764
1.83559 , -0.965618 , 0.0505222 , -0.324831 , -0.96747 , 0.0515452 , -0.324486
1.87726 , -0.964786 , 0.0506427 , -0.325598 , -0.966569 , 0.0519065 , -0.324966
1.92193 , -0.963823 , 0.0508843 , -0.326266 , -0.965581 , 0.0517547 , -0.325227
1.96234 , -0.962813 , 0.0508609 , -0.326659 , -0.96467 , 0.052625 , -0.326367
2.00566 , -0.961546 , 0.0507995 , -0.326232 , -0.963688 , 0.0523153 , -0.326024
2.04486 , -0.960007 , 0.0501872 , -0.325738 , -0.962226 , 0.0526764 , -0.325911
2.09018 , -0.958084 , 0.0498674 , -0.325384 , -0.959801 , 0.0516944 , -0.325006
2.12875 , -0.956139 , 0.0498915 , -0.326158 , -0.956948 , 0.051356 , -0.32579
2.17537 , -0.954235 , 0.0498272 , -0.327272 , -0.955402 , 0.0512421 , -0.326672
2.21321 , -0.952789 , 0.0497734 , -0.328788 , -0.953804 , 0.0515694 , -0.327732
2.25771 , -0.949572 , 0.0487899 , -0.329268 , -0.950603 , 0.0503607 , -0.328033
2.29518 , -0.946253 , 0.0471487 , -0.328639 , -0.946324 , 0.0488289 , -0.328018
2.34178 , -0.942318 , 0.0448417 , -0.328412 , -0.942326 , 0.0475325 , -0.329515
2.37895 , -0.938456 , 0.0435215 , -0.331292 , -0.938042 , 0.0466965 , -0.33295
2.42801 , -0.934231 , 0.0421339 , -0.333984 , -0.933937 , 0.0451824 , -0.335775
2.47611 , -0.929712 , 0.0396135 , -0.3368 , -0.927994 , 0.0415118 , -0.337655
2.5142 , -0.924655 , 0.0353812 , -0.339716 , -0.922242 , 0.0361604 , -0.339774
2.56037 , -0.919902 , 0.0303652 , -0.343903 , -0.916821 , 0.0308223 , -0.343729
2.60227 , -0.915615 , 0.0247315 , -0.348884 , -0.912902 , 0.0267738 , -0.35167
2.64719 , -0.912456 , 0.0198322 , -0.357326 , -0.909516 , 0.0210928 , -0.360208
2.6938 , -0.910315 , 0.0141285 , -0.365773 , -0.907257 , 0.0131214 , -0.367635
2.73042 , -0.90927 , 0.00489738 , -0.373723 , -0.907202 , 0.00282246 , -0.376229
2.77729 , -0.910954 , -0.00674916 , -0.38249 , -0.908407 , -0.00497406 , -0.386187
2.81355 , -0.911875 , -0.0118751 , -0.396583 , -0.910486 , -0.0109348 , -0.401702
2.84964 , -0.90247 , -0.00785964 , -0.418445 , -0.909563 , -0.0144695 , -0.421231
2.89595 , -0.907025 , -0.0148541 , -0.436941 , -0.908023 , -0.0178467 , -0.443399
2.93517 , -0.914655 , -0.0232302 , -0.458793 , -0.915818 , -0.0267174 , -0.465644
2.97983 , -0.925547 , -0.0332722 , -0.482033 , -0.930014 , -0.0408726 , -0.486016
3.01973 , -0.940156 , -0.0492355 , -0.501693 , -0.946763 , -0.056095 , -0.508765
3.06482 , -0.955776 , -0.065861 , -0.524613 , -0.964391 , -0.0730097 , -0.53088
3.10875 , -0.972236 , -0.0815425 , -0.548337 , -0.981175 , -0.0891567 , -0.557183
3.15378 , -0.990698 , -0.0989554 , -0.576029 , -1.00065 , -0.107674 , -0.583551
3.20454 , -1.01051 , -0.11751 , -0.601474 , -1.02179 , -0.127913 , -0.609622
3.25168 , -1.03133 , -0.137264 , -0.62919 , -1.04369 , -0.149205 , -0.638389
3.30669 , -1.05155 , -0.157751 , -0.658081 , -1.06535 , -0.172208 , -0.665815
3.35506 , -1.07278 , -0.177672 , -0.687436 , -1.08639 , -0.193284 , -0.694815
3.40333 , -1.09366 , -0.197886 , -0.717999 , -1.10852 , -0.213528 , -0.727056
3.45072 , -1.1137 , -0.21653 , -0.749231 , -1.13005 , -0.233029 , -0.756951
3.49261 , -1.13415 , -0.236006 , -0.778502 , -1.15098 , -0.254658 , -0.78628
3.5332 , -1.15711 , -0.258206 , -0.807702 , -1.17326 , -0.277708 , -0.813569
3.57119 , -1.17842 , -0.285138 , -0.830785 , -1.19542 , -0.302988 , -0.842713
3.61781 , -1.19785 , -0.308951 , -0.86027 , -1.21593 , -0.329988 , -0.867272
3.65519 , -1.21701 , -0.335581 , -0.886205 , -1.23432 , -0.356894 , -0.891015
3.70305 , -1.23441 , -0.362556 , -0.90875 , -1.24867 , -0.385219 , -0.909506
3.74973 , -1.24978 , -0.389963 , -0.923095 , -1.26413 , -0.410932 , -0.926038
3.78923 , -1.262 , -0.413284 , -0.941707 , -1.2706 , -0.434955 , -0.949961
3.83334 , -1.26911 , -0.436432 , -0.959893 , -1.28717 , -0.460344 , -0.952393
3.87025 , -1.28121 , -0.463502 , -0.96164 , -1.29403 , -0.481476 , -0.963462
3.91111 , -1.28695 , -0.482847 , -0.970034 , -1.29866 , -0.499201 , -0.971516
3.95178 , -1.28322 , -0.500093 , -0.98324 , -1.30051 , -0.51143 , -0.978117
3.99076 , -1.2823 , -0.512204 , -0.989416 , -1.29875 , -0.521324 , -0.984326
4.03547 , -1.28033 , -0.521316 , -0.993707 , -1.29015 , -0.530602 , -0.996435
4.07324 , -1.28012 , -0.52541 , -0.994642 , -1.28657 , -0.534178 , -0.999723
4.12038 , -1.27676 , -0.528733 , -0.998066 , -1.28499 , -0.536685 , -1.0004
4.15711 , -1.27708 , -0.529416 , -0.995506 , -1.28561 , -0.532315 , -0.995589
4.20016 , -1.27811 , -0.524921 , -0.988558 , -1.28669 , -0.524599 , -0.987543
4.24067 , -1.27785 , -0.516611 , -0.980038 , -1.2826 , -0.514443 , -0.981158
4.29357 , -1.27514 , -0.504359 , -0.968511 , -1.27721 , -0.500888 , -0.971358
4.34037 , -1.26579 , -0.490005 , -0.95872 , -1.27078 , -0.482946 , -0.956115
4.38979 , -1.25339 , -0.473588 , -0.943707 , -1.25899 , -0.46083 , -0.938487
4.43197 , -1.2394 , -0.451074 , -0.924182 , -1.24153 , -0.438631 , -0.919514
4.4742 , -1.22303 , -0.42895 , -0.905834 , -1.22192 , -0.413533 , -0.897935
4.51513 , -1.20119 , -0.401689 , -0.881342 , -1.19925 , -0.385896 , -0.872888
4.55452 , -1.17568 , -0.36696 , -0.861629 , -1.1718 , -0.350902 , -0.855212
4.59561 , -1.15151 , -0.333396 , -0.835768 , -1.14988 , -0.317572 , -0.825415
4.63883 , -1.13192 , -0.30284 , -0.79993 , -1.13009 , -0.286346 , -0.787383
4.68067 , -1.1111 , -0.269257 , -0.765862 , -1.10833 , -0.252431 , -0.753183
4.72196 , -1.08816 , -0.234632 , -0.730774 , -1.08615 , -0.217466 , -0.718611
4.76309 , -1.0645 , -0.20142 , -0.697707 , -1.06189 , -0.183168 , -0.687428
4.80405 , -1.04026 , -0.168774 , -0.669063 , -1.03737 , -0.152564 , -0.655955
4.84275 , -1.01877 , -0.142917 , -0.633888 , -1.01373 , -0.124026 , -0.622235
4.8852 , -0.996999 , -0.11603 , -0.602335 , -0.991722 , -0.0978415 , -0.592084
4.92582 , -0.974297 , -0.0895829 , -0.575123 , -0.968777 , -0.0718819 , -0.565643
4.96447 , -0.953804 , -0.066097 , -0.552567 , -0.948073 , -0.0492242 , -0.543049
5.0093 , -0.935393 , -0.043792 , -0.534545 , -0.928987 , -0.0282468 , -0.522735
5.0464 , -0.91803 , -0.0243802 , -0.516057 , -0.911399 , -0.00807315 , -0.506867
5.0931 , -0.900922 , -0.00661134 , -0.497458 , -0.895374 , 0.00764526 , -0.490747
5.132 , -0.886589 , 0.00863178 , -0.483105 , -0.881333 , 0.0214079 , -0.476805
5.18181 , -0.8745 , 0.0228673 , -0.4711 , -0.869973 , 0.0325534 , -0.462951
5.22859 , -0.864738 , 0.0323074 , -0.457935 , -0.860934 , 0.0431942 , -0.450944
5.27637 , -0.856288 , 0.039821 , -0.444014 , -0.854281 , 0.0497394 , -0.438408
5.32418 , -0.851447 , 0.0454738 , -0.432891 , -0.849629 , 0.0530027 , -0.425198
5.36887 , -0.847017 , 0.0479173 , -0.420361 , -0.846657 , 0.0578416 , -0.415679
5.41233 , -0.845719 , 0.0522892 , -0.411707 , -0.847005 , 0.0589036 , -0.406614
5.45976 , -0.857449 , 0.0477556 , -0.40218 , -0.854921 , 0.0593333 , -0.398927
5.50132 , -0.898377 , 0.0217702 , -0.389377 , -0.887553 , 0.0409182 , -0.389293
5.55335 , -0.901389 , 0.0253885 , -0.384346 , -0.902154 , 0.0352801 , -0.382583
5.60328 , -0.903986 , 0.0280083 , -0.380271 , -0.907427 , 0.0358778 , -0.378443
5.64611 , -0.908556 , 0.0294586 , -0.376657 , -0.869712 , 0.0650737 , -0.37828
5.68543 , -0.875776 , 0.0596296 , -0.378955 , -0.870507 , 0.0684721 , -0.376007
5.72908 , -0.879875 , 0.0603114 , -0.375191 , -0.87919 , 0.0684904 , -0.374797
5.76648 , -0.88305 , 0.0599304 , -0.373031 , -0.888413 , 0.0674797 , -0.374094
5.81557 , -0.886299 , 0.0617699 , -0.371556 , -0.89401 , 0.0672653 , -0.373741
5.85679 , -0.892048 , 0.0638142 , -0.374984 , -0.899139 , 0.0677855 , -0.376029
5.89569 , -0.891305 , 0.065343 , -0.375891 , -0.899074 , 0.0692919 , -0.376696
5.9331 , -0.893294 , 0.0642248 , -0.378007 , -0.870241 , 0.0772741 , -0.378668
5.97011 , -0.870998 , 0.0757153 , -0.382048 , -0.88385 , 0.0592167 , -0.377734
6.01483 , -0.866622 , 0.0697318 , -0.380324 , -0.874793 , 0.0686838 , -0.384102
6.05174 , -0.863705 , 0.0709702 , -0.385806 , -0.863048 , 0.0719238 , -0.387238
6.10109 , -0.856549 , 0.0669179 , -0.389374 , -0.8538 , 0.0686789 , -0.390085
6.13942 , -0.848695 , 0.0647212 , -0.393036 , -0.84569 , 0.0619449 , -0.390166
6.18461 , -0.840216 , 0.0572683 , -0.392814 , -0.838029 , 0.0583714 , -0.39307
6.22351 , -0.832471 , 0.0545773 , -0.396964 , -0.829445 , 0.0578372 , -0.400687
6.26813 , -0.82479 , 0.0537917 , -0.403775 , -0.81854 , 0.053716 , -0.402638
6.3067 , -0.81615 , 0.0501455 , -0.406015 , -0.811262 , 0.0469628 , -0.402945
6.35203 , -0.810387 , 0.0463757 , -0.408612 , -0.80715 , 0.0493915 , -0.412769
6.38949 , -0.805258 , 0.0464816 , -0.414386 , -0.80414 , 0.0458928 , -0.417725
6.43523 , -0.801243 , 0.0443185 , -0.420346 , -0.800425 , 0.0472471 , -0.425542
6.47266 , -0.797149 , 0.0452662 , -0.426094 , -0.800009 , 0.0453014 , -0.429984
6.51883 , -0.796381 , 0.0425427 , -0.430304 , -0.80025 , 0.0372939 , -0.431668
6.55665 , -0.794487 , 0.0364532 , -0.433132 , -0.801692 , 0.0393773 , -0.442416
6.60396 , -0.796648 , 0.0380806 , -0.440898 , -0.802131 , 0.0419959 , -0.450185
6.64527 , -0.800705 , 0.0345788 , -0.449251 , -0.806954 , 0.0372017 , -0.452775
6.68768 , -0.807534 , 0.0335723 , -0.456865 , -0.816342 , 0.0324784 , -0.460323
6.72466 , -0.812215 , 0.0314306 , -0.462334 , -0.824668 , 0.0289467 , -0.465879
6.77258 , -0.819914 , 0.0273101 , -0.467504 , -0.832856 , 0.0247852 , -0.468631
6.81203 , -0.82745 , 0.0222167 , -0.468279 , -0.843358 , 0.0232295 , -0.471203
6.85566 , -0.837926 , 0.0224291 , -0.472527 , -0.856653 , 0.0247412 , -0.476194
6.89162 , -0.84888 , 0.0255119 , -0.478572 , -0.859788 , 0.0293838 , -0.478725
6.94081 , -0.853521 , 0.0321073 , -0.482689 , -0.861691 , 0.0335244 , -0.479217
6.98751 , -0.850779 , 0.0341204 , -0.479737 , -0.859677 , 0.0371018 , -0.472715
7.02429 , -0.842661 , 0.0398373 , -0.477895 , -0.851716 , 0.0412011 , -0.469315
7.0637 , -0.836153 , 0.0392762 , -0.4723 , -0.83961 , 0.0430116 , -0.463766
7.10567 , -0.825089 , 0.0394899 , -0.467613 , -0.826947 , 0.041988 , -0.462723
7.14491 , -0.812552 , 0.0376825 , -0.466649 , -0.812456 , 0.0404937 , -0.463733
7.19168 , -0.800963 , 0.039072 , -0.467728 , -0.798302 , 0.0402614 , -0.467936
7.23212 , -0.789718 , 0.0386169 , -0.470136 , -0.783801 , 0.0433728 , -0.468698
7.2712 , -0.77795 , 0.0400125 , -0.470897 , -0.772982 , 0.041518 , -0.470805
7.3109 , -0.769348 , 0.0389876 , -0.47183 , -0.76322 , 0.0381239 , -0.470234
7.36079 , -0.760119 , 0.0351876 , -0.468343 , -0.752586 , 0.0344133 , -0.467302
7.41027 , -0.751936 , 0.032998 , -0.464635 , -0.74583 , 0.0329813 , -0.462212
7.45429 , -0.744949 , 0.0316365 , -0.460965 , -0.740877 , 0.0350104 , -0.461084
7.4924 , -0.739754 , 0.0325513 , -0.459908 , -0.733751 , 0.0345745 , -0.458843
7.52889 , -0.731807 , 0.0324518 , -0.455952 , -0.726026 , 0.0364756 , -0.456748
7.58085 , -0.723166 , 0.0353055 , -0.452941 , -0.719805 , 0.0371609 , -0.452627
7.63075 , -0.717675 , 0.0329243 , -0.447597 , -0.713163 , 0.0343775 , -0.445125
7.67329 , -0.714681 , 0.0330931 , -0.443083 , -0.711008 , 0.033017 , -0.440959
7.71109 , -0.711718 , 0.0333931 , -0.439337 , -0.709713 , 0.0327285 , -0.436853
7.74646 , -0.713526 , 0.0347455 , -0.437558 , -0.7101 , 0.028181 , -0.428782
7.79391 , -0.715145 , 0.0305688 , -0.432653 , -0.711706 , 0.0309724 , -0.430699
7.8356 , -0.716364 , 0.0311478 , -0.430341 , -0.7126 , 0.0310831 , -0.426653
7.87613 , -0.717253 , 0.0311407 , -0.425965 , -0.715676 , 0.0285607 , -0.42121
7.91303 , -0.718776 , 0.0285837 , -0.419235 , -0.719071 , 0.0283234 , -0.416246
7.9499 , -0.720412 , 0.0297188 , -0.414492 , -0.722903 , 0.0300513 , -0.41535
8.00177 , -0.723375 , 0.0320731 , -0.414053 , -0.726422 , 0.0326883 , -0.415144
8.05198 , -0.725976 , 0.0356474 , -0.411376 , -0.728616 , 0.0363158 , -0.412432
8.10104 , -0.728078 , 0.0373665 , -0.407079 , -0.730109 , 0.0380295 , -0.406607
8.15105 , -0.728604 , 0.0392773 , -0.401554 , -0.730079 , 0.0394947 , -0.399888
8.20068 , -0.728674 , 0.0417928 , -0.397024 , -0.73116 , 0.0432564 , -0.395155
8.25267 , -0.730112 , 0.0449206 , -0.392796 , -0.733682 , 0.0488963 , -0.393607
8.30315 , -0.73094 , 0.0508807 , -0.390524 , -0.733884 , 0.0523111 , -0.389497
8.35045 , -0.730314 , 0.0528876 , -0.387518 , -0.733778 , 0.0549063 , -0.385058
8.40761 , -0.728348 , 0.0555295 , -0.382693 , -0.732019 , 0.0567261 , -0.381214
8.45296 , -0.728341 , 0.056751 , -0.379765 , -0.729292 , 0.0581959 , -0.378215
8.50133 , -0.725599 , 0.0585478 , -0.376217 , -0.726331 , 0.0601559 , -0.374585
8.55635 , -0.723914 , 0.0594654 , -0.373898 , -0.725404 , 0.0624371 , -0.373414
8.60408 , -0.724975 , 0.0550824 , -0.370716 , -0.724344 , 0.059709 , -0.370251
8.6496 , -0.723278 , 0.056659 , -0.36893 , -0.724299 , 0.0591692 , -0.367974
8.69621 , -0.724274 , 0.0573462 , -0.368901 , -0.724333 , 0.0593185 , -0.367661
8.74065 , -0.722751 , 0.0589266 , -0.369438 , -0.724386 , 0.0578495 , -0.368152
8.78753 , -0.723422 , 0.0582416 , -0.368781 , -0.725297 , 0.0581581 , -0.36807
8.84081 , -0.72677 , 0.0568005 , -0.368425 , -0.726145 , 0.0596423 , -0.368349
8.89019 , -0.726134 , 0.0567296 , -0.367117 , -0.727535 , 0.0572265 , -0.367961
8.94026 , -0.727664 , 0.0550237 , -0.369229 , -0.728104 , 0.0565006 , -0.368737
8.99012 , -0.727815 , 0.0551206 , -0.369156 , -0.729676 , 0.0561209 , -0.369135
9.04143 , -0.729123 , 0.0554475 , -0.369976 , -0.731253 , 0.0537791 , -0.369513
9.09189 , -0.729926 , 0.055499 , -0.370637 , -0.734172 , 0.0552426 , -0.372542
9.14718 , -0.732631 , 0.0561039 , -0.37222 , -0.735319 , 0.0512558 , -0.369007
9.18528 , -0.732998 , 0.0521484 , -0.370207 , -0.735908 , 0.053891 , -0.370706
9.22992 , -0.734567 , 0.0529815 , -0.370611 , -0.736321 , 0.0541342 , -0.370459
9.27805 , -0.73704 , 0.0552932 , -0.372976 , -0.737467 , 0.0553298 , -0.371735
9.32806 , -0.739364 , 0.056065 , -0.374837 , -0.739615 , 0.0564792 , -0.37342
9.38062 , -0.739518 , 0.0562236 , -0.374075 , -0.741984 , 0.0583536 , -0.374438
9.42368 , -0.740639 , 0.0562884 , -0.374542 , -0.742711 , 0.0580569 , -0.373816
9.47876 , -0.740534 , 0.0550904 , -0.37421 , -0.743463 , 0.05746 , -0.374189
9.52285 , -0.739792 , 0.0548545 , -0.37438 , -0.74384 , 0.0579614 , -0.375275
9.56041 , -0.740568 , 0.0551967 , -0.375889 , -0.743985 , 0.0550495 , -0.376225
9.61059 , -0.741293 , 0.0537358 , -0.378325 , -0.743259 , 0.0538515 , -0.377405
9.65626 , -0.740868 , 0.0507531 , -0.379546 , -0.742513 , 0.051902 , -0.377812
9.69877 , -0.739749 , 0.0500597 , -0.379587 , -0.740476 , 0.0499042 , -0.378597
9.73983 , -0.73878 , 0.04817 , -0.381802 , -0.739087 , 0.0482431 , -0.380693
9.78408 , -0.735923 , 0.0465045 , -0.382344 , -0.738862 , 0.0471107 , -0.383397
9.82303 , -0.733882 , 0.043399 , -0.384123 , -0.73681 , 0.044496 , -0.383824
9.86614 , -0.730533 , 0.0423191 , -0.384979 , -0.732016 , 0.0429459 , -0.385557
9.90754 , -0.726121 , 0.0409949 , -0.387028 , -0.727404 , 0.041362 , -0.386767
9.94477 , -0.720421 , 0.040008 , -0.38782 , -0.722005 , 0.0403277 , -0.388438
9.99189 , -0.713308 , 0.0393238 , -0.39003 , -0.714351 , 0.0400842 , -0.390677
10.0326 , -0.705076 , 0.0387606 , -0.391477 , -0.705541 , 0.0386719 , -0.39214
10.0755 , -0.695579 , 0.0365433 , -0.393847 , -0.694036 , 0.036351 , -0.393382
10.1176 , -0.684814 , 0.0339359 , -0.394294 , -0.681959 , 0.0339091 , -0.395457
10.159 , -0.67254 , 0.0317715 , -0.397407 , -0.66778 , 0.0306098 , -0.395836
10.202 , -0.657508 , 0.0293955 , -0.400103 , -0.653224 , 0.0293122 , -0.399541
10.245 , -0.642918 , 0.0248839 , -0.40373 , -0.638098 , 0.0263545 , -0.405486
10.2836 , -0.627482 , 0.0213562 , -0.41091 , -0.622028 , 0.0221654 , -0.413564
10.3325 , -0.611455 , 0.0184517 , -0.419422 , -0.604379 , 0.020258 , -0.422273
10.3788 , -0.593395 , 0.0167498 , -0.429075 , -0.584936 , 0.0165949 , -0.43016
10.4377 , -0.574277 , 0.014837 , -0.439521 , -0.565146 , 0.0122078 , -0.441716
10.482 , -0.556602 , 0.00750929 , -0.452864 , -0.547478 , 0.00483837 , -0.454736
10.5323 , -0.537396 , -0.002371 , -0.466711 , -0.527887 , -0.00425141 , -0.468481
10.5814 , -0.517336 , -0.0115579 , -0.481669 , -0.507998 , -0.0115998 , -0.485297
10.6346 , -0.498897 , -0.0193154 , -0.499261 , -0.487866 , -0.020013 , -0.503783
10.6806 , -0.480377 , -0.0270987 , -0.51924 , -0.46922 , -0.0267447 , -0.524096
10.7198 , -0.461764 , -0.0328761 , -0.540951 , -0.450007 , -0.034275 , -0.547792
10.7638 , -0.445474 , -0.0441408 , -0.567062 , -0.435838 , -0.0405418 , -0.574805
10.807 , -0.432492 , -0.0484766 , -0.595485 , -0.422036 , -0.0486635 , -0.601745
10.8506 , -0.423646 , -0.056961 , -0.625391 , -0.411609 , -0.0619884 , -0.628554
10.9026 , -0.422393 , -0.0783617 , -0.653197 , -0.403555 , -0.0744379 , -0.661706
10.9489 , -0.413139 , -0.0872591 , -0.685533 , -0.404744 , -0.0917412 , -0.693448
10.9861 , -0.416034 , -0.103061 , -0.721008 , -0.411929 , -0.109312 , -0.729148
11.0318 , -0.426703 , -0.122033 , -0.758236 , -0.42348 , -0.133792 , -0.766192
11.0692 , -0.443234 , -0.15008 , -0.794182 , -0.441886 , -0.162042 , -0.804213
11.122 , -0.466258 , -0.178772 , -0.830664 , -0.469785 , -0.196722 , -0.842731
11.1712 , -0.495714 , -0.212438 , -0.866335 , -0.500589 , -0.234385 , -0.876425
11.2151 , -0.528627 , -0.25293 , -0.902043 , -0.532766 , -0.274732 , -0.911348
11.2559 , -0.561451 , -0.28662 , -0.934882 , -0.571312 , -0.307261 , -0.94757
11.299 , -0.600066 , -0.322583 , -0.97157 , -0.60943 , -0.343048 , -0.982581
11.341 , -0.638148 , -0.351761 , -1.00197 , -0.653463 , -0.377789 , -1.01423
11.3829 , -0.682786 , -0.382073 , -1.0331 , -0.703911 , -0.410811 , -1.04806
11.4242 , -0.729917 , -0.409766 , -1.06398 , -0.755809 , -0.445648 , -1.07208
11.4668 , -0.781342 , -0.441964 , -1.08648 , -0.811089 , -0.471649 , -1.09345
11.5015 , -0.83269 , -0.463511 , -1.10228 , -0.862816 , -0.490771 , -1.1119
11.539 , -0.886345 , -0.479341 , -1.11634 , -0.914458 , -0.503493 , -1.12356
11.5854 , -0.936554 , -0.490074 , -1.12719 , -0.962212 , -0.512157 , -1.13384
11.6216 , -0.977598 , -0.497313 , -1.13679 , -1.01216 , -0.514362 , -1.14126
11.6696 , -1.01712 , -0.502966 , -1.14664 , -1.04442 , -0.522432 , -1.15335
11.7057 , -1.05049 , -0.513797 , -1.15424 , -1.07878 , -0.527671 , -1.15549
11.7538 , -1.07299 , -0.521353 , -1.16688 , -1.10587 , -0.528996 , -1.16767
11.79 , -1.09585 , -0.52277 , -1.1775 , -1.133 , -0.532853 , -1.15829
11.8434 , -1.12144 , -0.525422 , -1.16738 , -1.14896 , -0.528636 , -1.16361
11.8918 , -1.14702 , -0.532548 , -1.14698 , -1.16583 , -0.526818 , -1.15089
11.9373 , -1.1602 , -0.524142 , -1.14139 , -1.18172 , -0.521205 , -1.13643
11.9803 , -1.17312 , -0.517391 , -1.12679 , -1.19192 , -0.519614 , -1.11383
12.0221 , -1.18416 , -0.513913 , -1.09932 , -1.19597 , -0.510598 , -1.09587
12.0628 , -1.18683 , -0.507125 , -1.08302 , -1.19774 , -0.498338 , -1.07551
12.1017 , -1.18594 , -0.494222 , -1.06298 , -1.19306 , -0.484139 , -1.05773
12.1489 , -1.18163 , -0.477874 , -1.04172 , -1.17925 , -0.468332 , -1.03971
12.1877 , -1.17139 , -0.460426 , -1.01801 , -1.17205 , -0.448203 , -1.01464
12.2303 , -1.16083 , -0.440669 , -0.993011 , -1.15202 , -0.45749 , -0.98488
12.2718 , -1.14818 , -0.419251 , -0.965757 , -1.14608 , -0.417713 , -0.961983
12.3127 , -1.13461 , -0.391756 , -0.94072 , -1.13792 , -0.382178 , -0.928137
12.3552 , -1.11973 , -0.36034 , -0.909167 , -1.12043 , -0.34592 , -0.897066
12.3974 , -1.10019 , -0.324615 , -0.878445 , -1.10282 , -0.309695 , -0.868431
12.4398 , -1.08643 , -0.293138 , -0.847863 , -1.08574 , -0.278073 , -0.83324
12.4822 , -1.07097 , -0.264108 , -0.809125 , -1.06821 , -0.248926 , -0.792418
12.5231 , -1.05216 , -0.236591 , -0.768042 , -1.04864 , -0.218862 , -0.753218
12.5642 , -1.03168 , -0.207816 , -0.73021 , -1.02748 , -0.187416 , -0.7173
12.6077 , -1.01131 , -0.177648 , -0.696694 , -1.00582 , -0.158019 , -0.685033
12.6523 , -0.989931 , -0.148118 , -0.667146 , -0.983548 , -0.130214 , -0.655396
12.691 , -0.968189 , -0.124355 , -0.636782 , -0.960764 , -0.106273 , -0.624046
12.7356 , -0.944674 , -0.100244 , -0.607162 , -0.936253 , -0.0843039 , -0.594556
12.7748 , -0.919844 , -0.0800545 , -0.580151 , -0.912366 , -0.0611976 , -0.57091
12.8171 , -0.896784 , -0.0578717 , -0.559769 , -0.890288 , -0.0392418 , -0.55136
12.8594 , -0.874999 , -0.0359978 , -0.540491 , -0.867097 , -0.01699 , -0.532862
12.9007 , -0.852096 , -0.013581 , -0.523618 , -0.843963 , 0.002473 , -0.514174
12.9431 , -0.827995 , 0.0026289 , -0.503916 , -0.821695 , 0.0187121 , -0.497773
12.9847 , -0.806614 , 0.0175938 , -0.489656 , -0.801027 , 0.0305712 , -0.481198
13.029 , -0.786824 , 0.028693 , -0.473164 , -0.783099 , 0.0374421 , -0.463537
13.071 , -0.769491 , 0.0355325 , -0.457754 , -0.765962 , 0.0463628 , -0.449447
13.1105 , -0.754099 , 0.0445417 , -0.443736 , -0.752406 , 0.0534882 , -0.437437
13.15 , -0.741862 , 0.053695 , -0.433689 , -0.741267 , 0.0614418 , -0.426174
13.1947 , -0.730424 , 0.0612285 , -0.421362 , -0.73033 , 0.068383 , -0.413689
13.2347 , -0.719503 , 0.0680012 , -0.410663 , -0.719582 , 0.0745938 , -0.402027
13.2787 , -0.71235 , 0.0720608 , -0.399585 , -0.713398 , 0.0761856 , -0.391207
13.319 , -0.707472 , 0.0724297 , -0.390099 , -0.708333 , 0.0785094 , -0.382644
13.3657 , -0.703119 , 0.0758051 , -0.381871 , -0.705517 , 0.08162 , -0.376153
13.4086 , -0.710468 , 0.0726436 , -0.374312 , -0.698913 , 0.0876763 , -0.371935
13.4535 , -0.70111 , 0.0822747 , -0.370095 , -0.702663 , 0.0891287 , -0.366696
13.4996 , -0.710712 , 0.078855 , -0.363392 , -0.709711 , 0.0877485 , -0.359797
13.5415 , -0.714567 , 0.0817426 , -0.359797 , -0.717222 , 0.0869291 , -0.356004
13.5781 , -0.719684 , 0.0815892 , -0.357871 , -0.724958 , 0.0866807 , -0.35318
13.6239 , -0.711909 , 0.0836523 , -0.350753 , -0.731917 , 0.087944 , -0.352926
13.6682 , -0.730058 , 0.0841101 , -0.353203 , -0.737469 , 0.08733 , -0.350781
13.7196 , -0.736901 , 0.0840096 , -0.352785 , -0.743851 , 0.0869336 , -0.351004
13.7645 , -0.743122 , 0.0835766 , -0.351312 , -0.749832 , 0.0851129 , -0.349614
13.8067 , -0.749058 , 0.0813366 , -0.350468 , -0.754598 , 0.0851077 , -0.348387
13.8497 , -0.754273 , 0.0822685 , -0.351223 , -0.758824 , 0.0848273 , -0.349384
13.8886 , -0.758424 , 0.079118 , -0.352365 , -0.765083 , 0.0803289 , -0.350443
13.9346 , -0.764007 , 0.0749851 , -0.353482 , -0.769166 , 0.076331 , -0.352311
13.9739 , -0.766339 , 0.0752099 , -0.35658 , -0.769981 , 0.0778031 , -0.356048
14.0177 , -0.792497 , 0.0544619 , -0.359495 , -0.787081 , 0.0621399 , -0.359308
14.056 , -0.765688 , 0.0725526 , -0.365177 , -0.780233 , 0.0667623 , -0.365024
14.1016 , -0.768014 , 0.0688545 , -0.368334 , -0.774491 , 0.0673301 , -0.367535
14.1413 , -0.768493 , 0.0633718 , -0.369515 , -0.768541 , 0.0635823 , -0.368595
14.1869 , -0.766367 , 0.059789 , -0.370905 , -0.765053 , 0.0634804 , -0.37162
14.2244 , -0.7632 , 0.058099 , -0.373113 , -0.763324 , 0.0585718 , -0.371932
14.2684 , -0.760512 , 0.0539901 , -0.374011 , -0.746976 , 0.0624301 , -0.376128
14.3133 , -0.74532 , 0.05651 , -0.377348 , -0.75201 , 0.054469 , -0.376412
14.3568 , -0.778359 , 0.0202809 , -0.371554 , -0.762947 , 0.0328316 , -0.373322
14.4038 , -0.743371 , 0.0508368 , -0.376852 , -0.756242 , 0.0428918 , -0.380537
14.4416 , -0.7497 , 0.0466794 , -0.384904 , -0.748895 , 0.044655 , -0.384448
14.4878 , -0.744136 , 0.0422517 , -0.388247 , -0.745599 , 0.0436392 , -0.389149
14.5256 , -0.742429 , 0.0425198 , -0.395594 , -0.744711 , 0.0436731 , -0.396199
14.5715 , -0.742755 , 0.0400473 , -0.400909 , -0.741105 , 0.0410772 , -0.401112
14.6082 , -0.744717 , 0.0400211 , -0.407248 , -0.741875 , 0.0392945 , -0.406847
14.6573 , -0.744855 , 0.0399453 , -0.414823 , -0.745901 , 0.0416946 , -0.41492
14.6963 , -0.748377 , 0.0381754 , -0.420756 , -0.749451 , 0.0420213 , -0.42261
14.7392 , -0.750768 , 0.0402159 , -0.428221 , -0.750282 , 0.0429155 , -0.429791
14.7767 , -0.749788 , 0.0421809 , -0.434729 , -0.74859 , 0.045206 , -0.437163
14.8248 , -0.749338 , 0.0467123 , -0.442085 , -0.745908 , 0.0491005 , -0.444876
14.8641 , -0.745643 , 0.0513314 , -0.448444 , -0.730951 , 0.0606893 , -0.45294
14.9074 , -0.736858 , 0.0554858 , -0.453095 , -0.729197 , 0.0588439 , -0.456033
14.9439 , -0.731059 , 0.0554569 , -0.453749 , -0.725575 , 0.0578171 , -0.456233
14.9912 , -0.72815 , 0.0559916 , -0.457551 , -0.721951 , 0.057238 , -0.456192
15.0273 , -0.723201 , 0.0567026 , -0.458082 , -0.719317 , 0.0600227 , -0.458146
15.0755 , -0.718933 , 0.0606341 , -0.46064 , -0.715563 , 0.0618921 , -0.458957
15.1116 , -0.712228 , 0.0642371 , -0.459656 , -0.712717 , 0.0637954 , -0.461087
15.159 , -0.706492 , 0.0663052 , -0.459872 , -0.708915 , 0.0654151 , -0.461573
15.1956 , -0.70272 , 0.0685605 , -0.460606 , -0.706108 , 0.0659682 , -0.462238
15.2451 , -0.700114 , 0.067747 , -0.461928 , -0.704068 , 0.0677807 , -0.463913
15.2951 , -0.698437 , 0.0697721 , -0.464584 , -0.704941 , 0.064763 , -0.466024
15.3403 , -0.698744 , 0.0668814 , -0.466082 , -0.70874 , 0.0639519 , -0.4702
15.3781 , -0.701845 , 0.0648886 , -0.468966 , -0.714354 , 0.0598014 , -0.471832
15.4149 , -0.707156 , 0.0597416 , -0.47152 , -0.717821 , 0.0549896 , -0.470204
15.4609 , -0.710674 , 0.0560595 , -0.470997 , -0.725578 , 0.0539718 , -0.472931
15.4987 , -0.717104 , 0.0511382 , -0.47209 , -0.733475 , 0.0522208 , -0.474285
15.5445 , -0.727949 , 0.0510741 , -0.478508 , -0.743999 , 0.0533955 , -0.477192
15.5841 , -0.737061 , 0.0550325 , -0.480381 , -0.754176 , 0.0560606 , -0.479194
15.629 , -0.746528 , 0.0580778 , -0.482148 , -0.76313 , 0.0619588 , -0.478977
15.6665 , -0.755871 , 0.0616305 , -0.481035 , -0.772495 , 0.0687493 , -0.478084
15.7191 , -0.767535 , 0.0675616 , -0.482715 , -0.779589 , 0.0732537 , -0.476351
15.7669 , -0.774928 , 0.0691626 , -0.480626 , -0.787897 , 0.0782114 , -0.475292
15.8156 , -0.77889 , 0.0714415 , -0.478526 , -0.793262 , 0.0803892 , -0.473722
15.8691 , -0.780446 , 0.0734192 , -0.477407 , -0.791145 , 0.0779763 , -0.470403
15.9144 , -0.778474 , 0.0717827 , -0.475774 , -0.78491 , 0.0777657 , -0.470444
15.9527 , -0.773871 , 0.071823 , -0.474593 , -0.775373 , 0.0758788 , -0.468918
15.9981 , -0.767038 , 0.0709886 , -0.4748 , -0.766623 , 0.07505 , -0.470312
16.0361 , -0.760221 , 0.0695285 , -0.474552 , -0.757709 , 0.0733701 , -0.470551
16.0875 , -0.751894 , 0.0676028 , -0.474171 , -0.748568 , 0.0710521 , -0.469215
16.1343 , -0.742173 , 0.0661902 , -0.472021 , -0.738732 , 0.0694352 , -0.467788
16.1844 , -0.732318 , 0.0645634 , -0.468915 , -0.728294 , 0.066583 , -0.463908
16.2376 , -0.723865 , 0.0628121 , -0.465541 , -0.718468 , 0.0683188 , -0.463492
16.2802 , -0.715111 , 0.0640345 , -0.463387 , -0.709823 , 0.0662727 , -0.458219
16.321 , -0.707847 , 0.0628662 , -0.45783 , -0.70356 , 0.0656466 , -0.454811
16.376 , -0.701164 , 0.0628525 , -0.453388 , -0.696741 , 0.0644669 , -0.450163
16.4251 , -0.693867 , 0.0616975 , -0.447412 , -0.690203 , 0.0621041 , -0.443635
16.4683 , -0.688041 , 0.0609201 , -0.441903 , -0.685186 , 0.0614887 , -0.436854
16.5122 , -0.685483 , 0.0585463 , -0.434388 , -0.682101 , 0.069051 , -0.434722
16.5529 , -0.682411 , 0.0607575 , -0.4297 , -0.679959 , 0.068041 , -0.428055
16.5955 , -0.681563 , 0.0621907 , -0.426253 , -0.679131 , 0.0676447 , -0.422784
16.6434 , -0.68137 , 0.0625563 , -0.421911 , -0.678906 , 0.0662349 , -0.417279
16.692 , -0.68155 , 0.0624313 , -0.416919 , -0.679013 , 0.0640539 , -0.412435
16.74 , -0.682638 , 0.0618234 , -0.413109 , -0.682448 , 0.0633736 , -0.409638
16.7927 , -0.686585 , 0.0624638 , -0.4097 , -0.684405 , 0.0573158 , -0.401554
16.8459 , -0.689796 , 0.0573735 , -0.402245 , -0.689025 , 0.0596345 , -0.401325
16.8847 , -0.693976 , 0.0591986 , -0.401321 , -0.694223 , 0.0600056 , -0.40002
16.9309 , -0.698304 , 0.0596316 , -0.399561 , -0.699903 , 0.0626867 , -0.400888
16.9706 , -0.703416 , 0.0626338 , -0.400567 , -0.704406 , 0.0624956 , -0.398209
17.0124 , -0.708859 , 0.0630301 , -0.397661 , -0.709909 , 0.0632301 , -0.395499
17.0568 , -0.712667 , 0.0635432 , -0.394962 , -0.71496 , 0.0638669 , -0.392764
17.1009 , -0.718598 , 0.0635188 , -0.391958 , -0.719577 , 0.064202 , -0.390881
17.1399 , -0.721062 , 0.0659663 , -0.389865 , -0.724754 , 0.066108 , -0.38803
17.177 , -0.727315 , 0.0683096 , -0.386849 , -0.730834 , 0.0682964 , -0.385518
17.2219 , -0.73201 , 0.0697415 , -0.381883 , -0.735767 , 0.0703978 , -0.381369
17.2617 , -0.736739 , 0.0725836 , -0.379159 , -0.739503 , 0.0755525 , -0.379623
17.3082 , -0.739497 , 0.0774606 , -0.377405 , -0.743231 , 0.0800646 , -0.37815
17.3488 , -0.743265 , 0.0815 , -0.375885 , -0.766407 , 0.0676184 , -0.369155
17.3916 , -0.766489 , 0.0682354 , -0.367602 , -0.772915 , 0.0684581 , -0.365549
17.431 , -0.769901 , 0.0706667 , -0.365415 , -0.776023 , 0.0719581 , -0.363599
17.48 , -0.772447 , 0.074008 , -0.362771 , -0.781897 , 0.0780074 , -0.365408
17.5256 , -0.777374 , 0.0789549 , -0.363676 , -0.782373 , 0.0809592 , -0.361496
17.5695 , -0.779143 , 0.0804909 , -0.360307 , -0.787158 , 0.083685 , -0.362761
17.6096 , -0.783559 , 0.0825971 , -0.361378 , -0.786378 , 0.0843191 , -0.358635
17.6513 , -0.782789 , 0.0833696 , -0.357716 , -0.786947 , 0.0849255 , -0.357404
17.6993 , -0.786098 , 0.0815893 , -0.357866 , -0.787122 , 0.0841383 , -0.356126
17.7418 , -0.784184 , 0.0829368 , -0.356996 , -0.784571 , 0.0853565 , -0.355637
17.7782 , -0.782851 , 0.0837016 , -0.357705 , -0.787109 , 0.0896752 , -0.363752
17.8145 , -0.784685 , 0.0860789 , -0.363986 , -0.785827 , 0.088005 , -0.363388
17.8595 , -0.782872 , 0.0850783 , -0.364147 , -0.78479 , 0.0847555 , -0.363558
17.8961 , -0.780604 , 0.0835777 , -0.364357 , -0.782864 , 0.0838036 , -0.363877
17.946 , -0.782623 , 0.0769119 , -0.364162 , -0.783577 , 0.0795028 , -0.363949
17.9834 , -0.780949 , 0.076669 , -0.364947 , -0.782397 , 0.0779774 , -0.364447
18.0294 , -0.779892 , 0.0770725 , -0.366062 , -0.781387 , 0.0775947 , -0.365488
18.0734 , -0.778911 , 0.0766207 , -0.367964 , -0.780754 , 0.0778523 , -0.367291
18.1144 , -0.778016 , 0.0771337 , -0.36931 , -0.780643 , 0.0793393 , -0.371429
18.1621 , -0.77829 , 0.0777365 , -0.371943 , -0.780624 , 0.0776289 , -0.371128
18.2035 , -0.777827 , 0.0761467 , -0.370787 , -0.779693 , 0.0767338 , -0.371847
18.2485 , -0.777893 , 0.0749653 , -0.371954 , -0.779406 , 0.0745275 , -0.371643
18.2944 , -0.778386 , 0.0752519 , -0.373884 , -0.780096 , 0.0749441 , -0.373263
18.3334 , -0.77835 , 0.0756739 , -0.374793 , -0.780646 , 0.0721377 , -0.372474
18.3786 , -0.779134 , 0.0738186 , -0.374351 , -0.782476 , 0.0744826 , -0.374704
18.4184 , -0.780513 , 0.0761526 , -0.377363 , -0.783288 , 0.0755236 , -0.376252
18.4625 , -0.780577 , 0.0754543 , -0.378163 , -0.782573 , 0.0764187 , -0.377209
18.5036 , -0.779992 , 0.0753115 , -0.378577 , -0.783813 , 0.0762336 , -0.378584
18.5475 , -0.77967 , 0.0780016 , -0.382553 , -0.783203 , 0.0787019 , -0.382096
18.5895 , -0.778878 , 0.0790632 , -0.383396 , -0.782028 , 0.0805237 , -0.384074
18.6298 , -0.777625 , 0.0787433 , -0.384698 , -0.772367 , 0.0866772 , -0.388532
18.6672 , -0.767662 , 0.0844133 , -0.388351 , -0.769059 , 0.087089 , -0.388281
18.711 , -0.764852 , 0.0841667 , -0.390064 , -0.76643 , 0.0860764 , -0.388467
18.7477 , -0.768374 , 0.0674624 , -0.389096 , -0.768583 , 0.0741935 , -0.389806
18.7853 , -0.762989 , 0.0749484 , -0.394244 , -0.763726 , 0.0743426 , -0.393043
18.8336 , -0.755128 , 0.0710037 , -0.397644 , -0.756903 , 0.0718273 , -0.398591
18.8787 , -0.729611 , 0.0780058 , -0.405693 , -0.739676 , 0.07256 , -0.407052
18.9175 , -0.718647 , 0.0714963 , -0.410551 , -0.721819 , 0.0683928 , -0.412375
18.9553 , -0.703299 , 0.0642608 , -0.416266 , -0.701105 , 0.064413 , -0.417917
19.0021 , -0.683134 , 0.0566912 , -0.421643 , -0.681899 , 0.0536568 , -0.423119
19.0428 , -0.661584 , 0.0456184 , -0.427549 , -0.660884 , 0.0437346 , -0.430996
19.0854 , -0.636973 , 0.0359685 , -0.43551 , -0.635811 , 0.0366812 , -0.441542
19.1284 , -0.608272 , 0.0327633 , -0.445594 , -0.59957 , 0.00547473 , -0.433347
19.1684 , -0.573174 , 0.00257034 , -0.439375 , -0.571807 , 0.0219852 , -0.460837
19.207 , -0.543706 , 0.0145694 , -0.462652 , -0.535433 , 0.0132575 , -0.466065
19.2543 , -0.507154 , 0.00704516 , -0.470549 , -0.496224 , 0.0077096 , -0.474906
19.2958 , -0.467639 , 0.00164584 , -0.477789 , -0.4548 , -0.000403866 , -0.480365
19.3364 , -0.424424 , -0.00343287 , -0.482854 , -0.412057 , 0.00230142 , -0.487293
19.3754 , -0.381226 , 9.31621e-05 , -0.487574 , -0.367284 , 0.00722573 , -0.492893
19.4207 , -0.336485 , 0.00423047 , -0.490933 , -0.320535 , 0.0142834 , -0.495119
19.4594 , -0.290183 , 0.0107425 , -0.492127 , -0.274412 , 0.0207012 , -0.494452
19.5048 , -0.24459 , 0.0166126 , -0.489624 , -0.229038 , 0.022395 , -0.489533
19.5422 , -0.200198 , 0.0199328 , -0.483365 , -0.184292 , 0.0299387 , -0.482668
19.5914 , -0.158629 , 0.0279013 , -0.4741 , -0.141831 , 0.0361712 , -0.471272
19.641 , -0.119363 , 0.0341971 , -0.460889 , -0.102727 , 0.0429364 , -0.457834
19.6884 , -0.0842758 , 0.0417445 , -0.447383 , -0.0691666 , 0.049834 , -0.443279
19.7286 , -0.0552317 , 0.052927 , -0.431241 , -0.0416503 , 0.0556662 , -0.426657
19.7775 , -0.0331122 , 0.0638996 , -0.413422 , -0.0206464 , 0.0624112 , -0.409436
19.8308 , -0.0185325 , 0.0686134 , -0.396991 , -0.0071684 , 0.0660178 , -0.392638
19.8791 , -0.0114463 , 0.0707919 , -0.381013 , -0.000661078 , 0.0673007 , -0.377349
19.9259 , -0.00991283 , 0.0695849 , -0.369082 , -0.000773732 , 0.0670308 , -0.365564
19.9799 , -0.0137731 , 0.0706558 , -0.360458 , -0.00572965 , 0.0691397 , -0.358187
20.0217 , -0.0231591 , 0.0714813 , -0.354535 , -0.0167279 , 0.0714325 , -0.354394
20.0616 , -0.038758 , 0.0730106 , -0.352641 , -0.0334386 , 0.0721437 , -0.352205
20.1062 , -0.0601669 , 0.0753081 , -0.351562 , -0.0559412 , 0.0713588 , -0.352171
20.1454 , -0.0884907 , 0.0655703 , -0.355491 , -0.0859227 , 0.0721807 , -0.354461
20.1901 , -0.122742 , 0.0718133 , -0.357235 , -0.125392 , 0.0671438 , -0.359436
20.2294 , -0.164278 , 0.0646823 , -0.364239 , -0.168958 , 0.0569802 , -0.364525
20.2746 , -0.211368 , 0.0559943 , -0.372315 , -0.215727 , 0.0555801 , -0.371449
20.3106 , -0.260991 , 0.0452687 , -0.378975 , -0.26619 , 0.0482092 , -0.379978
20.3512 , -0.315646 , 0.033273 , -0.389669 , -0.324827 , 0.0342511 , -0.390196
20.394 , -0.368778 , 0.0261172 , -0.399826 , -0.384615 , 0.0199359 , -0.396372
20.4294 , -0.424899 , 0.0143343 , -0.408818 , -0.444176 , 0.00199832 , -0.400097
20.4785 , -0.478948 , 2.23294e-05 , -0.414166 , -0.500183 , -0.0102844 , -0.406305
20.5154 , -0.528917 , -0.0116229 , -0.419878 , -0.551349 , -0.0137183 , -0.41506
20.5615 , -0.573508 , -0.00964101 , -0.427664 , -0.597206 , -0.014859 , -0.427148
20.5968 , -0.609652 , -0.00233579 , -0.436776 , -0.635618 , -0.0121025 , -0.437108
20.645 , -0.641268 , -0.00421952 , -0.442909 , -0.669572 , -0.0132085 , -0.443365
20.69 , -0.666192 , -0.0077637 , -0.445436 , -0.696364 , -0.0129039 , -0.448307
20.7302 , -0.683859 , -0.0102017 , -0.446307 , -0.71379 , -0.0106762 , -0.450825
20.7691 , -0.694573 , -0.00459445 , -0.449263 , -0.72234 , -0.00844662 , -0.450467
20.815 , -0.700359 , 0.00156498 , -0.450325 , -0.725994 , -0.00270094 , -0.44903
20.8616 , -0.702251 , 0.00305114 , -0.447922 , -0.725691 , 0.0014267 , -0.446352
20.8976 , -0.699999 , 0.00562762 , -0.441818 , -0.721598 , 0.00548665 , -0.444217
20.938 , -0.694434 , 0.0069724 , -0.437966 , -0.713628 , 0.00864148 , -0.438271
20.9813 , -0.685006 , 0.0109783 , -0.432243 , -0.700899 , 0.0132261 , -0.431889
21.0172 , -0.673251 , 0.0147658 , -0.425816 , -0.687365 , 0.01721 , -0.424932
21.0655 , -0.661412 , 0.0200638 , -0.420502 , -0.673899 , 0.0245904 , -0.419902
21.1025 , -0.648131 , 0.0294267 , -0.414316 , -0.65725 , 0.0313482 , -0.411652
21.1486 , -0.636155 , 0.0330337 , -0.406544 , -0.642294 , 0.0360872 , -0.402852
21.1866 , -0.623549 , 0.0347861 , -0.397674 , -0.628138 , 0.0397852 , -0.393997
21.2316 , -0.612514 , 0.0376171 , -0.390924 , -0.61541 , 0.0448216 , -0.387416
21.2707 , -0.603523 , 0.0417629 , -0.385674 , -0.604528 , 0.0495401 , -0.382026
21.3153 , -0.595137 , 0.0464763 , -0.380847 , -0.595174 , 0.052194 , -0.376112
21.3528 , -0.588308 , 0.0480735 , -0.37504 , -0.587561 , 0.0539922 , -0.370042
21.3996 , -0.583748 , 0.0502139 , -0.369904 , -0.583669 , 0.0548106 , -0.364885
21.4368 , -0.581839 , 0.0503828 , -0.364293 , -0.581829 , 0.0554957 , -0.359909
21.4846 , -0.581798 , 0.0529309 , -0.360473 , -0.581949 , 0.0592824 , -0.357569
21.5225 , -0.584601 , 0.0542203 , -0.357125 , -0.584488 , 0.0581221 , -0.353186
21.5681 , -0.58996 , 0.0521235 , -0.35223 , -0.590748 , 0.0584223 , -0.348877
21.6064 , -0.598378 , 0.0535196 , -0.348635 , -0.600063 , 0.0558434 , -0.34445
21.6511 , -0.609946 , 0.0522828 , -0.346051 , -0.612832 , 0.0560302 , -0.342937
21.6887 , -0.623284 , 0.0533811 , -0.344031 , -0.626865 , 0.056719 , -0.340269
21.7354 , -0.638586 , 0.0527649 , -0.341067 , -0.644768 , 0.0569204 , -0.338199
21.7733 , -0.656672 , 0.0545738 , -0.337716 , -0.664063 , 0.0592168 , -0.336248
21.8201 , -0.677566 , 0.0581622 , -0.336765 , -0.685806 , 0.0627971 , -0.334889
21.858 , -0.697412 , 0.063059 , -0.334415 , -0.708154 , 0.0684577 , -0.334659
21.9026 , -0.719479 , 0.0691646 , -0.334158 , -0.730178 , 0.074814 , -0.333011
21.9406 , -0.741908 , 0.074316 , -0.331743 , -0.753273 , 0.0804415 , -0.33135
21.987 , -0.765178 , 0.0802417 , -0.332094 , -0.788488 , 0.0769967 , -0.334351
22.0256 , -0.777982 , 0.0899061 , -0.333549 , -0.809875 , 0.0865035 , -0.334783
22.0701 , -0.805906 , 0.090538 , -0.334746 , -0.842977 , 0.0816925 , -0.330481
22.1085 , -0.845799 , 0.0813572 , -0.332548 , -0.862782 , 0.0834908 , -0.329833
22.1548 , -0.862547 , 0.0827671 , -0.331459 , -0.879674 , 0.0857478 , -0.330147
22.1929 , -0.877505 , 0.0845376 , -0.332133 , -0.891921 , 0.0874615 , -0.330269
22.242 , -0.888471 , 0.0866062 , -0.332142 , -0.90146 , 0.0896465 , -0.330834
22.2894 , -0.896288 , 0.0894512 , -0.332075 , -0.908332 , 0.0919603 , -0.331367
22.3345 , -0.902488 , 0.091724 , -0.333165 , -0.911924 , 0.0944778 , -0.331488
22.3735 , -0.906517 , 0.0937289 , -0.333252 , -0.914812 , 0.0966411 , -0.331731
22.4099 , -0.909823 , 0.0960177 , -0.333104 , -0.917344 , 0.0989794 , -0.331645
22.4573 , -0.911743 , 0.0981139 , -0.332809 , -0.919449 , 0.0994099 , -0.332083
22.4954 , -0.913088 , 0.0991526 , -0.331884 , -0.919712 , 0.0996261 , -0.331842
22.544 , -0.914777 , 0.0997495 , -0.330884 , -0.919273 , 0.101432 , -0.330421
22.5919 , -0.91549 , 0.100461 , -0.329793 , -0.919031 , 0.103085 , -0.329004
22.6346 , -0.915386 , 0.102685 , -0.330929 , -0.918819 , 0.104696 , -0.329536
22.6788 , -0.91568 , 0.102607 , -0.331049 , -0.919206 , 0.105276 , -0.33005
22.7258 , -0.916452 , 0.102586 , -0.330951 , -0.920655 , 0.105152 , -0.330537
22.7726 , -0.917232 , 0.102079 , -0.330785 , -0.920749 , 0.104085 , -0.330326
22.8103 , -0.917671 , 0.100778 , -0.331652 , -0.921651 , 0.103379 , -0.330476
22.8527 , -0.916523 , 0.100393 , -0.331732 , -0.920323 , 0.104398 , -0.332156
22.8966 , -0.917931 , 0.0992543 , -0.333749 , -0.920116 , 0.102601 , -0.332742
22.943 , -0.90067 , 0.114351 , -0.340559 , -0.910664 , 0.111655 , -0.33792
22.9796 , -0.899955 , 0.113284 , -0.344377 , -0.903807 , 0.113784 , -0.341507
23.0306 , -0.916227 , 0.0948877 , -0.343007 , -0.911994 , 0.101792 , -0.342417
23.0808 , -0.917156 , 0.090881 , -0.344469 , -0.91778 , 0.0916816 , -0.342094
23.1276 , -0.915876 , 0.0854836 , -0.345146 , -0.901579 , 0.106719 , -0.354348
23.1665 , -0.894598 , 0.101413 , -0.35549 , -0.893709 , 0.105771 , -0.356707
23.2119 , -0.891723 , 0.0971835 , -0.359506 , -0.891006 , 0.103233 , -0.362125
23.2501 , -0.887162 , 0.0969805 , -0.367335 , -0.903512 , 0.0843566 , -0.363729
23.295 , -0.901503 , 0.0751218 , -0.366792 , -0.929082 , 0.0438754 , -0.363461
23.3331 , -0.925154 , 0.0374551 , -0.367649 , -0.933177 , 0.0307309 , -0.371504
23.3795 , -0.920692 , 0.0297271 , -0.373015 , -0.93089 , 0.0240856 , -0.374136
23.417 , -0.912872 , 0.0253209 , -0.379531 , -0.890796 , 0.0626304 , -0.393953
23.4633 , -0.880414 , 0.0633812 , -0.397659 , -0.878407 , 0.0658061 , -0.399233
23.5024 , -0.885462 , 0.0452239 , -0.401206 , -0.86923 , 0.0653562 , -0.406451
23.5485 , -0.875842 , 0.0512584 , -0.4101 , -0.869811 , 0.0559019 , -0.411988
23.5859 , -0.874001 , 0.0459077 , -0.413923 , -0.880153 , 0.0332266 , -0.410115
23.6319 , -0.883433 , 0.0217617 , -0.411441 , -0.877362 , 0.0273001 , -0.414404
23.6704 , -0.877315 , 0.0245759 , -0.413516 , -0.879485 , 0.0234086 , -0.416367
23.7157 , -0.878331 , 0.023859 , -0.417311 , -0.879826 , 0.0210663 , -0.417115
23.7522 , -0.874796 , 0.0167501 , -0.415734 , -0.878465 , 0.0223147 , -0.415585
23.7992 , -0.876004 , 0.0172871 , -0.412289 , -0.874626 , 0.0118073 , -0.408558
23.8363 , -0.877111 , 0.011884 , -0.407101 , -0.874173 , 0.0135287 , -0.405855
23.8841 , -0.872984 , 0.00725286 , -0.401992 , -0.869649 , 0.0103846 , -0.399245
23.9372 , -0.866767 , 0.0060472 , -0.394385 , -0.880563 , 0.00901167 , -0.392043
23.9873 , -0.879346 , 0.00800247 , -0.387801 , -0.874556 , 0.0127216 , -0.383137
24.0334 , -0.869835 , 0.0114956 , -0.378761 , -0.863437 , 0.0146347 , -0.37332
24.0791 , -0.844312 , 0.0164182 , -0.36472 , -0.84434 , 0.0197627 , -0.364099
24.1131 , -0.831355 , 0.0235625 , -0.355156 , -0.821995 , 0.0263568 , -0.352032
24.1545 , -0.831177 , 0.0210823 , -0.341453 , -0.813218 , 0.0271689 , -0.339983
24.1988 , -0.819601 , 0.0200422 , -0.326821 , -0.795593 , 0.037014 , -0.328348
24.2387 , -0.794921 , 0.0355976 , -0.320581 , -0.784656 , 0.0391522 , -0.31647
24.2849 , -0.783835 , 0.0385811 , -0.309212 , -0.776279 , 0.043173 , -0.308571
24.3246 , -0.778069 , 0.0421133 , -0.299829 , -0.770807 , 0.0455603 , -0.299442
24.3676 , -0.774276 , 0.0461428 , -0.292155 , -0.770883 , 0.0490896 , -0.291856
24.4086 , -0.773396 , 0.049086 , -0.288501 , -0.778129 , 0.0542981 , -0.290024
24.4515 , -0.779618 , 0.0589957 , -0.290075 , -0.783149 , 0.0600526 , -0.290636
24.493 , -0.786613 , 0.0583063 , -0.29059 , -0.792462 , 0.0603931 , -0.290293
24.5352 , -0.795285 , 0.0596404 , -0.292374 , -0.803837 , 0.0619244 , -0.291867
24.5769 , -0.807464 , 0.0594416 , -0.292728 , -0.815 , 0.0616925 , -0.292496
24.6189 , -0.820081 , 0.0584607 , -0.294299 , -0.826556 , 0.060194 , -0.294428
24.661 , -0.823854 , 0.0570278 , -0.295034 , -0.835394 , 0.0588463 , -0.29686
24.7023 , -0.830219 , 0.0560822 , -0.299201 , -0.839217 , 0.0574846 , -0.297659
24.742 , -0.832064 , 0.058513 , -0.304124 , -0.844031 , 0.0571511 , -0.303495
24.7882 , -0.833808 , 0.0558575 , -0.307204 , -0.865878 , 0.053036 , -0.310498
24.8255 , -0.837849 , 0.058951 , -0.314234 , -0.859915 , 0.0534986 , -0.314571
24.8709 , -0.83372 , 0.0581161 , -0.315187 , -0.849062 , 0.0543109 , -0.31812
24.9064 , -0.832009 , 0.0592976 , -0.319038 , -0.844744 , 0.0543253 , -0.321623
24.9472 , -0.829193 , 0.0588794 , -0.320917 , -0.841608 , 0.0555998 , -0.321393
24.9873 , -0.824917 , 0.0574166 , -0.319419 , -0.834468 , 0.0587367 , -0.321267
25.0241 , -0.8209 , 0.0581341 , -0.321739 , -0.826705 , 0.0583622 , -0.319487
25.0647 , -0.816674 , 0.0589866 , -0.321887 , -0.821379 , 0.0608388 , -0.320554
25.1083 , -0.812609 , 0.0612095 , -0.321713 , -0.816251 , 0.0619786 , -0.32046
25.147 , -0.809283 , 0.0630526 , -0.321558 , -0.812513 , 0.0635211 , -0.321378
25.1912 , -0.806234 , 0.0621513 , -0.320877 , -0.807501 , 0.0629104 , -0.319575
25.231 , -0.801675 , 0.0640087 , -0.318068 , -0.803077 , 0.0624651 , -0.316673
25.2756 , -0.800313 , 0.0619613 , -0.313809 , -0.80128 , 0.0644937 , -0.315844
25.3138 , -0.800777 , 0.0659933 , -0.31552 , -0.802009 , 0.0682315 , -0.317665
25.3606 , -0.804187 , 0.0718038 , -0.32083 , -0.804185 , 0.0748795 , -0.322663
25.4049 , -0.808169 , 0.0762638 , -0.325212 , -0.807365 , 0.077984 , -0.325654
25.4427 , -0.813109 , 0.0791562 , -0.329315 , -0.812372 , 0.0840844 , -0.332153
25.4814 , -0.819811 , 0.0820862 , -0.332394 , -0.819091 , 0.0836393 , -0.332574
25.5266 , -0.826914 , 0.0835875 , -0.336351 , -0.82621 , 0.0844419 , -0.33201
25.5645 , -0.831394 , 0.0843415 , -0.336535 , -0.832817 , 0.0908957 , -0.339252
25.6117 , -0.837226 , 0.088327 , -0.341846 , -0.837032 , 0.0908597 , -0.341507
25.6498 , -0.862262 , 0.090135 , -0.346162 , -0.852997 , 0.0922816 , -0.345191
25.6939 , -0.864533 , 0.0900911 , -0.348011 , -0.855626 , 0.100201 , -0.351915
25.7321 , -0.855595 , 0.0981935 , -0.352681 , -0.856464 , 0.104638 , -0.355919
25.7782 , -0.855998 , 0.100556 , -0.354417 , -0.857547 , 0.102469 , -0.353426
25.8172 , -0.873033 , 0.0963098 , -0.358367 , -0.856004 , 0.106055 , -0.358627
25.8618 , -0.861374 , 0.102968 , -0.361165 , -0.862694 , 0.10472 , -0.3606
25.9001 , -0.862153 , 0.102297 , -0.361747 , -0.881123 , 0.0994799 , -0.360167
25.9466 , -0.877778 , 0.095841 , -0.363075 , -0.883667 , 0.096752 , -0.361707
25.9828 , -0.876425 , 0.0946995 , -0.361431 , -0.882014 , 0.0922079 , -0.368769
26.032 , -0.875981 , 0.0884684 , -0.368169 , -0.880528 , 0.0881212 , -0.363416
26.0686 , -0.875126 , 0.0866455 , -0.367004 , -0.878339 , 0.0891003 , -0.358907
26.1142 , -0.874896 , 0.0899846 , -0.360383 , -0.877267 , 0.0909215 , -0.358814
26.1521 , -0.875782 , 0.091097 , -0.362156 , -0.877255 , 0.0924636 , -0.360676
26.2001 , -0.877098 , 0.0929601 , -0.364998 , -0.878412 , 0.0940624 , -0.364387
26.2515 , -0.879255 , 0.0911446 , -0.373224 , -0.880775 , 0.0929799 , -0.369528
26.2957 , -0.880015 , 0.0904093 , -0.373523 , -0.881858 , 0.0925259 , -0.371685
26.3315 , -0.881434 , 0.0901326 , -0.372728 , -0.882782 , 0.0913277 , -0.37229
26.3692 , -0.883909 , 0.0923467 , -0.366593 , -0.883872 , 0.0910155 , -0.369583
26.4218 , -0.884126 , 0.0956288 , -0.368177 , -0.884441 , 0.0929714 , -0.369203
26.4655 , -0.883685 , 0.0966254 , -0.368616 , -0.885223 , 0.0962034 , -0.373961
26.5018 , -0.88422 , 0.099693 , -0.373407 , -0.885472 , 0.097454 , -0.380415
26.5485 , -0.884515 , 0.0974585 , -0.379848 , -0.88407 , 0.0978197 , -0.373324
26.5874 , -0.882914 , 0.0999982 , -0.371372 , -0.883893 , 0.0992144 , -0.368787
26.632 , -0.882139 , 0.0986892 , -0.37025 , -0.883868 , 0.100584 , -0.376208
26.6698 , -0.880904 , 0.0980084 , -0.372234 , -0.882136 , 0.0992095 , -0.375282
26.7186 , -0.879288 , 0.0979142 , -0.373701 , -0.880617 , 0.0990843 , -0.375193
26.7589 , -0.877723 , 0.094013 , -0.383101 , -0.878359 , 0.0996784 , -0.375508
26.8034 , -0.874223 , 0.0925978 , -0.384079 , -0.8773 , 0.0968976 , -0.381774
26.8448 , -0.870688 , 0.0924963 , -0.381956 , -0.873865 , 0.0926061 , -0.383277
26.8899 , -0.865813 , 0.0886962 , -0.383827 , -0.867014 , 0.091296 , -0.386616
26.9343 , -0.841448 , 0.0931248 , -0.390844 , -0.85419 , 0.0905334 , -0.392148
26.9801 , -0.835671 , 0.0889299 , -0.395903 , -0.839081 , 0.0850647 , -0.39353
27.0249 , -0.826301 , 0.0813202 , -0.397965 , -0.829603 , 0.0814297 , -0.400733
27.0728 , -0.816611 , 0.0752183 , -0.404174 , -0.81748 , 0.0728766 , -0.40425
27.1298 , -0.801109 , 0.0689346 , -0.408155 , -0.805943 , 0.0665302 , -0.411362
27.1743 , -0.784957 , 0.0615835 , -0.412318 , -0.789274 , 0.0591066 , -0.416901
27.2284 , -0.763769 , 0.0558191 , -0.418254 , -0.768284 , 0.0514922 , -0.422586
27.2739 , -0.745278 , 0.0458717 , -0.423597 , -0.740587 , 0.0391995 , -0.42215
27.32 , -0.718886 , 0.034398 , -0.425288 , -0.716771 , 0.0318488 , -0.429119
27.3591 , -0.689644 , 0.0237825 , -0.425917 , -0.688107 , 0.0215729 , -0.432425
27.4035 , -0.658633 , 0.0142841 , -0.428844 , -0.65647 , 0.0116668 , -0.435117
27.4391 , -0.62443 , 0.00801732 , -0.432713 , -0.621093 , 0.00424985 , -0.437868
27.4809 , -0.58801 , 0.00281585 , -0.435749 , -0.583528 , -0.000779368 , -0.441128
27.5208 , -0.549946 , 0.00164463 , -0.439579 , -0.543912 , 0.00031691 , -0.446742
27.5586 , -0.509673 , 0.00468624 , -0.442953 , -0.500966 , 0.000860043 , -0.447895
27.5997 , -0.467959 , 0.00945652 , -0.446741 , -0.458621 , 0.00484764 , -0.450036
27.6405 , -0.423556 , 0.00980706 , -0.44493 , -0.41353 , 0.0188697 , -0.452796
27.6778 , -0.379153 , 0.0208001 , -0.445225 , -0.366392 , 0.0211514 , -0.447292
27.7257 , -0.334209 , 0.0296054 , -0.443062 , -0.317997 , 0.0301154 , -0.442926
27.7622 , -0.288137 , 0.0333802 , -0.43555 , -0.272433 , 0.0371361 , -0.436981
27.8133 , -0.245195 , 0.0422678 , -0.429869 , -0.228005 , 0.0413974 , -0.427117
27.8625 , -0.205968 , 0.0476752 , -0.420823 , -0.187931 , 0.0503961 , -0.419485
27.9135 , -0.167271 , 0.0554685 , -0.410184 , -0.152389 , 0.0566299 , -0.408483
27.9679 , -0.136373 , 0.059725 , -0.39994 , -0.120882 , 0.0534121 , -0.395623
28.017 , -0.11186 , 0.0621989 , -0.390895 , -0.0974106 , 0.0585449 , -0.387993
28.0609 , -0.0943727 , 0.0657611 , -0.381805 , -0.0826201 , 0.0638323 , -0.382289
28.1114 , -0.083183 , 0.0718319 , -0.37699 , -0.0715245 , 0.0687182 , -0.375526
28.1577 , -0.077746 , 0.0740094 , -0.371097 , -0.067726 , 0.06857 , -0.370485
28.1996 , -0.0795728 , 0.0721107 , -0.367767 , -0.0715804 , 0.068144 , -0.368235
28.2429 , -0.0870297 , 0.0699069 , -0.3661 , -0.0800575 , 0.0653982 , -0.36848
28.2835 , -0.0999641 , 0.0643327 , -0.365293 , -0.0945681 , 0.059855 , -0.369048
28.333 , -0.119723 , 0.060953 , -0.367707 , -0.112468 , 0.0599049 , -0.370848
28.375 , -0.142559 , 0.0621649 , -0.370096 , -0.137214 , 0.0584035 , -0.373927
28.4171 , -0.171269 , 0.0600356 , -0.375412 , -0.16922 , 0.0551801 , -0.379212
28.4657 , -0.20793 , 0.0556016 , -0.38309 , -0.207387 , 0.0479175 , -0.38489
28.5171 , -0.250592 , 0.0437867 , -0.391455 , -0.252752 , 0.0389975 , -0.393283
28.5688 , -0.300037 , 0.0315908 , -0.401435 , -0.306326 , 0.026235 , -0.402506
28.6099 , -0.354376 , 0.0148263 , -0.414997 , -0.364208 , 0.00951615 , -0.415588
28.6496 , -0.413516 , -0.0065959 , -0.428996 , -0.42552 , -0.0092701 , -0.429875
28.6977 , -0.476572 , -0.0271942 , -0.449268 , -0.489641 , -0.0316939 , -0.446436
28.741 , -0.54247 , -0.0472183 , -0.464822 , -0.556914 , -0.0552457 , -0.463164
28.7873 , -0.609367 , -0.0683538 , -0.481516 , -0.626641 , -0.0794785 , -0.479594
28.8337 , -0.675667 , -0.093392 , -0.497859 , -0.697848 , -0.104364 , -0.496688
28.8824 , -0.749395 , -0.116317 , -0.513614 , -0.76644 , -0.129646 , -0.516601
28.9214 , -0.813969 , -0.138202 , -0.533446 , -0.832936 , -0.152756 , -0.537925
28.9671 , -0.876257 , -0.157907 , -0.556358 , -0.899709 , -0.174049 , -0.561861
29.0065 , -0.936606 , -0.176693 , -0.583148 , -0.963701 , -0.197279 , -0.587631
29.0461 , -0.99328 , -0.197869 , -0.608681 , -1.01954 , -0.220555 , -0.616625
29.0867 , -1.03912 , -0.215453 , -0.635251 , -1.06864 , -0.238027 , -0.64931
29.1321 , -1.07306 , -0.226726 , -0.665717 , -1.1054 , -0.257496 , -0.675003
29.168 , -1.10256 , -0.239658 , -0.694413 , -1.13552 , -0.272718 , -0.696786
29.2091 , -1.12831 , -0.254469 , -0.712171 , -1.16008 , -0.283517 , -0.717686
29.249 , -1.14511 , -0.26832 , -0.727244 , -1.17741 , -0.293349 , -0.735583
29.2945 , -1.15425 , -0.276511 , -0.738568 , -1.1873 , -0.294967 , -0.749205
29.3385 , -1.1584 , -0.277008 , -0.745557 , -1.19104 , -0.294236 , -0.755078
29.3889 , -1.16015 , -0.277493 , -0.745485 , -1.19013 , -0.291161 , -0.744556
29.4399 , -1.16008 , -0.275807 , -0.731922 , -1.1858 , -0.282313 , -0.734231
29.4873 , -1.15667 , -0.26899 , -0.723089 , -1.17611 , -0.270813 , -0.723658
29.5239 , -1.14678 , -0.257616 , -0.710414 , -1.16097 , -0.257192 , -0.712991
29.5717 , -1.13492 , -0.246218 , -0.699317 , -1.14642 , -0.246657 , -0.69689
29.6086 , -1.12038 , -0.227405 , -0.687226 , -1.12823 , -0.223397 , -0.685061
29.6561 , -1.10494 , -0.216777 , -0.670361 , -1.13375 , -0.260002 , -0.629357
29.7042 , -1.08739 , -0.2054 , -0.641003 , -1.10197 , -0.213312 , -0.633525
29.7424 , -1.06854 , -0.183112 , -0.625537 , -1.07656 , -0.182993 , -0.619095
29.789 , -1.046 , -0.161426 , -0.60281 , -1.0501 , -0.156148 , -0.596903
29.8326 , -1.02151 , -0.141644 , -0.577667 , -1.02 , -0.130918 , -0.573409
29.8712 , -0.995324 , -0.120534 , -0.554849 , -0.989425 , -0.106836 , -0.549646
29.9091 , -0.968229 , -0.0991604 , -0.532832 , -0.957976 , -0.0857584 , -0.526142
29.9574 , -0.940501 , -0.0820461 , -0.509829 , -0.928692 , -0.0668653 , -0.502792
30.0002 , -0.911121 , -0.062426 , -0.487504 , -0.900096 , -0.0488928 , -0.479143
30.038 , -0.883211 , -0.0466807 , -0.464039 , -0.871074 , -0.0343296 , -0.454944
30.08 , -0.854553 , -0.0332309 , -0.440775 , -0.842205 , -0.0184236 , -0.433304
30.1194 , -0.828562 , -0.0189331 , -0.419234 , -0.817119 , -0.00692939 , -0.41078
30.1614 , -0.805766 , -0.00774916 , -0.399443 , -0.796457 , 0.00483285 , -0.392231
30.2068 , -0.786197 , 0.00447331 , -0.383123 , -0.777078 , 0.0155783 , -0.374548
30.2453 , -0.769315 , 0.0124587 , -0.365243 , -0.762512 , 0.0223883 , -0.356404
30.2923 , -0.756597 , 0.0201217 , -0.348714 , -0.750145 , 0.0300143 , -0.34097
30.33 , -0.746124 , 0.0267399 , -0.335178 , -0.742144 , 0.0355711 , -0.32922
30.3745 , -0.741057 , 0.0314808 , -0.32369 , -0.73812 , 0.0411804 , -0.318384
30.4127 , -0.739941 , 0.036066 , -0.314139 , -0.738146 , 0.0445398 , -0.307672
30.4589 , -0.740972 , 0.0389894 , -0.303775 , -0.741242 , 0.0471377 , -0.29907
30.4974 , -0.745957 , 0.0422098 , -0.294597 , -0.724991 , 0.0298015 , -0.28519
30.5424 , -0.745526 , 0.0496669 , -0.28805 , -0.720458 , 0.0296233 , -0.289653
30.5804 , -0.756262 , 0.0498541 , -0.282603 , -0.74397 , 0.048709 , -0.279904
30.6273 , -0.768232 , 0.047465 , -0.275378 , -0.76821 , 0.0573632 , -0.27566
30.6661 , -0.77797 , 0.0452033 , -0.267484 , -0.791286 , 0.057353 , -0.268118
30.7133 , -0.789173 , 0.0569657 , -0.268901 , -0.804746 , 0.0629117 , -0.265942
30.7677 , -0.79944 , 0.062671 , -0.266863 , -0.839569 , 0.0606876 , -0.260577
30.8171 , -0.835354 , 0.0597415 , -0.262503 , -0.851045 , 0.0655655 , -0.260083
30.8662 , -0.845504 , 0.0637612 , -0.2632 , -0.857402 , 0.0694999 , -0.260001
30.9204 , -0.854561 , 0.0662536 , -0.26281 , -0.863017 , 0.072514 , -0.260997
30.9679 , -0.861331 , 0.0691928 , -0.263777 , -0.868078 , 0.0744241 , -0.262094
31.019 , -0.867138 , 0.0720622 , -0.264981 , -0.873932 , 0.0758782 , -0.263657
31.066 , -0.871923 , 0.0750244 , -0.266056 , -0.879329 , 0.077884 , -0.264884
31.1163 , -0.875356 , 0.0781149 , -0.267361 , -0.883299 , 0.0804099 , -0.266911
31.1693 , -0.877448 , 0.0813174 , -0.269461 , -0.88471 , 0.0840958 , -0.269936
31.2188 , -0.879388 , 0.0838742 , -0.270869 , -0.886018 , 0.0875603 , -0.272878
31.2645 , -0.880027 , 0.0869088 , -0.273015 , -0.885234 , 0.0875987 , -0.273921
31.308 , -0.880913 , 0.0863359 , -0.275313 , -0.885328 , 0.08927 , -0.275928
31.3556 , -0.880912 , 0.088898 , -0.276156 , -0.882331 , 0.0910837 , -0.277841
31.4019 , -0.87933 , 0.090466 , -0.278223 , -0.881232 , 0.0916064 , -0.278183
31.4525 , -0.87833 , 0.0903145 , -0.280487 , -0.880384 , 0.0927069 , -0.278933
31.5053 , -0.878064 , 0.0910286 , -0.280605 , -0.880806 , 0.0942917 , -0.279484
31.5549 , -0.877706 , 0.0933632 , -0.280431 , -0.8803 , 0.0960685 , -0.278749
31.6011 , -0.878133 , 0.0943757 , -0.281013 , -0.88019 , 0.0962635 , -0.279619
31.6379 , -0.878196 , 0.0959534 , -0.281984 , -0.8809 , 0.0978213 , -0.282016
31.6837 , -0.879449 , 0.0973527 , -0.282514 , -0.881841 , 0.0991635 , -0.283998
31.721 , -0.881365 , 0.0988381 , -0.284321 , -0.883575 , 0.0996644 , -0.284544
31.768 , -0.883162 , 0.0996304 , -0.283613 , -0.883395 , 0.100387 , -0.282551
31.8072 , -0.884352 , 0.100406 , -0.283935 , -0.884538 , 0.101779 , -0.282192
31.8509 , -0.885717 , 0.100076 , -0.28382 , -0.886145 , 0.102023 , -0.281898
31.8879 , -0.887246 , 0.100707 , -0.283839 , -0.887239 , 0.103072 , -0.282578
31.9409 , -0.887837 , 0.102078 , -0.28436 , -0.889095 , 0.104229 , -0.284151
31.9908 , -0.888063 , 0.102337 , -0.285209 , -0.890177 , 0.103888 , -0.284483
32.0368 , -0.888014 , 0.101969 , -0.285342 , -0.890556 , 0.103613 , -0.285001
32.0738 , -0.888645 , 0.10289 , -0.285664 , -0.890159 , 0.104014 , -0.28509
32.1177 , -0.888413 , 0.103029 , -0.285428 , -0.89081 , 0.104865 , -0.284026
32.1579 , -0.888607 , 0.103449 , -0.28507 , -0.891069 , 0.105402 , -0.284112
32.2017 , -0.888871 , 0.104343 , -0.285904 , -0.892113 , 0.104592 , -0.286254
32.2417 , -0.889729 , 0.105167 , -0.286122 , -0.893428 , 0.104621 , -0.286541
32.2857 , -0.890219 , 0.105207 , -0.286177 , -0.893655 , 0.105948 , -0.286134
32.3218 , -0.891203 , 0.106148 , -0.285761 , -0.894164 , 0.105041 , -0.285436
32.362 , -0.891535 , 0.106189 , -0.28507 , -0.894911 , 0.105575 , -0.285235
32.4054 , -0.892318 , 0.106602 , -0.285921 , -0.89545 , 0.106261 , -0.285891
32.4421 , -0.893524 , 0.107079 , -0.286105 , -0.896417 , 0.108392 , -0.289432
32.4885 , -0.872928 , 0.106667 , -0.289919 , -0.886459 , 0.106504 , -0.290585
32.5267 , -0.874443 , 0.106333 , -0.289073 , -0.877652 , 0.10751 , -0.289114
32.5787 , -0.873967 , 0.106287 , -0.287565 , -0.875222 , 0.107426 , -0.286836
32.6219 , -0.892735 , 0.100842 , -0.284205 , -0.884957 , 0.104239 , -0.284423
32.6632 , -0.892052 , 0.101254 , -0.283795 , -0.893473 , 0.101957 , -0.2852
32.7064 , -0.891659 , 0.101289 , -0.284146 , -0.895826 , 0.102934 , -0.284069
32.7429 , -0.892112 , 0.103963 , -0.2834 , -0.893705 , 0.10465 , -0.283564
32.7946 , -0.891286 , 0.104883 , -0.282674 , -0.891826 , 0.105583 , -0.282463
32.8391 , -0.890447 , 0.105258 , -0.281531 , -0.871183 , 0.106702 , -0.283174
32.8786 , -0.869351 , 0.106671 , -0.280579 , -0.867175 , 0.10677 , -0.281459
32.9278 , -0.867694 , 0.10672 , -0.279037 , -0.866289 , 0.108159 , -0.279663
32.9783 , -0.865156 , 0.106919 , -0.278737 , -0.865493 , 0.107649 , -0.279065
33.0285 , -0.865383 , 0.10774 , -0.278741 , -0.865607 , 0.107373 , -0.278842
33.0786 , -0.864807 , 0.108068 , -0.277772 , -0.866456 , 0.107367 , -0.278078
33.1238 , -0.864991 , 0.108172 , -0.276915 , -0.866913 , 0.10756 , -0.27709
33.1605 , -0.865122 , 0.107567 , -0.275852 , -0.867486 , 0.108025 , -0.276737
33.1981 , -0.865221 , 0.10745 , -0.274712 , -0.88697 , 0.105617 , -0.27416
33.2445 , -0.886502 , 0.104252 , -0.274949 , -0.89119 , 0.105199 , -0.2743
33.2823 , -0.89381 , 0.100516 , -0.275854 , -0.896642 , 0.101082 , -0.275048
33.3277 , -0.894467 , 0.100299 , -0.274485 , -0.896889 , 0.0997052 , -0.274233
33.3647 , -0.895072 , 0.0999367 , -0.273296 , -0.896457 , 0.0997893 , -0.273772
33.4117 , -0.89551 , 0.0998307 , -0.272782 , -0.896637 , 0.0998124 , -0.272657
33.4491 , -0.896022 , 0.0996427 , -0.272231 , -0.897147 , 0.100274 , -0.271773
33.4966 , -0.896456 , 0.100203 , -0.271694 , -0.897759 , 0.101014 , -0.272023
33.5338 , -0.896254 , 0.10099 , -0.27196 , -0.898032 , 0.100791 , -0.272039
33.5786 , -0.896161 , 0.101649 , -0.2721 , -0.898185 , 0.101436 , -0.272372
33.6157 , -0.896138 , 0.101953 , -0.272086 , -0.897775 , 0.102067 , -0.272099
33.6631 , -0.896226 , 0.102132 , -0.271859 , -0.87701 , 0.104338 , -0.275394
33.7003 , -0.874309 , 0.105284 , -0.272937 , -0.873156 , 0.104592 , -0.274101
33.75 , -0.87352 , 0.105297 , -0.272651 , -0.872644 , 0.10598 , -0.272789
33.8007 , -0.872871 , 0.106045 , -0.272662 , -0.872587 , 0.107814 , -0.273355
33.8453 , -0.872522 , 0.107262 , -0.273284 , -0.873225 , 0.108303 , -0.2736
33.8822 , -0.872455 , 0.107761 , -0.273512 , -0.873931 , 0.108418 , -0.273928
33.922 , -0.87212 , 0.107693 , -0.273401 , -0.87409 , 0.107817 , -0.27391
33.9653 , -0.872038 , 0.107367 , -0.273421 , -0.873961 , 0.10746 , -0.274014
34.0015 , -0.871752 , 0.10719 , -0.273309 , -0.895111 , 0.104422 , -0.272335
34.0486 , -0.893754 , 0.103556 , -0.273621 , -0.879413 , 0.109355 , -0.278696
34.0858 , -0.873652 , 0.109248 , -0.276843 , -0.874876 , 0.108419 , -0.278091
34.1336 , -0.873144 , 0.108848 , -0.276696 , -0.873843 , 0.109559 , -0.277507
34.1705 , -0.872436 , 0.108307 , -0.276304 , -0.873652 , 0.10904 , -0.277026
34.2177 , -0.892615 , 0.101789 , -0.271962 , -0.883922 , 0.105039 , -0.273509
34.2549 , -0.892764 , 0.101471 , -0.272427 , -0.87216 , 0.107967 , -0.277038
34.3044 , -0.87172 , 0.10746 , -0.274454 , -0.870138 , 0.10736 , -0.275898
34.3531 , -0.871087 , 0.107644 , -0.275141 , -0.889707 , 0.10879 , -0.276299
34.3999 , -0.891504 , 0.106746 , -0.278102 , -0.892977 , 0.108695 , -0.277171
34.4361 , -0.890924 , 0.106521 , -0.278301 , -0.893503 , 0.106884 , -0.278324
34.4759 , -0.890479 , 0.10606 , -0.278313 , -0.892975 , 0.10608 , -0.278123
34.5182 , -0.889933 , 0.105632 , -0.277901 , -0.891357 , 0.105531 , -0.277849
34.5593 , -0.889157 , 0.105185 , -0.277818 , -0.890401 , 0.105682 , -0.277769
34.6019 , -0.888986 , 0.104959 , -0.278053 , -0.890504 , 0.105935 , -0.278638
34.6435 , -0.888369 , 0.10474 , -0.278409 , -0.889549 , 0.10567 , -0.278284
34.6843 , -0.887954 , 0.104397 , -0.278609 , -0.889255 , 0.105144 , -0.278231
34.7215 , -0.887532 , 0.104042 , -0.278407 , -0.888857 , 0.104425 , -0.278461
34.7573 , -0.886698 , 0.103746 , -0.277797 , -0.888221 , 0.104056 , -0.278328
34.8101 , -0.886274 , 0.103459 , -0.278225 , -0.888282 , 0.103961 , -0.278309
34.8586 , -0.885665 , 0.103403 , -0.278001 , -0.887117 , 0.104386 , -0.277852
34.9093 , -0.885754 , 0.103082 , -0.278524 , -0.887306 , 0.104373 , -0.278017
34.9634 , -0.885436 , 0.103196 , -0.278573 , -0.887617 , 0.104035 , -0.278416
35.0133 , -0.885555 , 0.103213 , -0.278625 , -0.88825 , 0.103138 , -0.278546
35.0579 , -0.885453 , 0.103625 , -0.278276 , -0.8879 , 0.103424 , -0.278297
35.1131 , -0.885629 , 0.103544 , -0.278384 , -0.867149 , 0.10891 , -0.282193
35.174 , -0.864454 , 0.109496 , -0.280082 , -0.862452 , 0.11 , -0.28062
35.2207 , -0.864371 , 0.109801 , -0.280557 , -0.861919 , 0.111621 , -0.279829
35.2638 , -0.86475 , 0.109783 , -0.280555 , -0.864295 , 0.111816 , -0.279693
35.3043 , -0.865018 , 0.11032 , -0.280118 , -0.867938 , 0.111462 , -0.280398
35.3465 , -0.864892 , 0.110178 , -0.280068 , -0.887981 , 0.107618 , -0.276794
35.3922 , -0.884741 , 0.106701 , -0.278365 , -0.890949 , 0.107778 , -0.277361
35.43 , -0.885217 , 0.10659 , -0.278792 , -0.890848 , 0.107209 , -0.278946
35.4746 , -0.886293 , 0.106961 , -0.279199 , -0.8899 , 0.10705 , -0.279137
35.5124 , -0.886641 , 0.106986 , -0.279188 , -0.888717 , 0.107349 , -0.278975
35.5658 , -0.88722 , 0.107087 , -0.279102 , -0.888208 , 0.107643 , -0.278607
35.611 , -0.887576 , 0.107266 , -0.278761 , -0.888802 , 0.108169 , -0.278399
35.6525 , -0.887646 , 0.107275 , -0.278717 , -0.889219 , 0.108684 , -0.278773
35.6993 , -0.887896 , 0.107543 , -0.279112 , -0.889376 , 0.108658 , -0.278633
35.7463 , -0.887968 , 0.107573 , -0.279223 , -0.88991 , 0.108521 , -0.27883
35.7967 , -0.88826 , 0.10759 , -0.279544 , -0.890249 , 0.108438 , -0.279398
35.8519 , -0.888052 , 0.10763 , -0.279436 , -0.890226 , 0.108099 , -0.279503
35.8944 , -0.888162 , 0.107723 , -0.279381 , -0.890274 , 0.107798 , -0.279478
35.9378 , -0.887633 , 0.107862 , -0.279103 , -0.889808 , 0.108123 , -0.27914
35.9784 , -0.887637 , 0.108062 , -0.279007 , -0.88942 , 0.108772 , -0.278811
36.0148 , -0.887408 , 0.108275 , -0.279024 , -0.889293 , 0.109049 , -0.278817
36.0624 , -0.887408 , 0.108275 , -0.279024 , -0.889773 , 0.109076 , -0.278394
36.0994 , -0.887453 , 0.108396 , -0.278728 , -0.890015 , 0.109184 , -0.278361
36.1478 , -0.887453 , 0.108396 , -0.278728 , -0.889521 , 0.109158 , -0.278232
