832

0.024248 , -0.308247 , 0.0447483 , 0.154776 , -0.173059 , 0.0417607 , 0.150909
0.064605 , -0.308123 , 0.0445605 , 0.154873 , -0.180823 , 0.038369 , 0.147414
0.110522 , -0.3081 , 0.0439975 , 0.154884 , -0.198632 , 0.0399799 , 0.160626
0.1502 , -0.308131 , 0.0435028 , 0.154987 , -0.209421 , 0.0422362 , 0.170776
0.19522 , -0.308096 , 0.043417 , 0.155106 , -0.211978 , 0.0419579 , 0.171901
0.234407 , -0.308031 , 0.0436148 , 0.155122 , -0.208859 , 0.0411611 , 0.168549
0.277776 , -0.307952 , 0.0434557 , 0.155186 , -0.201388 , 0.0414801 , 0.164951
0.315207 , -0.307909 , 0.0435458 , 0.155237 , -0.194541 , 0.0427924 , 0.162823
0.36137 , -0.307946 , 0.0434853 , 0.155246 , -0.190579 , 0.0436752 , 0.162135
0.400228 , -0.307889 , 0.0437338 , 0.155318 , -0.189906 , 0.044355 , 0.161721
0.442086 , -0.307893 , 0.0439849 , 0.155371 , -0.18907 , 0.045253 , 0.161809
0.482972 , -0.307799 , 0.043929 , 0.155409 , -0.191289 , 0.0455393 , 0.162352
0.530529 , -0.307703 , 0.0442836 , 0.155447 , -0.193042 , 0.0456278 , 0.162745
0.569604 , -0.307754 , 0.0445629 , 0.155462 , -0.193337 , 0.0456637 , 0.162742
0.613877 , -0.307618 , 0.0447607 , 0.155428 , -0.195534 , 0.0459796 , 0.162143
0.653675 , -0.307625 , 0.0448934 , 0.155439 , -0.196865 , 0.0465006 , 0.161599
0.698131 , -0.307598 , 0.0453581 , 0.155512 , -0.194971 , 0.0472795 , 0.161055
0.736718 , -0.307582 , 0.0452733 , 0.155546 , -0.193225 , 0.0475962 , 0.161379
0.781958 , -0.307616 , 0.0456469 , 0.155536 , -0.194412 , 0.0481315 , 0.161511
0.81986 , -0.307559 , 0.0457256 , 0.15551 , -0.196325 , 0.0482846 , 0.161293
0.871326 , -0.307547 , 0.0456374 , 0.15551 , -0.195914 , 0.0489419 , 0.160806
0.919417 , -0.307612 , 0.045201 , 0.155629 , -0.19611 , 0.0484789 , 0.160438
0.964058 , -0.307552 , 0.0457095 , 0.155611 , -0.194329 , 0.0484649 , 0.160672
1.00168 , -0.307054 , 0.0462647 , 0.155366 , -0.19706 , 0.0491508 , 0.160586
1.04352 , -0.307201 , 0.0462743 , 0.155387 , -0.196326 , 0.0497541 , 0.160599
1.08601 , -0.307376 , 0.0454389 , 0.155472 , -0.196171 , 0.0493029 , 0.160641
1.13345 , -0.307449 , 0.045443 , 0.155517 , -0.195768 , 0.0492946 , 0.15985
1.17172 , -0.307449 , 0.045443 , 0.155517 , -0.195955 , 0.0491847 , 0.159261
1.21584 , -0.307481 , 0.0464059 , 0.155502 , -0.199898 , 0.0498058 , 0.159218
1.25276 , -0.307484 , 0.046196 , 0.155538 , -0.197678 , 0.0502625 , 0.159158
1.28974 , -0.307537 , 0.0458201 , 0.155599 , -0.197463 , 0.0502678 , 0.159506
1.33679 , -0.307537 , 0.0458201 , 0.155599 , -0.196135 , 0.0495623 , 0.158767
1.37535 , -0.307622 , 0.0461068 , 0.155646 , -0.198292 , 0.0497477 , 0.158274
1.41891 , -0.307631 , 0.0460567 , 0.155642 , -0.197308 , 0.0497244 , 0.158716
1.45828 , -0.307677 , 0.045946 , 0.155696 , -0.197713 , 0.0503763 , 0.158992
1.5038 , -0.307707 , 0.0463124 , 0.155682 , -0.198157 , 0.0500919 , 0.158659
1.54201 , -0.307782 , 0.0466184 , 0.155699 , -0.198865 , 0.0499599 , 0.158554
1.58875 , -0.307863 , 0.0463152 , 0.155766 , -0.20052 , 0.049515 , 0.159165
1.62677 , -0.308286 , 0.0459162 , 0.156025 , -0.19981 , 0.0500054 , 0.159212
1.6717 , -0.308802 , 0.0455679 , 0.156443 , -0.199457 , 0.0493537 , 0.158876
1.71017 , -0.308908 , 0.0460876 , 0.156487 , -0.200472 , 0.0495852 , 0.158643
1.75591 , -0.309997 , 0.0462646 , 0.156949 , -0.204187 , 0.0498821 , 0.159379
1.79524 , -0.311078 , 0.0461364 , 0.157416 , -0.203645 , 0.0505107 , 0.159747
1.83559 , -0.311943 , 0.0457221 , 0.157848 , -0.203569 , 0.0492373 , 0.159765
1.87726 , -0.313074 , 0.045262 , 0.15843 , -0.205722 , 0.0492378 , 0.159745
1.92193 , -0.314417 , 0.0450743 , 0.159023 , -0.206591 , 0.0491263 , 0.160022
1.96234 , -0.315747 , 0.0448573 , 0.159692 , -0.209076 , 0.0492657 , 0.160746
2.00566 , -0.31707 , 0.0448917 , 0.160294 , -0.209938 , 0.0488193 , 0.161304
2.04486 , -0.319057 , 0.0446199 , 0.160917 , -0.211666 , 0.0477782 , 0.160893
2.09018 , -0.321035 , 0.0441403 , 0.16159 , -0.214836 , 0.0466539 , 0.161469
2.12875 , -0.323648 , 0.0435039 , 0.162486 , -0.220293 , 0.0464474 , 0.162846
2.17537 , -0.326826 , 0.04286 , 0.163591 , -0.222059 , 0.0461991 , 0.164026
2.21321 , -0.330507 , 0.0422087 , 0.164959 , -0.224805 , 0.0462149 , 0.164521
2.25771 , -0.333124 , 0.0423918 , 0.165544 , -0.229361 , 0.0468307 , 0.16521
2.29518 , -0.337483 , 0.0414441 , 0.166595 , -0.233431 , 0.0455122 , 0.165919
2.34178 , -0.34152 , 0.0401283 , 0.167843 , -0.236469 , 0.0438013 , 0.166199
2.37895 , -0.345848 , 0.0392826 , 0.168515 , -0.240975 , 0.0428413 , 0.166396
2.42801 , -0.350129 , 0.0376532 , 0.169232 , -0.24405 , 0.0419977 , 0.166409
2.47611 , -0.353942 , 0.0370186 , 0.169185 , -0.250178 , 0.0411733 , 0.166282
2.5142 , -0.35803 , 0.035648 , 0.168877 , -0.256015 , 0.037082 , 0.166083
2.56037 , -0.36193 , 0.0327262 , 0.168842 , -0.259874 , 0.0340626 , 0.165683
2.60227 , -0.366105 , 0.0303868 , 0.16853 , -0.262549 , 0.0333544 , 0.164107
2.64719 , -0.370328 , 0.0297411 , 0.167175 , -0.26682 , 0.0320092 , 0.163075
2.6938 , -0.374868 , 0.0291739 , 0.166091 , -0.270793 , 0.0316457 , 0.162293
2.73042 , -0.378527 , 0.028186 , 0.164366 , -0.274755 , 0.0329315 , 0.161451
2.77729 , -0.381742 , 0.0288469 , 0.162305 , -0.277812 , 0.0336284 , 0.159565
2.81355 , -0.3864 , 0.0271172 , 0.159441 , -0.281756 , 0.0367211 , 0.157172
2.84964 , -0.391328 , 0.0288303 , 0.156321 , -0.272679 , 0.041459 , 0.152745
2.89595 , -0.392928 , 0.0287996 , 0.153666 , -0.286792 , 0.0396212 , 0.150605
2.93517 , -0.395208 , 0.0276354 , 0.150152 , -0.288158 , 0.040339 , 0.146972
2.97983 , -0.396711 , 0.0266898 , 0.146047 , -0.287562 , 0.0400472 , 0.143669
3.01973 , -0.396925 , 0.0248935 , 0.142564 , -0.287654 , 0.0385589 , 0.139769
3.06482 , -0.396878 , 0.0234848 , 0.139684 , -0.285711 , 0.040415 , 0.13679
3.10875 , -0.396474 , 0.0223697 , 0.136258 , -0.285612 , 0.0395125 , 0.134727
3.15378 , -0.39548 , 0.0221561 , 0.133022 , -0.281212 , 0.0434355 , 0.130511
3.20454 , -0.395215 , 0.0225051 , 0.128114 , -0.280204 , 0.0430393 , 0.127291
3.25168 , -0.394651 , 0.0217661 , 0.124173 , -0.279192 , 0.0435204 , 0.12318
3.30669 , -0.393498 , 0.0233971 , 0.119795 , -0.278056 , 0.0444706 , 0.119955
3.35506 , -0.392421 , 0.0226591 , 0.116273 , -0.276148 , 0.0443478 , 0.117036
3.40333 , -0.391501 , 0.0208378 , 0.113081 , -0.274029 , 0.044445 , 0.114
3.45072 , -0.390561 , 0.0190525 , 0.109441 , -0.27329 , 0.0451696 , 0.111109
3.49261 , -0.390005 , 0.0197994 , 0.105368 , -0.272131 , 0.0436415 , 0.108151
3.5332 , -0.390075 , 0.0180479 , 0.101943 , -0.271587 , 0.0452464 , 0.104798
3.57119 , -0.390547 , 0.0199176 , 0.0977059 , -0.272345 , 0.0477069 , 0.101874
3.61781 , -0.391551 , 0.0217754 , 0.0936228 , -0.273393 , 0.0516347 , 0.0992179
3.65519 , -0.392861 , 0.0233594 , 0.089812 , -0.274853 , 0.0536955 , 0.0971629
3.70305 , -0.394626 , 0.0230869 , 0.0863928 , -0.275199 , 0.0555325 , 0.0942316
3.74973 , -0.396398 , 0.0256905 , 0.0822137 , -0.274989 , 0.0564062 , 0.0900745
3.78923 , -0.398599 , 0.0274732 , 0.077769 , -0.277272 , 0.0581468 , 0.0869259
3.83334 , -0.40084 , 0.0312649 , 0.0730881 , -0.281353 , 0.0615295 , 0.0834389
3.87025 , -0.404658 , 0.0346071 , 0.067714 , -0.28405 , 0.0648415 , 0.0810253
3.91111 , -0.408873 , 0.0373553 , 0.0640336 , -0.286228 , 0.066874 , 0.0774808
3.95178 , -0.412631 , 0.0389023 , 0.061933 , -0.289368 , 0.0700131 , 0.0750709
3.99076 , -0.417736 , 0.0414155 , 0.0585476 , -0.292984 , 0.073915 , 0.0730896
4.03547 , -0.423132 , 0.0457521 , 0.0553812 , -0.292593 , 0.0766159 , 0.0729117
4.07324 , -0.430714 , 0.0479996 , 0.0525946 , -0.297551 , 0.0771823 , 0.0721038
4.12038 , -0.431355 , 0.0491581 , 0.0522845 , -0.298351 , 0.0755216 , 0.0700891
4.15711 , -0.43426 , 0.0510101 , 0.0515674 , -0.300588 , 0.0765235 , 0.0686811
4.20016 , -0.436593 , 0.0515123 , 0.0518054 , -0.302819 , 0.0773214 , 0.069051
4.24067 , -0.438363 , 0.0515608 , 0.0525543 , -0.305566 , 0.0742062 , 0.0710376
4.29357 , -0.439961 , 0.0508095 , 0.0548518 , -0.308357 , 0.073428 , 0.0724787
4.34037 , -0.440608 , 0.0519422 , 0.057997 , -0.312135 , 0.071722 , 0.075249
4.38979 , -0.440523 , 0.051255 , 0.0617693 , -0.312708 , 0.0715446 , 0.0794132
4.43197 , -0.439384 , 0.0522349 , 0.0661438 , -0.312889 , 0.0713195 , 0.0831552
4.4742 , -0.437936 , 0.0507629 , 0.0703888 , -0.311672 , 0.0703029 , 0.0876292
4.51513 , -0.434599 , 0.0540412 , 0.0747398 , -0.309469 , 0.0684308 , 0.0912046
4.55452 , -0.430317 , 0.0556159 , 0.0787953 , -0.307811 , 0.0663607 , 0.0938596
4.59561 , -0.426324 , 0.0561744 , 0.0826219 , -0.304066 , 0.0667291 , 0.0978757
4.63883 , -0.421751 , 0.0565118 , 0.0867246 , -0.300942 , 0.0653468 , 0.101132
4.68067 , -0.417223 , 0.0564536 , 0.090898 , -0.298947 , 0.0631019 , 0.105749
4.72196 , -0.412207 , 0.0574784 , 0.0954104 , -0.294445 , 0.0614247 , 0.10951
4.76309 , -0.407016 , 0.0572455 , 0.0997736 , -0.291172 , 0.0597496 , 0.113928
4.80405 , -0.401173 , 0.0578695 , 0.10476 , -0.285047 , 0.0582547 , 0.119189
4.84275 , -0.395782 , 0.056612 , 0.109426 , -0.279421 , 0.0580189 , 0.122936
4.8852 , -0.390585 , 0.0569072 , 0.113355 , -0.276609 , 0.0567507 , 0.126798
4.92582 , -0.385247 , 0.0589359 , 0.116947 , -0.273828 , 0.0574093 , 0.128626
4.96447 , -0.379858 , 0.0600196 , 0.121037 , -0.268981 , 0.0556391 , 0.133093
5.0093 , -0.374321 , 0.059858 , 0.125783 , -0.265379 , 0.0557225 , 0.137245
5.0464 , -0.369143 , 0.0616082 , 0.129551 , -0.260029 , 0.0568296 , 0.140361
5.0931 , -0.363193 , 0.0652745 , 0.13225 , -0.255657 , 0.0581664 , 0.142151
5.132 , -0.357245 , 0.0677852 , 0.134712 , -0.250756 , 0.0608055 , 0.144245
5.18181 , -0.351092 , 0.0712253 , 0.136457 , -0.246447 , 0.0644315 , 0.145153
5.22859 , -0.344904 , 0.0753187 , 0.137654 , -0.241597 , 0.0669237 , 0.14622
5.27637 , -0.338528 , 0.0799296 , 0.138908 , -0.234865 , 0.0696452 , 0.146779
5.32418 , -0.332569 , 0.080882 , 0.140433 , -0.228027 , 0.0710859 , 0.147879
5.36887 , -0.326557 , 0.0841054 , 0.141758 , -0.223431 , 0.0727005 , 0.150581
5.41233 , -0.321452 , 0.0856991 , 0.144015 , -0.217655 , 0.0748901 , 0.152214
5.45976 , -0.315784 , 0.0878821 , 0.146163 , -0.224371 , 0.0749225 , 0.154458
5.50132 , -0.307872 , 0.0879789 , 0.148523 , -0.216305 , 0.0708245 , 0.156327
5.55335 , -0.306584 , 0.084619 , 0.15155 , -0.207077 , 0.0730621 , 0.157396
5.60328 , -0.306167 , 0.0875192 , 0.153094 , -0.201684 , 0.0765428 , 0.159145
5.64611 , -0.307353 , 0.0901123 , 0.15428 , -0.20629 , 0.0852816 , 0.157619
5.68543 , -0.315078 , 0.100072 , 0.152141 , -0.214129 , 0.0897117 , 0.158747
5.72908 , -0.319523 , 0.10487 , 0.151606 , -0.219974 , 0.0943005 , 0.160228
5.76648 , -0.326449 , 0.109682 , 0.151843 , -0.227322 , 0.097524 , 0.160751
5.81557 , -0.336439 , 0.113305 , 0.151855 , -0.236313 , 0.102314 , 0.160636
5.85679 , -0.344342 , 0.112759 , 0.154343 , -0.241878 , 0.103867 , 0.162912
5.89569 , -0.35425 , 0.118286 , 0.155374 , -0.251884 , 0.105668 , 0.164337
5.9331 , -0.363417 , 0.121853 , 0.158141 , -0.262148 , 0.11462 , 0.16483
5.97011 , -0.373959 , 0.126708 , 0.160106 , -0.267342 , 0.123784 , 0.166841
6.01483 , -0.381208 , 0.130216 , 0.163581 , -0.2636 , 0.126929 , 0.168849
6.05174 , -0.383277 , 0.134215 , 0.166638 , -0.27303 , 0.126297 , 0.171078
6.10109 , -0.38334 , 0.137842 , 0.171329 , -0.275508 , 0.127028 , 0.174264
6.13942 , -0.382003 , 0.137011 , 0.174119 , -0.272611 , 0.132382 , 0.17694
6.18461 , -0.378513 , 0.139131 , 0.176516 , -0.265747 , 0.134919 , 0.177663
6.22351 , -0.373821 , 0.140958 , 0.177705 , -0.259326 , 0.13795 , 0.177378
6.26813 , -0.367051 , 0.143697 , 0.178263 , -0.254173 , 0.140309 , 0.176331
6.3067 , -0.359163 , 0.146624 , 0.177795 , -0.246963 , 0.141562 , 0.175316
6.35203 , -0.350364 , 0.148308 , 0.17674 , -0.238831 , 0.140586 , 0.1742
6.38949 , -0.340919 , 0.149952 , 0.175321 , -0.225397 , 0.144321 , 0.171027
6.43523 , -0.332614 , 0.151878 , 0.17218 , -0.216711 , 0.146421 , 0.168002
6.47266 , -0.322511 , 0.154899 , 0.169817 , -0.208259 , 0.145795 , 0.165916
6.51883 , -0.313235 , 0.155715 , 0.167756 , -0.200237 , 0.146633 , 0.163385
6.55665 , -0.304434 , 0.157816 , 0.164585 , -0.191232 , 0.148615 , 0.160097
6.60396 , -0.295935 , 0.160159 , 0.159815 , -0.183177 , 0.14853 , 0.154163
6.64527 , -0.287354 , 0.160924 , 0.15399 , -0.177258 , 0.144201 , 0.149203
6.68768 , -0.278976 , 0.160713 , 0.149729 , -0.167189 , 0.146804 , 0.143315
6.72466 , -0.271633 , 0.15898 , 0.146116 , -0.160007 , 0.151716 , 0.136572
6.77258 , -0.264689 , 0.162083 , 0.140603 , -0.153777 , 0.150993 , 0.13029
6.81203 , -0.259273 , 0.164765 , 0.134595 , -0.152225 , 0.153169 , 0.123297
6.85566 , -0.25494 , 0.166575 , 0.129615 , -0.14844 , 0.154645 , 0.118746
6.89162 , -0.251484 , 0.169844 , 0.125063 , -0.148809 , 0.155647 , 0.113084
6.94081 , -0.250258 , 0.172677 , 0.120969 , -0.145601 , 0.15678 , 0.107927
6.98751 , -0.249875 , 0.177072 , 0.119214 , -0.145702 , 0.156458 , 0.106961
7.02429 , -0.251375 , 0.177807 , 0.118045 , -0.148303 , 0.160963 , 0.106469
7.0637 , -0.253115 , 0.182822 , 0.117153 , -0.149202 , 0.163868 , 0.1034
7.10567 , -0.256545 , 0.184476 , 0.116856 , -0.149282 , 0.164717 , 0.104927
7.14491 , -0.259644 , 0.183613 , 0.117313 , -0.149223 , 0.163957 , 0.104435
7.19168 , -0.263087 , 0.181203 , 0.116477 , -0.150271 , 0.161765 , 0.10636
7.23212 , -0.266558 , 0.177369 , 0.116568 , -0.152925 , 0.157135 , 0.106149
7.2712 , -0.270881 , 0.174806 , 0.115405 , -0.157131 , 0.157385 , 0.107636
7.3109 , -0.275309 , 0.170429 , 0.114003 , -0.163112 , 0.156059 , 0.108156
7.36079 , -0.278739 , 0.168732 , 0.112693 , -0.16964 , 0.153586 , 0.108665
7.41027 , -0.282128 , 0.168388 , 0.112836 , -0.172914 , 0.149849 , 0.108269
7.45429 , -0.286157 , 0.165235 , 0.113078 , -0.177712 , 0.148085 , 0.106376
7.4924 , -0.29056 , 0.159304 , 0.113184 , -0.182519 , 0.146037 , 0.107825
7.52889 , -0.294792 , 0.156531 , 0.112874 , -0.18795 , 0.146953 , 0.10847
7.58085 , -0.298289 , 0.153914 , 0.112319 , -0.190714 , 0.142804 , 0.107906
7.63075 , -0.301085 , 0.150366 , 0.112507 , -0.191892 , 0.139093 , 0.111105
7.67329 , -0.303821 , 0.145887 , 0.113728 , -0.194438 , 0.138501 , 0.112531
7.71109 , -0.306292 , 0.141009 , 0.114424 , -0.19654 , 0.136887 , 0.110723
7.74646 , -0.308763 , 0.139787 , 0.1135 , -0.198204 , 0.132371 , 0.112973
7.79391 , -0.310721 , 0.13518 , 0.112989 , -0.198267 , 0.131075 , 0.113229
7.8356 , -0.311264 , 0.135009 , 0.110952 , -0.200474 , 0.128359 , 0.114266
7.87613 , -0.311621 , 0.133797 , 0.111278 , -0.201273 , 0.125803 , 0.115386
7.91303 , -0.312159 , 0.130759 , 0.110585 , -0.2024 , 0.122387 , 0.117058
7.9499 , -0.311951 , 0.127202 , 0.110054 , -0.200269 , 0.120174 , 0.118832
8.00177 , -0.311095 , 0.122647 , 0.110307 , -0.198135 , 0.117299 , 0.118897
8.05198 , -0.310487 , 0.117869 , 0.110218 , -0.196978 , 0.113674 , 0.119083
8.10104 , -0.309915 , 0.111736 , 0.110308 , -0.196255 , 0.111152 , 0.119428
8.15105 , -0.308598 , 0.109883 , 0.109868 , -0.197004 , 0.108335 , 0.119672
8.20068 , -0.307703 , 0.107736 , 0.109634 , -0.19744 , 0.105847 , 0.121814
8.25267 , -0.306584 , 0.103009 , 0.110616 , -0.194778 , 0.101807 , 0.124618
8.30315 , -0.304861 , 0.0997085 , 0.112472 , -0.19338 , 0.0988486 , 0.12554
8.35045 , -0.304044 , 0.0957572 , 0.114214 , -0.191801 , 0.0951195 , 0.126251
8.40761 , -0.3027 , 0.0938113 , 0.115648 , -0.192618 , 0.0922244 , 0.128541
8.45296 , -0.301454 , 0.0926763 , 0.117379 , -0.194905 , 0.0892926 , 0.131123
8.50133 , -0.300046 , 0.0906257 , 0.119069 , -0.194374 , 0.0897354 , 0.132172
8.55635 , -0.299668 , 0.0894008 , 0.120376 , -0.192702 , 0.0878189 , 0.132838
8.60408 , -0.297278 , 0.0864978 , 0.122536 , -0.193273 , 0.0841877 , 0.133137
8.6496 , -0.296531 , 0.0851911 , 0.123428 , -0.191525 , 0.0834665 , 0.13372
8.69621 , -0.295271 , 0.0824535 , 0.125544 , -0.19012 , 0.0800302 , 0.135677
8.74065 , -0.291577 , 0.0841842 , 0.127081 , -0.188559 , 0.0808639 , 0.137013
8.78753 , -0.289299 , 0.0837805 , 0.127281 , -0.186606 , 0.0809948 , 0.138146
8.84081 , -0.286381 , 0.0835337 , 0.127253 , -0.18348 , 0.0801912 , 0.137823
8.89019 , -0.285077 , 0.0817801 , 0.127865 , -0.181303 , 0.0801304 , 0.137528
8.94026 , -0.281027 , 0.0812591 , 0.129051 , -0.17867 , 0.0771065 , 0.137902
8.99012 , -0.280623 , 0.0791695 , 0.129264 , -0.179031 , 0.0759122 , 0.137269
9.04143 , -0.27871 , 0.0808589 , 0.128853 , -0.179503 , 0.0757509 , 0.137262
9.09189 , -0.277348 , 0.0814974 , 0.128619 , -0.176532 , 0.0815931 , 0.136643
9.14718 , -0.273033 , 0.0846582 , 0.128744 , -0.17374 , 0.078419 , 0.137281
9.18528 , -0.269853 , 0.0819662 , 0.129406 , -0.172021 , 0.0793327 , 0.137005
9.22992 , -0.269209 , 0.0813782 , 0.129359 , -0.171563 , 0.0783159 , 0.136705
9.27805 , -0.267978 , 0.0812821 , 0.129867 , -0.171338 , 0.0778879 , 0.136702
9.32806 , -0.265395 , 0.0814537 , 0.130416 , -0.168337 , 0.0781005 , 0.137034
9.38062 , -0.263976 , 0.0829286 , 0.129975 , -0.168415 , 0.0791241 , 0.136997
9.42368 , -0.26309 , 0.0840194 , 0.129748 , -0.168052 , 0.0801286 , 0.13713
9.47876 , -0.261415 , 0.085223 , 0.129764 , -0.166732 , 0.0810877 , 0.137187
9.52285 , -0.261132 , 0.0855079 , 0.12981 , -0.165746 , 0.0822275 , 0.136914
9.56041 , -0.260323 , 0.0857891 , 0.129905 , -0.163505 , 0.0840599 , 0.137352
9.61059 , -0.259064 , 0.0863899 , 0.130378 , -0.16176 , 0.0836756 , 0.137196
9.65626 , -0.258331 , 0.0861847 , 0.13008 , -0.163587 , 0.0828577 , 0.137686
9.69877 , -0.257938 , 0.0875813 , 0.129595 , -0.165055 , 0.0835503 , 0.137048
9.73983 , -0.258446 , 0.0873393 , 0.129629 , -0.166102 , 0.083646 , 0.137298
9.78408 , -0.259278 , 0.0873875 , 0.129658 , -0.1668 , 0.0826162 , 0.136808
9.82303 , -0.261408 , 0.0872953 , 0.130555 , -0.166806 , 0.0832045 , 0.13727
9.86614 , -0.264268 , 0.0873146 , 0.131532 , -0.169474 , 0.0845322 , 0.138228
9.90754 , -0.267502 , 0.0869084 , 0.132579 , -0.173793 , 0.0839071 , 0.140185
9.94477 , -0.27146 , 0.0878575 , 0.133746 , -0.179613 , 0.0830533 , 0.140963
9.99189 , -0.276382 , 0.08806 , 0.135283 , -0.185315 , 0.0819915 , 0.14281
10.0326 , -0.282891 , 0.0858274 , 0.1375 , -0.191704 , 0.0808249 , 0.145257
10.0755 , -0.289963 , 0.0838955 , 0.139389 , -0.198218 , 0.0795702 , 0.146079
10.1176 , -0.297709 , 0.0806216 , 0.141358 , -0.204311 , 0.0770866 , 0.147178
10.159 , -0.305981 , 0.0782572 , 0.143423 , -0.217196 , 0.0730014 , 0.147406
10.202 , -0.317687 , 0.0783022 , 0.144323 , -0.228243 , 0.0722504 , 0.147383
10.245 , -0.328551 , 0.0771757 , 0.145686 , -0.240072 , 0.0701105 , 0.148689
10.2836 , -0.340457 , 0.0746297 , 0.147348 , -0.249922 , 0.0681716 , 0.150325
10.3325 , -0.354048 , 0.0679206 , 0.149045 , -0.263444 , 0.0633729 , 0.15137
10.3788 , -0.36766 , 0.0641755 , 0.149508 , -0.275742 , 0.0612915 , 0.151602
10.4377 , -0.381821 , 0.061694 , 0.148953 , -0.28786 , 0.0626072 , 0.151562
10.482 , -0.394946 , 0.0594599 , 0.147897 , -0.301545 , 0.0583628 , 0.149174
10.5323 , -0.409008 , 0.05632 , 0.146641 , -0.315189 , 0.0550708 , 0.146596
10.5814 , -0.422662 , 0.0504088 , 0.145993 , -0.328973 , 0.0515042 , 0.146341
10.6346 , -0.435821 , 0.0456386 , 0.144332 , -0.339539 , 0.0490308 , 0.145059
10.6806 , -0.448452 , 0.0417583 , 0.141394 , -0.351001 , 0.0449315 , 0.141693
10.7198 , -0.460859 , 0.0358057 , 0.138342 , -0.361853 , 0.0416679 , 0.137762
10.7638 , -0.472101 , 0.0309591 , 0.133462 , -0.370641 , 0.0387622 , 0.132719
10.807 , -0.482895 , 0.0275889 , 0.126344 , -0.381623 , 0.0365285 , 0.125468
10.8506 , -0.492037 , 0.0210219 , 0.119501 , -0.38825 , 0.0365285 , 0.118452
10.9026 , -0.499434 , 0.0166292 , 0.111023 , -0.39976 , 0.0354401 , 0.110712
10.9489 , -0.505321 , 0.0187716 , 0.100284 , -0.398608 , 0.0339626 , 0.1015
10.9861 , -0.50863 , 0.0154888 , 0.0911157 , -0.396508 , 0.0324658 , 0.0917056
11.0318 , -0.51075 , 0.01309 , 0.0812439 , -0.394099 , 0.0327501 , 0.0834079
11.0692 , -0.511596 , 0.0103438 , 0.0720615 , -0.392451 , 0.0326018 , 0.0771751
11.122 , -0.510365 , 0.00953177 , 0.0641916 , -0.389001 , 0.0336917 , 0.0707679
11.1712 , -0.50684 , 0.0131307 , 0.0570834 , -0.384631 , 0.0356986 , 0.0654045
11.2151 , -0.503208 , 0.0109802 , 0.050947 , -0.376324 , 0.0392555 , 0.0598109
11.2559 , -0.497855 , 0.0138708 , 0.0451192 , -0.368938 , 0.0439556 , 0.0549679
11.299 , -0.491685 , 0.0128754 , 0.0405649 , -0.35967 , 0.0474722 , 0.0516026
11.341 , -0.484256 , 0.0171587 , 0.0349396 , -0.351658 , 0.048176 , 0.048742
11.3829 , -0.476595 , 0.0174904 , 0.0303306 , -0.342374 , 0.0502453 , 0.0444809
11.4242 , -0.468442 , 0.0177741 , 0.025411 , -0.335298 , 0.0538517 , 0.0388366
11.4668 , -0.460867 , 0.0190369 , 0.0192173 , -0.329887 , 0.0568925 , 0.0358348
11.5015 , -0.454797 , 0.0219927 , 0.0133023 , -0.323528 , 0.0605971 , 0.032937
11.539 , -0.450496 , 0.0234887 , 0.00816258 , -0.316072 , 0.0627715 , 0.0305624
11.5854 , -0.447512 , 0.0258718 , 0.00310624 , -0.311968 , 0.065283 , 0.0271967
11.6216 , -0.444139 , 0.0288889 , -0.000925062 , -0.314323 , 0.0707963 , 0.0223267
11.6696 , -0.447803 , 0.0353707 , -0.00809421 , -0.310995 , 0.0718183 , 0.0201454
11.7057 , -0.449039 , 0.03695 , -0.012604 , -0.315335 , 0.072567 , 0.0180176
11.7538 , -0.45302 , 0.0368937 , -0.0161787 , -0.314711 , 0.0702108 , 0.0158957
11.79 , -0.457446 , 0.0357073 , -0.0191057 , -0.317597 , 0.0670315 , 0.0126157
11.8434 , -0.463195 , 0.0351443 , -0.0231162 , -0.323442 , 0.0656705 , 0.0110248
11.8918 , -0.471462 , 0.0341962 , -0.0269202 , -0.331362 , 0.067749 , 0.00955669
11.9373 , -0.474838 , 0.0364618 , -0.0282088 , -0.337439 , 0.0680324 , 0.00806892
11.9803 , -0.48033 , 0.0387823 , -0.0296745 , -0.342054 , 0.0658352 , 0.00604569
12.0221 , -0.485115 , 0.0397029 , -0.029562 , -0.349896 , 0.0635208 , 0.00542411
12.0628 , -0.490475 , 0.0385885 , -0.0273652 , -0.351945 , 0.0625076 , 0.00675446
12.1017 , -0.495239 , 0.0375482 , -0.0240767 , -0.355535 , 0.0582947 , 0.00930139
12.1489 , -0.498869 , 0.0358624 , -0.0196577 , -0.361875 , 0.0539107 , 0.0134463
12.1877 , -0.50033 , 0.0375039 , -0.0132021 , -0.368533 , 0.0535833 , 0.0163893
12.2303 , -0.501452 , 0.0378973 , -0.00858718 , -0.369389 , 0.0534299 , 0.0226771
12.2718 , -0.499086 , 0.0370678 , -0.00175948 , -0.365715 , 0.0534342 , 0.0268279
12.3127 , -0.498306 , 0.0356434 , 0.0039696 , -0.363271 , 0.0502813 , 0.028817
12.3552 , -0.495898 , 0.035862 , 0.00952416 , -0.365352 , 0.048419 , 0.0327263
12.3974 , -0.491508 , 0.0397593 , 0.0139624 , -0.36787 , 0.0459854 , 0.0394099
12.4398 , -0.487812 , 0.0376014 , 0.0201786 , -0.363395 , 0.0460853 , 0.0450251
12.4822 , -0.482663 , 0.039032 , 0.0255839 , -0.358497 , 0.0444374 , 0.0493199
12.5231 , -0.477172 , 0.0402598 , 0.0306707 , -0.355168 , 0.0423775 , 0.0534459
12.5642 , -0.471969 , 0.0406729 , 0.0360794 , -0.351182 , 0.0428131 , 0.059528
12.6077 , -0.465832 , 0.0430886 , 0.0413843 , -0.343532 , 0.0439109 , 0.0649533
12.6523 , -0.460228 , 0.0437381 , 0.0459597 , -0.340782 , 0.0437256 , 0.069754
12.691 , -0.45488 , 0.0434275 , 0.050415 , -0.336854 , 0.044472 , 0.0734724
12.7356 , -0.448593 , 0.0455813 , 0.0536705 , -0.331675 , 0.0465625 , 0.0754356
12.7748 , -0.440791 , 0.0490643 , 0.0562707 , -0.325646 , 0.046022 , 0.0795449
12.8171 , -0.432916 , 0.0496826 , 0.060747 , -0.318482 , 0.0472934 , 0.0839088
12.8594 , -0.424294 , 0.05186 , 0.0647248 , -0.311008 , 0.0506474 , 0.0871574
12.9007 , -0.415279 , 0.0582695 , 0.0665072 , -0.304319 , 0.0554502 , 0.0893927
12.9431 , -0.406052 , 0.0637099 , 0.0674052 , -0.296739 , 0.0596734 , 0.091152
12.9847 , -0.396681 , 0.0677648 , 0.0694401 , -0.290853 , 0.060622 , 0.0931591
13.029 , -0.388892 , 0.0713599 , 0.0718798 , -0.283992 , 0.0639252 , 0.0955812
13.071 , -0.381686 , 0.0708699 , 0.0747594 , -0.278432 , 0.0668309 , 0.0979232
13.1105 , -0.373283 , 0.0727587 , 0.0782631 , -0.268401 , 0.0713472 , 0.100431
13.15 , -0.36517 , 0.0750755 , 0.0814281 , -0.26258 , 0.071731 , 0.10417
13.1947 , -0.357046 , 0.07592 , 0.0846122 , -0.254361 , 0.0733198 , 0.10697
13.2347 , -0.349717 , 0.0778041 , 0.0870422 , -0.249485 , 0.0756966 , 0.107749
13.2787 , -0.341518 , 0.0825268 , 0.0889581 , -0.242165 , 0.0753675 , 0.110858
13.319 , -0.335535 , 0.081481 , 0.0912946 , -0.238048 , 0.0768494 , 0.113669
13.3657 , -0.329914 , 0.0830855 , 0.0934952 , -0.2319 , 0.0786948 , 0.11573
13.4086 , -0.322488 , 0.0855331 , 0.0963496 , -0.231309 , 0.0778472 , 0.118197
13.4535 , -0.318025 , 0.0869191 , 0.097816 , -0.221008 , 0.0744675 , 0.120203
13.4996 , -0.313274 , 0.0864804 , 0.100704 , -0.223254 , 0.0740166 , 0.122255
13.5415 , -0.311085 , 0.0838313 , 0.102565 , -0.211854 , 0.0757741 , 0.124224
13.5781 , -0.307846 , 0.0846622 , 0.10565 , -0.20832 , 0.0769676 , 0.126577
13.6239 , -0.305859 , 0.088144 , 0.107107 , -0.208873 , 0.0792195 , 0.128202
13.6682 , -0.301885 , 0.0885234 , 0.10892 , -0.200233 , 0.0801371 , 0.130178
13.7196 , -0.300893 , 0.0864889 , 0.110728 , -0.198933 , 0.0809174 , 0.131878
13.7645 , -0.300536 , 0.0878038 , 0.112152 , -0.200038 , 0.0825801 , 0.132796
13.8067 , -0.300786 , 0.0900988 , 0.113235 , -0.202412 , 0.0845992 , 0.134153
13.8497 , -0.302212 , 0.0913693 , 0.11412 , -0.203715 , 0.0858756 , 0.134672
13.8886 , -0.304385 , 0.0913252 , 0.115414 , -0.204462 , 0.0861838 , 0.135866
13.9346 , -0.30721 , 0.0913951 , 0.116604 , -0.207619 , 0.0882014 , 0.136348
13.9739 , -0.31203 , 0.0912732 , 0.117146 , -0.212793 , 0.092524 , 0.136279
14.0177 , -0.314548 , 0.0930099 , 0.117928 , -0.221737 , 0.0868501 , 0.138457
14.056 , -0.327517 , 0.0935607 , 0.117803 , -0.215394 , 0.0946744 , 0.133595
14.1016 , -0.332635 , 0.0973128 , 0.119072 , -0.224238 , 0.0949852 , 0.13615
14.1413 , -0.340808 , 0.0974901 , 0.121651 , -0.236126 , 0.095214 , 0.137534
14.1869 , -0.350108 , 0.0990699 , 0.124126 , -0.245335 , 0.0989863 , 0.138411
14.2244 , -0.361252 , 0.101091 , 0.126421 , -0.255699 , 0.0984096 , 0.141257
14.2684 , -0.372891 , 0.101013 , 0.129935 , -0.267761 , 0.10369 , 0.144759
14.3133 , -0.388994 , 0.104475 , 0.133993 , -0.282007 , 0.108388 , 0.149654
14.3568 , -0.400371 , 0.109527 , 0.141297 , -0.299935 , 0.102963 , 0.157457
14.4038 , -0.422542 , 0.109523 , 0.146832 , -0.303427 , 0.113844 , 0.154694
14.4416 , -0.431963 , 0.114016 , 0.152525 , -0.316112 , 0.115575 , 0.161582
14.4878 , -0.447831 , 0.123996 , 0.160063 , -0.333727 , 0.115948 , 0.16715
14.5256 , -0.459744 , 0.129725 , 0.16641 , -0.34457 , 0.120032 , 0.172648
14.5715 , -0.469811 , 0.13412 , 0.172672 , -0.354748 , 0.132727 , 0.179312
14.6082 , -0.48009 , 0.137 , 0.179709 , -0.360663 , 0.139548 , 0.184682
14.6573 , -0.486724 , 0.146918 , 0.187321 , -0.366427 , 0.139434 , 0.187816
14.6963 , -0.488971 , 0.14927 , 0.194615 , -0.367686 , 0.139318 , 0.191557
14.7392 , -0.489118 , 0.152071 , 0.200907 , -0.365236 , 0.140532 , 0.195501
14.7767 , -0.488068 , 0.156833 , 0.203944 , -0.363342 , 0.143018 , 0.198007
14.8248 , -0.484362 , 0.157292 , 0.206835 , -0.359509 , 0.145124 , 0.198364
14.8641 , -0.479549 , 0.161421 , 0.207215 , -0.354065 , 0.150923 , 0.196719
14.9074 , -0.474673 , 0.166236 , 0.204764 , -0.34555 , 0.15029 , 0.194524
14.9439 , -0.467335 , 0.166908 , 0.201927 , -0.340702 , 0.153628 , 0.190675
14.9912 , -0.458991 , 0.164385 , 0.198874 , -0.329399 , 0.155101 , 0.186409
15.0273 , -0.449163 , 0.165256 , 0.193673 , -0.317714 , 0.157415 , 0.179744
15.0755 , -0.438704 , 0.167859 , 0.187111 , -0.305054 , 0.155895 , 0.173128
15.1116 , -0.427265 , 0.172103 , 0.178513 , -0.291815 , 0.156154 , 0.165602
15.159 , -0.416303 , 0.174185 , 0.170531 , -0.279645 , 0.158262 , 0.158423
15.1956 , -0.404688 , 0.177165 , 0.1615 , -0.267796 , 0.160572 , 0.151035
15.2451 , -0.392671 , 0.175987 , 0.154095 , -0.256791 , 0.160704 , 0.144493
15.2951 , -0.380743 , 0.178936 , 0.14442 , -0.243737 , 0.161095 , 0.135638
15.3403 , -0.367875 , 0.177899 , 0.133336 , -0.235343 , 0.16003 , 0.124877
15.3781 , -0.355698 , 0.177918 , 0.122549 , -0.226002 , 0.163265 , 0.112
15.4149 , -0.344814 , 0.179803 , 0.109778 , -0.216584 , 0.163788 , 0.0996428
15.4609 , -0.334713 , 0.179643 , 0.0999079 , -0.208194 , 0.160992 , 0.0898035
15.4987 , -0.328384 , 0.178795 , 0.0903599 , -0.205854 , 0.161791 , 0.0790355
15.5445 , -0.322864 , 0.177609 , 0.0810356 , -0.201494 , 0.159978 , 0.0689196
15.5841 , -0.318789 , 0.175369 , 0.0735234 , -0.198571 , 0.158639 , 0.0622537
15.629 , -0.316441 , 0.174672 , 0.0665365 , -0.199055 , 0.155337 , 0.0575225
15.6665 , -0.315344 , 0.174702 , 0.0603896 , -0.199207 , 0.155375 , 0.0531792
15.7191 , -0.315424 , 0.176357 , 0.0565302 , -0.201383 , 0.15388 , 0.0532214
15.7669 , -0.316175 , 0.177971 , 0.0550578 , -0.204461 , 0.157241 , 0.0528614
15.8156 , -0.315974 , 0.180739 , 0.054591 , -0.202123 , 0.160357 , 0.0539426
15.8691 , -0.316128 , 0.180463 , 0.0562226 , -0.20082 , 0.159349 , 0.054687
15.9144 , -0.316928 , 0.182405 , 0.0552953 , -0.199816 , 0.157058 , 0.0571032
15.9527 , -0.31738 , 0.179793 , 0.0553151 , -0.200181 , 0.157983 , 0.0563185
15.9981 , -0.317792 , 0.17934 , 0.0545971 , -0.200545 , 0.155753 , 0.0575057
16.0361 , -0.318142 , 0.177641 , 0.0540468 , -0.199114 , 0.156389 , 0.0554858
16.0875 , -0.318304 , 0.176385 , 0.0527768 , -0.197625 , 0.153258 , 0.0545234
16.1343 , -0.318308 , 0.175938 , 0.0509846 , -0.198566 , 0.153339 , 0.054236
16.1844 , -0.317932 , 0.173492 , 0.0498445 , -0.199417 , 0.154322 , 0.0557757
16.2376 , -0.317142 , 0.171362 , 0.0496798 , -0.20233 , 0.149726 , 0.0577412
16.2802 , -0.316587 , 0.170191 , 0.0496915 , -0.204262 , 0.147195 , 0.0580483
16.321 , -0.316767 , 0.166411 , 0.050687 , -0.204295 , 0.142983 , 0.0598571
16.376 , -0.316939 , 0.161863 , 0.0522346 , -0.20589 , 0.141081 , 0.061838
16.4251 , -0.317203 , 0.153454 , 0.0556991 , -0.206297 , 0.1462 , 0.0647294
16.4683 , -0.318258 , 0.149325 , 0.0570127 , -0.20552 , 0.146465 , 0.0670528
16.5122 , -0.319459 , 0.144716 , 0.0594597 , -0.205951 , 0.136888 , 0.0707004
16.5529 , -0.320109 , 0.142402 , 0.0630221 , -0.209542 , 0.130348 , 0.0756198
16.5955 , -0.320422 , 0.140129 , 0.065626 , -0.209675 , 0.12538 , 0.0798009
16.6434 , -0.32132 , 0.136347 , 0.0685296 , -0.209968 , 0.120587 , 0.0836977
16.692 , -0.32215 , 0.130752 , 0.0718876 , -0.208541 , 0.116619 , 0.0869546
16.74 , -0.322954 , 0.125904 , 0.0752136 , -0.20803 , 0.111204 , 0.0910427
16.7927 , -0.322351 , 0.120255 , 0.078634 , -0.209666 , 0.112662 , 0.0943513
16.8459 , -0.321846 , 0.119291 , 0.0811004 , -0.210181 , 0.110312 , 0.0981401
16.8847 , -0.321505 , 0.115419 , 0.084011 , -0.2096 , 0.109002 , 0.0993427
16.9309 , -0.320595 , 0.112641 , 0.086205 , -0.207159 , 0.106534 , 0.101741
16.9706 , -0.319363 , 0.109489 , 0.0882905 , -0.205598 , 0.105281 , 0.104621
17.0124 , -0.318049 , 0.10652 , 0.0900024 , -0.204109 , 0.102636 , 0.108074
17.0568 , -0.31676 , 0.103407 , 0.0917956 , -0.202234 , 0.100353 , 0.111893
17.1009 , -0.314171 , 0.100082 , 0.0947921 , -0.199758 , 0.098896 , 0.113367
17.1399 , -0.312021 , 0.0995485 , 0.0956953 , -0.199076 , 0.0956139 , 0.113291
17.177 , -0.308806 , 0.0955178 , 0.0980492 , -0.196774 , 0.0930809 , 0.115704
17.2219 , -0.307555 , 0.0941329 , 0.0987941 , -0.19311 , 0.0935775 , 0.117825
17.2617 , -0.305353 , 0.0926357 , 0.099893 , -0.190999 , 0.0909073 , 0.119554
17.3082 , -0.303844 , 0.0902808 , 0.100978 , -0.189776 , 0.0896602 , 0.120051
17.3488 , -0.302038 , 0.0891684 , 0.102217 , -0.185604 , 0.0829146 , 0.122532
17.3916 , -0.296638 , 0.0842137 , 0.105497 , -0.183732 , 0.0827573 , 0.124385
17.431 , -0.295583 , 0.0807436 , 0.106949 , -0.185263 , 0.0798493 , 0.125681
17.48 , -0.294268 , 0.0779882 , 0.108045 , -0.18098 , 0.0763116 , 0.127562
17.5256 , -0.290655 , 0.0763355 , 0.109371 , -0.180353 , 0.0746748 , 0.1278
17.5695 , -0.29049 , 0.0750917 , 0.110417 , -0.177935 , 0.0729814 , 0.129826
17.6096 , -0.286498 , 0.0740909 , 0.112709 , -0.179498 , 0.0724553 , 0.131062
17.6513 , -0.286145 , 0.0742721 , 0.113524 , -0.178043 , 0.0730253 , 0.131608
17.6993 , -0.282833 , 0.0696464 , 0.1169 , -0.175731 , 0.0688622 , 0.13316
17.7418 , -0.282217 , 0.0695031 , 0.117455 , -0.176341 , 0.0675696 , 0.133325
17.7782 , -0.281679 , 0.0687544 , 0.118224 , -0.171375 , 0.0696555 , 0.135002
17.8145 , -0.277082 , 0.0704258 , 0.11971 , -0.171073 , 0.0682718 , 0.136158
17.8595 , -0.276517 , 0.0699714 , 0.120176 , -0.171754 , 0.0678513 , 0.135322
17.8961 , -0.27561 , 0.0700809 , 0.12066 , -0.170897 , 0.0681555 , 0.13577
17.946 , -0.268284 , 0.0711355 , 0.123549 , -0.166519 , 0.0685866 , 0.13818
17.9834 , -0.267545 , 0.0703045 , 0.123508 , -0.166474 , 0.0678213 , 0.13902
18.0294 , -0.266119 , 0.0693894 , 0.12375 , -0.164078 , 0.0672047 , 0.137964
18.0734 , -0.265162 , 0.0684635 , 0.123899 , -0.162412 , 0.0663054 , 0.138018
18.1144 , -0.262707 , 0.0693391 , 0.123957 , -0.159118 , 0.0708169 , 0.138815
18.1621 , -0.259252 , 0.0713922 , 0.123816 , -0.157701 , 0.0689261 , 0.139115
18.2035 , -0.257608 , 0.0707335 , 0.123588 , -0.156818 , 0.0680963 , 0.138772
18.2485 , -0.255746 , 0.0704591 , 0.12335 , -0.154755 , 0.0667017 , 0.13699
18.2944 , -0.253802 , 0.0692406 , 0.122947 , -0.15224 , 0.0668941 , 0.13622
18.3334 , -0.251679 , 0.069468 , 0.121966 , -0.150515 , 0.0679066 , 0.136032
18.3786 , -0.249892 , 0.0699588 , 0.120983 , -0.149224 , 0.0679757 , 0.13635
18.4184 , -0.247891 , 0.072144 , 0.120109 , -0.149043 , 0.0684817 , 0.135941
18.4625 , -0.247428 , 0.0726914 , 0.119945 , -0.149086 , 0.070129 , 0.134869
18.5036 , -0.245963 , 0.0739576 , 0.119343 , -0.14666 , 0.0694112 , 0.13378
18.5475 , -0.243626 , 0.0765745 , 0.119148 , -0.145616 , 0.071845 , 0.133736
18.5895 , -0.24315 , 0.0769651 , 0.118914 , -0.143194 , 0.072487 , 0.132976
18.6298 , -0.242021 , 0.0777504 , 0.118768 , -0.142581 , 0.0798098 , 0.133155
18.6672 , -0.240832 , 0.0833958 , 0.118459 , -0.144313 , 0.0795921 , 0.134015
18.711 , -0.239409 , 0.0854835 , 0.118244 , -0.14352 , 0.080274 , 0.133974
18.7477 , -0.236624 , 0.0892386 , 0.119219 , -0.144757 , 0.0799571 , 0.135732
18.7853 , -0.23621 , 0.0887196 , 0.117968 , -0.14362 , 0.0810107 , 0.130296
18.8336 , -0.236152 , 0.0865384 , 0.118066 , -0.136494 , 0.0826219 , 0.131238
18.8787 , -0.237503 , 0.0926206 , 0.117884 , -0.136139 , 0.0846432 , 0.13307
18.9175 , -0.237778 , 0.0910084 , 0.118039 , -0.142343 , 0.0858375 , 0.133573
18.9553 , -0.238241 , 0.0931726 , 0.118236 , -0.146069 , 0.0906412 , 0.132145
19.0021 , -0.24024 , 0.0956072 , 0.118355 , -0.149271 , 0.0890051 , 0.132479
19.0428 , -0.242723 , 0.0948538 , 0.119267 , -0.152402 , 0.0889916 , 0.13299
19.0854 , -0.246846 , 0.0944006 , 0.120457 , -0.155937 , 0.0886619 , 0.134298
19.1284 , -0.25246 , 0.0967 , 0.120725 , -0.161564 , 0.0895289 , 0.134079
19.1684 , -0.258319 , 0.0961557 , 0.121123 , -0.168835 , 0.0892536 , 0.133218
19.207 , -0.266142 , 0.0954359 , 0.121617 , -0.178474 , 0.0888753 , 0.132019
19.2543 , -0.274601 , 0.0938581 , 0.121951 , -0.186999 , 0.0854826 , 0.133848
19.2958 , -0.284868 , 0.0924433 , 0.121946 , -0.197153 , 0.084493 , 0.131865
19.3364 , -0.298442 , 0.0899065 , 0.121321 , -0.211193 , 0.0820235 , 0.130008
19.3754 , -0.311377 , 0.0900011 , 0.120753 , -0.222608 , 0.080034 , 0.13044
19.4207 , -0.324645 , 0.0890304 , 0.120971 , -0.236683 , 0.0790331 , 0.131673
19.4594 , -0.339274 , 0.0870298 , 0.120582 , -0.252267 , 0.0748581 , 0.132441
19.5048 , -0.3549 , 0.0835322 , 0.120427 , -0.268219 , 0.0695968 , 0.130644
19.5422 , -0.371988 , 0.0794853 , 0.118555 , -0.286213 , 0.0631358 , 0.128939
19.5914 , -0.389372 , 0.0733894 , 0.116379 , -0.302517 , 0.0583053 , 0.127991
19.641 , -0.406562 , 0.068816 , 0.114049 , -0.319979 , 0.0544281 , 0.126368
19.6884 , -0.424213 , 0.0644974 , 0.110741 , -0.337283 , 0.0512644 , 0.125053
19.7286 , -0.443032 , 0.0562615 , 0.106469 , -0.353953 , 0.0486621 , 0.122114
19.7775 , -0.460928 , 0.0490827 , 0.101574 , -0.369799 , 0.0466969 , 0.118717
19.8308 , -0.476552 , 0.0421798 , 0.0969352 , -0.384773 , 0.0404691 , 0.115386
19.8791 , -0.490306 , 0.033069 , 0.0925648 , -0.398865 , 0.0303002 , 0.110474
19.9259 , -0.502647 , 0.0236321 , 0.0876065 , -0.410439 , 0.0226259 , 0.106543
19.9799 , -0.513173 , 0.0132554 , 0.0825771 , -0.419949 , 0.0139284 , 0.104503
20.0217 , -0.52099 , 0.00330838 , 0.079134 , -0.425292 , 0.00831283 , 0.102955
20.0616 , -0.526035 , -0.00586745 , 0.0752707 , -0.429975 , 0.000727736 , 0.10109
20.1062 , -0.52812 , -0.0137787 , 0.0712076 , -0.430586 , -0.00695956 , 0.0964087
20.1454 , -0.526788 , -0.027712 , 0.0690441 , -0.43672 , -0.0174622 , 0.0966974
20.1901 , -0.523965 , -0.0338798 , 0.0628831 , -0.42337 , -0.021914 , 0.0916186
20.2294 , -0.518397 , -0.0418877 , 0.0587124 , -0.413638 , -0.0325858 , 0.0917455
20.2746 , -0.509591 , -0.0536104 , 0.0578862 , -0.408471 , -0.035452 , 0.0907008
20.3106 , -0.50246 , -0.061385 , 0.0557367 , -0.401945 , -0.0400036 , 0.0903789
20.3512 , -0.49315 , -0.0711378 , 0.0545119 , -0.389969 , -0.0493578 , 0.0910654
20.394 , -0.483034 , -0.0718589 , 0.0516912 , -0.378688 , -0.0589937 , 0.0927523
20.4294 , -0.472173 , -0.0785751 , 0.0512242 , -0.367312 , -0.0680678 , 0.0930493
20.4785 , -0.462315 , -0.0861219 , 0.0504055 , -0.356079 , -0.073882 , 0.0913169
20.5154 , -0.452309 , -0.0900388 , 0.0481138 , -0.345822 , -0.0760719 , 0.0884165
20.5615 , -0.440979 , -0.0963122 , 0.0460573 , -0.337734 , -0.0739091 , 0.0855735
20.5968 , -0.43288 , -0.0976857 , 0.0411901 , -0.33092 , -0.0726929 , 0.0827525
20.645 , -0.425201 , -0.0993403 , 0.0382701 , -0.3207 , -0.0739406 , 0.0798515
20.69 , -0.418216 , -0.100372 , 0.0365437 , -0.314882 , -0.0812645 , 0.079
20.7302 , -0.411736 , -0.0996054 , 0.0356521 , -0.311878 , -0.0874256 , 0.0796049
20.7691 , -0.407516 , -0.103501 , 0.0376227 , -0.30931 , -0.0843111 , 0.0790132
20.815 , -0.402759 , -0.102298 , 0.0385741 , -0.306247 , -0.0834866 , 0.0799438
20.8616 , -0.397979 , -0.0990008 , 0.03989 , -0.301805 , -0.0828646 , 0.0799926
20.8976 , -0.393218 , -0.0964187 , 0.0398307 , -0.29927 , -0.0811956 , 0.0795421
20.938 , -0.389598 , -0.0951575 , 0.041519 , -0.296444 , -0.0844367 , 0.081675
20.9813 , -0.386681 , -0.0947365 , 0.0431596 , -0.29472 , -0.085527 , 0.0839688
21.0172 , -0.3849 , -0.0933523 , 0.0458958 , -0.292326 , -0.0847758 , 0.086761
21.0655 , -0.384101 , -0.0930511 , 0.0499092 , -0.29082 , -0.0840062 , 0.0895059
21.1025 , -0.382667 , -0.0866947 , 0.0531619 , -0.290258 , -0.0813932 , 0.0922492
21.1486 , -0.382287 , -0.0833705 , 0.0568444 , -0.28785 , -0.0763495 , 0.0953677
21.1866 , -0.382172 , -0.0762164 , 0.0601632 , -0.288287 , -0.0718685 , 0.0982691
21.2316 , -0.382739 , -0.0698074 , 0.064034 , -0.288147 , -0.067739 , 0.100625
21.2707 , -0.383899 , -0.064438 , 0.0682205 , -0.288404 , -0.0629848 , 0.103145
21.3153 , -0.384841 , -0.0585929 , 0.0719566 , -0.288517 , -0.0576337 , 0.105177
21.3528 , -0.385211 , -0.0508764 , 0.0751337 , -0.289238 , -0.0504783 , 0.10701
21.3996 , -0.384987 , -0.0423827 , 0.078295 , -0.289519 , -0.04455 , 0.109447
21.4368 , -0.384513 , -0.0364425 , 0.0827821 , -0.289527 , -0.0398705 , 0.111733
21.4846 , -0.384075 , -0.0310262 , 0.0877174 , -0.289285 , -0.0348282 , 0.114116
21.5225 , -0.382932 , -0.0265623 , 0.0928276 , -0.287117 , -0.0325876 , 0.118565
21.5681 , -0.381466 , -0.0226816 , 0.0990735 , -0.28479 , -0.0298952 , 0.122108
21.6064 , -0.379888 , -0.0201408 , 0.104225 , -0.282419 , -0.0236987 , 0.125635
21.6511 , -0.376608 , -0.0145746 , 0.108327 , -0.280558 , -0.0206341 , 0.128342
21.6887 , -0.372212 , -0.00840293 , 0.112354 , -0.277796 , -0.015795 , 0.129754
21.7354 , -0.367234 , -0.0033955 , 0.117198 , -0.270939 , -0.0109506 , 0.133863
21.7733 , -0.362715 , -0.000398476 , 0.121457 , -0.265489 , -0.00730011 , 0.138693
21.8201 , -0.356579 , 0.00309417 , 0.126315 , -0.258277 , -0.00546334 , 0.142769
21.858 , -0.349845 , 0.00733629 , 0.130001 , -0.25277 , -0.000850847 , 0.1449
21.9026 , -0.343463 , 0.0110516 , 0.132721 , -0.247659 , 0.00412356 , 0.146637
21.9406 , -0.336742 , 0.0168512 , 0.134124 , -0.240615 , 0.008353 , 0.146684
21.987 , -0.330156 , 0.023168 , 0.134631 , -0.232416 , 0.0149798 , 0.147866
22.0256 , -0.327319 , 0.0273327 , 0.134907 , -0.217924 , 0.0243206 , 0.14588
22.0701 , -0.321188 , 0.0294896 , 0.135029 , -0.219947 , 0.0244542 , 0.147534
22.1085 , -0.313754 , 0.0304593 , 0.135587 , -0.213852 , 0.0253303 , 0.146614
22.1548 , -0.309113 , 0.0310321 , 0.134865 , -0.210286 , 0.0281968 , 0.144589
22.1929 , -0.304739 , 0.033399 , 0.133966 , -0.207262 , 0.0305361 , 0.143185
22.242 , -0.301283 , 0.036036 , 0.133164 , -0.203479 , 0.0314324 , 0.142341
22.2894 , -0.297652 , 0.0384185 , 0.132534 , -0.199696 , 0.0340403 , 0.142801
22.3345 , -0.294914 , 0.0401003 , 0.132225 , -0.195684 , 0.0362938 , 0.142755
22.3735 , -0.292366 , 0.0416148 , 0.132013 , -0.193064 , 0.0373411 , 0.142399
22.4099 , -0.290014 , 0.0425133 , 0.131924 , -0.190511 , 0.0372803 , 0.141542
22.4573 , -0.287873 , 0.043947 , 0.131957 , -0.190262 , 0.0392975 , 0.14176
22.4954 , -0.286193 , 0.046069 , 0.131982 , -0.188662 , 0.0410075 , 0.14195
22.544 , -0.285355 , 0.0465251 , 0.132279 , -0.187526 , 0.0425879 , 0.142197
22.5919 , -0.284324 , 0.0473851 , 0.132552 , -0.186119 , 0.0449821 , 0.14211
22.6346 , -0.285012 , 0.0494548 , 0.133498 , -0.186288 , 0.0453855 , 0.142387
22.6788 , -0.284986 , 0.0484692 , 0.13356 , -0.187788 , 0.0443476 , 0.142579
22.7258 , -0.284566 , 0.0481432 , 0.133594 , -0.186249 , 0.0446144 , 0.141313
22.7726 , -0.283785 , 0.0500828 , 0.133242 , -0.185779 , 0.045662 , 0.141368
22.8103 , -0.283358 , 0.0478845 , 0.133458 , -0.181326 , 0.0445585 , 0.140075
22.8527 , -0.282244 , 0.0517176 , 0.132206 , -0.183642 , 0.047036 , 0.139183
22.8966 , -0.282185 , 0.051506 , 0.131365 , -0.182146 , 0.0507356 , 0.139486
22.943 , -0.284747 , 0.0558218 , 0.129026 , -0.174379 , 0.0569535 , 0.134584
22.9796 , -0.283632 , 0.0594005 , 0.127563 , -0.184825 , 0.0562983 , 0.135299
23.0306 , -0.281689 , 0.0592611 , 0.126995 , -0.194762 , 0.0552335 , 0.137462
23.0808 , -0.281533 , 0.0596082 , 0.127152 , -0.184174 , 0.0583526 , 0.134497
23.1276 , -0.281844 , 0.0605287 , 0.127103 , -0.185413 , 0.0613977 , 0.131767
23.1665 , -0.285527 , 0.0694326 , 0.124967 , -0.189686 , 0.0651379 , 0.131006
23.2119 , -0.289182 , 0.0701071 , 0.125009 , -0.191024 , 0.0678759 , 0.133085
23.2501 , -0.293243 , 0.0747694 , 0.125341 , -0.194216 , 0.0725894 , 0.132956
23.295 , -0.296016 , 0.0730199 , 0.126585 , -0.193556 , 0.0741938 , 0.133891
23.3331 , -0.298977 , 0.0705747 , 0.129233 , -0.196378 , 0.0730476 , 0.134463
23.3795 , -0.305347 , 0.0742862 , 0.131366 , -0.201667 , 0.0737887 , 0.134907
23.417 , -0.312209 , 0.0827033 , 0.134017 , -0.21257 , 0.0804892 , 0.137788
23.4633 , -0.323709 , 0.0902722 , 0.136319 , -0.223367 , 0.0872605 , 0.142118
23.5024 , -0.331353 , 0.0972118 , 0.142964 , -0.238198 , 0.0927347 , 0.148771
23.5485 , -0.342929 , 0.103659 , 0.1498 , -0.242979 , 0.101756 , 0.152797
23.5859 , -0.354595 , 0.107709 , 0.159698 , -0.251373 , 0.108025 , 0.160697
23.6319 , -0.364881 , 0.110802 , 0.171651 , -0.261149 , 0.109376 , 0.169824
23.6704 , -0.376453 , 0.117541 , 0.185086 , -0.274609 , 0.111094 , 0.179587
23.7157 , -0.387031 , 0.12231 , 0.200257 , -0.283584 , 0.114052 , 0.190935
23.7522 , -0.396777 , 0.124463 , 0.217709 , -0.29658 , 0.115445 , 0.206169
23.7992 , -0.40404 , 0.128044 , 0.236641 , -0.303241 , 0.116497 , 0.221028
23.8363 , -0.409706 , 0.126041 , 0.257284 , -0.306074 , 0.117139 , 0.234564
23.8841 , -0.413372 , 0.126014 , 0.278111 , -0.31068 , 0.113587 , 0.250432
23.9372 , -0.417538 , 0.126065 , 0.29631 , -0.313705 , 0.109383 , 0.263567
23.9873 , -0.416921 , 0.118299 , 0.313423 , -0.312843 , 0.105002 , 0.272222
24.0334 , -0.414442 , 0.117134 , 0.326805 , -0.310643 , 0.101925 , 0.278491
24.0791 , -0.411389 , 0.116346 , 0.337063 , -0.303103 , 0.0933164 , 0.280674
24.1131 , -0.409534 , 0.111539 , 0.343674 , -0.309939 , 0.0905643 , 0.285339
24.1545 , -0.405084 , 0.11103 , 0.349462 , -0.313956 , 0.0869338 , 0.290673
24.1988 , -0.403599 , 0.106971 , 0.352055 , -0.300957 , 0.0899496 , 0.29069
24.2387 , -0.397437 , 0.106098 , 0.353017 , -0.295562 , 0.0874309 , 0.288603
24.2849 , -0.390515 , 0.108587 , 0.350466 , -0.288951 , 0.0858147 , 0.284444
24.3246 , -0.38425 , 0.109363 , 0.346094 , -0.282641 , 0.0862005 , 0.27969
24.3676 , -0.377663 , 0.107765 , 0.341134 , -0.278323 , 0.086803 , 0.275147
24.4086 , -0.371051 , 0.106085 , 0.336043 , -0.268047 , 0.0859716 , 0.268576
24.4515 , -0.361961 , 0.106643 , 0.328711 , -0.261516 , 0.0855508 , 0.263445
24.493 , -0.354823 , 0.105405 , 0.323687 , -0.254508 , 0.0863202 , 0.258785
24.5352 , -0.345156 , 0.106158 , 0.317562 , -0.244174 , 0.0888058 , 0.25265
24.5769 , -0.334095 , 0.106704 , 0.311301 , -0.23692 , 0.0887729 , 0.248047
24.6189 , -0.321002 , 0.106863 , 0.303979 , -0.226474 , 0.0909932 , 0.242898
24.661 , -0.310845 , 0.108901 , 0.298379 , -0.212847 , 0.0887574 , 0.234892
24.7023 , -0.29669 , 0.106991 , 0.287419 , -0.201935 , 0.0908628 , 0.227597
24.742 , -0.281509 , 0.104879 , 0.27442 , -0.18845 , 0.0913263 , 0.217128
24.7882 , -0.274073 , 0.105941 , 0.267553 , -0.175899 , 0.0881037 , 0.206355
24.8255 , -0.263305 , 0.10126 , 0.254839 , -0.157111 , 0.0903844 , 0.193494
24.8709 , -0.257654 , 0.100682 , 0.24619 , -0.16413 , 0.0919932 , 0.188321
24.9064 , -0.254216 , 0.099477 , 0.238743 , -0.161454 , 0.0953107 , 0.187902
24.9472 , -0.252712 , 0.0986719 , 0.232413 , -0.160686 , 0.0952744 , 0.185143
24.9873 , -0.252814 , 0.0990485 , 0.226502 , -0.161623 , 0.0917002 , 0.180383
25.0241 , -0.253966 , 0.102834 , 0.222585 , -0.164645 , 0.087348 , 0.17795
25.0647 , -0.25809 , 0.0963134 , 0.218285 , -0.164862 , 0.0872872 , 0.176243
25.1083 , -0.261421 , 0.0957623 , 0.21542 , -0.168866 , 0.086898 , 0.175655
25.147 , -0.265199 , 0.0919596 , 0.212762 , -0.171019 , 0.0857822 , 0.174662
25.1912 , -0.26853 , 0.0889466 , 0.209278 , -0.174669 , 0.0828148 , 0.171903
25.231 , -0.272573 , 0.0856529 , 0.205573 , -0.176778 , 0.0788232 , 0.170721
25.2756 , -0.275817 , 0.0812998 , 0.202127 , -0.180486 , 0.0771962 , 0.170963
25.3138 , -0.27883 , 0.0798903 , 0.198713 , -0.182239 , 0.0760088 , 0.169344
25.3606 , -0.282498 , 0.0761142 , 0.1937 , -0.184769 , 0.0753429 , 0.166324
25.4049 , -0.285304 , 0.0768063 , 0.188197 , -0.186821 , 0.0758531 , 0.163048
25.4427 , -0.287151 , 0.0777363 , 0.182956 , -0.191762 , 0.076015 , 0.160974
25.4814 , -0.288214 , 0.0803673 , 0.176079 , -0.193956 , 0.0798097 , 0.158928
25.5266 , -0.288363 , 0.0826758 , 0.171408 , -0.19406 , 0.0828179 , 0.155867
25.5645 , -0.287455 , 0.0832727 , 0.165959 , -0.195238 , 0.0843803 , 0.150486
25.6117 , -0.286426 , 0.0845895 , 0.160953 , -0.193043 , 0.0851866 , 0.146839
25.6498 , -0.282823 , 0.0783221 , 0.153857 , -0.197882 , 0.0840982 , 0.14515
25.6939 , -0.279607 , 0.0837268 , 0.150544 , -0.187047 , 0.0852754 , 0.141241
25.7321 , -0.276457 , 0.0857299 , 0.14575 , -0.186565 , 0.0867881 , 0.137779
25.7782 , -0.272919 , 0.0881443 , 0.141296 , -0.184217 , 0.0869588 , 0.134824
25.8172 , -0.269752 , 0.082402 , 0.137124 , -0.1904 , 0.0846521 , 0.135772
25.8618 , -0.266785 , 0.0841118 , 0.135322 , -0.176244 , 0.0844125 , 0.133225
25.9001 , -0.264825 , 0.0841379 , 0.133613 , -0.17223 , 0.0811526 , 0.131474
25.9466 , -0.261541 , 0.0792575 , 0.131961 , -0.169419 , 0.0787504 , 0.130529
25.9828 , -0.260005 , 0.081011 , 0.131005 , -0.17153 , 0.0800251 , 0.129936
26.032 , -0.25935 , 0.0820998 , 0.130236 , -0.172447 , 0.0811144 , 0.131627
26.0686 , -0.259232 , 0.0816749 , 0.130501 , -0.170491 , 0.0829662 , 0.132955
26.1142 , -0.259542 , 0.0819508 , 0.131009 , -0.17133 , 0.0809538 , 0.134561
26.1521 , -0.260188 , 0.0810875 , 0.132046 , -0.171068 , 0.0807201 , 0.135576
26.2001 , -0.261114 , 0.0798769 , 0.133562 , -0.171542 , 0.0806317 , 0.136467
26.2515 , -0.261894 , 0.0798824 , 0.135321 , -0.170824 , 0.0803521 , 0.137875
26.2957 , -0.262522 , 0.0805991 , 0.136635 , -0.1736 , 0.0801113 , 0.140086
26.3315 , -0.263734 , 0.0800285 , 0.137959 , -0.173969 , 0.0794839 , 0.141068
26.3692 , -0.265476 , 0.0772782 , 0.140323 , -0.175562 , 0.0765628 , 0.14284
26.4218 , -0.265773 , 0.0774811 , 0.141315 , -0.173652 , 0.0767605 , 0.142547
26.4655 , -0.266005 , 0.0773991 , 0.14182 , -0.173243 , 0.0764784 , 0.143172
26.5018 , -0.265688 , 0.0800617 , 0.142143 , -0.174247 , 0.0772497 , 0.14431
26.5485 , -0.265011 , 0.0798276 , 0.142082 , -0.173478 , 0.0783024 , 0.144363
26.5874 , -0.263874 , 0.080698 , 0.141773 , -0.172052 , 0.0819722 , 0.144282
26.632 , -0.262289 , 0.0819549 , 0.14149 , -0.170125 , 0.08232 , 0.144141
26.6698 , -0.260457 , 0.0828041 , 0.141507 , -0.168671 , 0.0820907 , 0.143792
26.7186 , -0.258326 , 0.0824829 , 0.141338 , -0.165512 , 0.0828154 , 0.143174
26.7589 , -0.255828 , 0.0831015 , 0.141054 , -0.162451 , 0.0839128 , 0.14245
26.8034 , -0.252068 , 0.0878945 , 0.140161 , -0.16139 , 0.0844695 , 0.142821
26.8448 , -0.250697 , 0.0887029 , 0.139538 , -0.162305 , 0.0837278 , 0.142621
26.8899 , -0.249549 , 0.0898734 , 0.139135 , -0.159358 , 0.0906108 , 0.141735
26.9343 , -0.250006 , 0.0985169 , 0.139205 , -0.153558 , 0.0927513 , 0.14241
26.9801 , -0.24964 , 0.0972379 , 0.139227 , -0.161932 , 0.09531 , 0.14205
27.0249 , -0.250221 , 0.0995982 , 0.139333 , -0.162189 , 0.0965726 , 0.142365
27.0728 , -0.251401 , 0.101372 , 0.139118 , -0.165016 , 0.09854 , 0.142523
27.1298 , -0.25406 , 0.105152 , 0.138881 , -0.165798 , 0.0989249 , 0.143526
27.1743 , -0.258058 , 0.103837 , 0.140366 , -0.169598 , 0.09867 , 0.144672
27.2284 , -0.263425 , 0.105743 , 0.141311 , -0.173692 , 0.0981089 , 0.14519
27.2739 , -0.26834 , 0.104371 , 0.142633 , -0.179354 , 0.0990882 , 0.146293
27.32 , -0.276281 , 0.103959 , 0.144367 , -0.187277 , 0.0953346 , 0.147633
27.3591 , -0.286118 , 0.10306 , 0.145026 , -0.1975 , 0.0960407 , 0.14894
27.4035 , -0.297236 , 0.103522 , 0.144802 , -0.206742 , 0.0983109 , 0.150111
27.4391 , -0.310741 , 0.103275 , 0.144027 , -0.218844 , 0.0993592 , 0.149646
27.4809 , -0.325455 , 0.103415 , 0.143059 , -0.230878 , 0.099095 , 0.148554
27.5208 , -0.341729 , 0.1013 , 0.141774 , -0.245642 , 0.097556 , 0.148223
27.5586 , -0.359381 , 0.0985819 , 0.140746 , -0.264046 , 0.0975313 , 0.147426
27.5997 , -0.379223 , 0.0991231 , 0.138837 , -0.281887 , 0.0973471 , 0.146783
27.6405 , -0.400386 , 0.0984146 , 0.13562 , -0.307336 , 0.0915908 , 0.14479
27.6778 , -0.427792 , 0.0938855 , 0.132563 , -0.332101 , 0.0886974 , 0.141183
27.7257 , -0.453701 , 0.0867573 , 0.128402 , -0.360099 , 0.0836435 , 0.13559
27.7622 , -0.480879 , 0.0817985 , 0.12119 , -0.384822 , 0.0772151 , 0.131024
27.8133 , -0.507736 , 0.0741624 , 0.11399 , -0.412571 , 0.0695817 , 0.125583
27.8625 , -0.534827 , 0.0635856 , 0.105459 , -0.435438 , 0.0641941 , 0.118236
27.9135 , -0.561724 , 0.0559687 , 0.0957264 , -0.46156 , 0.0567521 , 0.11137
27.9679 , -0.586446 , 0.0484954 , 0.0873546 , -0.487093 , 0.0514191 , 0.105365
28.017 , -0.609391 , 0.0397814 , 0.0802789 , -0.507661 , 0.0465893 , 0.100952
28.0609 , -0.62866 , 0.0307984 , 0.0739334 , -0.523729 , 0.0386786 , 0.0968006
28.1114 , -0.646593 , 0.0188181 , 0.0695445 , -0.542151 , 0.0308548 , 0.0928465
28.1577 , -0.661891 , 0.0111582 , 0.0645714 , -0.554415 , 0.023763 , 0.0892466
28.1996 , -0.67406 , 0.00413669 , 0.059341 , -0.565935 , 0.0172289 , 0.0853573
28.2429 , -0.684066 , -0.00459064 , 0.0539746 , -0.574302 , 0.0109842 , 0.0834393
28.2835 , -0.690907 , -0.0147464 , 0.0504039 , -0.578097 , 0.00126872 , 0.0818536
28.333 , -0.694275 , -0.0286636 , 0.0490374 , -0.581666 , -0.0137661 , 0.0809368
28.375 , -0.695429 , -0.0445045 , 0.0491887 , -0.582989 , -0.0304073 , 0.0831499
28.4171 , -0.69467 , -0.060277 , 0.0504613 , -0.581963 , -0.04246 , 0.0850775
28.4657 , -0.692285 , -0.0753803 , 0.0519463 , -0.581068 , -0.0566943 , 0.0867838
28.5171 , -0.687092 , -0.0885432 , 0.0516558 , -0.575809 , -0.0734564 , 0.0887568
28.5688 , -0.678674 , -0.103502 , 0.0525132 , -0.569094 , -0.0866578 , 0.0899511
28.6099 , -0.66848 , -0.115723 , 0.052606 , -0.559758 , -0.098789 , 0.0898079
28.6496 , -0.657275 , -0.127044 , 0.0507974 , -0.549733 , -0.108626 , 0.0889473
28.6977 , -0.643318 , -0.136673 , 0.0491141 , -0.538307 , -0.116185 , 0.0871948
28.741 , -0.629616 , -0.14458 , 0.0445466 , -0.524655 , -0.124279 , 0.0837371
28.7873 , -0.615364 , -0.149675 , 0.0376838 , -0.511819 , -0.133081 , 0.077419
28.8337 , -0.602086 , -0.159903 , 0.0322846 , -0.499258 , -0.140134 , 0.0721471
28.8824 , -0.588022 , -0.166429 , 0.025003 , -0.487914 , -0.145291 , 0.0649425
28.9214 , -0.5752 , -0.171533 , 0.0166787 , -0.476653 , -0.148371 , 0.0556297
28.9671 , -0.563765 , -0.174724 , 0.0075194 , -0.467363 , -0.150855 , 0.0474851
29.0065 , -0.551914 , -0.174339 , -0.00294047 , -0.458444 , -0.149869 , 0.0373792
29.0461 , -0.539595 , -0.175043 , -0.0129718 , -0.449336 , -0.149309 , 0.0281534
29.0867 , -0.527595 , -0.173639 , -0.0240252 , -0.441335 , -0.14794 , 0.0186738
29.1321 , -0.515125 , -0.171053 , -0.0358149 , -0.433518 , -0.140935 , 0.00841548
29.168 , -0.503256 , -0.167815 , -0.0440423 , -0.428891 , -0.136975 , 0.00110499
29.2091 , -0.491659 , -0.166575 , -0.0493912 , -0.423504 , -0.137313 , -0.0041947
29.249 , -0.479202 , -0.165423 , -0.0537405 , -0.414946 , -0.13789 , -0.00974178
29.2945 , -0.46854 , -0.163228 , -0.05768 , -0.413927 , -0.140103 , -0.0134995
29.3385 , -0.459064 , -0.163381 , -0.0612952 , -0.409546 , -0.141905 , -0.0174926
29.3889 , -0.450342 , -0.164463 , -0.0638691 , -0.405071 , -0.139113 , -0.0191364
29.4399 , -0.442844 , -0.164827 , -0.065639 , -0.399286 , -0.141303 , -0.0188533
29.4873 , -0.435574 , -0.166396 , -0.0656552 , -0.392179 , -0.143471 , -0.0188608
29.5239 , -0.4315 , -0.165887 , -0.0643736 , -0.389608 , -0.143675 , -0.017961
29.5717 , -0.42766 , -0.162634 , -0.0623333 , -0.382775 , -0.14267 , -0.0152676
29.6086 , -0.421858 , -0.160105 , -0.0594261 , -0.381651 , -0.143817 , -0.0101482
29.6561 , -0.419366 , -0.157169 , -0.0543469 , -0.367196 , -0.146516 , -0.00523912
29.7042 , -0.413693 , -0.155594 , -0.0492816 , -0.367331 , -0.146292 , -0.00322369
29.7424 , -0.415078 , -0.151798 , -0.0435649 , -0.364617 , -0.136862 , 0.00633868
29.789 , -0.416658 , -0.147271 , -0.0378315 , -0.36731 , -0.129229 , 0.0158734
29.8326 , -0.417562 , -0.140078 , -0.0292717 , -0.364852 , -0.128936 , 0.0240175
29.8712 , -0.419894 , -0.137367 , -0.0222642 , -0.364285 , -0.131804 , 0.0328447
29.9091 , -0.422596 , -0.136419 , -0.0128 , -0.361866 , -0.131403 , 0.0392511
29.9574 , -0.425 , -0.131413 , -0.00560808 , -0.360674 , -0.12684 , 0.0460254
30.0002 , -0.427524 , -0.125266 , 0.00121471 , -0.360319 , -0.121042 , 0.0517477
30.038 , -0.429006 , -0.116883 , 0.00653677 , -0.359214 , -0.11467 , 0.0556215
30.08 , -0.430756 , -0.110467 , 0.0130772 , -0.359577 , -0.108993 , 0.0603656
30.1194 , -0.432856 , -0.102263 , 0.019379 , -0.35888 , -0.10167 , 0.0659516
30.1614 , -0.434369 , -0.0932065 , 0.026737 , -0.358232 , -0.0933351 , 0.071354
30.2068 , -0.435737 , -0.0839231 , 0.0340699 , -0.35955 , -0.084814 , 0.0766476
30.2453 , -0.437115 , -0.0737453 , 0.0406078 , -0.358558 , -0.075627 , 0.0803885
30.2923 , -0.437626 , -0.0620197 , 0.046939 , -0.357808 , -0.0673509 , 0.0852056
30.33 , -0.437762 , -0.0526074 , 0.0543308 , -0.35546 , -0.0571315 , 0.0910464
30.3745 , -0.436795 , -0.042102 , 0.0609961 , -0.354347 , -0.047537 , 0.0964568
30.4127 , -0.434958 , -0.032944 , 0.0678257 , -0.350643 , -0.0385588 , 0.101421
30.4589 , -0.432324 , -0.024159 , 0.0751619 , -0.346586 , -0.0308019 , 0.10647
30.4974 , -0.428098 , -0.0148745 , 0.0820749 , -0.325437 , -0.0248748 , 0.121499
30.5424 , -0.425732 , -0.00134639 , 0.0893705 , -0.306062 , -0.0283768 , 0.089363
30.5804 , -0.420097 , 0.00148295 , 0.0953961 , -0.340711 , -0.0415654 , 0.11472
30.6273 , -0.413008 , 0.00846411 , 0.101106 , -0.33145 , -0.0143086 , 0.120758
30.6661 , -0.405612 , 0.0131325 , 0.106476 , -0.322332 , -0.000301175 , 0.130253
30.7133 , -0.398425 , 0.0163966 , 0.110988 , -0.315563 , 0.00570344 , 0.134236
30.7677 , -0.390916 , 0.0204375 , 0.115652 , -0.302014 , 0.00899254 , 0.13793
30.8171 , -0.379589 , 0.0203959 , 0.122222 , -0.288181 , 0.0124597 , 0.139966
30.8662 , -0.370807 , 0.0250832 , 0.12712 , -0.279247 , 0.0152553 , 0.143114
30.9204 , -0.362367 , 0.0292583 , 0.131972 , -0.271757 , 0.0176425 , 0.146787
30.9679 , -0.355192 , 0.0312597 , 0.135656 , -0.265395 , 0.0196403 , 0.149709
31.019 , -0.348424 , 0.0336531 , 0.138545 , -0.258266 , 0.02431 , 0.152189
31.066 , -0.342922 , 0.0368567 , 0.140946 , -0.251982 , 0.0286679 , 0.154092
31.1163 , -0.337623 , 0.0412776 , 0.142914 , -0.246653 , 0.0316916 , 0.156779
31.1693 , -0.333102 , 0.044017 , 0.145813 , -0.242921 , 0.0345222 , 0.159156
31.2188 , -0.329822 , 0.043548 , 0.147911 , -0.23763 , 0.0367478 , 0.162125
31.2645 , -0.326306 , 0.0446103 , 0.149811 , -0.233928 , 0.0404499 , 0.163586
31.308 , -0.323253 , 0.0468521 , 0.151351 , -0.228637 , 0.0427688 , 0.164607
31.3556 , -0.320057 , 0.0487425 , 0.152415 , -0.225819 , 0.0441966 , 0.16452
31.4019 , -0.317584 , 0.05001 , 0.153445 , -0.222252 , 0.0416131 , 0.165666
31.4525 , -0.314902 , 0.0545985 , 0.154225 , -0.221614 , 0.0430931 , 0.166829
31.5053 , -0.313799 , 0.0529624 , 0.155208 , -0.220128 , 0.044618 , 0.167661
31.5549 , -0.312052 , 0.0543958 , 0.156025 , -0.216828 , 0.0466056 , 0.168259
31.6011 , -0.310645 , 0.0553322 , 0.157087 , -0.213813 , 0.0481551 , 0.169748
31.6379 , -0.309303 , 0.0564005 , 0.158499 , -0.211019 , 0.0494776 , 0.170693
31.6837 , -0.308106 , 0.0585882 , 0.159236 , -0.207627 , 0.0548444 , 0.170768
31.721 , -0.306147 , 0.0614026 , 0.159866 , -0.205896 , 0.0545155 , 0.171362
31.768 , -0.304544 , 0.0624104 , 0.160238 , -0.205214 , 0.0550832 , 0.171896
31.8072 , -0.302894 , 0.0623854 , 0.16094 , -0.203264 , 0.0558104 , 0.172421
31.8509 , -0.301179 , 0.0619196 , 0.161612 , -0.199788 , 0.0563784 , 0.172432
31.8879 , -0.299336 , 0.0626258 , 0.161623 , -0.196043 , 0.057812 , 0.172559
31.9409 , -0.296918 , 0.0639714 , 0.161379 , -0.192867 , 0.0583584 , 0.172646
31.9908 , -0.294582 , 0.0645088 , 0.161448 , -0.191042 , 0.0589698 , 0.172256
32.0368 , -0.291843 , 0.0653408 , 0.161341 , -0.188855 , 0.0602998 , 0.172555
32.0738 , -0.288933 , 0.0668864 , 0.161094 , -0.185219 , 0.061698 , 0.172545
32.1177 , -0.285771 , 0.0685773 , 0.160932 , -0.18202 , 0.0625967 , 0.173115
32.1579 , -0.283092 , 0.0688804 , 0.161225 , -0.180348 , 0.0635107 , 0.173374
32.2017 , -0.280327 , 0.0690215 , 0.161437 , -0.176314 , 0.0637099 , 0.173229
32.2417 , -0.278203 , 0.0695494 , 0.161625 , -0.174052 , 0.0642426 , 0.172516
32.2857 , -0.276414 , 0.070496 , 0.16177 , -0.174539 , 0.0648498 , 0.17319
32.3218 , -0.275001 , 0.0710418 , 0.161951 , -0.173301 , 0.0663618 , 0.172756
32.362 , -0.273809 , 0.0718 , 0.162143 , -0.171634 , 0.0665178 , 0.173308
32.4054 , -0.273109 , 0.0708989 , 0.16298 , -0.169572 , 0.0663159 , 0.173789
32.4421 , -0.272611 , 0.0708069 , 0.163856 , -0.169121 , 0.0658136 , 0.174667
32.4885 , -0.274753 , 0.0750323 , 0.164176 , -0.163343 , 0.0683444 , 0.175083
32.5267 , -0.274366 , 0.0764359 , 0.16404 , -0.172307 , 0.0709716 , 0.173638
32.5787 , -0.27396 , 0.0768821 , 0.164264 , -0.173025 , 0.0717367 , 0.174317
32.6219 , -0.272629 , 0.0768853 , 0.164785 , -0.179876 , 0.0719294 , 0.174615
32.6632 , -0.272876 , 0.0768903 , 0.16522 , -0.1667 , 0.0713236 , 0.174811
32.7064 , -0.273115 , 0.0746805 , 0.166179 , -0.165698 , 0.0703479 , 0.174218
32.7429 , -0.272717 , 0.0743506 , 0.166709 , -0.167117 , 0.0687185 , 0.17432
32.7946 , -0.272454 , 0.0741708 , 0.167376 , -0.166598 , 0.068478 , 0.17519
32.8391 , -0.272184 , 0.0743221 , 0.167815 , -0.168657 , 0.0733926 , 0.175758
32.8786 , -0.273708 , 0.0784735 , 0.168339 , -0.169526 , 0.0734314 , 0.176848
32.9278 , -0.27317 , 0.0791584 , 0.168691 , -0.168914 , 0.0741768 , 0.177056
32.9783 , -0.27349 , 0.0801287 , 0.169494 , -0.168039 , 0.07578 , 0.177625
33.0285 , -0.273221 , 0.0800809 , 0.169977 , -0.16755 , 0.0767357 , 0.177757
33.0786 , -0.273035 , 0.0816488 , 0.170514 , -0.167461 , 0.0779909 , 0.17778
33.1238 , -0.272552 , 0.0830244 , 0.17079 , -0.168234 , 0.0786126 , 0.177983
33.1605 , -0.272221 , 0.0830736 , 0.171036 , -0.167719 , 0.0786299 , 0.178526
33.1981 , -0.272194 , 0.0826904 , 0.171493 , -0.167722 , 0.0772631 , 0.179877
33.2445 , -0.271263 , 0.081073 , 0.173074 , -0.163828 , 0.0760987 , 0.179145
33.2823 , -0.271755 , 0.0781153 , 0.174118 , -0.16257 , 0.0733812 , 0.17979
33.3277 , -0.271142 , 0.0770679 , 0.17426 , -0.165266 , 0.0732594 , 0.180141
33.3647 , -0.270784 , 0.0766994 , 0.174435 , -0.164133 , 0.0728313 , 0.180469
33.4117 , -0.270333 , 0.0768733 , 0.174451 , -0.16359 , 0.0738751 , 0.180522
33.4491 , -0.269836 , 0.0773823 , 0.174286 , -0.163054 , 0.0743264 , 0.180376
33.4966 , -0.269267 , 0.0776306 , 0.174514 , -0.162412 , 0.074104 , 0.180525
33.5338 , -0.268698 , 0.0771251 , 0.174973 , -0.161749 , 0.0731161 , 0.180902
33.5786 , -0.268312 , 0.0765679 , 0.175354 , -0.160813 , 0.072356 , 0.180807
33.6157 , -0.267894 , 0.0762808 , 0.175673 , -0.162045 , 0.0722334 , 0.180939
33.6631 , -0.267225 , 0.0769216 , 0.176024 , -0.16349 , 0.0759932 , 0.182394
33.7003 , -0.268681 , 0.0800738 , 0.17734 , -0.164217 , 0.0758935 , 0.182985
33.75 , -0.268042 , 0.0803089 , 0.17727 , -0.162833 , 0.0757465 , 0.182834
33.8007 , -0.267571 , 0.0796904 , 0.177318 , -0.16151 , 0.0753836 , 0.182543
33.8453 , -0.267213 , 0.079493 , 0.177562 , -0.161255 , 0.0755357 , 0.182671
33.8822 , -0.266732 , 0.0798429 , 0.177679 , -0.162012 , 0.0754828 , 0.182377
33.922 , -0.266182 , 0.0812325 , 0.177584 , -0.161949 , 0.0764726 , 0.182315
33.9653 , -0.265906 , 0.0814452 , 0.177556 , -0.161577 , 0.0765527 , 0.18246
34.0015 , -0.265833 , 0.0808599 , 0.177591 , -0.159566 , 0.0739339 , 0.181383
34.0486 , -0.264062 , 0.0788871 , 0.177775 , -0.159941 , 0.07368 , 0.181409
34.0858 , -0.266321 , 0.0782904 , 0.178316 , -0.160925 , 0.0733913 , 0.182007
34.1336 , -0.266054 , 0.0785228 , 0.17835 , -0.162341 , 0.0738138 , 0.182191
34.1705 , -0.265953 , 0.0789649 , 0.178387 , -0.16136 , 0.0744842 , 0.182378
34.2177 , -0.263382 , 0.077245 , 0.178362 , -0.16918 , 0.0734954 , 0.182311
34.2549 , -0.263473 , 0.0776252 , 0.178352 , -0.161539 , 0.0741272 , 0.181613
34.3044 , -0.265407 , 0.0785465 , 0.178623 , -0.161724 , 0.0734703 , 0.1814
34.3531 , -0.265261 , 0.0787862 , 0.17874 , -0.159136 , 0.0712943 , 0.180928
34.3999 , -0.262789 , 0.0767035 , 0.178961 , -0.158034 , 0.0725 , 0.180945
34.4361 , -0.262946 , 0.0765323 , 0.179074 , -0.158827 , 0.0723074 , 0.18107
34.4759 , -0.262837 , 0.0772258 , 0.178971 , -0.161023 , 0.0725098 , 0.181086
34.5182 , -0.262855 , 0.0776967 , 0.178865 , -0.161838 , 0.0727758 , 0.180897
34.5593 , -0.262877 , 0.0777051 , 0.178868 , -0.161607 , 0.0731031 , 0.180631
34.6019 , -0.262915 , 0.0776159 , 0.178915 , -0.161644 , 0.0725542 , 0.181057
34.6435 , -0.263047 , 0.0774018 , 0.179064 , -0.162435 , 0.0725435 , 0.180136
34.6843 , -0.263171 , 0.0772933 , 0.179188 , -0.162656 , 0.0721877 , 0.179933
34.7215 , -0.263204 , 0.0775255 , 0.17916 , -0.163362 , 0.0719113 , 0.179326
34.7573 , -0.263048 , 0.0781625 , 0.179031 , -0.163349 , 0.0728545 , 0.179491
34.8101 , -0.263097 , 0.0783549 , 0.17903 , -0.162145 , 0.0736276 , 0.179717
34.8586 , -0.263243 , 0.076763 , 0.179442 , -0.163798 , 0.0727829 , 0.179531
34.9093 , -0.26325 , 0.0765971 , 0.179468 , -0.163018 , 0.072309 , 0.179257
34.9634 , -0.263093 , 0.0763582 , 0.179509 , -0.163727 , 0.0712421 , 0.178742
35.0133 , -0.26308 , 0.0763187 , 0.179501 , -0.162775 , 0.070899 , 0.179387
35.0579 , -0.262945 , 0.0767411 , 0.179331 , -0.163601 , 0.0713433 , 0.179307
35.1131 , -0.262891 , 0.0767105 , 0.179312 , -0.165374 , 0.0704066 , 0.178432
35.174 , -0.26482 , 0.0755484 , 0.178282 , -0.167347 , 0.0700627 , 0.178062
35.2207 , -0.26436 , 0.0760636 , 0.178044 , -0.167427 , 0.0705523 , 0.177278
35.2638 , -0.264264 , 0.0757847 , 0.178008 , -0.167019 , 0.070993 , 0.177142
35.3043 , -0.264124 , 0.076635 , 0.177843 , -0.164442 , 0.0710574 , 0.176733
35.3465 , -0.263723 , 0.0769365 , 0.177577 , -0.163717 , 0.0710399 , 0.17557
35.3922 , -0.261695 , 0.0771438 , 0.17677 , -0.161924 , 0.0712994 , 0.175157
35.43 , -0.261866 , 0.0771791 , 0.176749 , -0.162575 , 0.0712636 , 0.175886
35.4746 , -0.262263 , 0.0759656 , 0.176912 , -0.163095 , 0.0706788 , 0.176202
35.5124 , -0.262293 , 0.0754523 , 0.176973 , -0.163472 , 0.0697076 , 0.175353
35.5658 , -0.262248 , 0.0759691 , 0.176977 , -0.163808 , 0.0696874 , 0.175142
35.611 , -0.262225 , 0.0762578 , 0.176948 , -0.163834 , 0.0700454 , 0.175226
35.6525 , -0.26224 , 0.0764219 , 0.176934 , -0.163991 , 0.0700537 , 0.175757
35.6993 , -0.262587 , 0.0765055 , 0.177043 , -0.164126 , 0.0706032 , 0.175981
35.7463 , -0.262647 , 0.0760606 , 0.177063 , -0.16436 , 0.0708294 , 0.175262
35.7967 , -0.262665 , 0.0764868 , 0.177109 , -0.164713 , 0.0704572 , 0.174977
35.8519 , -0.262658 , 0.0765351 , 0.177117 , -0.16481 , 0.0705255 , 0.175055
35.8944 , -0.262677 , 0.0762953 , 0.177152 , -0.164839 , 0.0703322 , 0.175449
35.9378 , -0.263002 , 0.0759456 , 0.17725 , -0.164708 , 0.0704082 , 0.175094
35.9784 , -0.263026 , 0.0757986 , 0.177247 , -0.164562 , 0.0702261 , 0.174544
36.0148 , -0.263007 , 0.0755257 , 0.177168 , -0.165376 , 0.0698175 , 0.175177
36.0624 , -0.263007 , 0.0755257 , 0.177168 , -0.165821 , 0.0693671 , 0.175934
36.0994 , -0.263049 , 0.0754218 , 0.177208 , -0.165817 , 0.0695606 , 0.175631
36.1478 , -0.263049 , 0.0754218 , 0.177208 , -0.166067 , 0.0691947 , 0.174752
