832

0.024248 , 0.199778 , 0.0984689 , 0.133582 , 0.185447 , 0.133445 , 0.141936
0.064605 , 0.199705 , 0.098413 , 0.133613 , 0.18849 , 0.126258 , 0.139752
0.110522 , 0.199707 , 0.0983092 , 0.133618 , 0.19735 , 0.120971 , 0.144338
0.1502 , 0.199725 , 0.0982217 , 0.133609 , 0.193285 , 0.117117 , 0.145498
0.19522 , 0.199662 , 0.0982245 , 0.133616 , 0.185453 , 0.113333 , 0.145558
0.234407 , 0.199665 , 0.0981416 , 0.133621 , 0.178859 , 0.11084 , 0.145491
0.277776 , 0.199605 , 0.0981221 , 0.133646 , 0.176438 , 0.110934 , 0.145325
0.315207 , 0.199568 , 0.0980952 , 0.133667 , 0.17755 , 0.111706 , 0.145743
0.36137 , 0.199565 , 0.0980432 , 0.133675 , 0.180577 , 0.112071 , 0.147698
0.400228 , 0.199501 , 0.0980574 , 0.133574 , 0.183401 , 0.112074 , 0.148691
0.442086 , 0.199454 , 0.0980136 , 0.133607 , 0.186503 , 0.111705 , 0.148905
0.482972 , 0.199393 , 0.098005 , 0.133661 , 0.18694 , 0.110264 , 0.148588
0.530529 , 0.19915 , 0.0980737 , 0.133663 , 0.188717 , 0.108286 , 0.14841
0.569604 , 0.199147 , 0.0979963 , 0.133706 , 0.189566 , 0.106874 , 0.149024
0.613877 , 0.199137 , 0.0978998 , 0.133693 , 0.188737 , 0.105673 , 0.148675
0.653675 , 0.19912 , 0.0977892 , 0.133577 , 0.188483 , 0.105435 , 0.148917
0.698131 , 0.198935 , 0.0977652 , 0.13348 , 0.190635 , 0.10524 , 0.148879
0.736718 , 0.198985 , 0.0976379 , 0.133456 , 0.190234 , 0.105541 , 0.149616
0.781958 , 0.19901 , 0.0975321 , 0.133487 , 0.18966 , 0.105523 , 0.149586
0.81986 , 0.199013 , 0.0973779 , 0.133463 , 0.190324 , 0.105403 , 0.149117
0.871326 , 0.198897 , 0.0972389 , 0.133339 , 0.191219 , 0.105148 , 0.148921
0.919417 , 0.198845 , 0.0971261 , 0.133237 , 0.191436 , 0.104865 , 0.148582
0.964058 , 0.198704 , 0.097002 , 0.133169 , 0.191491 , 0.104624 , 0.149297
1.00168 , 0.198166 , 0.0966847 , 0.13321 , 0.189849 , 0.103782 , 0.148664
1.04352 , 0.198196 , 0.0965719 , 0.133217 , 0.190251 , 0.104015 , 0.148649
1.08601 , 0.198083 , 0.0964703 , 0.133138 , 0.190827 , 0.103374 , 0.14848
1.13345 , 0.198098 , 0.0963739 , 0.133079 , 0.191002 , 0.103307 , 0.147752
1.17172 , 0.198098 , 0.0963739 , 0.133079 , 0.191691 , 0.103126 , 0.147361
1.21584 , 0.197824 , 0.096005 , 0.133072 , 0.189517 , 0.102793 , 0.147558
1.25276 , 0.197864 , 0.0959021 , 0.133059 , 0.191949 , 0.102805 , 0.14709
1.28974 , 0.197891 , 0.0957875 , 0.133037 , 0.192075 , 0.102273 , 0.147164
1.33679 , 0.197891 , 0.0957875 , 0.133037 , 0.193361 , 0.102065 , 0.146975
1.37535 , 0.19791 , 0.0956182 , 0.133064 , 0.193235 , 0.101648 , 0.146172
1.41891 , 0.197915 , 0.095443 , 0.132973 , 0.193363 , 0.101717 , 0.146353
1.45828 , 0.197936 , 0.0952748 , 0.132937 , 0.192948 , 0.101792 , 0.146317
1.5038 , 0.197937 , 0.0951107 , 0.132959 , 0.19278 , 0.101859 , 0.146332
1.54201 , 0.197937 , 0.0949178 , 0.132973 , 0.193023 , 0.101574 , 0.146267
1.58875 , 0.197933 , 0.0946384 , 0.132967 , 0.193037 , 0.100919 , 0.145731
1.62677 , 0.19784 , 0.0942555 , 0.132881 , 0.193445 , 0.1008 , 0.145205
1.6717 , 0.19787 , 0.0937291 , 0.132669 , 0.193019 , 0.101147 , 0.145014
1.71017 , 0.197909 , 0.0934402 , 0.132629 , 0.192735 , 0.100731 , 0.14456
1.75591 , 0.197972 , 0.0924739 , 0.132635 , 0.192488 , 0.0998045 , 0.144345
1.79524 , 0.198075 , 0.0919033 , 0.132607 , 0.19394 , 0.099364 , 0.144115
1.83559 , 0.19815 , 0.0914051 , 0.132543 , 0.194124 , 0.0992937 , 0.143918
1.87726 , 0.198279 , 0.0908601 , 0.132365 , 0.194491 , 0.0982915 , 0.143186
1.92193 , 0.1984 , 0.0904649 , 0.132128 , 0.194644 , 0.0981515 , 0.1429
1.96234 , 0.19852 , 0.0900079 , 0.13212 , 0.194996 , 0.0972447 , 0.142411
2.00566 , 0.198646 , 0.0895217 , 0.132231 , 0.195991 , 0.0961114 , 0.142757
2.04486 , 0.19889 , 0.0890723 , 0.132559 , 0.196197 , 0.095993 , 0.142787
2.09018 , 0.199058 , 0.0884771 , 0.132799 , 0.196437 , 0.0955785 , 0.142925
2.12875 , 0.199372 , 0.0880703 , 0.132694 , 0.196557 , 0.0950851 , 0.142658
2.17537 , 0.19996 , 0.087708 , 0.132401 , 0.197738 , 0.0946162 , 0.142432
2.21321 , 0.200618 , 0.0872314 , 0.132825 , 0.198964 , 0.0940967 , 0.142241
2.25771 , 0.200636 , 0.0871139 , 0.133247 , 0.199201 , 0.0936418 , 0.143043
2.29518 , 0.201164 , 0.0866313 , 0.133788 , 0.199528 , 0.0931037 , 0.14286
2.34178 , 0.20169 , 0.0858902 , 0.134096 , 0.200964 , 0.0924091 , 0.142513
2.37895 , 0.202038 , 0.0856656 , 0.134041 , 0.20115 , 0.0916804 , 0.142505
2.42801 , 0.202162 , 0.0856351 , 0.134044 , 0.200767 , 0.0912184 , 0.14183
2.47611 , 0.202088 , 0.085643 , 0.134196 , 0.200396 , 0.0899896 , 0.142756
2.5142 , 0.201669 , 0.085781 , 0.134743 , 0.200368 , 0.089304 , 0.144533
2.56037 , 0.200846 , 0.0860917 , 0.135771 , 0.200516 , 0.0886514 , 0.145961
2.60227 , 0.199988 , 0.0864207 , 0.136555 , 0.199663 , 0.0882104 , 0.147409
2.64719 , 0.198816 , 0.0874336 , 0.137325 , 0.19761 , 0.0895682 , 0.148357
2.6938 , 0.197123 , 0.0894587 , 0.137539 , 0.194503 , 0.0911584 , 0.148457
2.73042 , 0.194533 , 0.0912621 , 0.138711 , 0.191637 , 0.0914776 , 0.150429
2.77729 , 0.19188 , 0.0931851 , 0.140197 , 0.191076 , 0.0934745 , 0.152846
2.81355 , 0.190562 , 0.0961999 , 0.144207 , 0.187898 , 0.0972661 , 0.155532
2.84964 , 0.190134 , 0.102295 , 0.144841 , 0.196713 , 0.10527 , 0.152782
2.89595 , 0.189739 , 0.108873 , 0.144998 , 0.181811 , 0.110535 , 0.15507
2.93517 , 0.189203 , 0.116488 , 0.146566 , 0.181716 , 0.118233 , 0.157677
2.97983 , 0.188333 , 0.124142 , 0.149491 , 0.183144 , 0.126358 , 0.161572
3.01973 , 0.187845 , 0.132182 , 0.15402 , 0.183467 , 0.134804 , 0.166134
3.06482 , 0.18873 , 0.141311 , 0.157738 , 0.185861 , 0.144773 , 0.170065
3.10875 , 0.19111 , 0.151028 , 0.161968 , 0.185197 , 0.155715 , 0.174042
3.15378 , 0.193475 , 0.161776 , 0.166072 , 0.188977 , 0.166796 , 0.177062
3.20454 , 0.196016 , 0.172426 , 0.169603 , 0.190398 , 0.176678 , 0.180738
3.25168 , 0.198264 , 0.182228 , 0.172145 , 0.192433 , 0.188165 , 0.182886
3.30669 , 0.200848 , 0.193736 , 0.174922 , 0.195533 , 0.200201 , 0.185216
3.35506 , 0.204377 , 0.205981 , 0.17862 , 0.199403 , 0.21302 , 0.187108
3.40333 , 0.208761 , 0.217567 , 0.182124 , 0.204163 , 0.225128 , 0.189789
3.45072 , 0.213326 , 0.230156 , 0.18572 , 0.206869 , 0.238664 , 0.192264
3.49261 , 0.218025 , 0.241776 , 0.188473 , 0.210955 , 0.251852 , 0.194415
3.5332 , 0.222797 , 0.254678 , 0.191776 , 0.215273 , 0.266181 , 0.196268
3.57119 , 0.227751 , 0.268237 , 0.195029 , 0.220748 , 0.279953 , 0.199729
3.61781 , 0.233093 , 0.282155 , 0.198612 , 0.226598 , 0.296108 , 0.202271
3.65519 , 0.239575 , 0.29668 , 0.202711 , 0.232709 , 0.311743 , 0.206233
3.70305 , 0.246442 , 0.312703 , 0.207375 , 0.240609 , 0.329181 , 0.210171
3.74973 , 0.254322 , 0.328678 , 0.212454 , 0.24808 , 0.347746 , 0.213326
3.78923 , 0.262083 , 0.345137 , 0.217695 , 0.255694 , 0.364013 , 0.219291
3.83334 , 0.270369 , 0.360221 , 0.224177 , 0.264032 , 0.381924 , 0.226362
3.87025 , 0.278175 , 0.376779 , 0.23117 , 0.275156 , 0.396822 , 0.23503
3.91111 , 0.285746 , 0.390737 , 0.237471 , 0.283903 , 0.413832 , 0.239273
3.95178 , 0.293043 , 0.403681 , 0.242487 , 0.293597 , 0.426403 , 0.245427
3.99076 , 0.299751 , 0.414739 , 0.247048 , 0.302321 , 0.439599 , 0.250635
4.03547 , 0.304182 , 0.425694 , 0.250329 , 0.312706 , 0.447245 , 0.25524
4.07324 , 0.306389 , 0.43429 , 0.253292 , 0.316408 , 0.452816 , 0.257562
4.12038 , 0.309293 , 0.435782 , 0.254399 , 0.322873 , 0.45573 , 0.259463
4.15711 , 0.310459 , 0.43653 , 0.255437 , 0.325148 , 0.455791 , 0.259285
4.20016 , 0.310327 , 0.434596 , 0.25494 , 0.32689 , 0.452769 , 0.258353
4.24067 , 0.30866 , 0.43064 , 0.25317 , 0.326947 , 0.44965 , 0.255666
4.29357 , 0.305397 , 0.425831 , 0.250186 , 0.324442 , 0.44611 , 0.25091
4.34037 , 0.300657 , 0.41935 , 0.245863 , 0.32112 , 0.439022 , 0.248581
4.38979 , 0.296205 , 0.412308 , 0.242053 , 0.318334 , 0.430619 , 0.245059
4.43197 , 0.291634 , 0.403182 , 0.23829 , 0.315107 , 0.421089 , 0.24026
4.4742 , 0.287194 , 0.393657 , 0.23487 , 0.311605 , 0.412028 , 0.235917
4.51513 , 0.283252 , 0.383513 , 0.230864 , 0.30706 , 0.401431 , 0.230091
4.55452 , 0.280246 , 0.37139 , 0.226995 , 0.302964 , 0.388116 , 0.225199
4.59561 , 0.277105 , 0.359427 , 0.223255 , 0.30026 , 0.377478 , 0.219868
4.63883 , 0.273892 , 0.347277 , 0.218759 , 0.297804 , 0.36437 , 0.215892
4.68067 , 0.270636 , 0.334571 , 0.21448 , 0.294741 , 0.352153 , 0.212056
4.72196 , 0.267957 , 0.322626 , 0.210629 , 0.293266 , 0.340506 , 0.206882
4.76309 , 0.265467 , 0.311132 , 0.206724 , 0.291347 , 0.328716 , 0.203629
4.80405 , 0.264412 , 0.29941 , 0.201508 , 0.292027 , 0.317481 , 0.198964
4.84275 , 0.264006 , 0.28784 , 0.197457 , 0.291589 , 0.305899 , 0.193631
4.8852 , 0.262196 , 0.275132 , 0.192399 , 0.290005 , 0.292078 , 0.189949
4.92582 , 0.260039 , 0.263732 , 0.187377 , 0.287583 , 0.279692 , 0.18502
4.96447 , 0.257565 , 0.250099 , 0.181687 , 0.286496 , 0.266287 , 0.179507
5.0093 , 0.255573 , 0.236926 , 0.175975 , 0.283579 , 0.253617 , 0.172618
5.0464 , 0.254658 , 0.224823 , 0.169886 , 0.28264 , 0.242181 , 0.16658
5.0931 , 0.252742 , 0.214262 , 0.164777 , 0.280323 , 0.231498 , 0.162075
5.132 , 0.251832 , 0.204248 , 0.160973 , 0.279355 , 0.221215 , 0.158298
5.18181 , 0.250824 , 0.195997 , 0.15626 , 0.27731 , 0.211209 , 0.153582
5.22859 , 0.24933 , 0.187011 , 0.151644 , 0.275031 , 0.20362 , 0.148928
5.27637 , 0.24801 , 0.180342 , 0.147292 , 0.27266 , 0.196972 , 0.144507
5.32418 , 0.24679 , 0.175089 , 0.144175 , 0.270668 , 0.191821 , 0.142457
5.36887 , 0.246315 , 0.170795 , 0.142576 , 0.267343 , 0.187688 , 0.142577
5.41233 , 0.246657 , 0.167804 , 0.142507 , 0.265425 , 0.183983 , 0.143555
5.45976 , 0.245512 , 0.165459 , 0.145091 , 0.256034 , 0.177153 , 0.149728
5.50132 , 0.233686 , 0.160766 , 0.153146 , 0.258781 , 0.170108 , 0.157783
5.55335 , 0.235816 , 0.15599 , 0.157245 , 0.260906 , 0.168605 , 0.161863
5.60328 , 0.238235 , 0.154899 , 0.161219 , 0.262557 , 0.167946 , 0.167132
5.64611 , 0.240726 , 0.155573 , 0.165231 , 0.283055 , 0.17632 , 0.170193
5.68543 , 0.253461 , 0.163239 , 0.164896 , 0.274477 , 0.176259 , 0.172271
5.72908 , 0.253928 , 0.164681 , 0.168116 , 0.271764 , 0.175333 , 0.174922
5.76648 , 0.25441 , 0.16623 , 0.169441 , 0.272816 , 0.175103 , 0.176429
5.81557 , 0.253831 , 0.167469 , 0.168759 , 0.273648 , 0.17473 , 0.176429
5.85679 , 0.255216 , 0.164757 , 0.169165 , 0.278376 , 0.171898 , 0.177301
5.89569 , 0.255069 , 0.164971 , 0.166661 , 0.276625 , 0.169213 , 0.176001
5.9331 , 0.252565 , 0.164359 , 0.163722 , 0.287834 , 0.171085 , 0.167401
5.97011 , 0.257039 , 0.163333 , 0.158524 , 0.269185 , 0.172614 , 0.160565
6.01483 , 0.25219 , 0.163628 , 0.155891 , 0.27522 , 0.171673 , 0.159916
6.05174 , 0.251319 , 0.160037 , 0.154926 , 0.271013 , 0.166425 , 0.161138
6.10109 , 0.250469 , 0.15731 , 0.150484 , 0.270918 , 0.163643 , 0.158646
6.13942 , 0.248425 , 0.153898 , 0.146827 , 0.268144 , 0.164127 , 0.151661
6.18461 , 0.246529 , 0.151872 , 0.14097 , 0.266488 , 0.164089 , 0.143159
6.22351 , 0.244577 , 0.149322 , 0.135023 , 0.262903 , 0.163481 , 0.134784
6.26813 , 0.242795 , 0.146536 , 0.128144 , 0.257451 , 0.160721 , 0.127816
6.3067 , 0.240799 , 0.14249 , 0.121621 , 0.253737 , 0.156611 , 0.12121
6.35203 , 0.238631 , 0.137155 , 0.113841 , 0.250107 , 0.15245 , 0.112288
6.38949 , 0.236522 , 0.132425 , 0.10417 , 0.245906 , 0.150259 , 0.101501
6.43523 , 0.23511 , 0.127899 , 0.0945014 , 0.238941 , 0.147015 , 0.0877455
6.47266 , 0.232726 , 0.1223 , 0.0820437 , 0.232627 , 0.141044 , 0.0746841
6.51883 , 0.231166 , 0.114868 , 0.0706419 , 0.227453 , 0.134283 , 0.0615265
6.55665 , 0.228805 , 0.107114 , 0.0578872 , 0.22407 , 0.126523 , 0.0476823
6.60396 , 0.227365 , 0.099058 , 0.043815 , 0.220019 , 0.121508 , 0.0314962
6.64527 , 0.225223 , 0.0918568 , 0.0236317 , 0.217301 , 0.113963 , 0.0173015
6.68768 , 0.223624 , 0.0851121 , 0.00509659 , 0.21241 , 0.110061 , -0.00646114
6.72466 , 0.223575 , 0.0794302 , -0.0124726 , 0.20673 , 0.105658 , -0.031254
6.77258 , 0.222237 , 0.0739644 , -0.0333362 , 0.20422 , 0.0988549 , -0.0534036
6.81203 , 0.220686 , 0.0681038 , -0.0570327 , 0.198118 , 0.094775 , -0.0767246
6.85566 , 0.220403 , 0.0619827 , -0.073921 , 0.200499 , 0.0856905 , -0.0989319
6.89162 , 0.220755 , 0.0549162 , -0.0919106 , 0.200801 , 0.077971 , -0.118065
6.94081 , 0.22135 , 0.0488133 , -0.105735 , 0.204526 , 0.0696131 , -0.133451
6.98751 , 0.221206 , 0.0435234 , -0.115298 , 0.210716 , 0.0595203 , -0.140779
7.02429 , 0.220972 , 0.0373195 , -0.119607 , 0.21049 , 0.0559828 , -0.144126
7.0637 , 0.220125 , 0.0366167 , -0.120126 , 0.213042 , 0.0539757 , -0.143452
7.10567 , 0.218557 , 0.0374092 , -0.117352 , 0.216654 , 0.0555001 , -0.139231
7.14491 , 0.216776 , 0.0411862 , -0.113797 , 0.218621 , 0.060961 , -0.134612
7.19168 , 0.214817 , 0.0462112 , -0.10773 , 0.221985 , 0.0662811 , -0.126846
7.23212 , 0.212977 , 0.0527709 , -0.101682 , 0.224208 , 0.0725482 , -0.117347
7.2712 , 0.211192 , 0.0606546 , -0.0935042 , 0.224488 , 0.0779107 , -0.111534
7.3109 , 0.210714 , 0.0667185 , -0.0849663 , 0.227419 , 0.0798352 , -0.104003
7.36079 , 0.210242 , 0.0725191 , -0.076929 , 0.227244 , 0.0864048 , -0.0976623
7.41027 , 0.209683 , 0.0777566 , -0.0711659 , 0.2293 , 0.0913427 , -0.0897564
7.45429 , 0.209319 , 0.0821227 , -0.063874 , 0.229161 , 0.0956945 , -0.0816894
7.4924 , 0.209427 , 0.0868868 , -0.0561418 , 0.229161 , 0.100108 , -0.0723526
7.52889 , 0.210371 , 0.092125 , -0.0482538 , 0.227695 , 0.106793 , -0.0635645
7.58085 , 0.211448 , 0.098487 , -0.039083 , 0.230648 , 0.110923 , -0.050996
7.63075 , 0.210904 , 0.105067 , -0.0288616 , 0.233879 , 0.118031 , -0.0360836
7.67329 , 0.210894 , 0.111726 , -0.0156012 , 0.236079 , 0.122874 , -0.0217318
7.71109 , 0.210992 , 0.117513 , -0.00439531 , 0.235102 , 0.128083 , -0.0104801
7.74646 , 0.209732 , 0.123893 , 0.00537526 , 0.232797 , 0.131947 , 0.00324751
7.79391 , 0.210623 , 0.128193 , 0.0161798 , 0.232575 , 0.136358 , 0.0143213
7.8356 , 0.210443 , 0.133758 , 0.0260424 , 0.231603 , 0.140223 , 0.0279995
7.87613 , 0.210993 , 0.138826 , 0.0345509 , 0.232884 , 0.143311 , 0.041797
7.91303 , 0.21083 , 0.142908 , 0.0438996 , 0.23089 , 0.146312 , 0.0532527
7.9499 , 0.21039 , 0.144711 , 0.0532324 , 0.229512 , 0.150592 , 0.0608692
8.00177 , 0.208957 , 0.147709 , 0.0583524 , 0.226329 , 0.153449 , 0.065528
8.05198 , 0.207572 , 0.148927 , 0.0622579 , 0.22283 , 0.154059 , 0.0702427
8.10104 , 0.20647 , 0.147916 , 0.0667013 , 0.220273 , 0.153856 , 0.0749647
8.15105 , 0.204267 , 0.147694 , 0.0697149 , 0.216677 , 0.152934 , 0.0793584
8.20068 , 0.201914 , 0.146616 , 0.0731799 , 0.212407 , 0.151714 , 0.0828442
8.25267 , 0.19908 , 0.144157 , 0.0764766 , 0.211605 , 0.14829 , 0.086475
8.30315 , 0.196988 , 0.143094 , 0.0778036 , 0.207262 , 0.146435 , 0.0882005
8.35045 , 0.193625 , 0.140238 , 0.0787871 , 0.203144 , 0.144784 , 0.0885291
8.40761 , 0.191175 , 0.139267 , 0.0790119 , 0.197393 , 0.142639 , 0.0886222
8.45296 , 0.188366 , 0.136874 , 0.0792 , 0.192976 , 0.140171 , 0.089504
8.50133 , 0.186132 , 0.133956 , 0.0787284 , 0.191793 , 0.139275 , 0.0885919
8.55635 , 0.184265 , 0.132399 , 0.0784904 , 0.192186 , 0.135913 , 0.0890684
8.60408 , 0.181924 , 0.127658 , 0.0762982 , 0.18806 , 0.13227 , 0.0884572
8.6496 , 0.179905 , 0.126117 , 0.0761903 , 0.184617 , 0.129817 , 0.0870893
8.69621 , 0.178211 , 0.12495 , 0.0751242 , 0.182831 , 0.127963 , 0.0868467
8.74065 , 0.177191 , 0.123672 , 0.072571 , 0.179751 , 0.126406 , 0.0854255
8.78753 , 0.175433 , 0.122178 , 0.0726446 , 0.179769 , 0.124997 , 0.0852474
8.84081 , 0.174565 , 0.119982 , 0.0724819 , 0.180842 , 0.124991 , 0.0853418
8.89019 , 0.172502 , 0.118611 , 0.0722228 , 0.176027 , 0.122708 , 0.082382
8.94026 , 0.17194 , 0.117047 , 0.0704077 , 0.175166 , 0.122154 , 0.0826432
8.99012 , 0.17046 , 0.115935 , 0.0705215 , 0.172146 , 0.119687 , 0.082806
9.04143 , 0.169161 , 0.114551 , 0.0706307 , 0.168897 , 0.117856 , 0.0834162
9.09189 , 0.167904 , 0.113221 , 0.0709482 , 0.170121 , 0.116856 , 0.0846313
9.14718 , 0.169356 , 0.111865 , 0.0722348 , 0.172293 , 0.116471 , 0.0851775
9.18528 , 0.170647 , 0.109862 , 0.0731722 , 0.171659 , 0.115726 , 0.0854298
9.22992 , 0.170152 , 0.108444 , 0.0734029 , 0.170722 , 0.114121 , 0.0864377
9.27805 , 0.169772 , 0.10682 , 0.0727203 , 0.168614 , 0.113265 , 0.0856296
9.32806 , 0.169743 , 0.105268 , 0.071149 , 0.170211 , 0.112168 , 0.0844344
9.38062 , 0.1702 , 0.104253 , 0.0706194 , 0.1689 , 0.110394 , 0.0830439
9.42368 , 0.170023 , 0.103033 , 0.0708709 , 0.169413 , 0.107562 , 0.083797
9.47876 , 0.170458 , 0.101076 , 0.0708573 , 0.170966 , 0.107191 , 0.0845126
9.52285 , 0.170664 , 0.100012 , 0.070622 , 0.170395 , 0.106734 , 0.0835299
9.56041 , 0.170981 , 0.0981792 , 0.0702042 , 0.170945 , 0.104864 , 0.081644
9.61059 , 0.172723 , 0.0953882 , 0.0689174 , 0.173197 , 0.102069 , 0.0808998
9.65626 , 0.173748 , 0.0931966 , 0.0686005 , 0.173152 , 0.101253 , 0.0816697
9.69877 , 0.174024 , 0.0911089 , 0.0685528 , 0.17251 , 0.10003 , 0.0800736
9.73983 , 0.175427 , 0.0888789 , 0.0685539 , 0.173877 , 0.0983239 , 0.0802575
9.78408 , 0.176519 , 0.0871508 , 0.0683924 , 0.175689 , 0.0948643 , 0.0780053
9.82303 , 0.179089 , 0.0845306 , 0.0674607 , 0.178456 , 0.0937225 , 0.0770804
9.86614 , 0.182164 , 0.0821308 , 0.0665691 , 0.180872 , 0.0911138 , 0.0752556
9.90754 , 0.185024 , 0.0800928 , 0.0660304 , 0.185126 , 0.0877031 , 0.0750097
9.94477 , 0.188329 , 0.0780585 , 0.0662346 , 0.189482 , 0.0846831 , 0.0744164
9.99189 , 0.191517 , 0.0764278 , 0.0663967 , 0.194072 , 0.0834767 , 0.073651
10.0326 , 0.195216 , 0.0745478 , 0.0669474 , 0.197146 , 0.082729 , 0.0737789
10.0755 , 0.198484 , 0.0735504 , 0.0673691 , 0.200865 , 0.0807415 , 0.073089
10.1176 , 0.201675 , 0.072628 , 0.0675769 , 0.206608 , 0.0794918 , 0.0729951
10.159 , 0.204693 , 0.0725772 , 0.0673808 , 0.207393 , 0.077633 , 0.0729631
10.202 , 0.205414 , 0.0722188 , 0.0674922 , 0.210927 , 0.0771268 , 0.0734841
10.245 , 0.206553 , 0.072737 , 0.0680222 , 0.213529 , 0.0751768 , 0.0733352
10.2836 , 0.207635 , 0.0725511 , 0.0679199 , 0.216557 , 0.0747328 , 0.0734566
10.3325 , 0.209305 , 0.0721232 , 0.0687268 , 0.216884 , 0.073539 , 0.0750082
10.3788 , 0.210269 , 0.0729187 , 0.0701039 , 0.217632 , 0.0739316 , 0.0757545
10.4377 , 0.210618 , 0.0741527 , 0.0712828 , 0.219356 , 0.0749869 , 0.0778443
10.482 , 0.211573 , 0.0768725 , 0.0709459 , 0.222672 , 0.0744194 , 0.0793185
10.5323 , 0.211992 , 0.0789204 , 0.072093 , 0.223522 , 0.0770746 , 0.0793565
10.5814 , 0.212148 , 0.0841305 , 0.0736737 , 0.22371 , 0.0773428 , 0.083288
10.6346 , 0.211651 , 0.085929 , 0.075525 , 0.224354 , 0.0809131 , 0.0868367
10.6806 , 0.210895 , 0.0901718 , 0.0775005 , 0.223268 , 0.0836771 , 0.0893467
10.7198 , 0.210378 , 0.0949331 , 0.0790138 , 0.2218 , 0.0881588 , 0.0914459
10.7638 , 0.209028 , 0.101095 , 0.0802932 , 0.22379 , 0.0935097 , 0.0934601
10.807 , 0.209892 , 0.108603 , 0.0825817 , 0.218923 , 0.100825 , 0.0945284
10.8506 , 0.208113 , 0.115502 , 0.0861622 , 0.218739 , 0.107649 , 0.0986205
10.9026 , 0.205851 , 0.123594 , 0.0921297 , 0.215731 , 0.116469 , 0.102815
10.9489 , 0.207764 , 0.136076 , 0.0937782 , 0.217982 , 0.129752 , 0.104447
10.9861 , 0.208546 , 0.149518 , 0.0966268 , 0.219103 , 0.142377 , 0.107895
11.0318 , 0.209147 , 0.162326 , 0.100282 , 0.218895 , 0.156991 , 0.111169
11.0692 , 0.209945 , 0.175316 , 0.10447 , 0.2189 , 0.170574 , 0.118095
11.122 , 0.211146 , 0.189397 , 0.109541 , 0.220016 , 0.185967 , 0.124041
11.1712 , 0.213284 , 0.204286 , 0.114748 , 0.22256 , 0.200572 , 0.130838
11.2151 , 0.214664 , 0.220235 , 0.12278 , 0.227434 , 0.220426 , 0.137972
11.2559 , 0.218715 , 0.238735 , 0.129316 , 0.228443 , 0.240522 , 0.14289
11.299 , 0.222585 , 0.255636 , 0.138598 , 0.233334 , 0.259398 , 0.150983
11.341 , 0.228152 , 0.272831 , 0.146547 , 0.235971 , 0.283059 , 0.159724
11.3829 , 0.233734 , 0.29193 , 0.157198 , 0.240962 , 0.307601 , 0.169533
11.4242 , 0.239598 , 0.312414 , 0.167411 , 0.246223 , 0.329966 , 0.179367
11.4668 , 0.245304 , 0.33329 , 0.178113 , 0.250733 , 0.352234 , 0.187436
11.5015 , 0.251215 , 0.352692 , 0.186809 , 0.25655 , 0.3725 , 0.194361
11.539 , 0.256613 , 0.371856 , 0.195835 , 0.263536 , 0.391002 , 0.20184
11.5854 , 0.261435 , 0.391394 , 0.204063 , 0.267966 , 0.409467 , 0.20942
11.6216 , 0.267812 , 0.404154 , 0.211227 , 0.270368 , 0.436533 , 0.217942
11.6696 , 0.268684 , 0.426634 , 0.216567 , 0.279105 , 0.447515 , 0.225554
11.7057 , 0.273477 , 0.438377 , 0.224516 , 0.283223 , 0.459711 , 0.233499
11.7538 , 0.27723 , 0.449932 , 0.228771 , 0.293147 , 0.469055 , 0.239674
11.79 , 0.280184 , 0.457681 , 0.2325 , 0.299473 , 0.476258 , 0.24282
11.8434 , 0.282665 , 0.462741 , 0.235269 , 0.303234 , 0.478149 , 0.245802
11.8918 , 0.28157 , 0.464801 , 0.23376 , 0.30427 , 0.478202 , 0.245382
11.9373 , 0.281035 , 0.462098 , 0.233387 , 0.308695 , 0.472416 , 0.246366
11.9803 , 0.279942 , 0.457326 , 0.231744 , 0.310256 , 0.466504 , 0.242247
12.0221 , 0.277111 , 0.451587 , 0.228386 , 0.306354 , 0.459012 , 0.236957
12.0628 , 0.274833 , 0.444586 , 0.224961 , 0.308959 , 0.45294 , 0.23204
12.1017 , 0.271748 , 0.43711 , 0.220683 , 0.308681 , 0.444339 , 0.22732
12.1489 , 0.267888 , 0.427459 , 0.216634 , 0.304459 , 0.437057 , 0.22093
12.1877 , 0.266504 , 0.415018 , 0.21253 , 0.298484 , 0.42807 , 0.214243
12.2303 , 0.262981 , 0.404537 , 0.209594 , 0.29172 , 0.411265 , 0.211868
12.2718 , 0.265056 , 0.389168 , 0.210113 , 0.293771 , 0.40897 , 0.20275
12.3127 , 0.261201 , 0.379432 , 0.206596 , 0.302501 , 0.3897 , 0.207936
12.3552 , 0.259409 , 0.368974 , 0.2034 , 0.300778 , 0.378248 , 0.205266
12.3974 , 0.260895 , 0.356392 , 0.199762 , 0.295488 , 0.367846 , 0.19971
12.4398 , 0.259002 , 0.344687 , 0.195709 , 0.297768 , 0.356071 , 0.197156
12.4822 , 0.257938 , 0.332933 , 0.191887 , 0.297778 , 0.343689 , 0.192865
12.5231 , 0.255238 , 0.319731 , 0.187427 , 0.294809 , 0.332827 , 0.188288
12.5642 , 0.252801 , 0.31015 , 0.184618 , 0.292764 , 0.323327 , 0.185579
12.6077 , 0.250798 , 0.29866 , 0.18136 , 0.293314 , 0.312302 , 0.181407
12.6523 , 0.248433 , 0.287664 , 0.178206 , 0.288499 , 0.301181 , 0.177953
12.691 , 0.245053 , 0.277051 , 0.175097 , 0.285422 , 0.289232 , 0.176511
12.7356 , 0.241981 , 0.266151 , 0.171932 , 0.282095 , 0.279597 , 0.172948
12.7748 , 0.239317 , 0.255766 , 0.169179 , 0.27997 , 0.271235 , 0.170213
12.8171 , 0.237483 , 0.248148 , 0.166714 , 0.276055 , 0.262122 , 0.1666
12.8594 , 0.234442 , 0.237338 , 0.162949 , 0.271414 , 0.25335 , 0.162775
12.9007 , 0.231397 , 0.228934 , 0.159652 , 0.265052 , 0.244904 , 0.159325
12.9431 , 0.228116 , 0.220332 , 0.156845 , 0.25994 , 0.237892 , 0.155929
12.9847 , 0.225293 , 0.211819 , 0.154349 , 0.254772 , 0.22913 , 0.155352
13.029 , 0.221955 , 0.203455 , 0.15307 , 0.249935 , 0.221193 , 0.154172
13.071 , 0.218773 , 0.196211 , 0.152465 , 0.243553 , 0.213254 , 0.152445
13.1105 , 0.215531 , 0.188884 , 0.151026 , 0.240335 , 0.207871 , 0.1494
13.15 , 0.213356 , 0.18292 , 0.148564 , 0.234446 , 0.201832 , 0.148052
13.1947 , 0.210543 , 0.176989 , 0.147273 , 0.232096 , 0.196334 , 0.146646
13.2347 , 0.208798 , 0.171425 , 0.146584 , 0.227682 , 0.190676 , 0.146613
13.2787 , 0.208132 , 0.167505 , 0.146202 , 0.226375 , 0.186652 , 0.147281
13.319 , 0.207572 , 0.163726 , 0.14646 , 0.222395 , 0.183215 , 0.147805
13.3657 , 0.206788 , 0.161009 , 0.146479 , 0.221244 , 0.180196 , 0.148631
13.4086 , 0.207393 , 0.158931 , 0.148884 , 0.221628 , 0.17644 , 0.150654
13.4535 , 0.209532 , 0.158101 , 0.148347 , 0.225905 , 0.172201 , 0.151583
13.4996 , 0.209087 , 0.15657 , 0.151823 , 0.218983 , 0.16915 , 0.15601
13.5415 , 0.208259 , 0.154734 , 0.153534 , 0.226291 , 0.170242 , 0.158096
13.5781 , 0.209057 , 0.155411 , 0.155644 , 0.227708 , 0.166707 , 0.161726
13.6239 , 0.21559 , 0.158254 , 0.156611 , 0.217239 , 0.170314 , 0.161555
13.6682 , 0.211566 , 0.157787 , 0.157857 , 0.225243 , 0.171026 , 0.162618
13.7196 , 0.212504 , 0.158522 , 0.15934 , 0.227511 , 0.171923 , 0.164953
13.7645 , 0.21356 , 0.159362 , 0.160563 , 0.227102 , 0.172211 , 0.166092
13.8067 , 0.215082 , 0.161034 , 0.162423 , 0.228062 , 0.172641 , 0.169703
13.8497 , 0.218008 , 0.162325 , 0.164851 , 0.228929 , 0.171958 , 0.170461
13.8886 , 0.219685 , 0.164401 , 0.166127 , 0.230683 , 0.174261 , 0.172458
13.9346 , 0.221542 , 0.165874 , 0.167402 , 0.23104 , 0.177416 , 0.173389
13.9739 , 0.22623 , 0.168679 , 0.168159 , 0.231278 , 0.181656 , 0.173449
14.0177 , 0.220467 , 0.169555 , 0.168723 , 0.230945 , 0.175626 , 0.178705
14.056 , 0.233246 , 0.176246 , 0.165628 , 0.24223 , 0.187052 , 0.169402
14.1016 , 0.235762 , 0.180141 , 0.165413 , 0.245959 , 0.185281 , 0.172396
14.1413 , 0.240377 , 0.184066 , 0.165488 , 0.24807 , 0.189887 , 0.172285
14.1869 , 0.244778 , 0.188581 , 0.164911 , 0.25333 , 0.196029 , 0.170498
14.2244 , 0.249259 , 0.193977 , 0.16354 , 0.256243 , 0.200813 , 0.169353
14.2684 , 0.253456 , 0.198256 , 0.162419 , 0.268416 , 0.20722 , 0.162698
14.3133 , 0.261683 , 0.204586 , 0.155496 , 0.26221 , 0.208787 , 0.164752
14.3568 , 0.24548 , 0.205251 , 0.159218 , 0.261063 , 0.20512 , 0.169848
14.4038 , 0.259403 , 0.21026 , 0.161668 , 0.263533 , 0.217293 , 0.158182
14.4416 , 0.260793 , 0.211746 , 0.159072 , 0.271438 , 0.213639 , 0.162078
14.4878 , 0.261685 , 0.217569 , 0.153523 , 0.270257 , 0.215775 , 0.161134
14.5256 , 0.264312 , 0.220834 , 0.148042 , 0.273448 , 0.219384 , 0.155383
14.5715 , 0.267146 , 0.224705 , 0.143881 , 0.276561 , 0.230261 , 0.147124
14.6082 , 0.26781 , 0.228047 , 0.139998 , 0.280459 , 0.235018 , 0.140103
14.6573 , 0.269729 , 0.233168 , 0.133611 , 0.282148 , 0.236174 , 0.135026
14.6963 , 0.273153 , 0.232175 , 0.12844 , 0.285739 , 0.23647 , 0.130553
14.7392 , 0.276162 , 0.232453 , 0.122227 , 0.288284 , 0.238379 , 0.124863
14.7767 , 0.278098 , 0.233008 , 0.116468 , 0.289243 , 0.240535 , 0.11913
14.8248 , 0.278798 , 0.232314 , 0.112573 , 0.290611 , 0.24249 , 0.113874
14.8641 , 0.279991 , 0.233264 , 0.110041 , 0.294438 , 0.251734 , 0.10699
14.9074 , 0.278171 , 0.235551 , 0.107006 , 0.293832 , 0.249622 , 0.107807
14.9439 , 0.278849 , 0.232938 , 0.107513 , 0.285064 , 0.251178 , 0.107246
14.9912 , 0.277614 , 0.229697 , 0.108173 , 0.283268 , 0.252166 , 0.108649
15.0273 , 0.276667 , 0.22787 , 0.108426 , 0.27935 , 0.252515 , 0.107369
15.0755 , 0.274733 , 0.22541 , 0.108194 , 0.275471 , 0.250513 , 0.103862
15.1116 , 0.271733 , 0.222803 , 0.107296 , 0.270855 , 0.248456 , 0.100023
15.159 , 0.268796 , 0.218216 , 0.105232 , 0.264622 , 0.244261 , 0.09738
15.1956 , 0.264441 , 0.212599 , 0.101095 , 0.254659 , 0.240585 , 0.0906411
15.2451 , 0.258993 , 0.205974 , 0.0934201 , 0.245898 , 0.235129 , 0.0813874
15.2951 , 0.252774 , 0.198514 , 0.0825533 , 0.237256 , 0.227943 , 0.064804
15.3403 , 0.247369 , 0.188544 , 0.0664391 , 0.227998 , 0.218988 , 0.0445391
15.3781 , 0.241736 , 0.177901 , 0.0476317 , 0.219963 , 0.210141 , 0.0196023
15.4149 , 0.235998 , 0.165495 , 0.0245928 , 0.212397 , 0.200755 , -0.00573382
15.4609 , 0.231855 , 0.15638 , 0.0061789 , 0.210215 , 0.189339 , -0.0282312
15.4987 , 0.226675 , 0.145647 , -0.0141717 , 0.203553 , 0.180368 , -0.0527226
15.5445 , 0.220961 , 0.134922 , -0.0386221 , 0.199958 , 0.169682 , -0.0775161
15.5841 , 0.218085 , 0.12756 , -0.0528328 , 0.199545 , 0.158568 , -0.101629
15.629 , 0.215235 , 0.118414 , -0.0714586 , 0.200564 , 0.145034 , -0.11971
15.6665 , 0.212535 , 0.108033 , -0.0868874 , 0.202213 , 0.133236 , -0.1359
15.7191 , 0.211702 , 0.0976159 , -0.0987743 , 0.206724 , 0.12268 , -0.14405
15.7669 , 0.209842 , 0.0868289 , -0.111573 , 0.207816 , 0.113852 , -0.152683
15.8156 , 0.209622 , 0.0819631 , -0.114822 , 0.218429 , 0.104281 , -0.155718
15.8691 , 0.209687 , 0.0778771 , -0.117811 , 0.220814 , 0.100364 , -0.15815
15.9144 , 0.208416 , 0.0769689 , -0.11835 , 0.22278 , 0.0996008 , -0.156196
15.9527 , 0.207233 , 0.0779837 , -0.11584 , 0.224375 , 0.102073 , -0.150743
15.9981 , 0.205678 , 0.0815461 , -0.111185 , 0.225484 , 0.105085 , -0.142647
16.0361 , 0.204256 , 0.0848158 , -0.105264 , 0.226357 , 0.109899 , -0.135647
16.0875 , 0.202791 , 0.0883873 , -0.0979841 , 0.228792 , 0.111651 , -0.126095
16.1343 , 0.201372 , 0.090972 , -0.0896656 , 0.227413 , 0.113552 , -0.116693
16.1844 , 0.200107 , 0.0930086 , -0.0807694 , 0.225186 , 0.114589 , -0.107017
16.2376 , 0.199237 , 0.0943901 , -0.0724106 , 0.224485 , 0.113059 , -0.0948807
16.2802 , 0.199853 , 0.0950776 , -0.0625757 , 0.224533 , 0.114249 , -0.0838524
16.321 , 0.200191 , 0.0964918 , -0.0531413 , 0.225434 , 0.113745 , -0.0736182
16.376 , 0.199968 , 0.0969095 , -0.0446733 , 0.223649 , 0.114847 , -0.0637933
16.4251 , 0.20093 , 0.097007 , -0.0337038 , 0.221643 , 0.117717 , -0.054916
16.4683 , 0.200794 , 0.0988371 , -0.0242097 , 0.221878 , 0.120124 , -0.0454751
16.5122 , 0.199857 , 0.0998917 , -0.0136321 , 0.226325 , 0.116241 , -0.0300965
16.5529 , 0.201279 , 0.101103 , -0.00145869 , 0.224124 , 0.116528 , -0.0147236
16.5955 , 0.199578 , 0.10493 , 0.00686729 , 0.225445 , 0.118493 , 0.000134486
16.6434 , 0.199336 , 0.108473 , 0.0188835 , 0.22615 , 0.120607 , 0.0140356
16.692 , 0.199667 , 0.112563 , 0.0296012 , 0.228089 , 0.124293 , 0.027636
16.74 , 0.200266 , 0.117199 , 0.0412939 , 0.226834 , 0.128133 , 0.0407867
16.7927 , 0.200442 , 0.12159 , 0.052099 , 0.224842 , 0.131791 , 0.0523748
16.8459 , 0.201393 , 0.125627 , 0.0623631 , 0.22453 , 0.134429 , 0.0626633
16.8847 , 0.201283 , 0.128714 , 0.0706132 , 0.223835 , 0.137592 , 0.0712739
16.9309 , 0.200348 , 0.13252 , 0.078211 , 0.221745 , 0.143154 , 0.0775838
16.9706 , 0.198844 , 0.137217 , 0.083101 , 0.216994 , 0.149131 , 0.0827791
17.0124 , 0.197222 , 0.142157 , 0.0893775 , 0.21285 , 0.154473 , 0.0879825
17.0568 , 0.195333 , 0.147442 , 0.092336 , 0.210791 , 0.155863 , 0.0963246
17.1009 , 0.194183 , 0.149548 , 0.0980593 , 0.209329 , 0.159945 , 0.102288
17.1399 , 0.191562 , 0.154063 , 0.101562 , 0.204535 , 0.163822 , 0.105691
17.177 , 0.188896 , 0.157221 , 0.106625 , 0.200518 , 0.16668 , 0.1106
17.2219 , 0.186845 , 0.160161 , 0.107569 , 0.196462 , 0.169758 , 0.114487
17.2617 , 0.18432 , 0.1622 , 0.109246 , 0.193198 , 0.170754 , 0.11705
17.3082 , 0.182386 , 0.163629 , 0.110249 , 0.189523 , 0.170748 , 0.11881
17.3488 , 0.180178 , 0.163819 , 0.111546 , 0.177098 , 0.167068 , 0.126371
17.3916 , 0.173779 , 0.160238 , 0.118208 , 0.176675 , 0.16845 , 0.127163
17.431 , 0.172713 , 0.159457 , 0.118799 , 0.174694 , 0.166819 , 0.127329
17.48 , 0.170802 , 0.158499 , 0.118394 , 0.175128 , 0.163543 , 0.125967
17.5256 , 0.169435 , 0.155478 , 0.116919 , 0.172794 , 0.161 , 0.12477
17.5695 , 0.168153 , 0.154046 , 0.116121 , 0.172331 , 0.156186 , 0.124737
17.6096 , 0.168327 , 0.149624 , 0.115792 , 0.169363 , 0.15465 , 0.125552
17.6513 , 0.166489 , 0.148594 , 0.115874 , 0.167621 , 0.154132 , 0.125867
17.6993 , 0.167662 , 0.144824 , 0.116318 , 0.170129 , 0.150042 , 0.128252
17.7418 , 0.16583 , 0.143843 , 0.116461 , 0.166291 , 0.149257 , 0.127462
17.7782 , 0.164009 , 0.142834 , 0.116168 , 0.165689 , 0.147054 , 0.125035
17.8145 , 0.164362 , 0.141043 , 0.113692 , 0.164589 , 0.14525 , 0.125586
17.8595 , 0.162732 , 0.140126 , 0.114157 , 0.161359 , 0.144998 , 0.126924
17.8961 , 0.161044 , 0.139311 , 0.114495 , 0.161048 , 0.144392 , 0.128412
17.946 , 0.164221 , 0.137216 , 0.114231 , 0.163746 , 0.142217 , 0.129657
17.9834 , 0.163159 , 0.135898 , 0.114712 , 0.159881 , 0.141181 , 0.129023
18.0294 , 0.16199 , 0.134304 , 0.11479 , 0.158731 , 0.138931 , 0.129033
18.0734 , 0.161001 , 0.133096 , 0.115097 , 0.158134 , 0.138565 , 0.12964
18.1144 , 0.160097 , 0.131914 , 0.115041 , 0.157677 , 0.137943 , 0.129766
18.1621 , 0.160599 , 0.130836 , 0.115127 , 0.157482 , 0.137018 , 0.130526
18.2035 , 0.160296 , 0.129837 , 0.115989 , 0.156916 , 0.136494 , 0.13179
18.2485 , 0.160455 , 0.128927 , 0.116679 , 0.156821 , 0.135349 , 0.131971
18.2944 , 0.160504 , 0.127881 , 0.117045 , 0.157318 , 0.135228 , 0.132348
18.3334 , 0.161178 , 0.127645 , 0.11686 , 0.157081 , 0.134754 , 0.132349
18.3786 , 0.161568 , 0.126949 , 0.116587 , 0.158288 , 0.135812 , 0.133545
18.4184 , 0.161909 , 0.125697 , 0.116695 , 0.158524 , 0.133159 , 0.133538
18.4625 , 0.162128 , 0.124734 , 0.116698 , 0.157662 , 0.132504 , 0.132934
18.5036 , 0.162602 , 0.123723 , 0.116679 , 0.160673 , 0.131597 , 0.13333
18.5475 , 0.163474 , 0.123009 , 0.114571 , 0.1609 , 0.131993 , 0.132201
18.5895 , 0.163596 , 0.121422 , 0.114247 , 0.161488 , 0.129407 , 0.129414
18.6298 , 0.163626 , 0.12025 , 0.113317 , 0.166356 , 0.129939 , 0.125475
18.6672 , 0.165377 , 0.120584 , 0.109463 , 0.162286 , 0.127997 , 0.12412
18.711 , 0.16516 , 0.118612 , 0.108796 , 0.161525 , 0.127644 , 0.123552
18.7477 , 0.161655 , 0.115027 , 0.104218 , 0.162309 , 0.122678 , 0.124548
18.7853 , 0.162543 , 0.112697 , 0.107326 , 0.153945 , 0.125813 , 0.115883
18.8336 , 0.162639 , 0.110237 , 0.106608 , 0.163163 , 0.121728 , 0.117505
18.8787 , 0.165644 , 0.110827 , 0.100914 , 0.165524 , 0.122161 , 0.114079
18.9175 , 0.16581 , 0.10765 , 0.100419 , 0.162276 , 0.120345 , 0.111559
18.9553 , 0.166809 , 0.104802 , 0.0994024 , 0.162949 , 0.119847 , 0.10834
19.0021 , 0.168784 , 0.102204 , 0.0981122 , 0.163892 , 0.116887 , 0.105739
19.0428 , 0.170773 , 0.098295 , 0.0964334 , 0.165642 , 0.113744 , 0.102486
19.0854 , 0.17395 , 0.0938021 , 0.0940346 , 0.169469 , 0.109174 , 0.0984325
19.1284 , 0.176976 , 0.0889743 , 0.0904448 , 0.175107 , 0.105801 , 0.0971096
19.1684 , 0.181564 , 0.0867873 , 0.0914246 , 0.178977 , 0.101136 , 0.0906853
19.207 , 0.184849 , 0.0818811 , 0.0871348 , 0.181399 , 0.0976376 , 0.0871405
19.2543 , 0.189832 , 0.0790438 , 0.0866038 , 0.189159 , 0.0935469 , 0.0860015
19.2958 , 0.194995 , 0.0762522 , 0.0853424 , 0.195809 , 0.0905072 , 0.0836919
19.3364 , 0.199331 , 0.0749927 , 0.0844472 , 0.199404 , 0.0878055 , 0.0832423
19.3754 , 0.203858 , 0.0744692 , 0.0855834 , 0.206616 , 0.0877038 , 0.0823353
19.4207 , 0.209749 , 0.0744695 , 0.0869198 , 0.214228 , 0.085243 , 0.0853195
19.4594 , 0.216338 , 0.0739582 , 0.0908348 , 0.22195 , 0.0824002 , 0.0891618
19.5048 , 0.221639 , 0.0730057 , 0.095416 , 0.229265 , 0.0786575 , 0.0927153
19.5422 , 0.226248 , 0.0712932 , 0.0998332 , 0.233939 , 0.074769 , 0.0973192
19.5914 , 0.230098 , 0.0698111 , 0.104469 , 0.239053 , 0.0710596 , 0.102107
19.641 , 0.233814 , 0.0684736 , 0.109979 , 0.242428 , 0.0660671 , 0.107825
19.6884 , 0.235291 , 0.0667728 , 0.116836 , 0.245279 , 0.0622111 , 0.116364
19.7286 , 0.235306 , 0.0649702 , 0.127116 , 0.24702 , 0.0597246 , 0.125851
19.7775 , 0.233246 , 0.0643265 , 0.137537 , 0.24705 , 0.058315 , 0.135585
19.8308 , 0.23242 , 0.0652567 , 0.147809 , 0.246654 , 0.0580611 , 0.146452
19.8791 , 0.23201 , 0.067255 , 0.159614 , 0.246369 , 0.0590123 , 0.158868
19.9259 , 0.231592 , 0.0711383 , 0.172906 , 0.246989 , 0.0615816 , 0.174415
19.9799 , 0.23124 , 0.0766693 , 0.188622 , 0.247435 , 0.0674991 , 0.191859
20.0217 , 0.231735 , 0.0860705 , 0.204827 , 0.249186 , 0.0753847 , 0.210802
20.0616 , 0.231025 , 0.0950132 , 0.222779 , 0.249079 , 0.0842028 , 0.231698
20.1062 , 0.232507 , 0.106395 , 0.241477 , 0.25132 , 0.0949018 , 0.251442
20.1454 , 0.234649 , 0.114791 , 0.262183 , 0.248676 , 0.102258 , 0.276341
20.1901 , 0.236645 , 0.128928 , 0.278855 , 0.260596 , 0.119666 , 0.29151
20.2294 , 0.239321 , 0.143138 , 0.295136 , 0.265829 , 0.13223 , 0.311661
20.2746 , 0.242477 , 0.153396 , 0.312349 , 0.26693 , 0.145807 , 0.327238
20.3106 , 0.244832 , 0.165427 , 0.328589 , 0.268903 , 0.158538 , 0.344687
20.3512 , 0.245488 , 0.175171 , 0.346831 , 0.273715 , 0.16901 , 0.365523
20.394 , 0.251418 , 0.186708 , 0.363457 , 0.276231 , 0.182556 , 0.388983
20.4294 , 0.257057 , 0.19741 , 0.38286 , 0.282722 , 0.192532 , 0.412458
20.4785 , 0.262741 , 0.206277 , 0.402256 , 0.290399 , 0.203372 , 0.436648
20.5154 , 0.267989 , 0.215596 , 0.423568 , 0.297368 , 0.216917 , 0.460176
20.5615 , 0.274977 , 0.223759 , 0.451728 , 0.301537 , 0.231377 , 0.474897
20.5968 , 0.2798 , 0.23312 , 0.466859 , 0.302254 , 0.245179 , 0.485887
20.645 , 0.279969 , 0.241154 , 0.477353 , 0.305285 , 0.255081 , 0.496631
20.69 , 0.277588 , 0.247559 , 0.483692 , 0.300796 , 0.262117 , 0.504461
20.7302 , 0.273112 , 0.251617 , 0.488008 , 0.292599 , 0.267965 , 0.50636
20.7691 , 0.26569 , 0.251855 , 0.49141 , 0.28299 , 0.273449 , 0.50323
20.815 , 0.25866 , 0.251408 , 0.490453 , 0.273542 , 0.276426 , 0.497364
20.8616 , 0.251972 , 0.250138 , 0.487049 , 0.266249 , 0.277292 , 0.489931
20.8976 , 0.248156 , 0.248576 , 0.482433 , 0.256345 , 0.276803 , 0.479181
20.938 , 0.242698 , 0.245568 , 0.476072 , 0.251294 , 0.274286 , 0.470974
20.9813 , 0.239376 , 0.242176 , 0.469313 , 0.247203 , 0.271623 , 0.461773
21.0172 , 0.237211 , 0.238132 , 0.461131 , 0.246832 , 0.267542 , 0.453006
21.0655 , 0.23614 , 0.233809 , 0.452681 , 0.247705 , 0.261228 , 0.444931
21.1025 , 0.238226 , 0.229784 , 0.442416 , 0.248985 , 0.256924 , 0.435655
21.1486 , 0.238913 , 0.224682 , 0.43279 , 0.255617 , 0.251329 , 0.426944
21.1866 , 0.242077 , 0.22112 , 0.420646 , 0.259665 , 0.244665 , 0.415664
21.2316 , 0.245423 , 0.216681 , 0.406824 , 0.264857 , 0.237582 , 0.40336
21.2707 , 0.248809 , 0.211467 , 0.392287 , 0.269551 , 0.230839 , 0.38951
21.3153 , 0.2526 , 0.205973 , 0.376515 , 0.274722 , 0.223679 , 0.374772
21.3528 , 0.256768 , 0.201433 , 0.360563 , 0.279232 , 0.216784 , 0.360338
21.3996 , 0.259746 , 0.196248 , 0.345169 , 0.283369 , 0.21091 , 0.346018
21.4368 , 0.262751 , 0.191425 , 0.330151 , 0.28676 , 0.203124 , 0.331312
21.4846 , 0.264772 , 0.184749 , 0.31492 , 0.288446 , 0.196116 , 0.314699
21.5225 , 0.266835 , 0.178532 , 0.299476 , 0.291287 , 0.187534 , 0.299082
21.5681 , 0.267781 , 0.171676 , 0.284429 , 0.290901 , 0.180687 , 0.285021
21.6064 , 0.266935 , 0.164631 , 0.272634 , 0.289872 , 0.172465 , 0.271559
21.6511 , 0.266139 , 0.157942 , 0.260384 , 0.287972 , 0.164835 , 0.26026
21.6887 , 0.264602 , 0.151949 , 0.250465 , 0.284434 , 0.160493 , 0.247429
21.7354 , 0.263126 , 0.146882 , 0.241662 , 0.284594 , 0.154818 , 0.239599
21.7733 , 0.261883 , 0.142543 , 0.234383 , 0.280393 , 0.151605 , 0.23073
21.8201 , 0.260811 , 0.138965 , 0.227007 , 0.279104 , 0.14965 , 0.22473
21.858 , 0.25992 , 0.137981 , 0.221075 , 0.275056 , 0.149591 , 0.218452
21.9026 , 0.2587 , 0.136847 , 0.215791 , 0.271427 , 0.148534 , 0.213539
21.9406 , 0.25703 , 0.135055 , 0.21144 , 0.269364 , 0.147438 , 0.208234
21.987 , 0.25376 , 0.132326 , 0.205843 , 0.261375 , 0.144456 , 0.202793
22.0256 , 0.253733 , 0.130976 , 0.197795 , 0.262773 , 0.146664 , 0.195283
22.0701 , 0.249384 , 0.128188 , 0.194289 , 0.241393 , 0.139152 , 0.195941
22.1085 , 0.241232 , 0.122497 , 0.192936 , 0.240736 , 0.140217 , 0.192336
22.1548 , 0.238089 , 0.120237 , 0.190888 , 0.237974 , 0.137568 , 0.190039
22.1929 , 0.235041 , 0.118176 , 0.188701 , 0.233825 , 0.136283 , 0.188438
22.242 , 0.232208 , 0.117627 , 0.186987 , 0.230917 , 0.135213 , 0.187518
22.2894 , 0.229077 , 0.117521 , 0.185519 , 0.227352 , 0.134719 , 0.186398
22.3345 , 0.226665 , 0.117277 , 0.18429 , 0.223744 , 0.13467 , 0.184799
22.3735 , 0.224276 , 0.117418 , 0.183017 , 0.219608 , 0.134376 , 0.183562
22.4099 , 0.221683 , 0.117244 , 0.181936 , 0.217523 , 0.133103 , 0.182092
22.4573 , 0.219101 , 0.116948 , 0.18058 , 0.214191 , 0.131716 , 0.181206
22.4954 , 0.216633 , 0.116593 , 0.179707 , 0.214105 , 0.131835 , 0.181687
22.544 , 0.215521 , 0.116423 , 0.179362 , 0.213182 , 0.132171 , 0.182232
22.5919 , 0.214274 , 0.116471 , 0.178971 , 0.211242 , 0.1325 , 0.18139
22.6346 , 0.212022 , 0.118733 , 0.177938 , 0.208798 , 0.132978 , 0.180852
22.6788 , 0.211869 , 0.118752 , 0.1779 , 0.207961 , 0.131698 , 0.181867
22.7258 , 0.211768 , 0.118802 , 0.177759 , 0.209783 , 0.131349 , 0.181076
22.7726 , 0.210969 , 0.12034 , 0.177279 , 0.210644 , 0.13179 , 0.181218
22.8103 , 0.211022 , 0.121215 , 0.17693 , 0.213891 , 0.132225 , 0.179753
22.8527 , 0.210212 , 0.124117 , 0.174691 , 0.207806 , 0.13554 , 0.177125
22.8966 , 0.209988 , 0.126245 , 0.1722 , 0.208217 , 0.137332 , 0.17627
22.943 , 0.213234 , 0.13053 , 0.164375 , 0.213825 , 0.143131 , 0.167197
22.9796 , 0.211612 , 0.133181 , 0.159809 , 0.205921 , 0.141193 , 0.166526
23.0306 , 0.20504 , 0.133873 , 0.157097 , 0.197784 , 0.140322 , 0.168383
23.0808 , 0.205428 , 0.134491 , 0.15626 , 0.203843 , 0.145675 , 0.160964
23.1276 , 0.205239 , 0.135907 , 0.153214 , 0.212006 , 0.147576 , 0.153366
23.1665 , 0.209452 , 0.141297 , 0.145625 , 0.205036 , 0.152006 , 0.149491
23.2119 , 0.209313 , 0.145755 , 0.141708 , 0.202208 , 0.156092 , 0.149215
23.2501 , 0.209684 , 0.154271 , 0.137116 , 0.190576 , 0.160952 , 0.150041
23.295 , 0.204167 , 0.156645 , 0.136391 , 0.179396 , 0.163106 , 0.144795
23.3331 , 0.195636 , 0.157613 , 0.130098 , 0.187885 , 0.167036 , 0.140568
23.3795 , 0.197534 , 0.163134 , 0.121203 , 0.191928 , 0.168911 , 0.13513
23.417 , 0.201281 , 0.169836 , 0.110926 , 0.213403 , 0.179885 , 0.124014
23.4633 , 0.213927 , 0.179912 , 0.102855 , 0.209096 , 0.18623 , 0.113234
23.5024 , 0.21472 , 0.186034 , 0.0893966 , 0.211041 , 0.193568 , 0.102463
23.5485 , 0.220372 , 0.194179 , 0.0766438 , 0.214075 , 0.204715 , 0.0834583
23.5859 , 0.224556 , 0.200031 , 0.0611723 , 0.212341 , 0.208059 , 0.0684638
23.6319 , 0.224868 , 0.202608 , 0.0440779 , 0.226862 , 0.210989 , 0.0518673
23.6704 , 0.230657 , 0.206566 , 0.0269409 , 0.230831 , 0.214186 , 0.0339474
23.7157 , 0.233711 , 0.207955 , 0.00972319 , 0.235675 , 0.216737 , 0.0163656
23.7522 , 0.236861 , 0.207933 , -0.0102296 , 0.238554 , 0.21603 , 0.00156655
23.7992 , 0.238519 , 0.207771 , -0.0267654 , 0.239802 , 0.217717 , -0.0231667
23.8363 , 0.238904 , 0.20536 , -0.0437078 , 0.242203 , 0.220709 , -0.0448607
23.8841 , 0.238395 , 0.203713 , -0.0611848 , 0.246741 , 0.215901 , -0.0576359
23.9372 , 0.238209 , 0.200678 , -0.0752447 , 0.240769 , 0.217279 , -0.0721226
23.9873 , 0.235531 , 0.197822 , -0.0828714 , 0.243219 , 0.215095 , -0.0866182
24.0334 , 0.235696 , 0.19609 , -0.091601 , 0.247879 , 0.211464 , -0.0962323
24.0791 , 0.235161 , 0.192111 , -0.096827 , 0.255951 , 0.206822 , -0.106001
24.1131 , 0.236299 , 0.185587 , -0.100109 , 0.245771 , 0.200253 , -0.112
24.1545 , 0.235509 , 0.179802 , -0.100578 , 0.23977 , 0.192526 , -0.116039
24.1988 , 0.233752 , 0.171191 , -0.0995137 , 0.253516 , 0.188392 , -0.118536
24.2387 , 0.232264 , 0.167254 , -0.101188 , 0.249988 , 0.181774 , -0.123927
24.2849 , 0.229614 , 0.161471 , -0.103435 , 0.246009 , 0.176308 , -0.129476
24.3246 , 0.227798 , 0.154725 , -0.103227 , 0.241332 , 0.170784 , -0.132135
24.3676 , 0.225706 , 0.148084 , -0.103856 , 0.238309 , 0.162563 , -0.131865
24.4086 , 0.223947 , 0.141539 , -0.104973 , 0.23731 , 0.155714 , -0.13516
24.4515 , 0.223096 , 0.133471 , -0.105876 , 0.233865 , 0.148785 , -0.138613
24.493 , 0.220601 , 0.127042 , -0.110744 , 0.230756 , 0.139776 , -0.143996
24.5352 , 0.218342 , 0.118873 , -0.115327 , 0.225945 , 0.131746 , -0.150747
24.5769 , 0.215623 , 0.109629 , -0.120079 , 0.219905 , 0.122436 , -0.153785
24.6189 , 0.213326 , 0.100274 , -0.12424 , 0.213791 , 0.114894 , -0.1551
24.661 , 0.210106 , 0.0970303 , -0.121726 , 0.207195 , 0.107503 , -0.154118
24.7023 , 0.209091 , 0.0924699 , -0.121685 , 0.203131 , 0.105451 , -0.147473
24.742 , 0.209167 , 0.0922561 , -0.119548 , 0.199499 , 0.107402 , -0.143156
24.7882 , 0.207154 , 0.0927326 , -0.11322 , 0.18736 , 0.107678 , -0.132318
24.8255 , 0.208964 , 0.0943098 , -0.108107 , 0.20112 , 0.111116 , -0.126265
24.8709 , 0.209807 , 0.0951248 , -0.100218 , 0.189391 , 0.110672 , -0.115729
24.9064 , 0.210269 , 0.0951186 , -0.0909114 , 0.191067 , 0.110957 , -0.102916
24.9472 , 0.211702 , 0.0940595 , -0.0802522 , 0.194434 , 0.108618 , -0.0907866
24.9873 , 0.21388 , 0.0918649 , -0.0681952 , 0.199803 , 0.103481 , -0.0764393
25.0241 , 0.215753 , 0.0898578 , -0.0575777 , 0.204596 , 0.101131 , -0.0625869
25.0647 , 0.218428 , 0.0854762 , -0.042641 , 0.210501 , 0.0983074 , -0.0509149
25.1083 , 0.21996 , 0.0832468 , -0.0310276 , 0.212515 , 0.0951956 , -0.0396731
25.147 , 0.221578 , 0.0806624 , -0.0191289 , 0.216662 , 0.0931246 , -0.0279948
25.1912 , 0.222888 , 0.0801003 , -0.0069423 , 0.221314 , 0.0920453 , -0.0151184
25.231 , 0.224662 , 0.0804748 , 0.00542868 , 0.227135 , 0.0917832 , -0.00184723
25.2756 , 0.226021 , 0.0816225 , 0.0173355 , 0.231168 , 0.0916575 , 0.0106927
25.3138 , 0.226615 , 0.0839012 , 0.0269766 , 0.235566 , 0.0934747 , 0.0203071
25.3606 , 0.2257 , 0.0861716 , 0.0352815 , 0.238875 , 0.0944167 , 0.0296773
25.4049 , 0.224349 , 0.089593 , 0.0425996 , 0.239938 , 0.0970375 , 0.0377747
25.4427 , 0.222269 , 0.0933768 , 0.0493009 , 0.237963 , 0.0999005 , 0.0475673
25.4814 , 0.219393 , 0.0977142 , 0.0576177 , 0.237993 , 0.103066 , 0.0561126
25.5266 , 0.216672 , 0.101881 , 0.0644107 , 0.236588 , 0.107389 , 0.064638
25.5645 , 0.213798 , 0.104323 , 0.0712702 , 0.232546 , 0.109591 , 0.072003
25.6117 , 0.211323 , 0.107071 , 0.0760441 , 0.230158 , 0.113146 , 0.078941
25.6498 , 0.204724 , 0.106932 , 0.0856364 , 0.21631 , 0.115856 , 0.0874031
25.6939 , 0.202468 , 0.10997 , 0.089209 , 0.225003 , 0.117573 , 0.0928442
25.7321 , 0.200548 , 0.112021 , 0.0920101 , 0.217864 , 0.118421 , 0.0984323
25.7782 , 0.1981 , 0.113053 , 0.0958235 , 0.211617 , 0.121187 , 0.101824
25.8172 , 0.193641 , 0.110761 , 0.102721 , 0.204447 , 0.119487 , 0.10805
25.8618 , 0.192556 , 0.111762 , 0.102956 , 0.208091 , 0.122629 , 0.108725
25.9001 , 0.190594 , 0.111869 , 0.104142 , 0.197334 , 0.11779 , 0.114698
25.9466 , 0.186081 , 0.108506 , 0.107673 , 0.197364 , 0.115411 , 0.11526
25.9828 , 0.183854 , 0.107508 , 0.108815 , 0.193373 , 0.116061 , 0.115436
26.032 , 0.182244 , 0.106659 , 0.110372 , 0.190639 , 0.11399 , 0.117555
26.0686 , 0.181223 , 0.105457 , 0.111177 , 0.189043 , 0.113098 , 0.117377
26.1142 , 0.180455 , 0.104341 , 0.111646 , 0.186496 , 0.108848 , 0.118467
26.1521 , 0.179976 , 0.102828 , 0.111419 , 0.185354 , 0.107881 , 0.117477
26.2001 , 0.179979 , 0.101354 , 0.110686 , 0.184759 , 0.106829 , 0.115646
26.2515 , 0.17973 , 0.100067 , 0.109882 , 0.186785 , 0.10624 , 0.114201
26.2957 , 0.179539 , 0.0992614 , 0.109133 , 0.187361 , 0.10399 , 0.11525
26.3315 , 0.179804 , 0.0981396 , 0.108337 , 0.188456 , 0.103086 , 0.114317
26.3692 , 0.180599 , 0.0968254 , 0.106139 , 0.188869 , 0.100218 , 0.113385
26.4218 , 0.180209 , 0.0963548 , 0.104424 , 0.189466 , 0.102022 , 0.109338
26.4655 , 0.179986 , 0.0963695 , 0.103227 , 0.188972 , 0.102185 , 0.107088
26.5018 , 0.180132 , 0.0964877 , 0.101181 , 0.187781 , 0.10163 , 0.106223
26.5485 , 0.17952 , 0.0957838 , 0.100773 , 0.187737 , 0.102331 , 0.105711
26.5874 , 0.178892 , 0.0952835 , 0.100351 , 0.186495 , 0.102301 , 0.104345
26.632 , 0.178334 , 0.0948611 , 0.0995735 , 0.185003 , 0.101038 , 0.10251
26.6698 , 0.177715 , 0.0940562 , 0.0982433 , 0.183468 , 0.103671 , 0.102863
26.7186 , 0.177245 , 0.0931094 , 0.0969527 , 0.181946 , 0.103935 , 0.100477
26.7589 , 0.17682 , 0.0921533 , 0.0956065 , 0.179961 , 0.104102 , 0.0981495
26.8034 , 0.176714 , 0.0918614 , 0.0934536 , 0.179301 , 0.102564 , 0.0979133
26.8448 , 0.177128 , 0.0894545 , 0.0927434 , 0.178652 , 0.0986168 , 0.0976721
26.8899 , 0.177593 , 0.0866446 , 0.0919171 , 0.180057 , 0.0989705 , 0.0946992
26.9343 , 0.181616 , 0.08609 , 0.0863108 , 0.186219 , 0.0981946 , 0.0902362
26.9801 , 0.1829 , 0.0822864 , 0.0857027 , 0.177678 , 0.0978274 , 0.0849213
27.0249 , 0.184551 , 0.0796483 , 0.0833104 , 0.180227 , 0.095207 , 0.0825046
27.0728 , 0.187118 , 0.0764177 , 0.0819959 , 0.183746 , 0.0921226 , 0.0797863
27.1298 , 0.189508 , 0.0734179 , 0.0796105 , 0.188791 , 0.0885446 , 0.0770411
27.1743 , 0.194063 , 0.0694666 , 0.0782699 , 0.191703 , 0.083775 , 0.0750374
27.2284 , 0.19783 , 0.0651984 , 0.0778521 , 0.195525 , 0.0800638 , 0.0726062
27.2739 , 0.202422 , 0.0608029 , 0.0782843 , 0.203332 , 0.0750065 , 0.070749
27.32 , 0.208047 , 0.0559652 , 0.0783517 , 0.20856 , 0.0681228 , 0.0706969
27.3591 , 0.215549 , 0.0511152 , 0.0786613 , 0.213774 , 0.0643973 , 0.0705856
27.4035 , 0.222687 , 0.0496317 , 0.0800942 , 0.222939 , 0.0623414 , 0.0707414
27.4391 , 0.229887 , 0.0488473 , 0.0810847 , 0.23117 , 0.061848 , 0.0701195
27.4809 , 0.237073 , 0.0492463 , 0.0826842 , 0.242447 , 0.0609399 , 0.0714631
27.5208 , 0.244822 , 0.0499966 , 0.0858757 , 0.251867 , 0.0615941 , 0.0731279
27.5586 , 0.25267 , 0.0500343 , 0.0905762 , 0.259328 , 0.0609804 , 0.0774218
27.5997 , 0.25987 , 0.0514395 , 0.0960209 , 0.270172 , 0.0598705 , 0.0841685
27.6405 , 0.266704 , 0.0528164 , 0.104669 , 0.276203 , 0.0594891 , 0.0924224
27.6778 , 0.267775 , 0.0548462 , 0.114467 , 0.282258 , 0.0610282 , 0.103241
27.7257 , 0.271332 , 0.0576948 , 0.123826 , 0.28497 , 0.0622417 , 0.115361
27.7622 , 0.273515 , 0.0610728 , 0.136094 , 0.290444 , 0.063082 , 0.126776
27.8133 , 0.277576 , 0.0626423 , 0.148706 , 0.290731 , 0.062066 , 0.142551
27.8625 , 0.278022 , 0.0634289 , 0.164441 , 0.299391 , 0.0618072 , 0.160344
27.9135 , 0.28161 , 0.0680496 , 0.18084 , 0.300872 , 0.0637453 , 0.178605
27.9679 , 0.283887 , 0.0730424 , 0.197873 , 0.303719 , 0.0680594 , 0.19834
28.017 , 0.28677 , 0.0802405 , 0.216951 , 0.309352 , 0.0733493 , 0.218941
28.0609 , 0.289408 , 0.0875477 , 0.23898 , 0.314149 , 0.0773043 , 0.241189
28.1114 , 0.291646 , 0.0923832 , 0.26167 , 0.314371 , 0.0822197 , 0.266651
28.1577 , 0.293925 , 0.100809 , 0.285393 , 0.320684 , 0.0894218 , 0.292701
28.1996 , 0.295603 , 0.111287 , 0.309238 , 0.324769 , 0.0973145 , 0.320334
28.2429 , 0.296108 , 0.122249 , 0.335168 , 0.328021 , 0.107514 , 0.34915
28.2835 , 0.296014 , 0.134525 , 0.362077 , 0.330912 , 0.117891 , 0.377271
28.333 , 0.294775 , 0.147154 , 0.38734 , 0.331886 , 0.12741 , 0.407237
28.375 , 0.293934 , 0.159725 , 0.413636 , 0.331781 , 0.138915 , 0.435999
28.4171 , 0.291552 , 0.17292 , 0.438114 , 0.331649 , 0.150566 , 0.462412
28.4657 , 0.288561 , 0.185429 , 0.462125 , 0.328672 , 0.161564 , 0.490403
28.5171 , 0.284829 , 0.19718 , 0.486279 , 0.327861 , 0.17025 , 0.520008
28.5688 , 0.280681 , 0.20695 , 0.511668 , 0.325592 , 0.181013 , 0.547549
28.6099 , 0.278667 , 0.219669 , 0.534594 , 0.325301 , 0.192245 , 0.572636
28.6496 , 0.276681 , 0.232373 , 0.556951 , 0.324148 , 0.204861 , 0.598469
28.6977 , 0.27571 , 0.244539 , 0.581012 , 0.324368 , 0.218747 , 0.626388
28.741 , 0.278138 , 0.259314 , 0.606278 , 0.328469 , 0.234093 , 0.65414
28.7873 , 0.282524 , 0.276293 , 0.631717 , 0.331995 , 0.250347 , 0.681657
28.8337 , 0.284739 , 0.29224 , 0.656299 , 0.336601 , 0.267661 , 0.709478
28.8824 , 0.288312 , 0.310675 , 0.685058 , 0.34207 , 0.289344 , 0.731672
28.9214 , 0.292909 , 0.330595 , 0.705699 , 0.348118 , 0.312179 , 0.752981
28.9671 , 0.298042 , 0.354025 , 0.726013 , 0.352434 , 0.336249 , 0.771476
29.0065 , 0.301776 , 0.374441 , 0.742823 , 0.355756 , 0.362558 , 0.782733
29.0461 , 0.301855 , 0.395453 , 0.755187 , 0.358283 , 0.389971 , 0.792961
29.0867 , 0.303608 , 0.41754 , 0.765085 , 0.355683 , 0.415778 , 0.796229
29.1321 , 0.303129 , 0.437305 , 0.770382 , 0.354501 , 0.441094 , 0.791256
29.168 , 0.301323 , 0.455134 , 0.769708 , 0.348302 , 0.465797 , 0.782435
29.2091 , 0.2985 , 0.470843 , 0.768074 , 0.341706 , 0.487295 , 0.773345
29.249 , 0.293747 , 0.483013 , 0.765267 , 0.339259 , 0.504459 , 0.763528
29.2945 , 0.289623 , 0.493465 , 0.758493 , 0.326241 , 0.519317 , 0.747698
29.3385 , 0.282907 , 0.500288 , 0.74894 , 0.318392 , 0.528824 , 0.732292
29.3889 , 0.275964 , 0.503211 , 0.739483 , 0.314758 , 0.533009 , 0.720889
29.4399 , 0.270808 , 0.503753 , 0.730368 , 0.311855 , 0.531431 , 0.712288
29.4873 , 0.266227 , 0.499952 , 0.720949 , 0.310389 , 0.524908 , 0.70518
29.5239 , 0.262161 , 0.496693 , 0.712806 , 0.303784 , 0.519087 , 0.694884
29.5717 , 0.258557 , 0.490917 , 0.70324 , 0.305177 , 0.506599 , 0.685913
29.6086 , 0.262903 , 0.477922 , 0.695034 , 0.30473 , 0.496534 , 0.679432
29.6561 , 0.260384 , 0.468175 , 0.687842 , 0.304211 , 0.472888 , 0.695096
29.7042 , 0.266126 , 0.451324 , 0.685006 , 0.308899 , 0.46675 , 0.679822
29.7424 , 0.264175 , 0.440694 , 0.677051 , 0.320644 , 0.450292 , 0.673583
29.789 , 0.263174 , 0.427005 , 0.670282 , 0.320827 , 0.433259 , 0.668226
29.8326 , 0.265108 , 0.410188 , 0.66239 , 0.322784 , 0.414907 , 0.664461
29.8712 , 0.26441 , 0.393193 , 0.653287 , 0.32293 , 0.396572 , 0.657201
29.9091 , 0.265193 , 0.37588 , 0.643427 , 0.324566 , 0.380175 , 0.648932
29.9574 , 0.26483 , 0.358466 , 0.631975 , 0.326264 , 0.36058 , 0.637922
30.0002 , 0.265436 , 0.340096 , 0.618345 , 0.32689 , 0.341655 , 0.625632
30.038 , 0.266123 , 0.323134 , 0.603592 , 0.327915 , 0.324314 , 0.610536
30.08 , 0.26707 , 0.306187 , 0.586079 , 0.327369 , 0.309042 , 0.592675
30.1194 , 0.268038 , 0.290124 , 0.567835 , 0.327412 , 0.293555 , 0.573299
30.1614 , 0.269146 , 0.275378 , 0.548014 , 0.326481 , 0.278061 , 0.552097
30.2068 , 0.270537 , 0.260803 , 0.527538 , 0.325735 , 0.26476 , 0.531131
30.2453 , 0.272035 , 0.248221 , 0.508374 , 0.326242 , 0.252976 , 0.510918
30.2923 , 0.272447 , 0.236071 , 0.489005 , 0.325941 , 0.242211 , 0.491918
30.33 , 0.272136 , 0.225149 , 0.47009 , 0.325264 , 0.232059 , 0.471843
30.3745 , 0.272105 , 0.214467 , 0.451236 , 0.321823 , 0.222493 , 0.452198
30.4127 , 0.271676 , 0.204673 , 0.433949 , 0.320652 , 0.212441 , 0.434285
30.4589 , 0.27125 , 0.194943 , 0.417312 , 0.318491 , 0.203644 , 0.416813
30.4974 , 0.269287 , 0.184354 , 0.402168 , 0.448384 , 0.566051 , 0.58464
30.5424 , 0.270762 , 0.186797 , 0.393295 , 0.36727 , 0.370724 , 0.427135
30.5804 , 0.265106 , 0.173009 , 0.378049 , 0.298864 , 0.209302 , 0.386188
30.6273 , 0.262139 , 0.165219 , 0.364287 , 0.294265 , 0.179323 , 0.366861
30.6661 , 0.259343 , 0.158677 , 0.352096 , 0.28915 , 0.171077 , 0.35584
30.7133 , 0.255771 , 0.150833 , 0.341769 , 0.282257 , 0.168381 , 0.345125
30.7677 , 0.252123 , 0.143795 , 0.333063 , 0.269368 , 0.161988 , 0.342847
30.8171 , 0.24475 , 0.135014 , 0.332814 , 0.269555 , 0.155853 , 0.332961
30.8662 , 0.240378 , 0.12934 , 0.324858 , 0.263834 , 0.151236 , 0.32078
30.9204 , 0.236957 , 0.125017 , 0.316995 , 0.257638 , 0.145726 , 0.311532
30.9679 , 0.233626 , 0.121811 , 0.30936 , 0.250853 , 0.140932 , 0.303202
31.019 , 0.229979 , 0.118982 , 0.301847 , 0.245358 , 0.137221 , 0.294898
31.066 , 0.2264 , 0.11629 , 0.294815 , 0.240601 , 0.133907 , 0.288
31.1163 , 0.222998 , 0.114342 , 0.288724 , 0.237097 , 0.130748 , 0.282996
31.1693 , 0.220302 , 0.113177 , 0.283593 , 0.232744 , 0.129253 , 0.277194
31.2188 , 0.218193 , 0.111668 , 0.279922 , 0.23145 , 0.127144 , 0.273901
31.2645 , 0.216121 , 0.111437 , 0.27591 , 0.228109 , 0.126689 , 0.269404
31.308 , 0.214337 , 0.111396 , 0.270942 , 0.225493 , 0.12794 , 0.264877
31.3556 , 0.212307 , 0.112032 , 0.2659 , 0.22286 , 0.130007 , 0.259809
31.4019 , 0.211573 , 0.114178 , 0.260795 , 0.222857 , 0.128622 , 0.258951
31.4525 , 0.210912 , 0.115954 , 0.254939 , 0.220105 , 0.127545 , 0.257643
31.5053 , 0.209733 , 0.115045 , 0.253496 , 0.218888 , 0.125873 , 0.25665
31.5549 , 0.208981 , 0.114364 , 0.251072 , 0.218874 , 0.125814 , 0.255561
31.6011 , 0.208569 , 0.114397 , 0.248537 , 0.218018 , 0.125225 , 0.254194
31.6379 , 0.208178 , 0.114881 , 0.245442 , 0.216605 , 0.124263 , 0.252686
31.6837 , 0.207754 , 0.115018 , 0.242816 , 0.216138 , 0.125179 , 0.248469
31.721 , 0.207776 , 0.115896 , 0.238721 , 0.21508 , 0.123393 , 0.246744
31.768 , 0.207075 , 0.11498 , 0.236601 , 0.213507 , 0.122129 , 0.246493
31.8072 , 0.206209 , 0.114954 , 0.234847 , 0.212301 , 0.121751 , 0.245405
31.8509 , 0.20541 , 0.11485 , 0.233224 , 0.211765 , 0.120595 , 0.244723
31.8879 , 0.204533 , 0.114483 , 0.231409 , 0.208755 , 0.12096 , 0.243369
31.9409 , 0.203048 , 0.114597 , 0.229274 , 0.207862 , 0.120715 , 0.242084
31.9908 , 0.201801 , 0.114728 , 0.227466 , 0.205196 , 0.120968 , 0.240514
32.0368 , 0.200577 , 0.115183 , 0.225733 , 0.201842 , 0.1216 , 0.2397
32.0738 , 0.199307 , 0.115028 , 0.224328 , 0.1997 , 0.122462 , 0.239559
32.1177 , 0.197894 , 0.114908 , 0.222898 , 0.197929 , 0.121705 , 0.2389
32.1579 , 0.196594 , 0.114799 , 0.221588 , 0.194941 , 0.121357 , 0.237175
32.2017 , 0.195248 , 0.114445 , 0.219844 , 0.193128 , 0.120533 , 0.234091
32.2417 , 0.194155 , 0.114008 , 0.217969 , 0.191241 , 0.119784 , 0.232351
32.2857 , 0.193212 , 0.113487 , 0.216272 , 0.188808 , 0.120144 , 0.231637
32.3218 , 0.192435 , 0.112451 , 0.215136 , 0.18863 , 0.119077 , 0.229465
32.362 , 0.192001 , 0.111842 , 0.214231 , 0.188981 , 0.118016 , 0.228823
32.4054 , 0.191699 , 0.11138 , 0.212885 , 0.189317 , 0.116834 , 0.226989
32.4421 , 0.191888 , 0.11116 , 0.210697 , 0.187904 , 0.118362 , 0.223037
32.4885 , 0.195067 , 0.114772 , 0.195897 , 0.196687 , 0.117354 , 0.216009
32.5267 , 0.195126 , 0.113749 , 0.194808 , 0.188039 , 0.119404 , 0.209437
32.5787 , 0.195219 , 0.113313 , 0.193594 , 0.189147 , 0.11838 , 0.208736
32.6219 , 0.192741 , 0.111937 , 0.194383 , 0.182032 , 0.115594 , 0.210687
32.6632 , 0.192603 , 0.111767 , 0.193759 , 0.193539 , 0.114927 , 0.210238
32.7064 , 0.192534 , 0.111919 , 0.192318 , 0.192782 , 0.114813 , 0.208641
32.7429 , 0.192425 , 0.111464 , 0.191362 , 0.191223 , 0.113658 , 0.207543
32.7946 , 0.192494 , 0.1117 , 0.190121 , 0.191458 , 0.112943 , 0.207209
32.8391 , 0.192609 , 0.111928 , 0.189186 , 0.198679 , 0.116245 , 0.196978
32.8786 , 0.195863 , 0.114759 , 0.179622 , 0.195893 , 0.116735 , 0.195791
32.9278 , 0.196151 , 0.115001 , 0.178927 , 0.195117 , 0.116444 , 0.197051
32.9783 , 0.196784 , 0.116028 , 0.175362 , 0.195247 , 0.117701 , 0.195865
33.0285 , 0.197239 , 0.116103 , 0.174947 , 0.196783 , 0.118466 , 0.194001
33.0786 , 0.197552 , 0.116484 , 0.173403 , 0.197316 , 0.118865 , 0.192288
33.1238 , 0.197788 , 0.116902 , 0.172734 , 0.197105 , 0.117609 , 0.191608
33.1605 , 0.198082 , 0.117327 , 0.172322 , 0.197315 , 0.117626 , 0.191493
33.1981 , 0.19855 , 0.117764 , 0.171684 , 0.187026 , 0.118393 , 0.195759
33.2445 , 0.19512 , 0.117032 , 0.175412 , 0.192055 , 0.117564 , 0.195073
33.2823 , 0.192308 , 0.116707 , 0.175198 , 0.19599 , 0.116788 , 0.194775
33.3277 , 0.192174 , 0.116768 , 0.175343 , 0.190799 , 0.118163 , 0.193694
33.3647 , 0.192213 , 0.117052 , 0.175164 , 0.191256 , 0.118447 , 0.193801
33.4117 , 0.192218 , 0.117362 , 0.174969 , 0.191052 , 0.118209 , 0.19436
33.4491 , 0.192155 , 0.117308 , 0.174802 , 0.191061 , 0.11809 , 0.194253
33.4966 , 0.191918 , 0.116594 , 0.174284 , 0.19141 , 0.118232 , 0.193471
33.5338 , 0.19149 , 0.116838 , 0.17358 , 0.191442 , 0.118185 , 0.192513
33.5786 , 0.191255 , 0.116964 , 0.172844 , 0.191167 , 0.118744 , 0.191144
33.6157 , 0.191225 , 0.116972 , 0.172052 , 0.18929 , 0.118326 , 0.19048
33.6631 , 0.190919 , 0.116725 , 0.171444 , 0.198628 , 0.118886 , 0.182161
33.7003 , 0.19426 , 0.117496 , 0.164344 , 0.195343 , 0.119178 , 0.181937
33.75 , 0.194276 , 0.117408 , 0.164107 , 0.194259 , 0.118531 , 0.183282
33.8007 , 0.194285 , 0.117446 , 0.163564 , 0.193711 , 0.119427 , 0.18256
33.8453 , 0.194255 , 0.117549 , 0.162476 , 0.193922 , 0.119386 , 0.182073
33.8822 , 0.194115 , 0.117456 , 0.161789 , 0.193777 , 0.119074 , 0.181163
33.922 , 0.193902 , 0.117273 , 0.161273 , 0.194428 , 0.118818 , 0.18041
33.9653 , 0.193831 , 0.117157 , 0.161307 , 0.195054 , 0.118715 , 0.180289
34.0015 , 0.193815 , 0.117174 , 0.161359 , 0.185874 , 0.116855 , 0.186305
34.0486 , 0.189091 , 0.115582 , 0.166155 , 0.19647 , 0.118595 , 0.179423
34.0858 , 0.192223 , 0.11719 , 0.160735 , 0.193922 , 0.119524 , 0.177884
34.1336 , 0.192207 , 0.117165 , 0.160901 , 0.192516 , 0.118758 , 0.178814
34.1705 , 0.192132 , 0.117302 , 0.161117 , 0.193027 , 0.118734 , 0.179324
34.2177 , 0.188494 , 0.115337 , 0.166825 , 0.184661 , 0.11744 , 0.183357
34.2549 , 0.188385 , 0.11546 , 0.167255 , 0.201797 , 0.118111 , 0.179037
34.3044 , 0.191454 , 0.116866 , 0.162364 , 0.197737 , 0.117664 , 0.179218
34.3531 , 0.191407 , 0.116852 , 0.162563 , 0.187339 , 0.115779 , 0.185078
34.3999 , 0.187555 , 0.114745 , 0.166669 , 0.189676 , 0.116232 , 0.185436
34.4361 , 0.187192 , 0.11489 , 0.166966 , 0.191604 , 0.116812 , 0.184902
34.4759 , 0.186911 , 0.114966 , 0.167376 , 0.191054 , 0.117068 , 0.185263
34.5182 , 0.186757 , 0.114999 , 0.167895 , 0.190776 , 0.116133 , 0.185333
34.5593 , 0.186595 , 0.115193 , 0.168425 , 0.190002 , 0.116704 , 0.185345
34.6019 , 0.186586 , 0.115231 , 0.16867 , 0.19057 , 0.115971 , 0.186281
34.6435 , 0.186373 , 0.115196 , 0.169054 , 0.18892 , 0.117035 , 0.185012
34.6843 , 0.186192 , 0.115131 , 0.169189 , 0.188818 , 0.117407 , 0.185305
34.7215 , 0.186 , 0.115022 , 0.169363 , 0.189282 , 0.117127 , 0.185811
34.7573 , 0.185593 , 0.114817 , 0.169614 , 0.1891 , 0.117397 , 0.185626
34.8101 , 0.185376 , 0.114704 , 0.169759 , 0.190011 , 0.11762 , 0.185487
34.8586 , 0.185008 , 0.114274 , 0.169554 , 0.187009 , 0.117733 , 0.184983
34.9093 , 0.185163 , 0.114179 , 0.169685 , 0.187329 , 0.117765 , 0.184721
34.9634 , 0.185027 , 0.113821 , 0.169456 , 0.187581 , 0.117242 , 0.184855
35.0133 , 0.185163 , 0.113737 , 0.169481 , 0.190304 , 0.116675 , 0.185459
35.0579 , 0.184992 , 0.113286 , 0.169288 , 0.189476 , 0.116741 , 0.184728
35.1131 , 0.185138 , 0.113135 , 0.169316 , 0.196731 , 0.11663 , 0.177022
35.174 , 0.188302 , 0.112955 , 0.162619 , 0.191284 , 0.117076 , 0.176338
35.2207 , 0.188535 , 0.112849 , 0.162348 , 0.188962 , 0.117285 , 0.17651
35.2638 , 0.188783 , 0.112761 , 0.162354 , 0.190022 , 0.116913 , 0.176403
35.3043 , 0.188941 , 0.112687 , 0.162081 , 0.195039 , 0.116807 , 0.176699
35.3465 , 0.189098 , 0.112776 , 0.162029 , 0.187132 , 0.116657 , 0.181679
35.3922 , 0.185461 , 0.112136 , 0.166594 , 0.190771 , 0.116082 , 0.181457
35.43 , 0.185664 , 0.112162 , 0.166631 , 0.190655 , 0.116306 , 0.180452
35.4746 , 0.185812 , 0.112099 , 0.166455 , 0.190315 , 0.11629 , 0.179855
35.5124 , 0.185918 , 0.112031 , 0.166481 , 0.190271 , 0.115812 , 0.179364
35.5658 , 0.186065 , 0.111759 , 0.166418 , 0.190327 , 0.115836 , 0.179295
35.611 , 0.186124 , 0.11139 , 0.166309 , 0.19054 , 0.115943 , 0.179062
35.6525 , 0.186213 , 0.111273 , 0.166325 , 0.190812 , 0.11538 , 0.178702
35.6993 , 0.18638 , 0.111258 , 0.166015 , 0.191086 , 0.115564 , 0.178363
35.7463 , 0.186497 , 0.111237 , 0.166082 , 0.191614 , 0.115767 , 0.178059
35.7967 , 0.186632 , 0.111196 , 0.166057 , 0.191743 , 0.115775 , 0.177827
35.8519 , 0.186685 , 0.11117 , 0.166131 , 0.191942 , 0.115949 , 0.177815
35.8944 , 0.186761 , 0.11117 , 0.166214 , 0.192007 , 0.116066 , 0.177746
35.9378 , 0.186688 , 0.111244 , 0.166235 , 0.191886 , 0.116301 , 0.177362
35.9784 , 0.18674 , 0.111316 , 0.166429 , 0.191134 , 0.116572 , 0.17655
36.0148 , 0.186658 , 0.111384 , 0.166489 , 0.191101 , 0.116158 , 0.176949
36.0624 , 0.186658 , 0.111384 , 0.166489 , 0.192121 , 0.115581 , 0.17832
36.0994 , 0.18662 , 0.111423 , 0.166668 , 0.192204 , 0.115975 , 0.177981
36.1478 , 0.18662 , 0.111423 , 0.166668 , 0.192204 , 0.116088 , 0.177742
