832

0.024248 , 0.00618222 , 0.0819229 , -0.223011 , 0.0712585 , 0.0588513 , -0.189561
0.064605 , 0.00602971 , 0.082565 , -0.222982 , 0.0414839 , 0.0753145 , -0.182248
0.110522 , 0.00597469 , 0.0826166 , -0.222978 , 0.0395973 , 0.0703986 , -0.196394
0.1502 , 0.00598427 , 0.0826198 , -0.222976 , 0.0408107 , 0.063493 , -0.205931
0.19522 , 0.00607696 , 0.082497 , -0.222923 , 0.0434911 , 0.061569 , -0.2079
0.234407 , 0.00607626 , 0.0825344 , -0.222923 , 0.0476461 , 0.0634188 , -0.207164
0.277776 , 0.00609986 , 0.0825795 , -0.222928 , 0.0523094 , 0.067288 , -0.207364
0.315207 , 0.00601376 , 0.0828575 , -0.222848 , 0.0566441 , 0.0710631 , -0.208439
0.36137 , 0.00602044 , 0.0829888 , -0.222854 , 0.059471 , 0.0735487 , -0.209112
0.400228 , 0.00607358 , 0.0830769 , -0.222771 , 0.0588355 , 0.075022 , -0.21059
0.442086 , 0.0061182 , 0.0831169 , -0.222749 , 0.0572985 , 0.076064 , -0.2121
0.482972 , 0.00616709 , 0.0832141 , -0.222706 , 0.0548845 , 0.0759977 , -0.213374
0.530529 , 0.00628263 , 0.0836749 , -0.222543 , 0.055285 , 0.0757645 , -0.213921
0.569604 , 0.00629209 , 0.083852 , -0.22255 , 0.055705 , 0.075806 , -0.213665
0.613877 , 0.00628307 , 0.0841216 , -0.222498 , 0.0547078 , 0.0757592 , -0.214346
0.653675 , 0.00635393 , 0.0843729 , -0.222411 , 0.0538286 , 0.0761559 , -0.214881
0.698131 , 0.0065973 , 0.0842641 , -0.222366 , 0.054872 , 0.0770655 , -0.215363
0.736718 , 0.00664477 , 0.0842517 , -0.222346 , 0.0544261 , 0.0779299 , -0.215018
0.781958 , 0.00667316 , 0.0843547 , -0.22236 , 0.0535139 , 0.0779494 , -0.21567
0.81986 , 0.00664478 , 0.0845838 , -0.222355 , 0.0530929 , 0.0781831 , -0.21666
0.871326 , 0.00669471 , 0.0847473 , -0.222347 , 0.0532209 , 0.0787298 , -0.216661
0.919417 , 0.0068146 , 0.084669 , -0.222357 , 0.053283 , 0.0789152 , -0.216869
0.964058 , 0.00702739 , 0.0844522 , -0.222418 , 0.0538681 , 0.0788013 , -0.216494
1.00168 , 0.00734091 , 0.0845259 , -0.222376 , 0.0523864 , 0.0784535 , -0.217533
1.04352 , 0.00734673 , 0.084721 , -0.222389 , 0.052143 , 0.0790885 , -0.217966
1.08601 , 0.00741635 , 0.0848485 , -0.222426 , 0.0534502 , 0.0792139 , -0.217785
1.13345 , 0.00744702 , 0.0848175 , -0.222457 , 0.0540029 , 0.0794485 , -0.217875
1.17172 , 0.00744702 , 0.0848175 , -0.222457 , 0.0539479 , 0.079669 , -0.218047
1.21584 , 0.00771836 , 0.0847873 , -0.222641 , 0.0513119 , 0.0794345 , -0.218898
1.25276 , 0.00774275 , 0.0847768 , -0.222647 , 0.0523642 , 0.0800334 , -0.220099
1.28974 , 0.00777758 , 0.0848692 , -0.222654 , 0.053138 , 0.0801315 , -0.220066
1.33679 , 0.00777758 , 0.0848692 , -0.222654 , 0.0543941 , 0.0801401 , -0.219493
1.37535 , 0.0078312 , 0.0850877 , -0.222687 , 0.0536162 , 0.0801559 , -0.21955
1.41891 , 0.00787581 , 0.0851873 , -0.222643 , 0.053626 , 0.0805014 , -0.219406
1.45828 , 0.00794124 , 0.0852116 , -0.222637 , 0.0532977 , 0.0807417 , -0.219754
1.5038 , 0.00795082 , 0.0853747 , -0.222598 , 0.0529227 , 0.0806779 , -0.220008
1.54201 , 0.00794133 , 0.0856056 , -0.222608 , 0.0525614 , 0.0808782 , -0.219778
1.58875 , 0.00785205 , 0.0859375 , -0.222655 , 0.0523417 , 0.0807927 , -0.219782
1.62677 , 0.00776721 , 0.0859509 , -0.222925 , 0.0525685 , 0.0805808 , -0.220025
1.6717 , 0.0074786 , 0.0858783 , -0.223244 , 0.0523275 , 0.0808375 , -0.220195
1.71017 , 0.0073838 , 0.0860645 , -0.223306 , 0.0517144 , 0.0807397 , -0.220399
1.75591 , 0.00649643 , 0.0865779 , -0.224013 , 0.050242 , 0.0810658 , -0.221262
1.79524 , 0.00587473 , 0.0864059 , -0.224586 , 0.0506221 , 0.0814452 , -0.222272
1.83559 , 0.005338 , 0.0867906 , -0.225039 , 0.0502773 , 0.0817489 , -0.222538
1.87726 , 0.00450311 , 0.0876899 , -0.225582 , 0.0500406 , 0.0825252 , -0.22302
1.92193 , 0.00382969 , 0.0881895 , -0.226272 , 0.0488967 , 0.0830139 , -0.223996
1.96234 , 0.00308552 , 0.0888835 , -0.226956 , 0.0478719 , 0.0838207 , -0.225155
2.00566 , 0.00236072 , 0.0895556 , -0.22756 , 0.0477303 , 0.0843823 , -0.225929
2.04486 , 0.00150275 , 0.0902384 , -0.228405 , 0.0463167 , 0.0860543 , -0.227102
2.09018 , 0.000432722 , 0.0918607 , -0.229261 , 0.044601 , 0.0871619 , -0.227557
2.12875 , -0.000749113 , 0.0932868 , -0.230122 , 0.042604 , 0.0886535 , -0.228681
2.17537 , -0.00217572 , 0.0954959 , -0.230723 , 0.0423885 , 0.0895751 , -0.229322
2.21321 , -0.00357785 , 0.0973544 , -0.231695 , 0.0412986 , 0.0914692 , -0.230257
2.25771 , -0.0046034 , 0.0997582 , -0.232313 , 0.0396369 , 0.0950994 , -0.231443
2.29518 , -0.00560723 , 0.100755 , -0.233451 , 0.0384405 , 0.0945834 , -0.233258
2.34178 , -0.00675753 , 0.100891 , -0.234297 , 0.0384082 , 0.0963022 , -0.234279
2.37895 , -0.0078346 , 0.101895 , -0.234547 , 0.0378747 , 0.0963157 , -0.234489
2.42801 , -0.00841971 , 0.100853 , -0.235006 , 0.0362906 , 0.0979851 , -0.23506
2.47611 , -0.00868 , 0.10132 , -0.235523 , 0.0351153 , 0.0955198 , -0.235734
2.5142 , -0.00840122 , 0.0984644 , -0.23585 , 0.0353609 , 0.0922484 , -0.236629
2.56037 , -0.00799242 , 0.0963901 , -0.235716 , 0.0367528 , 0.0908306 , -0.23666
2.60227 , -0.00709247 , 0.0951175 , -0.235085 , 0.0395197 , 0.0902774 , -0.235153
2.64719 , -0.00528494 , 0.0941645 , -0.233471 , 0.0419506 , 0.0884746 , -0.232954
2.6938 , -0.00179403 , 0.0916738 , -0.230419 , 0.0440057 , 0.0867715 , -0.23113
2.73042 , 0.00259393 , 0.0876029 , -0.226431 , 0.0484534 , 0.082052 , -0.227427
2.77729 , 0.00756498 , 0.083758 , -0.221611 , 0.0534458 , 0.0765914 , -0.224201
2.81355 , 0.0137701 , 0.0751983 , -0.215828 , 0.0569567 , 0.0718303 , -0.221003
2.84964 , 0.0201843 , 0.0644414 , -0.208426 , 0.0658228 , 0.0719738 , -0.215861
2.89595 , 0.0249789 , 0.0619011 , -0.202875 , 0.0646982 , 0.061266 , -0.210276
2.93517 , 0.0321482 , 0.0536923 , -0.196975 , 0.0734095 , 0.0524669 , -0.20608
2.97983 , 0.0405392 , 0.0449831 , -0.18995 , 0.0822702 , 0.0452908 , -0.20077
3.01973 , 0.0507986 , 0.0336737 , -0.182542 , 0.0910722 , 0.0354868 , -0.195486
3.06482 , 0.0611919 , 0.0228877 , -0.174427 , 0.1012 , 0.0278391 , -0.189404
3.10875 , 0.0719435 , 0.0110539 , -0.16623 , 0.110279 , 0.0180643 , -0.183501
3.15378 , 0.0827465 , -0.000157142 , -0.158126 , 0.12165 , 0.0103069 , -0.177901
3.20454 , 0.0935171 , -0.0105163 , -0.150041 , 0.13205 , -0.000121862 , -0.171737
3.25168 , 0.104124 , -0.0218836 , -0.14259 , 0.142015 , -0.00857273 , -0.166533
3.30669 , 0.115493 , -0.0331074 , -0.133245 , 0.152666 , -0.0196426 , -0.160428
3.35506 , 0.127136 , -0.0449722 , -0.123653 , 0.163775 , -0.0299273 , -0.154221
3.40333 , 0.138187 , -0.0560271 , -0.114849 , 0.175434 , -0.0324731 , -0.147365
3.45072 , 0.149497 , -0.0705978 , -0.106346 , 0.183814 , -0.0415042 , -0.141224
3.49261 , 0.15825 , -0.0775536 , -0.0975979 , 0.194659 , -0.0542586 , -0.135659
3.5332 , 0.167108 , -0.0879359 , -0.0896233 , 0.203766 , -0.0623932 , -0.129908
3.57119 , 0.174723 , -0.0966596 , -0.0814045 , 0.212174 , -0.0664565 , -0.122823
3.61781 , 0.181535 , -0.104704 , -0.0733976 , 0.216683 , -0.0705082 , -0.117951
3.65519 , 0.186877 , -0.110959 , -0.0662228 , 0.222637 , -0.0770937 , -0.113567
3.70305 , 0.191701 , -0.120264 , -0.0609808 , 0.228817 , -0.082609 , -0.109921
3.74973 , 0.194724 , -0.125811 , -0.0565523 , 0.232226 , -0.088747 , -0.108649
3.78923 , 0.19734 , -0.132278 , -0.0538227 , 0.235296 , -0.0927283 , -0.106092
3.83334 , 0.19891 , -0.137355 , -0.0516951 , 0.235646 , -0.0990933 , -0.105927
3.87025 , 0.198875 , -0.143891 , -0.0507782 , 0.236373 , -0.105118 , -0.105418
3.91111 , 0.196981 , -0.148601 , -0.0511852 , 0.234451 , -0.108876 , -0.106599
3.95178 , 0.194801 , -0.153428 , -0.0520478 , 0.232958 , -0.114384 , -0.107333
3.99076 , 0.191256 , -0.158887 , -0.0540129 , 0.229321 , -0.119261 , -0.109186
4.03547 , 0.186028 , -0.162936 , -0.0560522 , 0.230996 , -0.120207 , -0.110462
4.07324 , 0.179055 , -0.16734 , -0.0581554 , 0.228105 , -0.12426 , -0.112039
4.12038 , 0.179058 , -0.167984 , -0.0581908 , 0.226989 , -0.127638 , -0.11382
4.15711 , 0.176749 , -0.168527 , -0.0596123 , 0.225389 , -0.12786 , -0.114335
4.20016 , 0.174437 , -0.16677 , -0.0609225 , 0.224672 , -0.1274 , -0.114634
4.24067 , 0.172159 , -0.163709 , -0.0619896 , 0.224017 , -0.124595 , -0.114307
4.29357 , 0.169423 , -0.158609 , -0.0625841 , 0.220184 , -0.119693 , -0.115454
4.34037 , 0.16655 , -0.151416 , -0.0629766 , 0.21667 , -0.116431 , -0.115314
4.38979 , 0.164434 , -0.145873 , -0.0641114 , 0.212684 , -0.110036 , -0.114748
4.43197 , 0.162011 , -0.137734 , -0.0642427 , 0.210322 , -0.105451 , -0.1135
4.4742 , 0.160209 , -0.131874 , -0.0663342 , 0.208265 , -0.101694 , -0.11374
4.51513 , 0.158282 , -0.123232 , -0.0680528 , 0.205415 , -0.0955047 , -0.115173
4.55452 , 0.155663 , -0.112374 , -0.0712018 , 0.20343 , -0.0927576 , -0.116674
4.59561 , 0.152997 , -0.107531 , -0.0760711 , 0.199177 , -0.0878202 , -0.119283
4.63883 , 0.149541 , -0.100865 , -0.0814781 , 0.196003 , -0.086595 , -0.122232
4.68067 , 0.146164 , -0.0963531 , -0.087687 , 0.191263 , -0.0826887 , -0.125192
4.72196 , 0.142161 , -0.0889314 , -0.0934888 , 0.18574 , -0.0772597 , -0.130252
4.76309 , 0.137673 , -0.0812253 , -0.0998352 , 0.18112 , -0.0717065 , -0.133405
4.80405 , 0.132281 , -0.0700188 , -0.106194 , 0.176834 , -0.0654634 , -0.137111
4.84275 , 0.127744 , -0.0623987 , -0.112795 , 0.172212 , -0.0592236 , -0.1412
4.8852 , 0.123156 , -0.0548148 , -0.118408 , 0.167854 , -0.05543 , -0.144487
4.92582 , 0.11789 , -0.0472412 , -0.124276 , 0.161242 , -0.0481238 , -0.148659
4.96447 , 0.112193 , -0.0383866 , -0.12951 , 0.156082 , -0.0417521 , -0.151779
5.0093 , 0.106765 , -0.0314372 , -0.134788 , 0.14958 , -0.0370259 , -0.155097
5.0464 , 0.10047 , -0.0244265 , -0.140109 , 0.143937 , -0.0300995 , -0.158498
5.0931 , 0.094455 , -0.0168668 , -0.145284 , 0.137211 , -0.0229821 , -0.161781
5.132 , 0.0875886 , -0.00841454 , -0.151075 , 0.131418 , -0.0187396 , -0.16538
5.18181 , 0.0810891 , -0.000935628 , -0.156631 , 0.124435 , -0.0139731 , -0.169504
5.22859 , 0.0743485 , 0.00437875 , -0.161823 , 0.117218 , -0.00827588 , -0.173037
5.27637 , 0.0673181 , 0.0121474 , -0.166481 , 0.110923 , -0.000789354 , -0.176632
5.32418 , 0.0605355 , 0.0170032 , -0.17212 , 0.104869 , 0.00544133 , -0.179935
5.36887 , 0.0536694 , 0.0227025 , -0.177026 , 0.0976649 , 0.0104763 , -0.182431
5.41233 , 0.0463795 , 0.029888 , -0.181545 , 0.0914484 , 0.0160723 , -0.185428
5.45976 , 0.0388847 , 0.0424628 , -0.186662 , 0.0805554 , 0.0195781 , -0.186746
5.50132 , 0.038327 , 0.0481735 , -0.191955 , 0.0799234 , 0.0278837 , -0.192372
5.55335 , 0.0319244 , 0.0499327 , -0.196336 , 0.0736865 , 0.0361864 , -0.19836
5.60328 , 0.0231364 , 0.0549816 , -0.201473 , 0.0679308 , 0.0435509 , -0.201803
5.64611 , 0.0128873 , 0.0593326 , -0.207589 , 0.0514918 , 0.0493404 , -0.207507
5.68543 , -0.00529619 , 0.0664844 , -0.21489 , 0.0367984 , 0.0574908 , -0.213381
5.72908 , -0.0194879 , 0.0790231 , -0.223159 , 0.0238411 , 0.0661801 , -0.219782
5.76648 , -0.0350406 , 0.0949297 , -0.231865 , 0.00934486 , 0.0806496 , -0.227428
5.81557 , -0.0517029 , 0.108226 , -0.240633 , -0.00625088 , 0.0926033 , -0.235632
5.85679 , -0.0611294 , 0.111997 , -0.246341 , -0.016124 , 0.105579 , -0.24155
5.89569 , -0.0796297 , 0.131717 , -0.255736 , -0.0299763 , 0.115576 , -0.248091
5.9331 , -0.0934926 , 0.14185 , -0.26188 , -0.0450917 , 0.126269 , -0.253375
5.97011 , -0.1076 , 0.146339 , -0.26615 , -0.0600991 , 0.142471 , -0.260631
6.01483 , -0.118058 , 0.154195 , -0.269631 , -0.0633783 , 0.150443 , -0.262317
6.05174 , -0.12521 , 0.163109 , -0.272318 , -0.0700462 , 0.155148 , -0.262015
6.10109 , -0.132667 , 0.172746 , -0.274461 , -0.0740567 , 0.159068 , -0.263375
6.13942 , -0.135817 , 0.174895 , -0.275732 , -0.0794505 , 0.16535 , -0.264825
6.18461 , -0.139338 , 0.178752 , -0.276691 , -0.0810385 , 0.169298 , -0.2657
6.22351 , -0.140869 , 0.181913 , -0.277507 , -0.0814087 , 0.17189 , -0.265221
6.26813 , -0.141369 , 0.183772 , -0.277862 , -0.0811648 , 0.17341 , -0.265128
6.3067 , -0.140909 , 0.184227 , -0.278282 , -0.078459 , 0.168186 , -0.264323
6.35203 , -0.139488 , 0.179159 , -0.278632 , -0.0754103 , 0.162385 , -0.263809
6.38949 , -0.137609 , 0.174985 , -0.278345 , -0.0717985 , 0.161067 , -0.261977
6.43523 , -0.135639 , 0.177235 , -0.278223 , -0.0708886 , 0.160662 , -0.261646
6.47266 , -0.133257 , 0.173776 , -0.278507 , -0.0675011 , 0.157649 , -0.260559
6.51883 , -0.130426 , 0.17138 , -0.278157 , -0.0628223 , 0.152183 , -0.259455
6.55665 , -0.127358 , 0.166604 , -0.277834 , -0.0565116 , 0.148038 , -0.259049
6.60396 , -0.124271 , 0.161871 , -0.278335 , -0.0525515 , 0.140036 , -0.260694
6.64527 , -0.120344 , 0.154406 , -0.280164 , -0.0442026 , 0.131594 , -0.260613
6.68768 , -0.117166 , 0.15003 , -0.281634 , -0.040409 , 0.128097 , -0.263945
6.72466 , -0.113708 , 0.14259 , -0.283221 , -0.0377067 , 0.125642 , -0.266727
6.77258 , -0.110987 , 0.138139 , -0.284834 , -0.0309991 , 0.120464 , -0.269223
6.81203 , -0.10935 , 0.135624 , -0.287157 , -0.0319968 , 0.115851 , -0.275101
6.85566 , -0.108605 , 0.130061 , -0.289094 , -0.0266627 , 0.116221 , -0.278961
6.89162 , -0.109037 , 0.13048 , -0.291571 , -0.0260707 , 0.11448 , -0.282858
6.94081 , -0.111604 , 0.130855 , -0.294331 , -0.0216769 , 0.11227 , -0.287317
6.98751 , -0.114005 , 0.131141 , -0.296522 , -0.020734 , 0.110149 , -0.291178
7.02429 , -0.123528 , 0.131392 , -0.302606 , -0.0287219 , 0.109897 , -0.296457
7.0637 , -0.127706 , 0.129321 , -0.304958 , -0.0356813 , 0.109873 , -0.302498
7.10567 , -0.133531 , 0.12818 , -0.309882 , -0.0423815 , 0.109752 , -0.306152
7.14491 , -0.137234 , 0.127182 , -0.314543 , -0.0517311 , 0.112588 , -0.312168
7.19168 , -0.142203 , 0.13106 , -0.321158 , -0.0567437 , 0.115727 , -0.314747
7.23212 , -0.145566 , 0.133714 , -0.326846 , -0.0623735 , 0.11903 , -0.321382
7.2712 , -0.149332 , 0.134951 , -0.3336 , -0.0680929 , 0.12334 , -0.324501
7.3109 , -0.151868 , 0.138366 , -0.339626 , -0.0674923 , 0.125972 , -0.326373
7.36079 , -0.152899 , 0.140052 , -0.343217 , -0.0729011 , 0.128064 , -0.331068
7.41027 , -0.154106 , 0.143857 , -0.345226 , -0.0757512 , 0.127539 , -0.334981
7.45429 , -0.152968 , 0.141895 , -0.346917 , -0.0776849 , 0.126946 , -0.336504
7.4924 , -0.150549 , 0.134689 , -0.347824 , -0.0779937 , 0.127292 , -0.335043
7.52889 , -0.148234 , 0.133158 , -0.348883 , -0.0818516 , 0.126991 , -0.335895
7.58085 , -0.144762 , 0.130716 , -0.349944 , -0.0789923 , 0.124537 , -0.336597
7.63075 , -0.139502 , 0.130822 , -0.350507 , -0.076158 , 0.124657 , -0.33626
7.67329 , -0.132974 , 0.130611 , -0.34951 , -0.0718021 , 0.124885 , -0.334229
7.71109 , -0.126372 , 0.125471 , -0.347713 , -0.0679092 , 0.125503 , -0.331087
7.74646 , -0.119721 , 0.125047 , -0.343649 , -0.0617991 , 0.120294 , -0.325646
7.79391 , -0.113246 , 0.119001 , -0.340489 , -0.0565928 , 0.116723 , -0.322228
7.8356 , -0.105342 , 0.116992 , -0.335239 , -0.0516667 , 0.11291 , -0.316579
7.87613 , -0.0999331 , 0.117176 , -0.330379 , -0.0442072 , 0.108055 , -0.310767
7.91303 , -0.0929247 , 0.114125 , -0.324879 , -0.0399151 , 0.103369 , -0.305081
7.9499 , -0.0833497 , 0.109189 , -0.317693 , -0.0349631 , 0.104893 , -0.298891
8.00177 , -0.0757729 , 0.106435 , -0.311893 , -0.0292615 , 0.102812 , -0.292879
8.05198 , -0.068299 , 0.102736 , -0.306492 , -0.023088 , 0.0982224 , -0.28588
8.10104 , -0.0611836 , 0.100584 , -0.300925 , -0.0175066 , 0.0959325 , -0.280363
8.15105 , -0.0552228 , 0.0972909 , -0.294925 , -0.0133293 , 0.0935925 , -0.275277
8.20068 , -0.048806 , 0.0932688 , -0.288902 , -0.0100391 , 0.0904875 , -0.27034
8.25267 , -0.042541 , 0.0887324 , -0.283257 , -0.00210316 , 0.0834638 , -0.264884
8.30315 , -0.039947 , 0.0874606 , -0.279503 , 0.00229566 , 0.0818488 , -0.2605
8.35045 , -0.0335587 , 0.0839791 , -0.274838 , 0.00527622 , 0.0797701 , -0.257681
8.40761 , -0.0323262 , 0.0833054 , -0.27288 , 0.00647217 , 0.075294 , -0.254993
8.45296 , -0.0294078 , 0.0795033 , -0.27049 , 0.00799038 , 0.0728427 , -0.252806
8.50133 , -0.0264192 , 0.0754633 , -0.268253 , 0.00807627 , 0.06915 , -0.25291
8.55635 , -0.0264451 , 0.074096 , -0.267982 , 0.0111122 , 0.0681484 , -0.253229
8.60408 , -0.0226982 , 0.0710658 , -0.267521 , 0.0122157 , 0.0655501 , -0.252582
8.6496 , -0.0233324 , 0.0703421 , -0.267819 , 0.0129229 , 0.0640604 , -0.252348
8.69621 , -0.0236025 , 0.0710971 , -0.268055 , 0.0133652 , 0.0649922 , -0.251929
8.74065 , -0.0224512 , 0.0713987 , -0.267276 , 0.0139309 , 0.0653655 , -0.252412
8.78753 , -0.021867 , 0.0716685 , -0.267734 , 0.0156756 , 0.0645996 , -0.252795
8.84081 , -0.0211399 , 0.0754331 , -0.268474 , 0.015605 , 0.0681522 , -0.254609
8.89019 , -0.0208839 , 0.0754609 , -0.268298 , 0.0141759 , 0.0715765 , -0.255548
8.94026 , -0.0190771 , 0.0773106 , -0.26721 , 0.0166621 , 0.0713504 , -0.253897
8.99012 , -0.0189102 , 0.0786744 , -0.267092 , 0.0167627 , 0.0712735 , -0.252842
9.04143 , -0.0182455 , 0.0817086 , -0.266616 , 0.0166425 , 0.0722631 , -0.252419
9.09189 , -0.0177667 , 0.0823058 , -0.266228 , 0.0190303 , 0.074839 , -0.251554
9.14718 , -0.0146595 , 0.0838473 , -0.264076 , 0.0209308 , 0.0748708 , -0.251621
9.18528 , -0.0116496 , 0.0819378 , -0.263605 , 0.0212943 , 0.0749712 , -0.251798
9.22992 , -0.0117485 , 0.0837679 , -0.263367 , 0.0228806 , 0.0751904 , -0.250599
9.27805 , -0.0119745 , 0.0846113 , -0.263443 , 0.0223408 , 0.0757786 , -0.24997
9.32806 , -0.0115958 , 0.0851128 , -0.263141 , 0.0237877 , 0.0767634 , -0.249679
9.38062 , -0.0106766 , 0.0859239 , -0.262969 , 0.0221596 , 0.0770729 , -0.250032
9.42368 , -0.0105779 , 0.0866987 , -0.262835 , 0.0234273 , 0.0773633 , -0.249731
9.47876 , -0.00998523 , 0.0883627 , -0.26243 , 0.0248661 , 0.0787058 , -0.249439
9.52285 , -0.00985751 , 0.0892338 , -0.262015 , 0.02399 , 0.0806201 , -0.249219
9.56041 , -0.00960123 , 0.0902614 , -0.261231 , 0.0254555 , 0.083692 , -0.247441
9.61059 , -0.00844632 , 0.0931652 , -0.259718 , 0.0281645 , 0.0839195 , -0.245943
9.65626 , -0.00801636 , 0.0954036 , -0.259296 , 0.0279994 , 0.0852716 , -0.245147
9.69877 , -0.0081899 , 0.0967186 , -0.258875 , 0.0252211 , 0.0871311 , -0.246523
9.73983 , -0.0091236 , 0.0962491 , -0.258706 , 0.0252079 , 0.0875394 , -0.246297
9.78408 , -0.00991649 , 0.0966547 , -0.258623 , 0.0241408 , 0.0873006 , -0.246968
9.82303 , -0.0121975 , 0.0969771 , -0.258934 , 0.0241712 , 0.0874461 , -0.246759
9.86614 , -0.0152765 , 0.0980265 , -0.259898 , 0.0212561 , 0.0889459 , -0.247354
9.90754 , -0.0184557 , 0.0996522 , -0.261288 , 0.0189372 , 0.0900613 , -0.247752
9.94477 , -0.0224199 , 0.0986701 , -0.262822 , 0.0150348 , 0.0870601 , -0.250247
9.99189 , -0.0263175 , 0.0971302 , -0.26445 , 0.00956988 , 0.0889299 , -0.252983
10.0326 , -0.0317511 , 0.0980442 , -0.267109 , 0.00462922 , 0.0882756 , -0.255761
10.0755 , -0.0374342 , 0.0970539 , -0.26996 , 0.000541982 , 0.0870224 , -0.259395
10.1176 , -0.0432839 , 0.0967634 , -0.273472 , -0.00291599 , 0.086737 , -0.262142
10.159 , -0.049262 , 0.0952998 , -0.277209 , -0.0123931 , 0.0842707 , -0.267099
10.202 , -0.0571804 , 0.0935485 , -0.281699 , -0.0193221 , 0.0848319 , -0.272151
10.245 , -0.0634519 , 0.0943406 , -0.285262 , -0.0247372 , 0.0836006 , -0.276319
10.2836 , -0.0682016 , 0.0928581 , -0.289035 , -0.0269534 , 0.0851635 , -0.279675
10.3325 , -0.0715521 , 0.0916416 , -0.293143 , -0.0288782 , 0.0822989 , -0.282714
10.3788 , -0.0742405 , 0.0885405 , -0.29617 , -0.0311766 , 0.0805042 , -0.286619
10.4377 , -0.0761127 , 0.0878135 , -0.298857 , -0.0316523 , 0.081128 , -0.288636
10.482 , -0.0756042 , 0.0834051 , -0.300241 , -0.0297681 , 0.077924 , -0.29024
10.5323 , -0.0744634 , 0.0811355 , -0.300108 , -0.0308186 , 0.0745711 , -0.292503
10.5814 , -0.0708621 , 0.0752894 , -0.299192 , -0.0265549 , 0.0727316 , -0.291159
10.6346 , -0.0658478 , 0.0714358 , -0.296454 , -0.0198806 , 0.0694133 , -0.289511
10.6806 , -0.058602 , 0.0658853 , -0.291995 , -0.0125075 , 0.0637756 , -0.286416
10.7198 , -0.0498129 , 0.0588656 , -0.285454 , -0.00409182 , 0.0571044 , -0.280704
10.7638 , -0.0399115 , 0.0511172 , -0.277531 , 0.00730725 , 0.0486519 , -0.273569
10.807 , -0.0291425 , 0.0403983 , -0.268122 , 0.0148802 , 0.0411054 , -0.267489
10.8506 , -0.016318 , 0.0255515 , -0.257253 , 0.0279532 , 0.0335182 , -0.258551
10.9026 , -0.00289353 , 0.0114365 , -0.24586 , 0.0370186 , 0.0174194 , -0.249969
10.9489 , 0.00825194 , -0.000665606 , -0.234122 , 0.0510559 , 0.00669107 , -0.242347
10.9861 , 0.0204658 , -0.0151151 , -0.222985 , 0.065405 , -0.00763777 , -0.232606
11.0318 , 0.0327876 , -0.0297744 , -0.211343 , 0.0770475 , -0.018042 , -0.223243
11.0692 , 0.0452991 , -0.0477931 , -0.199911 , 0.0901401 , -0.0319754 , -0.212846
11.122 , 0.0573363 , -0.062224 , -0.18714 , 0.101861 , -0.0445009 , -0.203377
11.1712 , 0.0676999 , -0.0711441 , -0.174469 , 0.113948 , -0.0590063 , -0.193928
11.2151 , 0.0816084 , -0.0918094 , -0.161496 , 0.127178 , -0.0688358 , -0.184374
11.2559 , 0.0925528 , -0.102304 , -0.150009 , 0.136679 , -0.0766321 , -0.175529
11.299 , 0.106461 , -0.12209 , -0.137989 , 0.151059 , -0.0885337 , -0.166903
11.341 , 0.117965 , -0.131379 , -0.126465 , 0.164123 , -0.103581 , -0.160121
11.3829 , 0.13084 , -0.145627 , -0.116358 , 0.177519 , -0.112875 , -0.154256
11.4242 , 0.142143 , -0.154313 , -0.106706 , 0.188097 , -0.121539 , -0.149232
11.4668 , 0.15293 , -0.164993 , -0.0983848 , 0.195034 , -0.125348 , -0.143783
11.5015 , 0.160636 , -0.172845 , -0.0901633 , 0.200927 , -0.125221 , -0.137342
11.539 , 0.165577 , -0.177169 , -0.0828125 , 0.207163 , -0.125043 , -0.130781
11.5854 , 0.169132 , -0.178368 , -0.0761523 , 0.210905 , -0.125083 , -0.12499
11.6216 , 0.172243 , -0.177133 , -0.0702019 , 0.207305 , -0.125949 , -0.120076
11.6696 , 0.167884 , -0.177329 , -0.0658442 , 0.210581 , -0.126355 , -0.116481
11.7057 , 0.167264 , -0.181392 , -0.0643474 , 0.210272 , -0.131305 , -0.1148
11.7538 , 0.164243 , -0.184235 , -0.0628916 , 0.209379 , -0.137973 , -0.113374
11.79 , 0.160867 , -0.188884 , -0.0632025 , 0.209526 , -0.141397 , -0.114788
11.8434 , 0.156146 , -0.190962 , -0.0643535 , 0.209121 , -0.142553 , -0.11573
11.8918 , 0.151401 , -0.191304 , -0.0645977 , 0.206138 , -0.141332 , -0.116665
11.9373 , 0.147967 , -0.18736 , -0.0654704 , 0.20585 , -0.140538 , -0.116853
11.9803 , 0.144567 , -0.184921 , -0.0673691 , 0.202613 , -0.141327 , -0.118931
12.0221 , 0.141133 , -0.185308 , -0.0706521 , 0.199814 , -0.144668 , -0.121863
12.0628 , 0.137093 , -0.185761 , -0.0743993 , 0.197212 , -0.146628 , -0.125517
12.1017 , 0.133643 , -0.186976 , -0.0791715 , 0.196165 , -0.148329 , -0.129995
12.1489 , 0.130396 , -0.186752 , -0.0848007 , 0.191922 , -0.147785 , -0.135881
12.1877 , 0.127038 , -0.178484 , -0.0895318 , 0.186445 , -0.147576 , -0.141941
12.2303 , 0.125228 , -0.176723 , -0.0951777 , 0.186102 , -0.134688 , -0.144336
12.2718 , 0.125714 , -0.171388 , -0.101275 , 0.178304 , -0.135013 , -0.153681
12.3127 , 0.122424 , -0.164552 , -0.108907 , 0.181025 , -0.131851 , -0.153027
12.3552 , 0.118955 , -0.156251 , -0.1165 , 0.177138 , -0.122758 , -0.15701
12.3974 , 0.115654 , -0.142789 , -0.123711 , 0.168846 , -0.11906 , -0.163228
12.4398 , 0.112685 , -0.134755 , -0.131185 , 0.166534 , -0.111463 , -0.167779
12.4822 , 0.109686 , -0.122099 , -0.137901 , 0.162346 , -0.10352 , -0.171459
12.5231 , 0.106302 , -0.112581 , -0.144534 , 0.156745 , -0.0969548 , -0.175194
12.5642 , 0.10237 , -0.103155 , -0.15066 , 0.152244 , -0.0913941 , -0.177782
12.6077 , 0.0978647 , -0.0908904 , -0.154715 , 0.149259 , -0.0824248 , -0.180115
12.6523 , 0.09492 , -0.081957 , -0.158335 , 0.143346 , -0.0741299 , -0.1805
12.691 , 0.0917403 , -0.0700371 , -0.162158 , 0.140227 , -0.0646137 , -0.180262
12.7356 , 0.0887423 , -0.0582256 , -0.165015 , 0.135434 , -0.0552948 , -0.181287
12.7748 , 0.0862517 , -0.0478841 , -0.167734 , 0.132344 , -0.048631 , -0.182023
12.8171 , 0.0843392 , -0.0396961 , -0.170441 , 0.130094 , -0.0399615 , -0.182711
12.8594 , 0.0822586 , -0.0303608 , -0.172874 , 0.128045 , -0.0337615 , -0.183047
12.9007 , 0.0807774 , -0.0225006 , -0.174944 , 0.125729 , -0.0301901 , -0.183481
12.9431 , 0.0799525 , -0.0181489 , -0.177365 , 0.122688 , -0.0260151 , -0.184587
12.9847 , 0.0792977 , -0.011717 , -0.179482 , 0.121823 , -0.0221092 , -0.184784
13.029 , 0.0788434 , -0.00402674 , -0.180545 , 0.120913 , -0.0128348 , -0.184601
13.071 , 0.0791323 , 0.00112039 , -0.182097 , 0.118264 , -0.00744112 , -0.184825
13.1105 , 0.0781889 , 0.00808608 , -0.183001 , 0.117295 , 0.00109164 , -0.184709
13.15 , 0.0773168 , 0.0144102 , -0.1843 , 0.115489 , 0.00407721 , -0.184175
13.1947 , 0.0766161 , 0.0191256 , -0.185866 , 0.114134 , 0.00881042 , -0.185112
13.2347 , 0.07557 , 0.023574 , -0.187396 , 0.111811 , 0.00991678 , -0.186102
13.2787 , 0.0739928 , 0.0281694 , -0.189253 , 0.110725 , 0.0155534 , -0.18673
13.319 , 0.0729885 , 0.0312949 , -0.190661 , 0.106971 , 0.0187607 , -0.187931
13.3657 , 0.071839 , 0.0336985 , -0.191693 , 0.105232 , 0.0223219 , -0.188506
13.4086 , 0.0695492 , 0.0425622 , -0.193599 , 0.102727 , 0.0228172 , -0.18811
13.4535 , 0.068524 , 0.0405742 , -0.194921 , 0.10635 , 0.0225198 , -0.188775
13.4996 , 0.0665784 , 0.0476441 , -0.19646 , 0.10053 , 0.025555 , -0.188443
13.5415 , 0.0660163 , 0.0436592 , -0.197686 , 0.100693 , 0.0304422 , -0.190634
13.5781 , 0.063386 , 0.0480132 , -0.199056 , 0.100683 , 0.0317309 , -0.190942
13.6239 , 0.0597731 , 0.0490935 , -0.200913 , 0.0926979 , 0.0377155 , -0.192953
13.6682 , 0.0593532 , 0.0499221 , -0.202152 , 0.0943757 , 0.0350113 , -0.193923
13.7196 , 0.0568814 , 0.0467381 , -0.203901 , 0.0925522 , 0.0362096 , -0.193846
13.7645 , 0.0547435 , 0.0479186 , -0.204909 , 0.0883299 , 0.0375233 , -0.19544
13.8067 , 0.0521452 , 0.0498897 , -0.205997 , 0.0844391 , 0.03504 , -0.196575
13.8497 , 0.0482712 , 0.0488183 , -0.207496 , 0.0803135 , 0.0383425 , -0.199082
13.8886 , 0.0446291 , 0.0500089 , -0.209342 , 0.0765623 , 0.0413466 , -0.201746
13.9346 , 0.0398437 , 0.0519527 , -0.212015 , 0.0705353 , 0.0438181 , -0.204638
13.9739 , 0.0323962 , 0.0556291 , -0.216185 , 0.0611544 , 0.0463455 , -0.208444
14.0177 , 0.0262461 , 0.0609859 , -0.22122 , 0.0593231 , 0.0450576 , -0.211672
14.056 , 0.0156535 , 0.0549702 , -0.225512 , 0.0463459 , 0.0517209 , -0.216971
14.1016 , 0.0086186 , 0.0564821 , -0.228801 , 0.0436987 , 0.0522262 , -0.220399
14.1413 , -0.00244369 , 0.0608122 , -0.23405 , 0.0319479 , 0.0561554 , -0.228413
14.1869 , -0.0122835 , 0.0609787 , -0.23879 , 0.0177723 , 0.0624237 , -0.235411
14.2244 , -0.0258535 , 0.0650857 , -0.24478 , 0.00422415 , 0.0681001 , -0.241707
14.2684 , -0.0379186 , 0.0685397 , -0.250866 , -0.0108221 , 0.0732277 , -0.246746
14.3133 , -0.0553917 , 0.0752994 , -0.255706 , -0.0230129 , 0.0815008 , -0.250699
14.3568 , -0.0696325 , 0.0907937 , -0.26011 , -0.0339605 , 0.0843822 , -0.253893
14.4038 , -0.0868246 , 0.0883158 , -0.262934 , -0.056813 , 0.0993861 , -0.265215
14.4416 , -0.0986312 , 0.0948851 , -0.266701 , -0.0612261 , 0.106816 , -0.263452
14.4878 , -0.118907 , 0.111128 , -0.27001 , -0.0751834 , 0.108313 , -0.267727
14.5256 , -0.135273 , 0.121935 , -0.27446 , -0.0897461 , 0.116747 , -0.27269
14.5715 , -0.151772 , 0.132465 , -0.27885 , -0.111011 , 0.135729 , -0.276157
14.6082 , -0.169354 , 0.139871 , -0.28354 , -0.126669 , 0.15004 , -0.28026
14.6573 , -0.187705 , 0.154417 , -0.287068 , -0.138909 , 0.152605 , -0.284541
14.6963 , -0.200921 , 0.162524 , -0.291012 , -0.147663 , 0.157077 , -0.287257
14.7392 , -0.213426 , 0.167403 , -0.294436 , -0.156899 , 0.162619 , -0.289624
14.7767 , -0.225307 , 0.17205 , -0.298732 , -0.16595 , 0.164622 , -0.291442
14.8248 , -0.233905 , 0.171781 , -0.301776 , -0.172138 , 0.165853 , -0.293294
14.8641 , -0.241191 , 0.173611 , -0.304898 , -0.181835 , 0.168617 , -0.294767
14.9074 , -0.248225 , 0.173407 , -0.307892 , -0.179167 , 0.167043 , -0.292994
14.9439 , -0.249017 , 0.16927 , -0.308275 , -0.182371 , 0.160792 , -0.292781
14.9912 , -0.247999 , 0.163972 , -0.308059 , -0.178204 , 0.151548 , -0.289602
15.0273 , -0.246104 , 0.156045 , -0.306438 , -0.172653 , 0.149055 , -0.286978
15.0755 , -0.242128 , 0.154972 , -0.305034 , -0.163534 , 0.141924 , -0.282659
15.1116 , -0.23552 , 0.147709 , -0.301555 , -0.152154 , 0.134726 , -0.278803
15.159 , -0.22708 , 0.140048 , -0.297352 , -0.138719 , 0.125495 , -0.273523
15.1956 , -0.216568 , 0.13051 , -0.292529 , -0.126635 , 0.113786 , -0.269426
15.2451 , -0.20377 , 0.120098 , -0.287847 , -0.111925 , 0.103327 , -0.265507
15.2951 , -0.190311 , 0.110329 , -0.283179 , -0.0954706 , 0.0917653 , -0.263581
15.3403 , -0.176232 , 0.104004 , -0.282292 , -0.0783629 , 0.0821051 , -0.263257
15.3781 , -0.160912 , 0.0986408 , -0.281973 , -0.0627893 , 0.0761832 , -0.266293
15.4149 , -0.144769 , 0.0943386 , -0.282605 , -0.0501935 , 0.0714878 , -0.272263
15.4609 , -0.131058 , 0.0913166 , -0.283488 , -0.033329 , 0.0670179 , -0.276288
15.4987 , -0.117528 , 0.0878364 , -0.284249 , -0.023942 , 0.0641718 , -0.280585
15.5445 , -0.10626 , 0.0848999 , -0.285817 , -0.0125648 , 0.0594258 , -0.28561
15.5841 , -0.0998003 , 0.0844337 , -0.289164 , -0.00447716 , 0.058146 , -0.290397
15.629 , -0.0938191 , 0.0835542 , -0.293231 , 0.00140875 , 0.0572591 , -0.296267
15.6665 , -0.0897686 , 0.0816687 , -0.298796 , 0.00337515 , 0.0559775 , -0.302742
15.7191 , -0.0890883 , 0.0793179 , -0.303719 , 0.00668521 , 0.051782 , -0.306693
15.7669 , -0.0914904 , 0.0785919 , -0.310743 , 0.00215754 , 0.0498998 , -0.311741
15.8156 , -0.0942555 , 0.0762832 , -0.31541 , 0.0053997 , 0.0464775 , -0.314818
15.8691 , -0.0977327 , 0.0746489 , -0.321645 , -0.0010355 , 0.0468061 , -0.32114
15.9144 , -0.100271 , 0.0702362 , -0.327882 , -0.00766553 , 0.047053 , -0.3265
15.9527 , -0.104789 , 0.0704768 , -0.335973 , -0.013958 , 0.047496 , -0.331117
15.9981 , -0.107471 , 0.070052 , -0.341929 , -0.0185711 , 0.0504844 , -0.333582
16.0361 , -0.109593 , 0.0737089 , -0.347835 , -0.0233077 , 0.0558966 , -0.338123
16.0875 , -0.111027 , 0.0781565 , -0.352867 , -0.0238191 , 0.060675 , -0.340226
16.1343 , -0.111233 , 0.0825203 , -0.356557 , -0.0258638 , 0.0652143 , -0.341597
16.1844 , -0.109961 , 0.0867264 , -0.359427 , -0.0265881 , 0.0711101 , -0.342041
16.2376 , -0.108004 , 0.0914122 , -0.361233 , -0.0244968 , 0.0710077 , -0.343089
16.2802 , -0.103805 , 0.0940228 , -0.362063 , -0.0240222 , 0.073483 , -0.343532
16.321 , -0.0996045 , 0.0959859 , -0.362625 , -0.0205296 , 0.074822 , -0.342391
16.376 , -0.0948196 , 0.0963932 , -0.362582 , -0.0197843 , 0.0759828 , -0.341238
16.4251 , -0.0876268 , 0.0922331 , -0.361345 , -0.0203496 , 0.0813489 , -0.338278
16.4683 , -0.0819237 , 0.088332 , -0.359017 , -0.0196236 , 0.0824822 , -0.335401
16.5122 , -0.0755111 , 0.085085 , -0.355723 , -0.0105361 , 0.0750475 , -0.329531
16.5529 , -0.0682359 , 0.0829723 , -0.349784 , -0.00694999 , 0.0731937 , -0.324559
16.5955 , -0.0638364 , 0.0831156 , -0.346592 , -0.00161312 , 0.0696315 , -0.31939
16.6434 , -0.0578114 , 0.0809065 , -0.341468 , 0.00264741 , 0.0693651 , -0.314353
16.692 , -0.0519465 , 0.0797164 , -0.336764 , 0.00844804 , 0.0668875 , -0.30918
16.74 , -0.0459898 , 0.0769382 , -0.332117 , 0.0132798 , 0.0650204 , -0.303698
16.7927 , -0.0390398 , 0.0749647 , -0.326601 , 0.0150321 , 0.0645951 , -0.297301
16.8459 , -0.0337659 , 0.0740742 , -0.320228 , 0.0182354 , 0.063412 , -0.291328
16.8847 , -0.0277233 , 0.0724976 , -0.314677 , 0.0214245 , 0.0606424 , -0.286076
16.9309 , -0.0220229 , 0.0702467 , -0.308421 , 0.0242717 , 0.0575155 , -0.28031
16.9706 , -0.0169064 , 0.0661722 , -0.303328 , 0.0250699 , 0.0589009 , -0.275347
17.0124 , -0.0110483 , 0.0617962 , -0.297944 , 0.026328 , 0.0569375 , -0.271221
17.0568 , -0.007752 , 0.0596108 , -0.294009 , 0.0321827 , 0.0509706 , -0.265239
17.1009 , -0.00305559 , 0.055978 , -0.288436 , 0.0359528 , 0.0491241 , -0.261088
17.1399 , 0.00228343 , 0.0523393 , -0.282895 , 0.0362904 , 0.0475783 , -0.258179
17.177 , 0.00752947 , 0.0479529 , -0.2782 , 0.0395409 , 0.0447652 , -0.253811
17.2219 , 0.00911128 , 0.0494359 , -0.275152 , 0.0431436 , 0.0414839 , -0.249298
17.2617 , 0.013064 , 0.0463054 , -0.270735 , 0.0481355 , 0.0375366 , -0.244371
17.3082 , 0.016925 , 0.0437161 , -0.266468 , 0.0530004 , 0.0336787 , -0.24031
17.3488 , 0.020641 , 0.0404888 , -0.262504 , 0.0613339 , 0.0328517 , -0.237223
17.3916 , 0.0296956 , 0.0417845 , -0.257699 , 0.0606515 , 0.0367472 , -0.235548
17.431 , 0.0346176 , 0.0400913 , -0.253808 , 0.0617783 , 0.0354413 , -0.233638
17.48 , 0.0345408 , 0.0377956 , -0.252057 , 0.068477 , 0.0280236 , -0.230777
17.5256 , 0.0386682 , 0.0352421 , -0.249486 , 0.069419 , 0.0295819 , -0.229132
17.5695 , 0.0388072 , 0.0392534 , -0.247832 , 0.0745161 , 0.0280631 , -0.226333
17.6096 , 0.0444156 , 0.0377331 , -0.244573 , 0.0736048 , 0.0303739 , -0.225722
17.6513 , 0.0440451 , 0.0396488 , -0.243883 , 0.0730112 , 0.0325921 , -0.226639
17.6993 , 0.0503443 , 0.0387803 , -0.241727 , 0.0779573 , 0.0324187 , -0.225156
17.7418 , 0.0494637 , 0.0406154 , -0.241376 , 0.075745 , 0.0338704 , -0.225282
17.7782 , 0.0488257 , 0.0425028 , -0.241036 , 0.0790506 , 0.0388757 , -0.223792
17.8145 , 0.0516436 , 0.0467197 , -0.239524 , 0.0800719 , 0.0381308 , -0.223163
17.8595 , 0.0514141 , 0.0474472 , -0.23953 , 0.0785368 , 0.0401995 , -0.2238
17.8961 , 0.051307 , 0.0501998 , -0.239173 , 0.0783406 , 0.0433584 , -0.223573
17.946 , 0.0583094 , 0.0567979 , -0.236807 , 0.0833003 , 0.046724 , -0.221668
17.9834 , 0.0582741 , 0.0565731 , -0.236639 , 0.082215 , 0.0472868 , -0.221284
18.0294 , 0.0583575 , 0.0565527 , -0.236381 , 0.0838739 , 0.0478967 , -0.2205
18.0734 , 0.0584731 , 0.0571221 , -0.236107 , 0.0843418 , 0.0485758 , -0.219332
18.1144 , 0.0590281 , 0.0586542 , -0.235092 , 0.085443 , 0.0502978 , -0.218474
18.1621 , 0.0606936 , 0.0605162 , -0.234253 , 0.0859087 , 0.0510943 , -0.218164
18.2035 , 0.0609225 , 0.0609829 , -0.23398 , 0.085834 , 0.0521955 , -0.218092
18.2485 , 0.0605837 , 0.0615183 , -0.2341 , 0.0858775 , 0.0519306 , -0.21888
18.2944 , 0.0599239 , 0.0613184 , -0.234407 , 0.0849324 , 0.0505937 , -0.218849
18.3334 , 0.0592215 , 0.0603379 , -0.235427 , 0.0833661 , 0.0508278 , -0.219244
18.3786 , 0.0583612 , 0.0611068 , -0.236222 , 0.0834785 , 0.0516185 , -0.219213
18.4184 , 0.0570265 , 0.063295 , -0.236841 , 0.0834564 , 0.0523464 , -0.21955
18.4625 , 0.0568428 , 0.0637806 , -0.237058 , 0.0803231 , 0.0546542 , -0.221246
18.5036 , 0.0554599 , 0.0655628 , -0.238212 , 0.0822911 , 0.0546029 , -0.221664
18.5475 , 0.0533232 , 0.0697822 , -0.239056 , 0.0813267 , 0.0581023 , -0.221127
18.5895 , 0.0530364 , 0.0713707 , -0.238895 , 0.0810071 , 0.0605525 , -0.221484
18.6298 , 0.0522845 , 0.0740348 , -0.238644 , 0.0799685 , 0.0667155 , -0.220089
18.6672 , 0.0507346 , 0.0797066 , -0.237269 , 0.0782988 , 0.0681145 , -0.220036
18.711 , 0.0500619 , 0.0830412 , -0.236427 , 0.0770018 , 0.0721189 , -0.220052
18.7477 , 0.0491899 , 0.0898382 , -0.234492 , 0.0808573 , 0.0759301 , -0.216513
18.7853 , 0.0486751 , 0.0893252 , -0.234943 , 0.0679678 , 0.0797914 , -0.218186
18.8336 , 0.0481068 , 0.0913486 , -0.234865 , 0.0776562 , 0.0824152 , -0.216949
18.8787 , 0.0437913 , 0.0941069 , -0.234523 , 0.0769889 , 0.0843251 , -0.217039
18.9175 , 0.042258 , 0.0975361 , -0.235221 , 0.0724541 , 0.0863827 , -0.218005
18.9553 , 0.0394188 , 0.1008 , -0.236652 , 0.0662119 , 0.0929811 , -0.2205
19.0021 , 0.0336757 , 0.105498 , -0.239141 , 0.0624535 , 0.0928301 , -0.222729
19.0428 , 0.0291491 , 0.105373 , -0.242066 , 0.058179 , 0.0923013 , -0.225881
19.0854 , 0.0225644 , 0.106026 , -0.246136 , 0.0534475 , 0.0935513 , -0.228931
19.1284 , 0.0133047 , 0.103858 , -0.252029 , 0.0462342 , 0.0917358 , -0.234097
19.1684 , 0.00422377 , 0.102532 , -0.258448 , 0.0369346 , 0.0908347 , -0.240988
19.207 , -0.00585898 , 0.100381 , -0.265778 , 0.0248911 , 0.0872237 , -0.24974
19.2543 , -0.0163327 , 0.0972696 , -0.273759 , 0.0158472 , 0.0854752 , -0.257278
19.2958 , -0.0287577 , 0.0948024 , -0.282827 , 0.00427303 , 0.0816708 , -0.265829
19.3364 , -0.045509 , 0.0941671 , -0.293986 , -0.00877488 , 0.0798398 , -0.273437
19.3754 , -0.0601221 , 0.0930188 , -0.303783 , -0.0217893 , 0.0802353 , -0.281529
19.4207 , -0.0729073 , 0.0931016 , -0.312207 , -0.0333547 , 0.0808055 , -0.289494
19.4594 , -0.0863773 , 0.0928764 , -0.321869 , -0.044488 , 0.0774063 , -0.297674
19.5048 , -0.0989813 , 0.0913264 , -0.331163 , -0.0542743 , 0.0770932 , -0.307638
19.5422 , -0.110106 , 0.0903672 , -0.341691 , -0.0635027 , 0.0755692 , -0.316834
19.5914 , -0.119956 , 0.0886809 , -0.352487 , -0.0709425 , 0.0743709 , -0.32532
19.641 , -0.128356 , 0.0870691 , -0.363023 , -0.0768824 , 0.0739112 , -0.333684
19.6884 , -0.134138 , 0.0856604 , -0.37302 , -0.0801322 , 0.073351 , -0.341035
19.7286 , -0.137853 , 0.0845553 , -0.3841 , -0.0822236 , 0.0766038 , -0.349229
19.7775 , -0.138869 , 0.0822033 , -0.393876 , -0.0835905 , 0.0800268 , -0.356333
19.8308 , -0.138017 , 0.0832429 , -0.401057 , -0.0826775 , 0.0795178 , -0.361772
19.8791 , -0.133709 , 0.0811594 , -0.40701 , -0.0796229 , 0.0786406 , -0.366737
19.9259 , -0.127328 , 0.0801152 , -0.410302 , -0.0731693 , 0.0777444 , -0.367881
19.9799 , -0.117496 , 0.0761678 , -0.411148 , -0.0656218 , 0.0769339 , -0.366733
20.0217 , -0.108077 , 0.0769102 , -0.410262 , -0.054464 , 0.065163 , -0.362153
20.0616 , -0.0926062 , 0.0623782 , -0.403353 , -0.0427159 , 0.0624281 , -0.357342
20.1062 , -0.0792035 , 0.0614241 , -0.397233 , -0.0308868 , 0.0600067 , -0.353097
20.1454 , -0.0601044 , 0.053203 , -0.388943 , -0.0187157 , 0.0648736 , -0.343847
20.1901 , -0.0466314 , 0.0600389 , -0.3839 , -0.003936 , 0.0647582 , -0.339594
20.2294 , -0.0305435 , 0.057383 , -0.374934 , 0.0128451 , 0.0607242 , -0.329526
20.2746 , -0.0104249 , 0.0546523 , -0.363487 , 0.0225086 , 0.0654086 , -0.319737
20.3106 , 0.00512513 , 0.0497244 , -0.351775 , 0.0348892 , 0.064529 , -0.308527
20.3512 , 0.0234803 , 0.0428906 , -0.339696 , 0.0538553 , 0.0586036 , -0.295509
20.394 , 0.0370122 , 0.044303 , -0.327828 , 0.0714982 , 0.0511638 , -0.283216
20.4294 , 0.0534076 , 0.0385154 , -0.31537 , 0.0898992 , 0.0433129 , -0.271131
20.4785 , 0.0683415 , 0.0326598 , -0.302885 , 0.10612 , 0.0364744 , -0.25966
20.5154 , 0.0841439 , 0.0252401 , -0.290375 , 0.118626 , 0.0306847 , -0.249474
20.5615 , 0.103361 , 0.0124848 , -0.278173 , 0.126487 , 0.0264337 , -0.24044
20.5968 , 0.114691 , 0.00180843 , -0.270041 , 0.133879 , 0.0179397 , -0.234037
20.645 , 0.126602 , -0.00975124 , -0.261374 , 0.147864 , 0.00523308 , -0.226822
20.69 , 0.138303 , -0.0235483 , -0.253184 , 0.16233 , -0.0128672 , -0.218548
20.7302 , 0.150099 , -0.0351643 , -0.243354 , 0.175791 , -0.0297518 , -0.209539
20.7691 , 0.163646 , -0.0515805 , -0.23079 , 0.184222 , -0.0361965 , -0.199455
20.815 , 0.172743 , -0.0588204 , -0.218086 , 0.191663 , -0.0410448 , -0.189543
20.8616 , 0.17908 , -0.060607 , -0.204635 , 0.199414 , -0.041598 , -0.180014
20.8976 , 0.181659 , -0.0559413 , -0.195655 , 0.203644 , -0.0407965 , -0.171608
20.938 , 0.184773 , -0.054134 , -0.186263 , 0.208232 , -0.0399164 , -0.164073
20.9813 , 0.186191 , -0.0520288 , -0.180368 , 0.209445 , -0.0400245 , -0.159974
21.0172 , 0.186038 , -0.051227 , -0.176856 , 0.210404 , -0.0404361 , -0.157087
21.0655 , 0.184109 , -0.0499291 , -0.176597 , 0.209513 , -0.0401927 , -0.157748
21.1025 , 0.179624 , -0.0450997 , -0.178985 , 0.204723 , -0.0383779 , -0.162422
21.1486 , 0.174657 , -0.041575 , -0.184553 , 0.200529 , -0.0330678 , -0.168294
21.1866 , 0.166899 , -0.0333231 , -0.192347 , 0.191806 , -0.0260447 , -0.17631
21.2316 , 0.157262 , -0.0243393 , -0.202726 , 0.183941 , -0.0179541 , -0.185536
21.2707 , 0.146908 , -0.0130436 , -0.21427 , 0.174654 , -0.009921 , -0.19562
21.3153 , 0.135709 , -0.00129922 , -0.226194 , 0.164487 , -0.0007136 , -0.206395
21.3528 , 0.124139 , 0.0114227 , -0.237389 , 0.154236 , 0.00952756 , -0.216579
21.3996 , 0.113568 , 0.0232496 , -0.247135 , 0.144313 , 0.0187064 , -0.225983
21.4368 , 0.103208 , 0.0338802 , -0.256142 , 0.135059 , 0.0262985 , -0.234656
21.4846 , 0.0939081 , 0.0407774 , -0.264074 , 0.124969 , 0.0348431 , -0.242627
21.5225 , 0.0849732 , 0.0479304 , -0.271565 , 0.117948 , 0.0406606 , -0.248603
21.5681 , 0.0761169 , 0.0548989 , -0.277349 , 0.111292 , 0.039992 , -0.255187
21.6064 , 0.0700855 , 0.0572252 , -0.282959 , 0.105713 , 0.0472921 , -0.258873
21.6511 , 0.064639 , 0.0628122 , -0.286744 , 0.101052 , 0.04994 , -0.26221
21.6887 , 0.0617179 , 0.0678602 , -0.288816 , 0.0944042 , 0.0530217 , -0.266941
21.7354 , 0.0595897 , 0.0714188 , -0.289756 , 0.0952338 , 0.0566313 , -0.266771
21.7733 , 0.0588627 , 0.0722335 , -0.290038 , 0.0928175 , 0.060667 , -0.266134
21.8201 , 0.0575312 , 0.0760183 , -0.289438 , 0.0936796 , 0.0600058 , -0.264489
21.858 , 0.0566436 , 0.0788721 , -0.28801 , 0.0912647 , 0.0636765 , -0.262838
21.9026 , 0.0562096 , 0.0806264 , -0.286018 , 0.089536 , 0.0672708 , -0.260495
21.9406 , 0.0549915 , 0.0855545 , -0.283976 , 0.0880829 , 0.071266 , -0.259387
21.987 , 0.053995 , 0.0899948 , -0.281158 , 0.0875867 , 0.0806231 , -0.255729
22.0256 , 0.0514925 , 0.0916102 , -0.278603 , 0.087515 , 0.0848863 , -0.251846
22.0701 , 0.0503023 , 0.0953244 , -0.276731 , 0.0863209 , 0.084365 , -0.247915
22.1085 , 0.0520014 , 0.097318 , -0.274905 , 0.0849497 , 0.0818924 , -0.249994
22.1548 , 0.053303 , 0.0938032 , -0.272864 , 0.0854733 , 0.0778575 , -0.249556
22.1929 , 0.0534877 , 0.0926019 , -0.270811 , 0.0853979 , 0.076813 , -0.247699
22.242 , 0.0538615 , 0.0907516 , -0.269137 , 0.086994 , 0.0761051 , -0.246133
22.2894 , 0.0541131 , 0.0893367 , -0.267206 , 0.0879188 , 0.076473 , -0.244454
22.3345 , 0.0544532 , 0.0894607 , -0.265585 , 0.0885996 , 0.0758169 , -0.243395
22.3735 , 0.0547455 , 0.0883805 , -0.264339 , 0.0888122 , 0.0757095 , -0.242287
22.4099 , 0.0547164 , 0.0882556 , -0.26334 , 0.0891688 , 0.0761991 , -0.242329
22.4573 , 0.0545348 , 0.088996 , -0.262299 , 0.0880499 , 0.0768753 , -0.241946
22.4954 , 0.0540871 , 0.0890301 , -0.261524 , 0.0885236 , 0.0764082 , -0.24219
22.544 , 0.053939 , 0.0882388 , -0.261158 , 0.087954 , 0.0774358 , -0.242065
22.5919 , 0.0534698 , 0.087361 , -0.260515 , 0.0861656 , 0.0779307 , -0.241235
22.6346 , 0.0501401 , 0.0890401 , -0.259996 , 0.0839107 , 0.0787685 , -0.24045
22.6788 , 0.0500812 , 0.0887567 , -0.259983 , 0.0839276 , 0.0786075 , -0.240445
22.7258 , 0.0498409 , 0.0874219 , -0.259997 , 0.0839423 , 0.0752638 , -0.242834
22.7726 , 0.0479337 , 0.0856926 , -0.259926 , 0.0831171 , 0.0763378 , -0.243202
22.8103 , 0.0477234 , 0.085502 , -0.259418 , 0.0845855 , 0.0772801 , -0.242924
22.8527 , 0.04655 , 0.0853247 , -0.258509 , 0.0804031 , 0.0765536 , -0.242335
22.8966 , 0.0447267 , 0.0858478 , -0.258053 , 0.0811404 , 0.0765385 , -0.23948
22.943 , 0.0406508 , 0.0828789 , -0.256937 , 0.076704 , 0.0792998 , -0.239117
22.9796 , 0.0368831 , 0.0852166 , -0.256318 , 0.0732275 , 0.0768872 , -0.237279
23.0306 , 0.0345264 , 0.0887837 , -0.257261 , 0.0687545 , 0.0771977 , -0.23941
23.0808 , 0.034437 , 0.0872202 , -0.256683 , 0.0661785 , 0.0793645 , -0.243968
23.1276 , 0.0324219 , 0.0854864 , -0.25669 , 0.0613985 , 0.0808426 , -0.243498
23.1665 , 0.0216782 , 0.0857907 , -0.257825 , 0.0530257 , 0.0817668 , -0.244522
23.2119 , 0.0156309 , 0.084299 , -0.2599 , 0.0466871 , 0.0813213 , -0.246607
23.2501 , 0.00360921 , 0.0869882 , -0.263925 , 0.0371894 , 0.0868707 , -0.251626
23.295 , -0.00258368 , 0.0861078 , -0.268147 , 0.0305384 , 0.0926642 , -0.2565
23.3331 , -0.00933247 , 0.0883786 , -0.272406 , 0.0243716 , 0.0916966 , -0.260186
23.3795 , -0.0204378 , 0.0903678 , -0.275702 , 0.0167249 , 0.0884239 , -0.264372
23.417 , -0.0321399 , 0.0936497 , -0.278184 , -0.000260254 , 0.0889576 , -0.267229
23.4633 , -0.0490212 , 0.0939758 , -0.280606 , -0.0147656 , 0.0936909 , -0.271224
23.5024 , -0.0633842 , 0.102354 , -0.282998 , -0.0309582 , 0.0981092 , -0.273066
23.5485 , -0.0814252 , 0.109526 , -0.283739 , -0.0514778 , 0.114245 , -0.280089
23.5859 , -0.101197 , 0.119831 , -0.285414 , -0.0689963 , 0.129451 , -0.282255
23.6319 , -0.119401 , 0.132562 , -0.286282 , -0.084443 , 0.138592 , -0.283563
23.6704 , -0.140386 , 0.144364 , -0.285267 , -0.105034 , 0.149182 , -0.287217
23.7157 , -0.160151 , 0.157279 , -0.284374 , -0.123083 , 0.163311 , -0.288386
23.7522 , -0.180959 , 0.171926 , -0.283562 , -0.140096 , 0.175488 , -0.286203
23.7992 , -0.20139 , 0.1858 , -0.282128 , -0.15967 , 0.188528 , -0.288351
23.8363 , -0.220149 , 0.19651 , -0.28048 , -0.179467 , 0.202577 , -0.29085
23.8841 , -0.238252 , 0.207789 , -0.278193 , -0.190657 , 0.212087 , -0.287359
23.9372 , -0.25518 , 0.217259 , -0.27739 , -0.206495 , 0.221186 , -0.290457
23.9873 , -0.267901 , 0.22449 , -0.279297 , -0.218734 , 0.229242 , -0.294376
24.0334 , -0.278953 , 0.233498 , -0.280623 , -0.224632 , 0.234463 , -0.294642
24.0791 , -0.28542 , 0.236765 , -0.279518 , -0.223869 , 0.234055 , -0.295015
24.1131 , -0.290314 , 0.235895 , -0.280883 , -0.234891 , 0.231921 , -0.295468
24.1545 , -0.29347 , 0.239584 , -0.281207 , -0.239469 , 0.22699 , -0.294911
24.1988 , -0.290339 , 0.233247 , -0.278905 , -0.229987 , 0.229577 , -0.292213
24.2387 , -0.286446 , 0.231421 , -0.276163 , -0.224611 , 0.223758 , -0.288857
24.2849 , -0.280238 , 0.228395 , -0.273228 , -0.217551 , 0.219723 , -0.285383
24.3246 , -0.271912 , 0.223677 , -0.268781 , -0.209485 , 0.213957 , -0.280333
24.3676 , -0.262017 , 0.219329 , -0.264532 , -0.197098 , 0.205089 , -0.272962
24.4086 , -0.251619 , 0.21447 , -0.259966 , -0.181589 , 0.197762 , -0.266403
24.4515 , -0.233681 , 0.206438 , -0.250406 , -0.169067 , 0.192896 , -0.260215
24.493 , -0.219977 , 0.201487 , -0.243579 , -0.152834 , 0.180966 , -0.251395
24.5352 , -0.205064 , 0.195561 , -0.235903 , -0.13744 , 0.175503 , -0.244159
24.5769 , -0.189258 , 0.189829 , -0.229613 , -0.123598 , 0.170097 , -0.239427
24.6189 , -0.173392 , 0.18308 , -0.225485 , -0.110665 , 0.164651 , -0.237113
24.661 , -0.164093 , 0.181305 , -0.224422 , -0.0966865 , 0.155778 , -0.238683
24.7023 , -0.149827 , 0.17599 , -0.227391 , -0.0833959 , 0.150377 , -0.239293
24.742 , -0.134069 , 0.169766 , -0.232121 , -0.0736864 , 0.150858 , -0.243555
24.7882 , -0.126672 , 0.170352 , -0.232725 , -0.0624068 , 0.150267 , -0.250899
24.8255 , -0.1124 , 0.166248 , -0.239311 , -0.0452791 , 0.153012 , -0.246766
24.8709 , -0.10386 , 0.16615 , -0.241697 , -0.0467146 , 0.155025 , -0.252644
24.9064 , -0.096094 , 0.166796 , -0.244311 , -0.0386977 , 0.155394 , -0.258632
24.9472 , -0.0891944 , 0.168407 , -0.246881 , -0.0327769 , 0.157093 , -0.26273
24.9873 , -0.0829906 , 0.171431 , -0.249552 , -0.0257974 , 0.156104 , -0.265152
25.0241 , -0.0798111 , 0.173862 , -0.251394 , -0.0215924 , 0.15552 , -0.2671
25.0647 , -0.0758762 , 0.168909 , -0.255478 , -0.0179984 , 0.156234 , -0.269093
25.1083 , -0.0747345 , 0.168666 , -0.259249 , -0.0189641 , 0.155841 , -0.271529
25.147 , -0.0746664 , 0.166968 , -0.264452 , -0.0193736 , 0.155961 , -0.275321
25.1912 , -0.0745139 , 0.165626 , -0.269318 , -0.0205199 , 0.154339 , -0.279926
25.231 , -0.0742831 , 0.162665 , -0.275089 , -0.0209547 , 0.150411 , -0.283761
25.2756 , -0.0741364 , 0.156468 , -0.280688 , -0.0219938 , 0.14714 , -0.286173
25.3138 , -0.073434 , 0.152673 , -0.284918 , -0.0217658 , 0.144514 , -0.2886
25.3606 , -0.070224 , 0.145396 , -0.289116 , -0.0192531 , 0.139178 , -0.289752
25.4049 , -0.0666775 , 0.14353 , -0.2923 , -0.0165166 , 0.136197 , -0.290777
25.4427 , -0.0611476 , 0.140981 , -0.293684 , -0.0130233 , 0.132091 , -0.29038
25.4814 , -0.0535925 , 0.136579 , -0.294169 , -0.00841485 , 0.132078 , -0.288939
25.5266 , -0.047413 , 0.136961 , -0.29307 , -0.00381994 , 0.129832 , -0.287832
25.5645 , -0.0400611 , 0.135429 , -0.292008 , 0.00207568 , 0.129109 , -0.286019
25.6117 , -0.0344531 , 0.136376 , -0.289906 , 0.0105271 , 0.12707 , -0.281486
25.6498 , -0.0219208 , 0.126391 , -0.289477 , 0.00993892 , 0.124092 , -0.27974
25.6939 , -0.0176598 , 0.13076 , -0.285642 , 0.0234832 , 0.117961 , -0.276607
25.7321 , -0.0103725 , 0.12595 , -0.281944 , 0.0296259 , 0.11587 , -0.271351
25.7782 , -0.00512746 , 0.123636 , -0.278427 , 0.0310942 , 0.116165 , -0.268574
25.8172 , 0.00151048 , 0.119829 , -0.27689 , 0.0312492 , 0.107517 , -0.265517
25.8618 , 0.00641405 , 0.115383 , -0.273104 , 0.0388465 , 0.110274 , -0.263926
25.9001 , 0.00828935 , 0.113627 , -0.270565 , 0.0447044 , 0.0967647 , -0.260103
25.9466 , 0.0125458 , 0.103974 , -0.269711 , 0.0472973 , 0.0964032 , -0.258105
25.9828 , 0.0144634 , 0.103412 , -0.267895 , 0.0457335 , 0.0955899 , -0.257815
26.032 , 0.0155516 , 0.103311 , -0.267008 , 0.0461182 , 0.0941521 , -0.256612
26.0686 , 0.0157483 , 0.101658 , -0.266776 , 0.0453341 , 0.093563 , -0.256623
26.1142 , 0.0155163 , 0.100678 , -0.266526 , 0.0476756 , 0.0911721 , -0.254793
26.1521 , 0.0146712 , 0.100521 , -0.26652 , 0.0474052 , 0.0907857 , -0.253747
26.2001 , 0.0133536 , 0.0997785 , -0.266598 , 0.0452775 , 0.0900262 , -0.253894
26.2515 , 0.0121515 , 0.100553 , -0.266904 , 0.0443347 , 0.0914408 , -0.25504
26.2957 , 0.011356 , 0.101136 , -0.267253 , 0.0437273 , 0.0920629 , -0.255438
26.3315 , 0.0102822 , 0.10303 , -0.267479 , 0.042639 , 0.0942561 , -0.256768
26.3692 , 0.00892441 , 0.107598 , -0.267046 , 0.0432337 , 0.0960726 , -0.255964
26.4218 , 0.00816194 , 0.108571 , -0.266649 , 0.0412312 , 0.0987029 , -0.256377
26.4655 , 0.00749057 , 0.109546 , -0.266258 , 0.0405873 , 0.100005 , -0.255259
26.5018 , 0.00676037 , 0.113779 , -0.264933 , 0.0410642 , 0.103038 , -0.253655
26.5485 , 0.00672672 , 0.115551 , -0.264313 , 0.0408621 , 0.105546 , -0.253303
26.5874 , 0.00709789 , 0.118192 , -0.263227 , 0.040454 , 0.109179 , -0.252524
26.632 , 0.00755543 , 0.120316 , -0.261632 , 0.0425892 , 0.109279 , -0.250958
26.6698 , 0.00789976 , 0.122039 , -0.260155 , 0.0437552 , 0.112466 , -0.249096
26.7186 , 0.00800129 , 0.123857 , -0.25903 , 0.0432235 , 0.114776 , -0.248099
26.7589 , 0.00797639 , 0.126256 , -0.258267 , 0.0418657 , 0.116916 , -0.247444
26.8034 , 0.00691891 , 0.128051 , -0.25769 , 0.0435349 , 0.118408 , -0.245469
26.8448 , 0.00689277 , 0.128526 , -0.257253 , 0.0446883 , 0.116589 , -0.244819
26.8899 , 0.00678992 , 0.131758 , -0.256671 , 0.0422985 , 0.122828 , -0.245481
26.9343 , 0.00173603 , 0.13627 , -0.255707 , 0.0443575 , 0.126943 , -0.242921
26.9801 , -0.000801983 , 0.136434 , -0.25683 , 0.0320342 , 0.126436 , -0.244578
27.0249 , -0.00580339 , 0.137086 , -0.258433 , 0.03017 , 0.1236 , -0.24634
27.0728 , -0.0112638 , 0.135762 , -0.260882 , 0.025411 , 0.125722 , -0.248285
27.1298 , -0.0173755 , 0.137948 , -0.26372 , 0.0218454 , 0.123734 , -0.250868
27.1743 , -0.0263436 , 0.137425 , -0.26754 , 0.0169766 , 0.12155 , -0.253808
27.2284 , -0.0349318 , 0.13682 , -0.271678 , 0.0106167 , 0.121061 , -0.257255
27.2739 , -0.0413816 , 0.134432 , -0.275926 , 0.00266051 , 0.121227 , -0.26061
27.32 , -0.0520162 , 0.131833 , -0.281327 , -0.00378693 , 0.113864 , -0.264899
27.3591 , -0.0643224 , 0.130298 , -0.287504 , -0.0137284 , 0.112338 , -0.269955
27.4035 , -0.0774667 , 0.128499 , -0.294499 , -0.0238204 , 0.112353 , -0.275838
27.4391 , -0.0919016 , 0.126868 , -0.30254 , -0.0377353 , 0.11362 , -0.283392
27.4809 , -0.107802 , 0.127772 , -0.311223 , -0.0484316 , 0.115084 , -0.289605
27.5208 , -0.123794 , 0.120786 , -0.319514 , -0.0623095 , 0.113084 , -0.295828
27.5586 , -0.139817 , 0.117112 , -0.329383 , -0.0773684 , 0.111653 , -0.303624
27.5997 , -0.155341 , 0.117847 , -0.337272 , -0.0892755 , 0.110345 , -0.310817
27.6405 , -0.170574 , 0.11652 , -0.345855 , -0.107145 , 0.108278 , -0.320143
27.6778 , -0.190958 , 0.11554 , -0.358373 , -0.122893 , 0.107382 , -0.330206
27.7257 , -0.207681 , 0.111315 , -0.371477 , -0.139151 , 0.105221 , -0.342089
27.7622 , -0.225121 , 0.107642 , -0.385882 , -0.152063 , 0.101893 , -0.354449
27.8133 , -0.239055 , 0.10269 , -0.400455 , -0.165296 , 0.0964248 , -0.367145
27.8625 , -0.25094 , 0.0974968 , -0.417291 , -0.171998 , 0.0957528 , -0.379434
27.9135 , -0.263459 , 0.0955698 , -0.434974 , -0.18211 , 0.0993991 , -0.394105
27.9679 , -0.273585 , 0.0977784 , -0.452165 , -0.191168 , 0.10263 , -0.40769
28.017 , -0.280382 , 0.0995647 , -0.467659 , -0.195322 , 0.101682 , -0.416748
28.0609 , -0.282859 , 0.096463 , -0.4792 , -0.195452 , 0.102962 , -0.424866
28.1114 , -0.280269 , 0.0893872 , -0.48831 , -0.196291 , 0.100983 , -0.432222
28.1577 , -0.278206 , 0.0906417 , -0.498576 , -0.192307 , 0.100757 , -0.43857
28.1996 , -0.27223 , 0.0909357 , -0.507219 , -0.18597 , 0.0984049 , -0.443854
28.2429 , -0.262758 , 0.0888901 , -0.514718 , -0.177808 , 0.0964484 , -0.448624
28.2835 , -0.250721 , 0.0878028 , -0.52145 , -0.166752 , 0.0932481 , -0.453393
28.333 , -0.234386 , 0.0829531 , -0.524857 , -0.153052 , 0.0912617 , -0.455095
28.375 , -0.217141 , 0.0836026 , -0.528155 , -0.138712 , 0.0901563 , -0.455353
28.4171 , -0.197568 , 0.0831297 , -0.527344 , -0.12453 , 0.0882463 , -0.453544
28.4657 , -0.17715 , 0.0850153 , -0.52388 , -0.108276 , 0.0897342 , -0.44913
28.5171 , -0.153842 , 0.0812184 , -0.514614 , -0.0867356 , 0.0813835 , -0.438656
28.5688 , -0.127546 , 0.0703756 , -0.500854 , -0.0676665 , 0.0771563 , -0.425483
28.6099 , -0.103353 , 0.0631965 , -0.485666 , -0.048089 , 0.0693863 , -0.411049
28.6496 , -0.0795926 , 0.0537721 , -0.468915 , -0.0281607 , 0.0608897 , -0.39592
28.6977 , -0.0545745 , 0.04464 , -0.448575 , -0.00737715 , 0.0530061 , -0.378123
28.741 , -0.0307417 , 0.0366257 , -0.42817 , 0.0140367 , 0.0426222 , -0.360911
28.7873 , -0.00844119 , 0.0285461 , -0.407159 , 0.0354098 , 0.0281134 , -0.343973
28.8337 , 0.0168607 , 0.0101103 , -0.385133 , 0.0564598 , 0.0153293 , -0.324635
28.8824 , 0.0392819 , -0.00256683 , -0.364718 , 0.0728067 , 0.00263765 , -0.309523
28.9214 , 0.0589995 , -0.01616 , -0.345328 , 0.0900896 , -0.00815625 , -0.293983
28.9671 , 0.0766396 , -0.0297199 , -0.326728 , 0.105598 , -0.0199019 , -0.278605
29.0065 , 0.0927403 , -0.0421252 , -0.308828 , 0.118195 , -0.0347825 , -0.266879
29.0461 , 0.111992 , -0.0621806 , -0.291846 , 0.135049 , -0.0519468 , -0.253429
29.0867 , 0.130714 , -0.0801795 , -0.275314 , 0.152952 , -0.0740561 , -0.241037
29.1321 , 0.150772 , -0.0990915 , -0.260033 , 0.167325 , -0.0854806 , -0.228739
29.168 , 0.170872 , -0.117845 , -0.243953 , 0.181531 , -0.101085 , -0.216673
29.2091 , 0.191401 , -0.135912 , -0.227411 , 0.201408 , -0.121775 , -0.206092
29.249 , 0.212996 , -0.153267 , -0.211787 , 0.220633 , -0.134145 , -0.197954
29.2945 , 0.229765 , -0.160624 , -0.198268 , 0.234885 , -0.147063 , -0.189548
29.3385 , 0.245602 , -0.168454 , -0.186184 , 0.248275 , -0.152593 , -0.182966
29.3889 , 0.25944 , -0.17465 , -0.175824 , 0.256866 , -0.152592 , -0.174749
29.4399 , 0.269861 , -0.176728 , -0.166817 , 0.26318 , -0.149866 , -0.168521
29.4873 , 0.278172 , -0.176649 , -0.160874 , 0.271663 , -0.150762 , -0.164353
29.5239 , 0.280786 , -0.17588 , -0.158364 , 0.276044 , -0.152824 , -0.162539
29.5717 , 0.283602 , -0.17455 , -0.157589 , 0.282932 , -0.151817 , -0.16318
29.6086 , 0.289319 , -0.175337 , -0.160709 , 0.286669 , -0.157513 , -0.16538
29.6561 , 0.289852 , -0.174491 , -0.165229 , 0.300619 , -0.15582 , -0.171354
29.7042 , 0.29681 , -0.178465 , -0.172227 , 0.290588 , -0.161308 , -0.175205
29.7424 , 0.294337 , -0.175528 , -0.178266 , 0.292355 , -0.157442 , -0.171582
29.789 , 0.291198 , -0.169554 , -0.183029 , 0.287175 , -0.151953 , -0.17208
29.8326 , 0.285545 , -0.15568 , -0.185055 , 0.287015 , -0.150662 , -0.176499
29.8712 , 0.279869 , -0.146837 , -0.190204 , 0.282724 , -0.143057 , -0.178727
29.9091 , 0.271468 , -0.135609 , -0.195723 , 0.276537 , -0.137108 , -0.183483
29.9574 , 0.260531 , -0.121103 , -0.201531 , 0.267678 , -0.123757 , -0.186496
30.0002 , 0.247993 , -0.10845 , -0.208742 , 0.257175 , -0.111799 , -0.190972
30.038 , 0.234132 , -0.0932626 , -0.216873 , 0.245128 , -0.0990442 , -0.197629
30.08 , 0.218909 , -0.0792889 , -0.226608 , 0.230371 , -0.08898 , -0.205703
30.1194 , 0.201383 , -0.0663535 , -0.236903 , 0.215577 , -0.0772416 , -0.213376
30.1614 , 0.18208 , -0.0508662 , -0.246525 , 0.199357 , -0.0639911 , -0.220797
30.2068 , 0.1611 , -0.0338612 , -0.256502 , 0.181554 , -0.04958 , -0.227424
30.2453 , 0.140719 , -0.0203261 , -0.265403 , 0.164286 , -0.0358591 , -0.235255
30.2923 , 0.12167 , -0.00461672 , -0.272989 , 0.147853 , -0.0211915 , -0.241863
30.33 , 0.104199 , 0.0119905 , -0.280296 , 0.133634 , -0.005077 , -0.247436
30.3745 , 0.0876966 , 0.0288689 , -0.286276 , 0.119328 , 0.00961226 , -0.252581
30.4127 , 0.0732196 , 0.0446239 , -0.291661 , 0.108224 , 0.0245781 , -0.256024
30.4589 , 0.0591265 , 0.0593837 , -0.295954 , 0.097238 , 0.0375107 , -0.258429
30.4974 , 0.0468828 , 0.0718507 , -0.299391 , 0.0757009 , 0.057459 , -0.266061
30.5424 , 0.03029 , 0.0850609 , -0.301858 , 0.0791902 , 0.0505216 , -0.270957
30.5804 , 0.0233116 , 0.0830208 , -0.304254 , 0.0758476 , 0.0581281 , -0.236787
30.6273 , 0.0142242 , 0.0867155 , -0.306685 , 0.0647606 , 0.0645016 , -0.261255
30.6661 , 0.00737145 , 0.0877505 , -0.308928 , 0.058007 , 0.0614556 , -0.273691
30.7133 , 0.00448553 , 0.0854365 , -0.308818 , 0.0516509 , 0.0607936 , -0.275637
30.7677 , 0.00328922 , 0.0843053 , -0.307768 , 0.0553964 , 0.0708977 , -0.26918
30.8171 , 0.00613638 , 0.089569 , -0.304961 , 0.0573265 , 0.0724926 , -0.265727
30.8662 , 0.00657115 , 0.0921528 , -0.301483 , 0.0560163 , 0.0750628 , -0.264157
30.9204 , 0.00634308 , 0.0975879 , -0.297723 , 0.0566086 , 0.075892 , -0.261161
30.9679 , 0.00740489 , 0.0975352 , -0.294342 , 0.0564176 , 0.0762595 , -0.257713
31.019 , 0.0090639 , 0.096412 , -0.290405 , 0.0558777 , 0.0756643 , -0.254386
31.066 , 0.0110757 , 0.0984732 , -0.286276 , 0.0556601 , 0.077909 , -0.250529
31.1163 , 0.0131638 , 0.099118 , -0.281366 , 0.056292 , 0.0807014 , -0.245759
31.1693 , 0.0148931 , 0.101955 , -0.276841 , 0.0546232 , 0.086098 , -0.243088
31.2188 , 0.0159593 , 0.102399 , -0.273613 , 0.0561948 , 0.0872187 , -0.239253
31.2645 , 0.0159565 , 0.103902 , -0.270542 , 0.0547859 , 0.087325 , -0.237105
31.308 , 0.0149313 , 0.103952 , -0.268209 , 0.0522319 , 0.0870738 , -0.235373
31.3556 , 0.0134943 , 0.102498 , -0.266559 , 0.0488845 , 0.0867097 , -0.235349
31.4019 , 0.0115226 , 0.102938 , -0.265236 , 0.0505055 , 0.0871453 , -0.233801
31.4525 , 0.00967626 , 0.102826 , -0.264143 , 0.0488529 , 0.0872621 , -0.233329
31.5053 , 0.00883815 , 0.103564 , -0.263734 , 0.0470344 , 0.0891528 , -0.233068
31.5549 , 0.00747096 , 0.105306 , -0.262946 , 0.0447096 , 0.0915569 , -0.233371
31.6011 , 0.00604997 , 0.107927 , -0.262218 , 0.043067 , 0.0939032 , -0.232501
31.6379 , 0.00491827 , 0.108216 , -0.261587 , 0.0421472 , 0.0952668 , -0.231738
31.6837 , 0.00362165 , 0.109491 , -0.260666 , 0.0395653 , 0.0915251 , -0.231737
31.721 , 0.00170921 , 0.105056 , -0.260127 , 0.0398724 , 0.0914016 , -0.231379
31.768 , 0.00075456 , 0.105849 , -0.258598 , 0.0380003 , 0.0921251 , -0.231026
31.8072 , 0.000392344 , 0.106433 , -0.257589 , 0.0362744 , 0.0931545 , -0.230062
31.8509 , 5.5042e-05 , 0.107619 , -0.256717 , 0.0373869 , 0.0947819 , -0.229376
31.8879 , -9.76521e-06 , 0.108195 , -0.255237 , 0.0367471 , 0.096098 , -0.227915
31.9409 , 0.000237859 , 0.108975 , -0.253388 , 0.0383996 , 0.0979412 , -0.225445
31.9908 , 0.00034131 , 0.109488 , -0.251806 , 0.0382133 , 0.0977544 , -0.224014
32.0368 , 0.000920159 , 0.108779 , -0.250041 , 0.0378431 , 0.0981653 , -0.222375
32.0738 , 0.00128127 , 0.109923 , -0.248319 , 0.0375903 , 0.0992076 , -0.221243
32.1177 , 0.00179294 , 0.109083 , -0.246641 , 0.0383204 , 0.0987066 , -0.220027
32.1579 , 0.00203998 , 0.109407 , -0.245302 , 0.0383595 , 0.0970124 , -0.219453
32.2017 , 0.00217048 , 0.106847 , -0.243524 , 0.0393922 , 0.0966975 , -0.218075
32.2417 , 0.00201134 , 0.107034 , -0.242348 , 0.0400543 , 0.0969554 , -0.217029
32.2857 , 0.00200415 , 0.105742 , -0.241294 , 0.0385992 , 0.0957275 , -0.216211
32.3218 , 0.00169481 , 0.105566 , -0.240224 , 0.0374747 , 0.0964344 , -0.217086
32.362 , 0.00079687 , 0.106162 , -0.239397 , 0.0373846 , 0.0964941 , -0.217005
32.4054 , -0.000215266 , 0.105571 , -0.238717 , 0.0371705 , 0.0964834 , -0.216056
32.4421 , -0.00213329 , 0.105801 , -0.238173 , 0.0335732 , 0.0991337 , -0.215579
32.4885 , -0.00844517 , 0.107987 , -0.237678 , 0.0380263 , 0.0994793 , -0.213367
32.5267 , -0.0103772 , 0.107315 , -0.237777 , 0.0261532 , 0.0980574 , -0.216237
32.5787 , -0.0115645 , 0.106401 , -0.23782 , 0.0243261 , 0.0972781 , -0.216993
32.6219 , -0.0144823 , 0.108847 , -0.23877 , 0.018012 , 0.0970989 , -0.219358
32.6632 , -0.0148984 , 0.106809 , -0.238687 , 0.0245789 , 0.0992158 , -0.219284
32.7064 , -0.0157757 , 0.107338 , -0.238191 , 0.0239457 , 0.100099 , -0.219109
32.7429 , -0.0164484 , 0.106204 , -0.237696 , 0.023825 , 0.0985372 , -0.21836
32.7946 , -0.0170433 , 0.105808 , -0.236878 , 0.0240746 , 0.0997556 , -0.21727
32.8391 , -0.0176135 , 0.107262 , -0.236003 , 0.0188695 , 0.100289 , -0.216612
32.8786 , -0.0200481 , 0.106418 , -0.233448 , 0.0188922 , 0.0999693 , -0.216415
32.9278 , -0.0205902 , 0.106634 , -0.232701 , 0.0186796 , 0.101661 , -0.21622
32.9783 , -0.0212113 , 0.108515 , -0.231076 , 0.0174959 , 0.102405 , -0.215158
33.0285 , -0.0217847 , 0.108817 , -0.230662 , 0.0173619 , 0.102363 , -0.214446
33.0786 , -0.0219168 , 0.108503 , -0.22936 , 0.0164993 , 0.103285 , -0.213599
33.1238 , -0.0219503 , 0.108111 , -0.228608 , 0.0163396 , 0.103425 , -0.21327
33.1605 , -0.0219239 , 0.108034 , -0.227873 , 0.0166317 , 0.102789 , -0.212989
33.1981 , -0.0220816 , 0.107339 , -0.226881 , 0.0154483 , 0.104274 , -0.211912
33.2445 , -0.0219991 , 0.108402 , -0.225711 , 0.0173082 , 0.103944 , -0.211538
33.2823 , -0.0208975 , 0.107173 , -0.224776 , 0.0206818 , 0.103798 , -0.210098
33.3277 , -0.0208347 , 0.107282 , -0.223851 , 0.0170272 , 0.103477 , -0.210014
33.3647 , -0.0206133 , 0.106943 , -0.222717 , 0.0186875 , 0.103206 , -0.209744
33.4117 , -0.0203353 , 0.106737 , -0.221575 , 0.0197342 , 0.103365 , -0.209343
33.4491 , -0.0201426 , 0.106401 , -0.220375 , 0.0198349 , 0.103282 , -0.208704
33.4966 , -0.0200216 , 0.106802 , -0.218936 , 0.0200367 , 0.103705 , -0.207406
33.5338 , -0.0195753 , 0.106759 , -0.217308 , 0.0209405 , 0.103438 , -0.205833
33.5786 , -0.0194448 , 0.106358 , -0.215906 , 0.0211613 , 0.103118 , -0.205076
33.6157 , -0.0190489 , 0.105284 , -0.214515 , 0.020558 , 0.101938 , -0.20433
33.6631 , -0.0186979 , 0.104974 , -0.21319 , 0.0190579 , 0.0989065 , -0.201536
33.7003 , -0.0197996 , 0.102438 , -0.209264 , 0.0196034 , 0.0987608 , -0.200476
33.75 , -0.0199717 , 0.10283 , -0.208603 , 0.0202572 , 0.0997703 , -0.200108
33.8007 , -0.0200686 , 0.103109 , -0.207935 , 0.0193242 , 0.100038 , -0.199964
33.8453 , -0.0200696 , 0.102759 , -0.207303 , 0.0194731 , 0.100281 , -0.198987
33.8822 , -0.02009 , 0.103229 , -0.206756 , 0.0192221 , 0.100087 , -0.199053
33.922 , -0.0197793 , 0.10361 , -0.206074 , 0.0194733 , 0.100117 , -0.19936
33.9653 , -0.0195842 , 0.103349 , -0.20576 , 0.0199356 , 0.10027 , -0.199566
34.0015 , -0.0194462 , 0.102512 , -0.205438 , 0.023251 , 0.099988 , -0.199527
34.0486 , -0.0176363 , 0.10269 , -0.205249 , 0.0217941 , 0.0966321 , -0.198144
34.0858 , -0.0180938 , 0.0995015 , -0.203864 , 0.0219929 , 0.0964404 , -0.197435
34.1336 , -0.0182865 , 0.100266 , -0.203764 , 0.0222291 , 0.0966881 , -0.197689
34.1705 , -0.0181753 , 0.10078 , -0.203699 , 0.0222119 , 0.0976405 , -0.198169
34.2177 , -0.0172148 , 0.104347 , -0.20489 , 0.0164489 , 0.0985883 , -0.200641
34.2549 , -0.0168897 , 0.103888 , -0.204832 , 0.0217797 , 0.097198 , -0.200825
34.3044 , -0.0168871 , 0.100871 , -0.203354 , 0.0238029 , 0.0979269 , -0.19912
34.3531 , -0.0171162 , 0.101689 , -0.203356 , 0.0255711 , 0.102177 , -0.199338
34.3999 , -0.016167 , 0.105006 , -0.204747 , 0.0242947 , 0.103178 , -0.199863
34.4361 , -0.015718 , 0.104869 , -0.204669 , 0.0240532 , 0.102983 , -0.200603
34.4759 , -0.0153732 , 0.104896 , -0.204523 , 0.0237329 , 0.103094 , -0.200999
34.5182 , -0.0149849 , 0.105124 , -0.204439 , 0.0244434 , 0.102196 , -0.201112
34.5593 , -0.0147709 , 0.105175 , -0.204483 , 0.0245379 , 0.102757 , -0.201141
34.6019 , -0.0147434 , 0.105273 , -0.204541 , 0.0262334 , 0.10267 , -0.200103
34.6435 , -0.0146479 , 0.105363 , -0.204733 , 0.0240078 , 0.10249 , -0.201396
34.6843 , -0.0143449 , 0.105089 , -0.204904 , 0.0243536 , 0.102146 , -0.201688
34.7215 , -0.0140479 , 0.105014 , -0.205069 , 0.025265 , 0.102326 , -0.201838
34.7573 , -0.0137517 , 0.105263 , -0.205152 , 0.0255785 , 0.10288 , -0.202242
34.8101 , -0.0135652 , 0.105533 , -0.205275 , 0.0266626 , 0.10329 , -0.202576
34.8586 , -0.0129783 , 0.10486 , -0.205707 , 0.0253035 , 0.102778 , -0.203137
34.9093 , -0.0129667 , 0.104893 , -0.205695 , 0.0262607 , 0.102744 , -0.203072
34.9634 , -0.0127247 , 0.104747 , -0.205611 , 0.0270877 , 0.10244 , -0.202783
35.0133 , -0.0126512 , 0.104686 , -0.205584 , 0.0295536 , 0.10266 , -0.202041
35.0579 , -0.0122209 , 0.104572 , -0.205452 , 0.0285509 , 0.102172 , -0.20277
35.1131 , -0.0121353 , 0.104341 , -0.205453 , 0.0263159 , 0.0960267 , -0.203452
35.174 , -0.0129094 , 0.0988601 , -0.205615 , 0.0257866 , 0.0959034 , -0.203253
35.2207 , -0.0131735 , 0.0985582 , -0.205755 , 0.0249209 , 0.0960637 , -0.203484
35.2638 , -0.0131983 , 0.0985311 , -0.205743 , 0.0246413 , 0.0966188 , -0.203468
35.3043 , -0.0133268 , 0.098723 , -0.205762 , 0.0273883 , 0.0970788 , -0.20327
35.3465 , -0.0134892 , 0.0985862 , -0.205858 , 0.0265949 , 0.10213 , -0.204619
35.3922 , -0.0142633 , 0.10414 , -0.207526 , 0.0261066 , 0.101515 , -0.205098
35.43 , -0.0140751 , 0.10305 , -0.207691 , 0.0260888 , 0.0999844 , -0.204935
35.4746 , -0.0138585 , 0.101979 , -0.207734 , 0.0265912 , 0.0995772 , -0.205116
35.5124 , -0.0138074 , 0.101697 , -0.207759 , 0.0268233 , 0.0991447 , -0.205587
35.5658 , -0.0138358 , 0.101599 , -0.207759 , 0.0268192 , 0.0991298 , -0.205623
35.611 , -0.0139763 , 0.101994 , -0.207664 , 0.0266898 , 0.0994839 , -0.205586
35.6525 , -0.0139867 , 0.101983 , -0.207657 , 0.0265768 , 0.0989084 , -0.205676
35.6993 , -0.0140541 , 0.101202 , -0.207782 , 0.0264693 , 0.0988811 , -0.205824
35.7463 , -0.0140817 , 0.101218 , -0.207784 , 0.0265748 , 0.0989446 , -0.205882
35.7967 , -0.014107 , 0.100956 , -0.207815 , 0.0265464 , 0.0987744 , -0.205913
35.8519 , -0.0141145 , 0.100983 , -0.207798 , 0.0266296 , 0.0989054 , -0.206052
35.8944 , -0.0140613 , 0.100779 , -0.207782 , 0.0266776 , 0.0990468 , -0.206252
35.9378 , -0.0139666 , 0.101003 , -0.207779 , 0.0263969 , 0.0991413 , -0.206665
35.9784 , -0.0139937 , 0.101203 , -0.2078 , 0.0258297 , 0.0992869 , -0.206791
36.0148 , -0.014026 , 0.101485 , -0.20774 , 0.0261258 , 0.0991418 , -0.206116
36.0624 , -0.014026 , 0.101485 , -0.20774 , 0.0276592 , 0.0987026 , -0.205473
36.0994 , -0.0139355 , 0.101389 , -0.207724 , 0.027244 , 0.0989936 , -0.206087
36.1478 , -0.0139355 , 0.101389 , -0.207724 , 0.026927 , 0.0995014 , -0.206493
