832

0.024248 , 0.0318383 , 0.0204842 , -0.0126703 , 0.0642097 , 0.0146771 , -0.0283996
0.064605 , 0.0339553 , 0.020661 , -0.0199716 , 0.0645527 , 0.0243816 , -0.0616318
0.110522 , 0.0309511 , 0.020298 , -0.00993231 , 0.0625698 , 0.0173566 , -0.066114
0.1502 , 0.0315773 , 0.0209535 , -0.0103778 , 0.0613799 , 0.0118716 , -0.0748556
0.19522 , 0.0336518 , 0.0216109 , -0.0201377 , 0.0592211 , 0.00984627 , -0.08521
0.234407 , 0.0340816 , 0.0215145 , -0.0204416 , 0.0559335 , 0.00984178 , -0.088857
0.277776 , 0.0338686 , 0.0214793 , -0.0197641 , 0.0519609 , 0.0113236 , -0.0885118
0.315207 , 0.0311494 , 0.0207017 , -0.0115064 , 0.0477988 , 0.0126439 , -0.0824439
0.36137 , 0.0308995 , 0.0209651 , -0.0108504 , 0.0443423 , 0.0139841 , -0.0789978
0.400228 , 0.0311132 , 0.0211728 , -0.0120634 , 0.0424018 , 0.0150081 , -0.0789096
0.442086 , 0.0335088 , 0.0211631 , -0.0190617 , 0.0419458 , 0.0155633 , -0.0841988
0.482972 , 0.0331317 , 0.0211021 , -0.0201908 , 0.0417585 , 0.0153748 , -0.0882801
0.530529 , 0.0308676 , 0.0207843 , -0.0126522 , 0.0414294 , 0.0143463 , -0.085708
0.569604 , 0.0328422 , 0.020904 , -0.0189422 , 0.0414049 , 0.0139028 , -0.0882114
0.613877 , 0.0296763 , 0.0197489 , -0.00961304 , 0.0413111 , 0.0132085 , -0.0840555
0.653675 , 0.0296605 , 0.0197477 , -0.00898955 , 0.0406608 , 0.0132533 , -0.0813178
0.698131 , 0.028853 , 0.020104 , -0.010384 , 0.0400102 , 0.0140221 , -0.0815147
0.736718 , 0.0295339 , 0.0205218 , -0.0116012 , 0.0401308 , 0.0147711 , -0.0903338
0.781958 , 0.0323003 , 0.020681 , -0.0189828 , 0.0397111 , 0.0147675 , -0.0897107
0.81986 , 0.0318857 , 0.0205582 , -0.0178809 , 0.038828 , 0.0144921 , -0.0822728
0.871326 , 0.0295782 , 0.0203859 , -0.0107685 , 0.0385072 , 0.0140308 , -0.0817671
0.919417 , 0.0275779 , 0.0201793 , -0.0102853 , 0.0381934 , 0.0146636 , -0.080753
0.964058 , 0.0285695 , 0.0197664 , -0.00851738 , 0.0385218 , 0.0156668 , -0.089094
1.00168 , 0.0284468 , 0.0196161 , -0.00980174 , 0.038236 , 0.0147351 , -0.085437
1.04352 , 0.031402 , 0.0203576 , -0.0174912 , 0.0377447 , 0.0150416 , -0.088296
1.08601 , 0.0283222 , 0.0214731 , -0.0100258 , 0.0367273 , 0.0157131 , -0.0857904
1.13345 , 0.0278407 , 0.0211426 , -0.00884972 , 0.0362756 , 0.0160813 , -0.0834232
1.17172 , 0.0278407 , 0.0211426 , -0.00884972 , 0.0359324 , 0.0162913 , -0.0821589
1.21584 , 0.0267143 , 0.0209068 , -0.00630442 , 0.0347911 , 0.0162042 , -0.080457
1.25276 , 0.0273573 , 0.021645 , -0.00907859 , 0.0341947 , 0.0166244 , -0.0825677
1.28974 , 0.026721 , 0.0215373 , -0.00809408 , 0.0336571 , 0.0166451 , -0.0832377
1.33679 , 0.026721 , 0.0215373 , -0.00809408 , 0.0334885 , 0.0174987 , -0.0856767
1.37535 , 0.0289511 , 0.0217047 , -0.0154664 , 0.0332392 , 0.0161936 , -0.0792194
1.41891 , 0.0266386 , 0.0212446 , -0.00632895 , 0.0334769 , 0.0170992 , -0.0822272
1.45828 , 0.0266744 , 0.0221726 , -0.00837802 , 0.0334079 , 0.0172234 , -0.0829202
1.5038 , 0.0265308 , 0.0218889 , -0.00804629 , 0.0332523 , 0.017867 , -0.0846947
1.54201 , 0.0286162 , 0.0222008 , -0.0146677 , 0.0330511 , 0.0178588 , -0.0847096
1.58875 , 0.0285457 , 0.0223284 , -0.0140833 , 0.0323618 , 0.0180295 , -0.0792038
1.62677 , 0.0255104 , 0.0226519 , -0.00661774 , 0.032231 , 0.0173571 , -0.080134
1.6717 , 0.0246062 , 0.022128 , -0.00508397 , 0.0321889 , 0.0176421 , -0.0835982
1.71017 , 0.026891 , 0.0225048 , -0.0125451 , 0.0318203 , 0.0177038 , -0.0833219
1.75591 , 0.0255406 , 0.0220898 , -0.0114861 , 0.0301469 , 0.0174833 , -0.0763999
1.79524 , 0.0215497 , 0.021443 , -0.000906356 , 0.0289958 , 0.0168564 , -0.0769505
1.83559 , 0.0209074 , 0.0231968 , -0.0022264 , 0.0279115 , 0.0179048 , -0.0805323
1.87726 , 0.0224026 , 0.0232788 , -0.00817672 , 0.0263492 , 0.0179501 , -0.074646
1.92193 , 0.0183554 , 0.0236978 , -0.000385187 , 0.0252688 , 0.018304 , -0.0758395
1.96234 , 0.0171484 , 0.0240605 , 0.00156889 , 0.0234819 , 0.0174406 , -0.0720498
2.00566 , 0.0152558 , 0.0241798 , 0.00356907 , 0.021882 , 0.0179834 , -0.0733739
2.04486 , 0.0118108 , 0.0232402 , 0.00876498 , 0.020066 , 0.0194117 , -0.0757528
2.09018 , 0.0138718 , 0.0260348 , -0.00147581 , 0.0176084 , 0.0203586 , -0.0749206
2.12875 , 0.0114025 , 0.0266125 , 0.000736972 , 0.0141667 , 0.0193187 , -0.0653756
2.17537 , 0.00656631 , 0.0272113 , 0.00984195 , 0.0110543 , 0.0199089 , -0.0650626
2.21321 , 0.00361051 , 0.0273004 , 0.0130066 , 0.00792636 , 0.0214718 , -0.0669743
2.25771 , 0.00345995 , 0.0287434 , 0.00810081 , 0.00467959 , 0.0226874 , -0.0674829
2.29518 , -0.00174703 , 0.0294223 , 0.0186819 , 0.00200712 , 0.0227121 , -0.0647294
2.34178 , -0.00478464 , 0.0285753 , 0.0214313 , -0.000511252 , 0.0215119 , -0.0612156
2.37895 , -0.00737105 , 0.0274769 , 0.0223969 , -0.00327412 , 0.0205523 , -0.0587754
2.42801 , -0.0101388 , 0.0275238 , 0.0242823 , -0.00523806 , 0.0212505 , -0.0630634
2.47611 , -0.0107797 , 0.0282369 , 0.019699 , -0.00779093 , 0.0218389 , -0.0615491
2.5142 , -0.0148052 , 0.0296276 , 0.0275189 , -0.00999473 , 0.0223153 , -0.0567767
2.56037 , -0.0159595 , 0.0295563 , 0.0293065 , -0.011647 , 0.0226945 , -0.0534566
2.60227 , -0.0171411 , 0.0289306 , 0.0302828 , -0.0125064 , 0.0208154 , -0.0575087
2.64719 , -0.0155697 , 0.0254097 , 0.0239403 , -0.0133276 , 0.0191948 , -0.0568171
2.6938 , -0.0186862 , 0.0235125 , 0.0290932 , -0.0134964 , 0.0190948 , -0.0554345
2.73042 , -0.0177903 , 0.0221957 , 0.0290157 , -0.0133931 , 0.0185499 , -0.0542437
2.77729 , -0.0171255 , 0.0213686 , 0.0291831 , -0.0121751 , 0.0185428 , -0.0540935
2.81355 , -0.0163644 , 0.0199374 , 0.0297412 , -0.0100932 , 0.0139698 , -0.0528398
2.84964 , -0.0106978 , 0.0154049 , 0.0179281 , -0.00640216 , 0.0124974 , -0.0548327
2.89595 , -0.0103018 , 0.0158591 , 0.0217537 , -0.00379642 , 0.0130096 , -0.0564694
2.93517 , -0.00663375 , 0.0145632 , 0.0179164 , -0.00119489 , 0.0138766 , -0.057721
2.97983 , -0.00334439 , 0.0135163 , 0.0127112 , 0.00162562 , 0.0131954 , -0.059411
3.01973 , 0.00224794 , 0.0113495 , 0.000368814 , 0.00459386 , 0.0134732 , -0.061816
3.06482 , 0.00299524 , 0.00674641 , 0.00365267 , 0.00815539 , 0.0110194 , -0.0638728
3.10875 , 0.00741251 , 0.00483467 , -0.00444618 , 0.0118143 , 0.0111427 , -0.065892
3.15378 , 0.01321 , 0.00257624 , -0.0125107 , 0.0160786 , 0.00840311 , -0.0682663
3.20454 , 0.0171725 , -0.000427239 , -0.0181976 , 0.0200503 , 0.00782161 , -0.0708421
3.25168 , 0.0221278 , -0.00303945 , -0.0238261 , 0.0240224 , 0.00575553 , -0.0735263
3.30669 , 0.0270539 , -0.00530841 , -0.0327193 , 0.0276674 , 0.00422805 , -0.0762821
3.35506 , 0.0314742 , -0.00996449 , -0.0396578 , 0.0314499 , 0.00296263 , -0.0792404
3.40333 , 0.0368136 , -0.0148154 , -0.0478252 , 0.0350944 , -8.1449e-05 , -0.0822024
3.45072 , 0.0411471 , -0.019432 , -0.0540256 , 0.0388669 , -0.00267441 , -0.0849585
3.49261 , 0.0458875 , -0.0216124 , -0.0618651 , 0.0422104 , -0.00601611 , -0.0879165
3.5332 , 0.0507398 , -0.0261512 , -0.0703334 , 0.0453542 , -0.00909137 , -0.090761
3.57119 , 0.0552982 , -0.0310477 , -0.0777287 , 0.0481527 , -0.014343 , -0.0932832
3.61781 , 0.058622 , -0.0377628 , -0.0834978 , 0.0510428 , -0.0177894 , -0.0952202
3.65519 , 0.0624587 , -0.0404321 , -0.0891361 , 0.0537671 , -0.022273 , -0.0968811
3.70305 , 0.0667906 , -0.0424182 , -0.0961936 , 0.0560122 , -0.0236564 , -0.0987969
3.74973 , 0.0723013 , -0.0459705 , -0.0990702 , 0.0586633 , -0.0254834 , -0.101347
3.78923 , 0.0768984 , -0.0475375 , -0.110797 , 0.0607294 , -0.0282233 , -0.103318
3.83334 , 0.0804345 , -0.0502329 , -0.114838 , 0.061766 , -0.0288759 , -0.104729
3.87025 , 0.0795302 , -0.0512185 , -0.113209 , 0.0622043 , -0.0302924 , -0.105526
3.91111 , 0.081846 , -0.0523293 , -0.116579 , 0.0632557 , -0.0335429 , -0.106868
3.95178 , 0.0866076 , -0.054017 , -0.127305 , 0.063477 , -0.0346381 , -0.107664
3.99076 , 0.0876262 , -0.0553174 , -0.129191 , 0.0636546 , -0.0360393 , -0.107924
4.03547 , 0.0883558 , -0.056563 , -0.129122 , 0.0630892 , -0.0339288 , -0.106974
4.07324 , 0.0853967 , -0.0571375 , -0.123461 , 0.0626663 , -0.0364578 , -0.106161
4.12038 , 0.0853797 , -0.0562114 , -0.123023 , 0.0624477 , -0.0374379 , -0.10643
4.15711 , 0.086744 , -0.0575459 , -0.12833 , 0.0622774 , -0.0400495 , -0.106231
4.20016 , 0.0850006 , -0.0581098 , -0.12616 , 0.0616943 , -0.0423655 , -0.105196
4.24067 , 0.0827472 , -0.0554449 , -0.122446 , 0.0600829 , -0.0422401 , -0.103795
4.29357 , 0.0801575 , -0.0545231 , -0.118178 , 0.058419 , -0.0425514 , -0.10247
4.34037 , 0.0769102 , -0.0538487 , -0.114867 , 0.0562353 , -0.0417781 , -0.100886
4.38979 , 0.0734171 , -0.0524525 , -0.110619 , 0.0545956 , -0.0402351 , -0.0988545
4.43197 , 0.0703301 , -0.0492668 , -0.102631 , 0.0525473 , -0.0387871 , -0.0973157
4.4742 , 0.0671274 , -0.0460186 , -0.0994087 , 0.0505207 , -0.0368672 , -0.0953024
4.51513 , 0.0635995 , -0.0404801 , -0.0928833 , 0.0486095 , -0.0334183 , -0.0940362
4.55452 , 0.0601421 , -0.0343392 , -0.0875108 , 0.0467624 , -0.0303394 , -0.0935406
4.59561 , 0.0565429 , -0.0290647 , -0.0835756 , 0.0446942 , -0.0256563 , -0.0922776
4.63883 , 0.0506238 , -0.0242222 , -0.0736599 , 0.0422519 , -0.021689 , -0.0916106
4.68067 , 0.0473522 , -0.0189945 , -0.0679215 , 0.0399294 , -0.0181034 , -0.0900457
4.72196 , 0.0441782 , -0.0127811 , -0.0630035 , 0.0382133 , -0.014509 , -0.0888063
4.76309 , 0.0433397 , -0.00688677 , -0.0642295 , 0.0360977 , -0.0101228 , -0.0874752
4.80405 , 0.0404721 , -0.000733886 , -0.0602178 , 0.034268 , -0.00533278 , -0.0856119
4.84275 , 0.0358522 , 0.00595676 , -0.0502887 , 0.0325914 , -0.00156383 , -0.0844273
4.8852 , 0.0329591 , 0.00994833 , -0.0455338 , 0.0305672 , -0.000890937 , -0.0832178
4.92582 , 0.0326099 , 0.0113059 , -0.0468507 , 0.0288694 , 0.00274534 , -0.0826367
4.96447 , 0.0283175 , 0.0165847 , -0.037944 , 0.0280199 , 0.0049696 , -0.0812374
5.0093 , 0.0272284 , 0.0201775 , -0.0341672 , 0.0275757 , 0.00777918 , -0.0796791
5.0464 , 0.0264603 , 0.024319 , -0.0314893 , 0.0272795 , 0.0105775 , -0.0785779
5.0931 , 0.0268187 , 0.0270808 , -0.0343546 , 0.0271663 , 0.0129196 , -0.0782431
5.132 , 0.0266167 , 0.0299832 , -0.0327331 , 0.0275591 , 0.0159208 , -0.077176
5.18181 , 0.0244773 , 0.0341634 , -0.0243352 , 0.0282293 , 0.0181178 , -0.0764374
5.22859 , 0.0249341 , 0.036965 , -0.0232761 , 0.0291033 , 0.0204053 , -0.0759182
5.27637 , 0.0282834 , 0.0397901 , -0.0286995 , 0.0302722 , 0.021204 , -0.0758353
5.32418 , 0.0294849 , 0.0448765 , -0.028585 , 0.031434 , 0.0269917 , -0.075626
5.36887 , 0.0305948 , 0.0472115 , -0.0298542 , 0.032197 , 0.0306797 , -0.0747222
5.41233 , 0.0294901 , 0.0504279 , -0.0233537 , 0.0327067 , 0.0312787 , -0.0743244
5.45976 , 0.0287881 , 0.05473 , -0.0233465 , 0.0313474 , 0.0329288 , -0.0730536
5.50132 , 0.030071 , 0.0548799 , -0.0247354 , 0.0291316 , 0.0315662 , -0.0709177
5.55335 , 0.0298819 , 0.0543939 , -0.0249328 , 0.0282412 , 0.0339511 , -0.0694127
5.60328 , 0.0282102 , 0.0548734 , -0.0244481 , 0.0260336 , 0.03655 , -0.0686807
5.64611 , 0.0235001 , 0.0563805 , -0.014584 , 0.0232795 , 0.043453 , -0.0693286
5.68543 , 0.0203559 , 0.058737 , -0.0138411 , 0.0195851 , 0.0433117 , -0.0679442
5.72908 , 0.0139403 , 0.0605679 , -0.00965719 , 0.014136 , 0.0447288 , -0.0660424
5.76648 , 0.00942463 , 0.0615386 , 0.00178749 , 0.00763334 , 0.0438506 , -0.0643976
5.81557 , 0.00116175 , 0.0613129 , 0.00463173 , 0.000517668 , 0.0447659 , -0.0627504
5.85679 , -0.00667223 , 0.0621456 , 0.00966255 , -0.00676897 , 0.041939 , -0.0608817
5.89569 , -0.013664 , 0.0610757 , 0.0188756 , -0.0138687 , 0.0414976 , -0.0586996
5.9331 , -0.0216958 , 0.0595436 , 0.0258006 , -0.0203387 , 0.0404283 , -0.0532615
5.97011 , -0.0277888 , 0.0576823 , 0.0291978 , -0.0268128 , 0.0367409 , -0.0471823
6.01483 , -0.0351777 , 0.055828 , 0.0339149 , -0.0318004 , 0.0334498 , -0.0464606
6.05174 , -0.0409884 , 0.0552183 , 0.0370089 , -0.036929 , 0.0311898 , -0.0455258
6.10109 , -0.0466974 , 0.0548161 , 0.0408745 , -0.0408994 , 0.0341661 , -0.0383202
6.13942 , -0.0503107 , 0.0554319 , 0.0442492 , -0.0434564 , 0.0359167 , -0.0356607
6.18461 , -0.0524945 , 0.0593402 , 0.0453358 , -0.0449283 , 0.0371881 , -0.0349019
6.22351 , -0.0532199 , 0.0626988 , 0.0459063 , -0.0455438 , 0.0422958 , -0.0335573
6.26813 , -0.053495 , 0.0675616 , 0.0476044 , -0.0452071 , 0.0469177 , -0.0329517
6.3067 , -0.0538169 , 0.0721646 , 0.0468997 , -0.0442628 , 0.0547778 , -0.0323271
6.35203 , -0.0527232 , 0.0788225 , 0.0446255 , -0.0424578 , 0.0604316 , -0.0299722
6.38949 , -0.0481787 , 0.0863718 , 0.0433028 , -0.0395021 , 0.0634683 , -0.0458694
6.43523 , -0.0441935 , 0.0913075 , 0.0313294 , -0.0366093 , 0.0737854 , -0.0465656
6.47266 , -0.0432369 , 0.098628 , 0.0360365 , -0.0338022 , 0.0831703 , -0.0458074
6.51883 , -0.0395181 , 0.107363 , 0.0311183 , -0.0315535 , 0.0930445 , -0.0460574
6.55665 , -0.0357772 , 0.116356 , 0.0273734 , -0.029752 , 0.0991624 , -0.0500359
6.60396 , -0.0295978 , 0.122332 , 0.0161351 , -0.0275966 , 0.104798 , -0.0510929
6.64527 , -0.0257312 , 0.130617 , 0.0120881 , -0.0258905 , 0.109468 , -0.0499769
6.68768 , -0.0221956 , 0.139303 , 0.00864445 , -0.0233665 , 0.119842 , -0.0474311
6.72466 , -0.0197429 , 0.14381 , 0.0100884 , -0.0216107 , 0.126973 , -0.0453596
6.77258 , -0.0162032 , 0.148605 , 0.00403945 , -0.0207636 , 0.134365 , -0.0433397
6.81203 , -0.0131434 , 0.159203 , -0.00287739 , -0.020249 , 0.143549 , -0.0407957
6.85566 , -0.0100064 , 0.164017 , -0.00126237 , -0.0206701 , 0.149947 , -0.0374751
6.89162 , -0.00766454 , 0.171185 , -0.00418523 , -0.0216009 , 0.157532 , -0.0344652
6.94081 , -0.00525507 , 0.179267 , -0.00817155 , -0.0228728 , 0.159247 , -0.0310776
6.98751 , -0.00616201 , 0.182569 , -0.0068865 , -0.0260438 , 0.15957 , -0.0261112
7.02429 , -0.00690396 , 0.18383 , -0.000881142 , -0.0299166 , 0.16304 , -0.0207254
7.0637 , -0.0109367 , 0.186481 , -0.000264523 , -0.0350818 , 0.164193 , -0.0177868
7.10567 , -0.0148481 , 0.185663 , 0.0102986 , -0.0417293 , 0.167463 , -0.0144841
7.14491 , -0.0198902 , 0.188036 , 0.01568 , -0.048029 , 0.174019 , -0.0127885
7.19168 , -0.02226 , 0.193904 , 0.0135992 , -0.0542722 , 0.173635 , -0.0113737
7.23212 , -0.0270097 , 0.193788 , 0.0197112 , -0.0587765 , 0.176113 , -0.00937589
7.2712 , -0.0321991 , 0.192866 , 0.0307807 , -0.0630848 , 0.175345 , -0.00743838
7.3109 , -0.0358267 , 0.191293 , 0.0347806 , -0.0666434 , 0.171296 , -0.00584596
7.36079 , -0.0374101 , 0.186955 , 0.0326277 , -0.0685833 , 0.166614 , -0.0030161
7.41027 , -0.041468 , 0.181607 , 0.0353931 , -0.0697427 , 0.160932 , -0.00113602
7.45429 , -0.0455721 , 0.173658 , 0.0480367 , -0.070367 , 0.156427 , -0.0017098
7.4924 , -0.0467494 , 0.167745 , 0.0482119 , -0.0703724 , 0.150627 , -0.00186005
7.52889 , -0.0483524 , 0.158229 , 0.0514589 , -0.0699353 , 0.146755 , -0.00177859
7.58085 , -0.049154 , 0.151043 , 0.0522555 , -0.0689792 , 0.139064 , -0.00258662
7.63075 , -0.0502537 , 0.142194 , 0.0499716 , -0.0674116 , 0.130493 , -0.00222418
7.67329 , -0.0478176 , 0.133251 , 0.0458447 , -0.0655494 , 0.123027 , -0.0035589
7.71109 , -0.0499686 , 0.128139 , 0.0536746 , -0.0616968 , 0.114089 , -0.00693068
7.74646 , -0.046118 , 0.120627 , 0.0428098 , -0.0572415 , 0.108488 , -0.0093165
7.79391 , -0.0456897 , 0.116378 , 0.0464398 , -0.0526672 , 0.106207 , -0.0121623
7.8356 , -0.0411216 , 0.107309 , 0.0456747 , -0.0487536 , 0.0984305 , -0.0162245
7.87613 , -0.0376846 , 0.101525 , 0.0399758 , -0.0446362 , 0.0924641 , -0.0208039
7.91303 , -0.0344524 , 0.0972791 , 0.0379107 , -0.0397078 , 0.0877589 , -0.0251069
7.9499 , -0.0279034 , 0.0937804 , 0.0252523 , -0.0348414 , 0.0857847 , -0.0296862
8.00177 , -0.024054 , 0.0880753 , 0.0208809 , -0.0299679 , 0.0824907 , -0.0351549
8.05198 , -0.021887 , 0.0861119 , 0.022244 , -0.0250373 , 0.0803715 , -0.040607
8.10104 , -0.0190237 , 0.0826637 , 0.0170544 , -0.0202277 , 0.0757936 , -0.045115
8.15105 , -0.0130012 , 0.0803333 , 0.00889049 , -0.015907 , 0.0722556 , -0.0492754
8.20068 , -0.00840195 , 0.0750161 , 0.00490177 , -0.0122216 , 0.0692855 , -0.0520453
8.25267 , -0.00863831 , 0.0737559 , 0.00908647 , -0.00884631 , 0.0660801 , -0.054443
8.30315 , -0.00514533 , 0.0699218 , 0.00365264 , -0.00571788 , 0.0642096 , -0.0574204
8.35045 , -0.00312252 , 0.0693093 , -0.000705402 , -0.00264616 , 0.058338 , -0.0603163
8.40761 , -0.00176674 , 0.0654354 , -0.00217079 , -0.000527925 , 0.0580216 , -0.0622592
8.45296 , 0.000183619 , 0.0629445 , -0.00251157 , 0.000365033 , 0.0557128 , -0.0634682
8.50133 , 0.00277639 , 0.0621542 , -0.00309147 , 0.00119105 , 0.0543716 , -0.0643855
8.55635 , 0.00253136 , 0.0615398 , -0.00330675 , 0.00158859 , 0.0526509 , -0.0655203
8.60408 , 0.00286293 , 0.0610992 , -0.00780929 , 0.00212565 , 0.0511119 , -0.0669145
8.6496 , 0.00296007 , 0.0594478 , -0.0095357 , 0.0025724 , 0.0504988 , -0.0677971
8.69621 , 0.00231458 , 0.0578834 , -0.0101985 , 0.00192526 , 0.0500411 , -0.0684504
8.74065 , 0.00364221 , 0.0621335 , -0.00575302 , 0.00147036 , 0.0516733 , -0.0685211
8.78753 , 0.00495525 , 0.0618183 , -0.0110995 , 0.00048125 , 0.0530453 , -0.0685432
8.84081 , 0.00202149 , 0.0625516 , -0.00522405 , -0.000116625 , 0.0532635 , -0.0687154
8.89019 , 0.00216439 , 0.0632137 , -0.00543317 , -0.000129731 , 0.0555752 , -0.0689033
8.94026 , 0.00222716 , 0.0664698 , -0.00808964 , -0.000563694 , 0.0559997 , -0.0700102
8.99012 , 0.00203656 , 0.0674056 , -0.00862207 , -0.000831914 , 0.0568424 , -0.0711647
9.04143 , 0.00145633 , 0.066264 , -0.00790702 , -0.000874691 , 0.0563627 , -0.0715359
9.09189 , 0.0016661 , 0.067134 , -0.00836399 , -0.00113398 , 0.0547401 , -0.0717074
9.14718 , 0.00127838 , 0.0660848 , -0.0070347 , -0.00139059 , 0.059569 , -0.071581
9.18528 , 0.00177918 , 0.0661466 , -0.00705869 , -0.00110942 , 0.0579661 , -0.0717247
9.22992 , 0.00367742 , 0.066747 , -0.0151412 , -0.000795663 , 0.0565718 , -0.0722894
9.27805 , 0.00230632 , 0.0662337 , -0.0100295 , 0.00013232 , 0.0560351 , -0.0721726
9.32806 , 0.00260101 , 0.0668653 , -0.00914745 , 0.00100715 , 0.0553034 , -0.0715165
9.38062 , 0.00344493 , 0.0657765 , -0.00970152 , 0.0015043 , 0.0553977 , -0.0709196
9.42368 , 0.00418313 , 0.0653468 , -0.00987184 , 0.00196633 , 0.0547658 , -0.0703331
9.47876 , 0.0047055 , 0.0656277 , -0.00787973 , 0.00258369 , 0.0541857 , -0.0698393
9.52285 , 0.00500041 , 0.0651867 , -0.00984041 , 0.00315977 , 0.0548521 , -0.0698171
9.56041 , 0.00540691 , 0.065358 , -0.0116745 , 0.00345962 , 0.0551641 , -0.0700102
9.61059 , 0.00579651 , 0.0658884 , -0.0115014 , 0.00400953 , 0.0551108 , -0.0704118
9.65626 , 0.00586811 , 0.0663291 , -0.0102325 , 0.00422549 , 0.0553499 , -0.0699399
9.69877 , 0.00525939 , 0.066692 , -0.0105338 , 0.0042201 , 0.0566948 , -0.0692331
9.73983 , 0.0047124 , 0.0686479 , -0.00845228 , 0.00333961 , 0.0573309 , -0.0684045
9.78408 , 0.00437581 , 0.0703675 , -0.00904727 , 0.00225176 , 0.0578378 , -0.0677777
9.82303 , 0.00289966 , 0.0690276 , -0.00752901 , 0.000806907 , 0.0597383 , -0.0668984
9.86614 , 0.000770455 , 0.0704697 , -0.00445287 , -0.00114803 , 0.0606203 , -0.0653297
9.90754 , -0.00199865 , 0.0717532 , -0.00192532 , -0.00438854 , 0.0606708 , -0.0634287
9.94477 , -0.00461202 , 0.074004 , 0.00160029 , -0.00816089 , 0.0623806 , -0.0612177
9.99189 , -0.00842259 , 0.074499 , 0.00538483 , -0.0123653 , 0.0624507 , -0.0582144
10.0326 , -0.01341 , 0.0752402 , 0.00825666 , -0.0170611 , 0.0631665 , -0.0545557
10.0755 , -0.0185646 , 0.0781651 , 0.0172817 , -0.0222639 , 0.0658548 , -0.0513543
10.1176 , -0.0240476 , 0.0805818 , 0.0220216 , -0.0279899 , 0.0685383 , -0.0482785
10.159 , -0.0294758 , 0.0841286 , 0.0284889 , -0.0339371 , 0.0699088 , -0.0449832
10.202 , -0.0346961 , 0.0829186 , 0.0329671 , -0.0398703 , 0.066182 , -0.0412705
10.245 , -0.0389945 , 0.0821429 , 0.0327258 , -0.0459979 , 0.0649126 , -0.0368733
10.2836 , -0.0448061 , 0.0816281 , 0.038433 , -0.0521827 , 0.0654733 , -0.0323154
10.3325 , -0.0508355 , 0.0778092 , 0.0430962 , -0.0583719 , 0.0642436 , -0.0285249
10.3788 , -0.0565815 , 0.0759844 , 0.0485802 , -0.0634918 , 0.0632177 , -0.0241412
10.4377 , -0.0624717 , 0.0749278 , 0.0555756 , -0.0687157 , 0.0611403 , -0.019701
10.482 , -0.0686394 , 0.0700407 , 0.0643606 , -0.0735206 , 0.0549258 , -0.0170827
10.5323 , -0.0719072 , 0.063072 , 0.0627392 , -0.0772811 , 0.0501201 , -0.014219
10.5814 , -0.0771172 , 0.0577255 , 0.0680198 , -0.0798845 , 0.0433973 , -0.0105521
10.6346 , -0.0783466 , 0.0506912 , 0.0637236 , -0.0812046 , 0.0378204 , -0.00700928
10.6806 , -0.0828502 , 0.0435976 , 0.0713952 , -0.0815613 , 0.036115 , -0.00532911
10.7198 , -0.0828532 , 0.0401497 , 0.0710617 , -0.0806648 , 0.0293957 , -0.00473756
10.7638 , -0.081688 , 0.0326231 , 0.0694018 , -0.0783908 , 0.0226647 , -0.00505393
10.807 , -0.0792638 , 0.0245741 , 0.0655637 , -0.0743401 , 0.0168664 , -0.00623795
10.8506 , -0.0761595 , 0.0135049 , 0.0622485 , -0.0692508 , 0.0122108 , -0.0074144
10.9026 , -0.0724942 , 0.00360736 , 0.0577905 , -0.0637864 , 0.000373243 , -0.00944649
10.9489 , -0.0645824 , -0.00184782 , 0.054193 , -0.0563354 , 4.77766e-05 , -0.0125741
10.9861 , -0.0543097 , -0.00601781 , 0.0439392 , -0.0478685 , -0.00641534 , -0.0176242
11.0318 , -0.0434171 , -0.0135238 , 0.0297246 , -0.038134 , -0.00925419 , -0.0221591
11.0692 , -0.035906 , -0.0209342 , 0.0252875 , -0.0284124 , -0.0138047 , -0.0263905
11.122 , -0.0252872 , -0.0266944 , 0.0147309 , -0.0184176 , -0.0176972 , -0.0310976
11.1712 , -0.014876 , -0.0313048 , 0.00389555 , -0.00800443 , -0.0202018 , -0.035895
11.2151 , -0.00358785 , -0.0383189 , -0.00822769 , 0.00256182 , -0.0228115 , -0.0413677
11.2559 , 0.0100804 , -0.0414944 , -0.0270328 , 0.0128913 , -0.0221328 , -0.0472562
11.299 , 0.0191354 , -0.0435392 , -0.033495 , 0.0221449 , -0.0228102 , -0.052939
11.341 , 0.0299418 , -0.0430979 , -0.0477837 , 0.030667 , -0.0208314 , -0.0590322
11.3829 , 0.0420099 , -0.0440456 , -0.0606163 , 0.0387866 , -0.0207752 , -0.0655013
11.4242 , 0.0562505 , -0.0449436 , -0.0783713 , 0.0461234 , -0.0178025 , -0.0721531
11.4668 , 0.0670378 , -0.0415649 , -0.0926286 , 0.052815 , -0.0144657 , -0.0771858
11.5015 , 0.0739891 , -0.0397326 , -0.0976132 , 0.0590488 , -0.012307 , -0.0820721
11.539 , 0.0828725 , -0.0389683 , -0.11037 , 0.0648086 , -0.0145374 , -0.0865612
11.5854 , 0.0928038 , -0.0380197 , -0.125898 , 0.068512 , -0.0136131 , -0.0906738
11.6216 , 0.100392 , -0.0358926 , -0.134375 , 0.0707259 , -0.0170373 , -0.0949487
11.6696 , 0.105909 , -0.0347471 , -0.142468 , 0.0718045 , -0.01386 , -0.0974256
11.7057 , 0.110689 , -0.0335054 , -0.148635 , 0.0720262 , -0.0153629 , -0.0986295
11.7538 , 0.11407 , -0.0375872 , -0.149653 , 0.0720825 , -0.0157615 , -0.0993202
11.79 , 0.11577 , -0.0379844 , -0.150273 , 0.0718023 , -0.0192469 , -0.0992865
11.8434 , 0.112367 , -0.0386755 , -0.145807 , 0.0701338 , -0.0201845 , -0.0981681
11.8918 , 0.110654 , -0.0436828 , -0.146452 , 0.0681185 , -0.0250914 , -0.0964065
11.9373 , 0.111398 , -0.0434255 , -0.145579 , 0.06562 , -0.0309312 , -0.094243
11.9803 , 0.108301 , -0.0479398 , -0.139645 , 0.063384 , -0.0355038 , -0.0919669
12.0221 , 0.103091 , -0.047408 , -0.132417 , 0.0597656 , -0.0375464 , -0.0884869
12.0628 , 0.0949048 , -0.0488214 , -0.119504 , 0.0556369 , -0.0390259 , -0.084461
12.1017 , 0.0881854 , -0.0474644 , -0.111264 , 0.0501146 , -0.037915 , -0.0803903
12.1489 , 0.0831767 , -0.0429747 , -0.108114 , 0.0444798 , -0.0380518 , -0.0763608
12.1877 , 0.0755599 , -0.0403238 , -0.0972112 , 0.0394677 , -0.0352597 , -0.0729621
12.2303 , 0.0692251 , -0.0378882 , -0.0864761 , 0.0339881 , -0.0334187 , -0.0680406
12.2718 , 0.0588941 , -0.0320981 , -0.0727506 , 0.0297025 , -0.0262274 , -0.066091
12.3127 , 0.0513766 , -0.0295523 , -0.0618346 , 0.0241899 , -0.0261034 , -0.0650011
12.3552 , 0.0460286 , -0.0257566 , -0.0596491 , 0.020299 , -0.0225571 , -0.0623265
12.3974 , 0.0368907 , -0.0166465 , -0.0480204 , 0.0166843 , -0.0210484 , -0.0592429
12.4398 , 0.030977 , -0.0115819 , -0.0395946 , 0.0127129 , -0.0153227 , -0.0569929
12.4822 , 0.0251553 , -0.00528613 , -0.0339554 , 0.00954979 , -0.0112411 , -0.0562532
12.5231 , 0.0219618 , -0.00166226 , -0.0370533 , 0.00719263 , -0.00881035 , -0.0557698
12.5642 , 0.0164112 , 0.00442534 , -0.0297963 , 0.00495106 , -0.00285303 , -0.0542655
12.6077 , 0.00972565 , 0.0127913 , -0.0195351 , 0.00336027 , 0.00266768 , -0.053431
12.6523 , 0.0054717 , 0.0183512 , -0.0150681 , 0.00148208 , 0.00616955 , -0.0536217
12.691 , 0.00222807 , 0.0226666 , -0.0106428 , -0.000137356 , 0.00982534 , -0.0539627
12.7356 , 0.000159289 , 0.026018 , -0.00894586 , -0.000744439 , 0.0133497 , -0.0549813
12.7748 , -0.00146679 , 0.0325827 , -0.00801102 , -0.000690637 , 0.0165153 , -0.0553446
12.8171 , -0.00207525 , 0.0357783 , -0.00609133 , -1.27367e-05 , 0.0209981 , -0.0551409
12.8594 , -0.0022995 , 0.0397658 , -0.00646803 , 0.00147635 , 0.0220461 , -0.0554413
12.9007 , -0.00125967 , 0.0418402 , -0.0114787 , 0.00322649 , 0.0247845 , -0.0558809
12.9431 , -0.00294994 , 0.045358 , -0.00570216 , 0.00513949 , 0.0270023 , -0.0565895
12.9847 , -0.00179918 , 0.048073 , -0.00480897 , 0.00672672 , 0.0309137 , -0.0573793
13.029 , -0.000122252 , 0.0494716 , -0.00540855 , 0.00893469 , 0.031301 , -0.0572546
13.071 , 0.00130122 , 0.0502713 , -0.00753992 , 0.0113147 , 0.0327148 , -0.0571031
13.1105 , 0.00530515 , 0.0511431 , -0.0144467 , 0.0140327 , 0.0367961 , -0.0570238
13.15 , 0.00478217 , 0.0536769 , -0.0100129 , 0.0160781 , 0.0365949 , -0.0569627
13.1947 , 0.00618873 , 0.0560563 , -0.0106959 , 0.0182084 , 0.0394862 , -0.0567214
13.2347 , 0.00775598 , 0.0572144 , -0.0119087 , 0.0203645 , 0.0394922 , -0.0572345
13.2787 , 0.0123648 , 0.0566586 , -0.0173134 , 0.0223171 , 0.0391001 , -0.0570036
13.319 , 0.0114375 , 0.05887 , -0.0120672 , 0.0237901 , 0.0417773 , -0.0566932
13.3657 , 0.0118146 , 0.0593194 , -0.0135638 , 0.0247357 , 0.0437338 , -0.0571549
13.4086 , 0.0121912 , 0.0629205 , -0.0132303 , 0.0247193 , 0.0471554 , -0.0577465
13.4535 , 0.0140063 , 0.0627331 , -0.013776 , 0.0256456 , 0.0470875 , -0.058511
13.4996 , 0.0139049 , 0.0649501 , -0.014951 , 0.0252743 , 0.046582 , -0.0587855
13.5415 , 0.0150394 , 0.0632742 , -0.0160078 , 0.0256983 , 0.0470137 , -0.05888
13.5781 , 0.0147784 , 0.0627448 , -0.0162228 , 0.0254006 , 0.0476418 , -0.0594708
13.6239 , 0.015828 , 0.0671015 , -0.0167635 , 0.0263 , 0.0508527 , -0.0595253
13.6682 , 0.018577 , 0.0648919 , -0.0240143 , 0.0266368 , 0.0515354 , -0.0603858
13.7196 , 0.0171422 , 0.0646224 , -0.0192041 , 0.0264046 , 0.0520892 , -0.06142
13.7645 , 0.0167653 , 0.0644985 , -0.0194435 , 0.0264311 , 0.0516838 , -0.0619471
13.8067 , 0.0169004 , 0.0635683 , -0.0193822 , 0.0260341 , 0.0510391 , -0.062034
13.8497 , 0.0161661 , 0.0634374 , -0.0197361 , 0.0256846 , 0.0504425 , -0.0619928
13.8886 , 0.0155669 , 0.0628258 , -0.0184808 , 0.0245503 , 0.0497974 , -0.0618596
13.9346 , 0.0147238 , 0.0619139 , -0.0177944 , 0.022998 , 0.050912 , -0.0619377
13.9739 , 0.0135796 , 0.0612928 , -0.0159573 , 0.0211158 , 0.0509982 , -0.0616889
14.0177 , 0.0105758 , 0.0602597 , -0.0127806 , 0.0168682 , 0.0468407 , -0.0601026
14.056 , 0.0094589 , 0.0571813 , -0.0178242 , 0.0169344 , 0.0485207 , -0.0603608
14.1016 , 0.00675125 , 0.0568803 , -0.0155246 , 0.0123233 , 0.0469591 , -0.0589369
14.1413 , 0.000593065 , 0.0558176 , -0.00630779 , 0.00798882 , 0.0436053 , -0.0569936
14.1869 , -0.00336269 , 0.0542035 , -0.00297618 , 0.00385407 , 0.0403482 , -0.0557356
14.2244 , -0.00695644 , 0.0520052 , -0.0039554 , -0.00123423 , 0.0396363 , -0.0544074
14.2684 , -0.0145541 , 0.049324 , 0.00596655 , -0.00669757 , 0.037265 , -0.0527168
14.3133 , -0.0206813 , 0.0462946 , 0.0122797 , -0.0137984 , 0.0324768 , -0.0498644
14.3568 , -0.0291605 , 0.0430483 , 0.0219333 , -0.0228373 , 0.026414 , -0.0469543
14.4038 , -0.0352258 , 0.0402009 , 0.0221393 , -0.0269108 , 0.0259077 , -0.0453538
14.4416 , -0.0430877 , 0.0357752 , 0.0295483 , -0.0348599 , 0.0201954 , -0.0365304
14.4878 , -0.0522359 , 0.0294028 , 0.036892 , -0.0431697 , 0.0180781 , -0.0281748
14.5256 , -0.0635244 , 0.0287329 , 0.051357 , -0.0512787 , 0.0139692 , -0.0239037
14.5715 , -0.0713712 , 0.0255173 , 0.0516054 , -0.0595858 , 0.0112166 , -0.0201786
14.6082 , -0.0784905 , 0.0246442 , 0.0593725 , -0.0670958 , 0.010399 , -0.015027
14.6573 , -0.0862385 , 0.0264698 , 0.063631 , -0.0743198 , 0.0120857 , -0.00563611
14.6963 , -0.0952484 , 0.0306759 , 0.0753163 , -0.0803766 , 0.0159283 , -0.000960023
14.7392 , -0.100377 , 0.0356567 , 0.0807292 , -0.0844583 , 0.0196683 , -0.00465826
14.7767 , -0.102005 , 0.0382042 , 0.0775096 , -0.0876185 , 0.0252618 , -0.00181698
14.8248 , -0.10454 , 0.045612 , 0.0765482 , -0.0892791 , 0.0342096 , 0.00746221
14.8641 , -0.106916 , 0.0537769 , 0.0834813 , -0.0888133 , 0.0412043 , 0.0100311
14.9074 , -0.106401 , 0.062134 , 0.0847461 , -0.0873804 , 0.0478223 , 0.00265917
14.9439 , -0.103324 , 0.0701281 , 0.0844197 , -0.084164 , 0.0570907 , 0.00473994
14.9912 , -0.0988605 , 0.0811816 , 0.0798633 , -0.0799171 , 0.0674447 , 0.00284974
15.0273 , -0.0925898 , 0.0931099 , 0.0735699 , -0.0745674 , 0.0774625 , -0.00105002
15.0755 , -0.0857563 , 0.103818 , 0.0696428 , -0.0681434 , 0.0860972 , -0.00570285
15.1116 , -0.0778296 , 0.112799 , 0.0643862 , -0.061268 , 0.0939386 , -0.0109132
15.159 , -0.0691796 , 0.121929 , 0.0582407 , -0.0543961 , 0.1011 , -0.0200281
15.1956 , -0.0588397 , 0.129139 , 0.0449649 , -0.0475391 , 0.110562 , -0.0296026
15.2451 , -0.0534303 , 0.137497 , 0.0463548 , -0.040638 , 0.113998 , -0.0356888
15.2951 , -0.0426397 , 0.143117 , 0.0365925 , -0.033932 , 0.124362 , -0.0402082
15.3403 , -0.033534 , 0.147241 , 0.0297966 , -0.0284366 , 0.13048 , -0.0381109
15.3781 , -0.0262974 , 0.153191 , 0.0227828 , -0.0238636 , 0.13519 , -0.0361684
15.4149 , -0.0192284 , 0.157435 , 0.014505 , -0.0201838 , 0.145455 , -0.0339177
15.4609 , -0.0130377 , 0.166704 , 0.0088006 , -0.0175307 , 0.150579 , -0.0313822
15.4987 , -0.00694113 , 0.174479 , -0.00255284 , -0.0152095 , 0.155198 , -0.029131
15.5445 , -0.00181261 , 0.179488 , -0.00683698 , -0.01301 , 0.159424 , -0.0265476
15.5841 , -2.39783e-05 , 0.180196 , -0.00331138 , -0.0118559 , 0.165376 , -0.0225594
15.629 , 0.00153998 , 0.184659 , -0.00515395 , -0.0123234 , 0.167254 , -0.017786
15.6665 , 0.00169313 , 0.187527 , -0.00674154 , -0.0131687 , 0.168214 , -0.0127671
15.7191 , 0.00160785 , 0.190526 , -0.0125536 , -0.0160203 , 0.166132 , -0.00668039
15.7669 , -0.00166571 , 0.195686 , -0.00520292 , -0.0190151 , 0.168246 , -0.00106583
15.8156 , -0.00372346 , 0.19308 , -0.00541996 , -0.0235793 , 0.169935 , 0.00383581
15.8691 , -0.00911726 , 0.19251 , 0.00451469 , -0.0274135 , 0.169964 , 0.00850059
15.9144 , -0.0120765 , 0.19495 , 0.0071354 , -0.0322403 , 0.17163 , 0.0122953
15.9527 , -0.0181343 , 0.195001 , 0.0165731 , -0.037225 , 0.174737 , 0.0138772
15.9981 , -0.0225572 , 0.195924 , 0.0215976 , -0.0418927 , 0.176871 , 0.0155685
16.0361 , -0.0275162 , 0.194324 , 0.0276815 , -0.0449115 , 0.180077 , 0.0164477
16.0875 , -0.0307201 , 0.19306 , 0.0298513 , -0.0471915 , 0.179024 , 0.0172381
16.1343 , -0.0317507 , 0.191155 , 0.0267939 , -0.0483638 , 0.174335 , 0.0188606
16.1844 , -0.035771 , 0.18497 , 0.035872 , -0.0484821 , 0.169224 , 0.0215003
16.2376 , -0.0376594 , 0.179094 , 0.0391201 , -0.0487649 , 0.163091 , 0.0237988
16.2802 , -0.0377795 , 0.173177 , 0.0360903 , -0.0485874 , 0.156965 , 0.0246882
16.321 , -0.0391965 , 0.163015 , 0.0356598 , -0.047823 , 0.151839 , 0.0254212
16.376 , -0.0395027 , 0.156381 , 0.0364349 , -0.0469381 , 0.142264 , 0.0258842
16.4251 , -0.0416384 , 0.146758 , 0.0449527 , -0.04555 , 0.130994 , 0.026827
16.4683 , -0.0424953 , 0.135014 , 0.0467461 , -0.0439904 , 0.122022 , 0.0266518
16.5122 , -0.0430397 , 0.12557 , 0.0482437 , -0.0430413 , 0.115354 , 0.0250769
16.5529 , -0.0429902 , 0.116224 , 0.0420912 , -0.0417977 , 0.107385 , 0.0243759
16.5955 , -0.046088 , 0.106669 , 0.0485311 , -0.0403574 , 0.0975954 , 0.0225606
16.6434 , -0.0433916 , 0.100935 , 0.0394827 , -0.0386232 , 0.0942702 , 0.0198348
16.692 , -0.0446849 , 0.096416 , 0.044144 , -0.0366248 , 0.0877496 , 0.0159874
16.74 , -0.0423198 , 0.0898451 , 0.0382319 , -0.0340884 , 0.0852108 , 0.0122099
16.7927 , -0.0426626 , 0.0846294 , 0.0419626 , -0.0317183 , 0.0759083 , 0.00792408
16.8459 , -0.0420189 , 0.0781526 , 0.0404055 , -0.0293118 , 0.0724138 , 0.00331251
16.8847 , -0.0414015 , 0.0733591 , 0.0401118 , -0.0266763 , 0.068628 , -0.00245803
16.9309 , -0.0361365 , 0.0708796 , 0.0278069 , -0.0232522 , 0.0687071 , -0.00799535
16.9706 , -0.033554 , 0.0694974 , 0.0258462 , -0.0198269 , 0.0674557 , -0.0129704
17.0124 , -0.0308692 , 0.0692183 , 0.0227405 , -0.0168727 , 0.062826 , -0.0174413
17.0568 , -0.0287106 , 0.0678312 , 0.0251388 , -0.0143149 , 0.0594758 , -0.021729
17.1009 , -0.0268421 , 0.0620504 , 0.0196049 , -0.0111127 , 0.0606669 , -0.0261467
17.1399 , -0.0217818 , 0.0618437 , 0.0104068 , -0.00776999 , 0.0553737 , -0.0310361
17.177 , -0.0213189 , 0.0600912 , 0.0134292 , -0.00492287 , 0.0522434 , -0.0346652
17.2219 , -0.0184522 , 0.0574207 , 0.00881404 , -0.00208053 , 0.0531371 , -0.0381848
17.2617 , -0.0155767 , 0.0553226 , 0.00491368 , 0.000534618 , 0.0534745 , -0.0420425
17.3082 , -0.0113175 , 0.0534 , -0.00356634 , 0.00277697 , 0.0495509 , -0.0459503
17.3488 , -0.00842048 , 0.0497763 , -0.00576914 , 0.00382023 , 0.0456375 , -0.0482919
17.3916 , -0.00920702 , 0.0492497 , -0.00262 , 0.00508552 , 0.0454504 , -0.050271
17.431 , -0.00805725 , 0.0483631 , -0.00492254 , 0.00610144 , 0.0421095 , -0.0526365
17.48 , -0.00614489 , 0.0470349 , -0.00717369 , 0.00732148 , 0.0421678 , -0.0544853
17.5256 , -0.00456413 , 0.0450277 , -0.00728901 , 0.00822124 , 0.0397475 , -0.056653
17.5695 , -0.00301844 , 0.0458419 , -0.0104011 , 0.00820441 , 0.0383663 , -0.0581207
17.6096 , -0.00280214 , 0.0440026 , -0.00951585 , 0.00807465 , 0.0375964 , -0.0588266
17.6513 , -0.00208364 , 0.0443447 , -0.00959036 , 0.00825885 , 0.0377781 , -0.0593518
17.6993 , -0.0026897 , 0.0449491 , -0.0100035 , 0.00783315 , 0.0365428 , -0.0604096
17.7418 , -0.00165705 , 0.0435677 , -0.0101341 , 0.00790333 , 0.0370398 , -0.0615197
17.7782 , -0.000491132 , 0.0430841 , -0.0105414 , 0.0080322 , 0.0367834 , -0.0619671
17.8145 , -0.000293781 , 0.0430565 , -0.0116252 , 0.00788495 , 0.0362281 , -0.0627305
17.8595 , 0.00164324 , 0.041567 , -0.0183421 , 0.0080417 , 0.0343086 , -0.0639624
17.8961 , 0.00180976 , 0.0400856 , -0.0192325 , 0.00833031 , 0.0334747 , -0.0645906
17.946 , -7.37941e-05 , 0.041292 , -0.0116738 , 0.00858304 , 0.0325811 , -0.0647736
17.9834 , 0.000528919 , 0.0402428 , -0.0136153 , 0.00934702 , 0.0329468 , -0.065409
18.0294 , 0.00184051 , 0.0392158 , -0.0153158 , 0.0106042 , 0.0321219 , -0.0668674
18.0734 , 0.00428581 , 0.0397935 , -0.0222701 , 0.0115583 , 0.0326226 , -0.0678418
18.1144 , 0.00537115 , 0.0389884 , -0.0236933 , 0.0123185 , 0.0351436 , -0.0678537
18.1621 , 0.00372377 , 0.0416798 , -0.0190438 , 0.0128114 , 0.0347782 , -0.0684761
18.2035 , 0.00431001 , 0.0421024 , -0.0183893 , 0.013401 , 0.0348038 , -0.0690486
18.2485 , 0.00571225 , 0.0426844 , -0.0201768 , 0.014412 , 0.0349678 , -0.0703371
18.2944 , 0.0082672 , 0.043496 , -0.027399 , 0.0152862 , 0.0358647 , -0.0712817
18.3334 , 0.00789007 , 0.0455829 , -0.023523 , 0.0159919 , 0.037337 , -0.0715801
18.3786 , 0.00840059 , 0.0465369 , -0.0234838 , 0.0161496 , 0.0386559 , -0.0717295
18.4184 , 0.00933991 , 0.0475228 , -0.0233783 , 0.0164246 , 0.0391321 , -0.0716715
18.4625 , 0.00922556 , 0.0472094 , -0.0240442 , 0.0170491 , 0.0387242 , -0.0713782
18.5036 , 0.00950477 , 0.0469491 , -0.0251785 , 0.0172882 , 0.0372317 , -0.0718829
18.5475 , 0.0105423 , 0.0475373 , -0.0267463 , 0.0176875 , 0.0375922 , -0.0718199
18.5895 , 0.0112524 , 0.0470007 , -0.026928 , 0.0184517 , 0.0380053 , -0.0720492
18.6298 , 0.0135767 , 0.0472616 , -0.0322142 , 0.0187641 , 0.0385071 , -0.0719858
18.6672 , 0.0141173 , 0.0487564 , -0.0335226 , 0.0186988 , 0.0394076 , -0.071238
18.711 , 0.0126988 , 0.0480492 , -0.0274263 , 0.0183869 , 0.0395535 , -0.0710518
18.7477 , 0.0119661 , 0.0469771 , -0.0278917 , 0.0159488 , 0.0399028 , -0.0709346
18.7853 , 0.0147332 , 0.0499056 , -0.0339442 , 0.0177371 , 0.0445068 , -0.0720368
18.8336 , 0.0140547 , 0.0525896 , -0.0341803 , 0.0169935 , 0.0429891 , -0.0715437
18.8787 , 0.0134181 , 0.0571881 , -0.0347163 , 0.0160621 , 0.0472579 , -0.0707609
18.9175 , 0.0109105 , 0.0591168 , -0.0269282 , 0.0141608 , 0.048155 , -0.0698391
18.9553 , 0.00980298 , 0.0599672 , -0.0240789 , 0.0124125 , 0.0492853 , -0.0688527
19.0021 , 0.00943905 , 0.0629355 , -0.0288726 , 0.00996352 , 0.0528503 , -0.0671014
19.0428 , 0.00712887 , 0.0641124 , -0.0260917 , 0.00696452 , 0.0549491 , -0.064587
19.0854 , 0.0021045 , 0.0671703 , -0.0178603 , 0.00363012 , 0.0571235 , -0.061278
19.1284 , -0.00132743 , 0.0702208 , -0.0115284 , 1.50786e-05 , 0.0607596 , -0.0577599
19.1684 , -0.00571578 , 0.0737878 , -0.00758876 , -0.00412505 , 0.0623262 , -0.0538733
19.207 , -0.00839351 , 0.0781554 , -0.00760825 , -0.00848882 , 0.0647955 , -0.0493341
19.2543 , -0.0128401 , 0.0820647 , -0.00177758 , -0.014203 , 0.0726437 , -0.043395
19.2958 , -0.0205978 , 0.086862 , 0.0137616 , -0.0196436 , 0.0740598 , -0.0389379
19.3364 , -0.0262948 , 0.0911546 , 0.020327 , -0.0252076 , 0.0756681 , -0.0345881
19.3754 , -0.0303957 , 0.0920157 , 0.0215792 , -0.0310699 , 0.0783115 , -0.0290686
19.4207 , -0.0401729 , 0.0965921 , 0.0334856 , -0.0378998 , 0.0795393 , -0.0230066
19.4594 , -0.0455028 , 0.0976497 , 0.0371903 , -0.0450583 , 0.0820701 , -0.016964
19.5048 , -0.0519448 , 0.101009 , 0.0441852 , -0.0518182 , 0.0788965 , -0.0115183
19.5422 , -0.0594212 , 0.0984367 , 0.0539264 , -0.0582266 , 0.0783145 , -0.0059055
19.5914 , -0.0674954 , 0.0965385 , 0.0595515 , -0.0639242 , 0.0787674 , 0.000406204
19.641 , -0.0735345 , 0.0962403 , 0.0677097 , -0.0693203 , 0.0767109 , 0.00656071
19.6884 , -0.081447 , 0.0916858 , 0.0800101 , -0.0746104 , 0.0725245 , 0.0129663
19.7286 , -0.0848117 , 0.0860722 , 0.0831102 , -0.0789592 , 0.0684593 , 0.0190881
19.7775 , -0.0929765 , 0.0829005 , 0.0925151 , -0.0823579 , 0.0651823 , 0.0249153
19.8308 , -0.0974529 , 0.0776816 , 0.0977229 , -0.0853194 , 0.0648152 , 0.0294867
19.8791 , -0.100582 , 0.0741732 , 0.100124 , -0.0878953 , 0.0602321 , 0.0320262
19.9259 , -0.101896 , 0.0681724 , 0.0955224 , -0.0897941 , 0.0530166 , 0.0342884
19.9799 , -0.103621 , 0.0605927 , 0.0976792 , -0.0904888 , 0.0472675 , 0.0363929
20.0217 , -0.104081 , 0.0536755 , 0.0987235 , -0.0901104 , 0.0412691 , 0.0385826
20.0616 , -0.106448 , 0.0422768 , 0.102681 , -0.0891336 , 0.0342837 , 0.0394277
20.1062 , -0.104414 , 0.0358015 , 0.101837 , -0.0865112 , 0.028532 , 0.0384114
20.1454 , -0.100054 , 0.0236393 , 0.0915192 , -0.0822757 , 0.0263507 , 0.0381836
20.1901 , -0.093017 , 0.0222189 , 0.0883845 , -0.0758627 , 0.0240553 , 0.0371912
20.2294 , -0.0877805 , 0.0167153 , 0.0883941 , -0.0686743 , 0.0189188 , 0.0347246
20.2746 , -0.0815072 , 0.010748 , 0.0817502 , -0.0599744 , 0.0121141 , 0.0321344
20.3106 , -0.0706193 , 0.00433255 , 0.0698748 , -0.0504134 , 0.00737324 , 0.0289111
20.3512 , -0.0598962 , -9.32242e-06 , 0.0621673 , -0.0403399 , 0.00675679 , 0.0250165
20.394 , -0.0485525 , -0.000957906 , 0.0538797 , -0.0306057 , 0.00382391 , 0.0208826
20.4294 , -0.0395283 , -0.00551694 , 0.0499363 , -0.0208991 , 0.00178902 , 0.0153911
20.4785 , -0.0263818 , -0.0128669 , 0.0346646 , -0.0110724 , -0.000540708 , 0.00869836
20.5154 , -0.014913 , -0.0161814 , 0.0240946 , -0.000976905 , -0.00241776 , 0.00165539
20.5615 , -0.00381386 , -0.0184276 , 0.0145363 , 0.00958742 , -0.0020277 , -0.00451805
20.5968 , 0.00774976 , -0.0196936 , 0.0036004 , 0.0200908 , -0.00151881 , -0.00941219
20.645 , 0.0199123 , -0.0193442 , -0.00692078 , 0.0294135 , -0.00403768 , -0.0144159
20.69 , 0.0293926 , -0.0197157 , -0.0182671 , 0.0379508 , -0.00962436 , -0.0193075
20.7302 , 0.0395638 , -0.0278921 , -0.0259802 , 0.045565 , -0.013366 , -0.0235342
20.7691 , 0.0475673 , -0.0312779 , -0.034463 , 0.0524328 , -0.0198379 , -0.0269166
20.815 , 0.0524653 , -0.0349307 , -0.0375047 , 0.0582699 , -0.027285 , -0.0295034
20.8616 , 0.0592143 , -0.037961 , -0.0475999 , 0.0618066 , -0.0319058 , -0.0325628
20.8976 , 0.0638206 , -0.0420884 , -0.0528206 , 0.0639187 , -0.0335196 , -0.0356845
20.938 , 0.0659632 , -0.0426618 , -0.0550906 , 0.0643902 , -0.0340417 , -0.038252
20.9813 , 0.0668759 , -0.0395261 , -0.0556481 , 0.063552 , -0.0347397 , -0.0401692
21.0172 , 0.064767 , -0.0375602 , -0.0544533 , 0.0606954 , -0.0312447 , -0.0414455
21.0655 , 0.0616047 , -0.0354321 , -0.0525626 , 0.0567441 , -0.0308765 , -0.0417912
21.1025 , 0.0572528 , -0.0324334 , -0.0479239 , 0.0523814 , -0.0279061 , -0.0411866
21.1486 , 0.0513476 , -0.0283946 , -0.0430314 , 0.0466556 , -0.0245152 , -0.0397933
21.1866 , 0.0443847 , -0.0226362 , -0.0387885 , 0.0400882 , -0.0198133 , -0.0381424
21.2316 , 0.0369126 , -0.0171867 , -0.0330779 , 0.0331182 , -0.0173623 , -0.0361225
21.2707 , 0.02839 , -0.0112448 , -0.0251521 , 0.0258405 , -0.0139775 , -0.0338221
21.3153 , 0.0185962 , -0.00531876 , -0.0175673 , 0.018259 , -0.00996178 , -0.0316488
21.3528 , 0.00649698 , -0.00111644 , -0.00499053 , 0.0105976 , -0.00813107 , -0.029618
21.3996 , -0.000923616 , 0.00173885 , -0.00324157 , 0.00293183 , -0.00413715 , -0.027806
21.4368 , -0.0105322 , 0.00634053 , 0.0046821 , -0.00411649 , -0.00106019 , -0.0263799
21.4846 , -0.0191471 , 0.0112576 , 0.0107217 , -0.010191 , 0.000321739 , -0.0251702
21.5225 , -0.0261239 , 0.0150703 , 0.0168296 , -0.0155586 , 0.00149097 , -0.0239845
21.5681 , -0.0348158 , 0.0167509 , 0.0276281 , -0.0199922 , 0.00346211 , -0.023512
21.6064 , -0.0397692 , 0.0185588 , 0.0331891 , -0.0234427 , 0.004248 , -0.0231754
21.6511 , -0.0441578 , 0.0227432 , 0.0354212 , -0.0257588 , 0.00527058 , -0.0236677
21.6887 , -0.0445566 , 0.0241673 , 0.0321941 , -0.0266404 , 0.00732367 , -0.0244622
21.7354 , -0.0455708 , 0.0259272 , 0.0309544 , -0.0273229 , 0.00805022 , -0.025428
21.7733 , -0.0494707 , 0.0279503 , 0.0372197 , -0.0267767 , 0.00790959 , -0.0263717
21.8201 , -0.0499645 , 0.0295436 , 0.0372171 , -0.0258117 , 0.00931767 , -0.0279973
21.858 , -0.0489619 , 0.0300079 , 0.0370988 , -0.0246393 , 0.0112895 , -0.0303122
21.9026 , -0.047916 , 0.0318547 , 0.0353372 , -0.0231959 , 0.013069 , -0.0324642
21.9406 , -0.0461477 , 0.0331705 , 0.03381 , -0.0214502 , 0.0156247 , -0.0349397
21.987 , -0.0417772 , 0.0304564 , 0.0249302 , -0.0201443 , 0.0144387 , -0.0372886
22.0256 , -0.0395097 , 0.0323048 , 0.0222815 , -0.0168857 , 0.0166875 , -0.0416077
22.0701 , -0.0390903 , 0.0339325 , 0.0267855 , -0.0152357 , 0.0181177 , -0.0420833
22.1085 , -0.0375081 , 0.0364374 , 0.0259613 , -0.0128897 , 0.0222508 , -0.0449617
22.1548 , -0.0350597 , 0.0380004 , 0.0224956 , -0.0109644 , 0.0220595 , -0.0468667
22.1929 , -0.0301791 , 0.0362916 , 0.0145744 , -0.00947222 , 0.0240178 , -0.0486257
22.242 , -0.0277744 , 0.0369103 , 0.0112363 , -0.00822608 , 0.0250131 , -0.049912
22.2894 , -0.0279909 , 0.0391321 , 0.0141574 , -0.00679404 , 0.0250925 , -0.050291
22.3345 , -0.0256232 , 0.0387044 , 0.0145512 , -0.00515757 , 0.025224 , -0.0507417
22.3735 , -0.0239591 , 0.0381822 , 0.0125845 , -0.00392606 , 0.0255001 , -0.0513897
22.4099 , -0.0223882 , 0.0386978 , 0.0101425 , -0.00297568 , 0.0258772 , -0.0519514
22.4573 , -0.0209008 , 0.038381 , 0.00817063 , -0.0026397 , 0.0260162 , -0.0518387
22.4954 , -0.0200914 , 0.0378258 , 0.0073079 , -0.00255638 , 0.0249038 , -0.0517505
22.544 , -0.0201189 , 0.0356574 , 0.00728178 , -0.00240716 , 0.0244098 , -0.0518416
22.5919 , -0.0171622 , 0.0349128 , -0.000572855 , -0.00233531 , 0.026191 , -0.0525235
22.6346 , -0.0190967 , 0.0360783 , 0.00403816 , -0.00245975 , 0.0268948 , -0.053155
22.6788 , -0.0188996 , 0.0368773 , 0.00408015 , -0.00310641 , 0.0260035 , -0.0531027
22.7258 , -0.0179464 , 0.0361481 , 0.00336823 , -0.00344978 , 0.0292586 , -0.05289
22.7726 , -0.0164359 , 0.0391027 , 0.00184933 , -0.0038446 , 0.0291451 , -0.0525349
22.8103 , -0.0129639 , 0.0366345 , -0.00519955 , -0.00228479 , 0.0279184 , -0.0537162
22.8527 , -0.0137298 , 0.039585 , -0.000788544 , 2.51461e-05 , 0.0286673 , -0.0552995
22.8966 , -0.0118477 , 0.0377442 , -0.00400931 , 0.00121647 , 0.0308203 , -0.056328
22.943 , -0.00955584 , 0.040001 , -0.00889724 , 0.00489166 , 0.0342644 , -0.0588356
22.9796 , -0.00505685 , 0.0409422 , -0.0152202 , 0.0055365 , 0.0328797 , -0.0598472
23.0306 , -0.00335069 , 0.0385046 , -0.0169603 , 0.00456676 , 0.0290991 , -0.0580259
23.0808 , -0.00408495 , 0.0383778 , -0.0129556 , 0.00623433 , 0.0365835 , -0.0580385
23.1276 , -0.00208085 , 0.0413578 , -0.0142289 , 0.00757204 , 0.0368215 , -0.0611242
23.1665 , 0.00188726 , 0.0444347 , -0.0244638 , 0.0086743 , 0.0371079 , -0.062717
23.2119 , -0.000268635 , 0.0451682 , -0.0206693 , 0.00830121 , 0.0394891 , -0.0627983
23.2501 , 0.00045361 , 0.0486039 , -0.0200012 , 0.00660546 , 0.0395415 , -0.0629098
23.295 , -0.0014238 , 0.0494322 , -0.0191284 , 0.00401293 , 0.0415386 , -0.0625727
23.3331 , -0.00385143 , 0.0483568 , -0.0158155 , 0.00070341 , 0.0408359 , -0.0635695
23.3795 , -0.00521632 , 0.0481365 , -0.01989 , -0.00219493 , 0.0400923 , -0.0642284
23.417 , -0.00892791 , 0.0459805 , -0.0174838 , -0.00509622 , 0.0397384 , -0.0644356
23.4633 , -0.0153144 , 0.0480838 , -0.0108602 , -0.00979061 , 0.0387531 , -0.0631158
23.5024 , -0.0231217 , 0.0446437 , -0.00506629 , -0.0174899 , 0.0361799 , -0.0615855
23.5485 , -0.0292086 , 0.0401504 , -0.00544923 , -0.0246818 , 0.0324488 , -0.060235
23.5859 , -0.0383099 , 0.0371276 , 0.00365222 , -0.0336007 , 0.0252206 , -0.0587281
23.6319 , -0.0498041 , 0.0327757 , 0.0121391 , -0.0435103 , 0.02059 , -0.0546732
23.6704 , -0.0634907 , 0.0302196 , 0.0277744 , -0.0541135 , 0.0146625 , -0.0438129
23.7157 , -0.0750736 , 0.0244925 , 0.0322102 , -0.0652036 , 0.00749365 , -0.040133
23.7522 , -0.0879362 , 0.0201271 , 0.0395964 , -0.0777184 , 0.00300949 , -0.0312009
23.7992 , -0.100901 , 0.0187449 , 0.0489371 , -0.0899778 , 0.00648412 , -0.0130326
23.8363 , -0.117163 , 0.0193363 , 0.0654216 , -0.101828 , 0.00512392 , -0.00464296
23.8841 , -0.129356 , 0.0189923 , 0.0732572 , -0.113448 , 0.00151675 , -0.00470286
23.9372 , -0.137029 , 0.0167016 , 0.0747422 , -0.12386 , 0.00146894 , 0.00456128
23.9873 , -0.149203 , 0.0192432 , 0.0878735 , -0.132504 , 0.00123346 , 0.0139684
24.0334 , -0.157532 , 0.0212187 , 0.0906117 , -0.139836 , 0.00328451 , 0.0183756
24.0791 , -0.162742 , 0.026176 , 0.0923989 , -0.143875 , 0.0105618 , 0.016884
24.1131 , -0.164085 , 0.0295458 , 0.0856424 , -0.1474 , 0.0126077 , 0.0128694
24.1545 , -0.17006 , 0.0328403 , 0.0806086 , -0.150344 , 0.0146586 , 0.0130821
24.1988 , -0.17064 , 0.0342947 , 0.0782324 , -0.150076 , 0.0147625 , 0.0125385
24.2387 , -0.171062 , 0.0403453 , 0.0821449 , -0.147544 , 0.0163754 , 0.00979945
24.2849 , -0.167659 , 0.0424148 , 0.0814329 , -0.14353 , 0.0195654 , 0.00622405
24.3246 , -0.161903 , 0.043859 , 0.071396 , -0.138466 , 0.0204517 , -0.000806494
24.3676 , -0.158326 , 0.0497421 , 0.0724959 , -0.133047 , 0.0240766 , 0.000720212
24.4086 , -0.151952 , 0.0510953 , 0.0704576 , -0.126259 , 0.0260212 , -0.00239993
24.4515 , -0.146197 , 0.0517962 , 0.0661547 , -0.119408 , 0.0258789 , -0.00636026
24.493 , -0.139618 , 0.0523828 , 0.0622508 , -0.112332 , 0.0285536 , -0.00577275
24.5352 , -0.131584 , 0.0548925 , 0.0580549 , -0.105338 , 0.0300677 , -0.0122864
24.5769 , -0.12694 , 0.0560078 , 0.0613755 , -0.100127 , 0.0292764 , -0.0126897
24.6189 , -0.123621 , 0.0580131 , 0.0562191 , -0.0964915 , 0.0296029 , -0.0139158
24.661 , -0.118233 , 0.0573758 , 0.0595429 , -0.0944804 , 0.0416478 , -0.0178714
24.7023 , -0.114161 , 0.0664676 , 0.0579246 , -0.0948706 , 0.0426878 , -0.0182641
24.742 , -0.109322 , 0.0716743 , 0.0481621 , -0.0950689 , 0.0472198 , -0.02213
24.7882 , -0.106763 , 0.0730805 , 0.0505704 , -0.0962904 , 0.048509 , -0.0298541
24.8255 , -0.105131 , 0.0805437 , 0.0491946 , -0.0963986 , 0.0561946 , -0.0248812
24.8709 , -0.105138 , 0.0810656 , 0.0584868 , -0.098319 , 0.0623902 , -0.0233938
24.9064 , -0.10437 , 0.0841743 , 0.0600955 , -0.101159 , 0.0639072 , -0.0226447
24.9472 , -0.103955 , 0.0867053 , 0.0626921 , -0.104043 , 0.0653598 , -0.0216875
24.9873 , -0.105329 , 0.0883378 , 0.0645632 , -0.106483 , 0.0639465 , -0.0250895
25.0241 , -0.10483 , 0.0864977 , 0.0621273 , -0.109259 , 0.0668435 , -0.0219024
25.0647 , -0.106404 , 0.0879538 , 0.0618093 , -0.111372 , 0.0676564 , -0.018032
25.1083 , -0.110235 , 0.087852 , 0.0717924 , -0.113393 , 0.0669074 , -0.0141385
25.147 , -0.111502 , 0.0868543 , 0.0742175 , -0.114823 , 0.0659092 , -0.0104093
25.1912 , -0.110421 , 0.0826781 , 0.0716879 , -0.115775 , 0.066132 , -0.00807729
25.231 , -0.110867 , 0.082141 , 0.0742827 , -0.115687 , 0.0646817 , -0.00562226
25.2756 , -0.110708 , 0.079272 , 0.0765006 , -0.114707 , 0.0615725 , -0.00295932
25.3138 , -0.109278 , 0.0752478 , 0.076346 , -0.112417 , 0.0572874 , -0.00165201
25.3606 , -0.107963 , 0.0724164 , 0.0753286 , -0.108826 , 0.0543391 , -0.00143022
25.4049 , -0.107677 , 0.0679271 , 0.0815291 , -0.103908 , 0.0530401 , -0.00171182
25.4427 , -0.102896 , 0.0653344 , 0.0795375 , -0.098807 , 0.0506712 , -0.0026389
25.4814 , -0.0965802 , 0.0598064 , 0.0681762 , -0.093559 , 0.0420453 , -0.00404137
25.5266 , -0.0958499 , 0.0564237 , 0.0735716 , -0.0877279 , 0.0434712 , -0.00618904
25.5645 , -0.0891662 , 0.0532142 , 0.068032 , -0.0816406 , 0.0379332 , -0.0100485
25.6117 , -0.0819341 , 0.0441887 , 0.0551699 , -0.0749162 , 0.0378407 , -0.0140852
25.6498 , -0.079099 , 0.0400726 , 0.0554121 , -0.0692594 , 0.0346222 , -0.0160931
25.6939 , -0.0731434 , 0.0410575 , 0.0516776 , -0.0625695 , 0.0344832 , -0.0193468
25.7321 , -0.0670868 , 0.0417835 , 0.0445259 , -0.0567934 , 0.0320742 , -0.023535
25.7782 , -0.0582899 , 0.0410233 , 0.0329924 , -0.0507934 , 0.0320632 , -0.0271877
25.8172 , -0.0548233 , 0.0369065 , 0.0291446 , -0.0476643 , 0.0359685 , -0.0286136
25.8618 , -0.0518718 , 0.042873 , 0.0311958 , -0.0429996 , 0.033896 , -0.031058
25.9001 , -0.04864 , 0.0425158 , 0.0260343 , -0.0399013 , 0.0315649 , -0.0344619
25.9466 , -0.0456229 , 0.0388301 , 0.0245549 , -0.0369308 , 0.0325039 , -0.0372491
25.9828 , -0.0432293 , 0.0425917 , 0.0209429 , -0.034719 , 0.0321381 , -0.0392103
26.032 , -0.0413526 , 0.0432938 , 0.0200824 , -0.0330948 , 0.0319919 , -0.0396287
26.0686 , -0.0406627 , 0.0416463 , 0.0233531 , -0.0320384 , 0.0327519 , -0.0403622
26.1142 , -0.039383 , 0.0422594 , 0.0202145 , -0.0319889 , 0.033128 , -0.0416329
26.1521 , -0.0391104 , 0.0417466 , 0.018316 , -0.0319737 , 0.0325445 , -0.0426528
26.2001 , -0.0383857 , 0.0424688 , 0.0188937 , -0.0321702 , 0.0331994 , -0.0433721
26.2515 , -0.039606 , 0.0423503 , 0.0190485 , -0.0328321 , 0.0334603 , -0.043802
26.2957 , -0.0398788 , 0.041349 , 0.0203808 , -0.0338801 , 0.0319297 , -0.0436336
26.3315 , -0.0416288 , 0.0412756 , 0.0233491 , -0.0342804 , 0.0317615 , -0.0435491
26.3692 , -0.0426859 , 0.041181 , 0.0209632 , -0.034685 , 0.0307553 , -0.0435793
26.4218 , -0.0418495 , 0.0414085 , 0.0221811 , -0.034594 , 0.0314621 , -0.0445623
26.4655 , -0.0424236 , 0.0408355 , 0.0217282 , -0.0349467 , 0.0316444 , -0.0457942
26.5018 , -0.0426399 , 0.0401988 , 0.0190149 , -0.0352373 , 0.0308578 , -0.0466777
26.5485 , -0.0419546 , 0.0402843 , 0.0192163 , -0.0347152 , 0.03066 , -0.0474727
26.5874 , -0.0417224 , 0.0389687 , 0.0212323 , -0.0338636 , 0.0293803 , -0.047939
26.632 , -0.0417841 , 0.0386989 , 0.021536 , -0.033187 , 0.029372 , -0.0486576
26.6698 , -0.0400448 , 0.040157 , 0.0182837 , -0.0323243 , 0.0295728 , -0.0493119
26.7186 , -0.0387447 , 0.0408777 , 0.0167869 , -0.0309998 , 0.0307715 , -0.0499239
26.7589 , -0.0373029 , 0.0424748 , 0.0161379 , -0.0298686 , 0.0332203 , -0.050828
26.8034 , -0.0363176 , 0.0443168 , 0.0155856 , -0.0297916 , 0.0352472 , -0.051455
26.8448 , -0.0348907 , 0.0465086 , 0.0171372 , -0.0293931 , 0.0357626 , -0.0510839
26.8899 , -0.0349 , 0.0485734 , 0.017293 , -0.0284995 , 0.0372326 , -0.0502235
26.9343 , -0.0311434 , 0.053062 , 0.00639268 , -0.0275733 , 0.0411297 , -0.0504232
26.9801 , -0.0328022 , 0.0549331 , 0.016381 , -0.0278716 , 0.044838 , -0.0498337
27.0249 , -0.0340327 , 0.0595064 , 0.0176814 , -0.0292275 , 0.0474832 , -0.048445
27.0728 , -0.0347621 , 0.0628706 , 0.0190924 , -0.0314991 , 0.0501974 , -0.0467758
27.1298 , -0.037154 , 0.0681868 , 0.021989 , -0.0338662 , 0.051078 , -0.0442386
27.1743 , -0.0395845 , 0.0689067 , 0.028642 , -0.0368591 , 0.0569279 , -0.0413877
27.2284 , -0.0421906 , 0.0746504 , 0.030202 , -0.040466 , 0.0601739 , -0.0389751
27.2739 , -0.0450758 , 0.0789329 , 0.0330366 , -0.0447739 , 0.063717 , -0.0362205
27.32 , -0.0486764 , 0.0841951 , 0.0378674 , -0.0497319 , 0.0690274 , -0.0325897
27.3591 , -0.0534382 , 0.0890446 , 0.0424427 , -0.0550898 , 0.0757982 , -0.0280591
27.4035 , -0.0586182 , 0.092986 , 0.0494631 , -0.0613282 , 0.08022 , -0.0232268
27.4391 , -0.0653943 , 0.0983378 , 0.0594372 , -0.068057 , 0.084358 , -0.0189729
27.4809 , -0.0703684 , 0.101651 , 0.0622965 , -0.0750537 , 0.0864836 , -0.0152529
27.5208 , -0.0765311 , 0.103905 , 0.0687825 , -0.0819624 , 0.0883917 , -0.0105957
27.5586 , -0.0829365 , 0.107724 , 0.0755686 , -0.0886643 , 0.0924506 , -0.00455071
27.5997 , -0.0899316 , 0.10905 , 0.0837196 , -0.0962721 , 0.093758 , 0.00133896
27.6405 , -0.0956592 , 0.108824 , 0.0864855 , -0.104032 , 0.0937337 , 0.00610284
27.6778 , -0.10296 , 0.110159 , 0.0945797 , -0.111382 , 0.0922045 , 0.0108613
27.7257 , -0.111321 , 0.112481 , 0.108298 , -0.118378 , 0.0908901 , 0.0152469
27.7622 , -0.117323 , 0.1126 , 0.109014 , -0.124296 , 0.0941772 , 0.0270147
27.8133 , -0.125877 , 0.113247 , 0.121706 , -0.130541 , 0.093999 , 0.0306008
27.8625 , -0.132793 , 0.112209 , 0.127656 , -0.136908 , 0.091686 , 0.0339598
27.9135 , -0.139028 , 0.108498 , 0.125725 , -0.142309 , 0.0898657 , 0.0357074
27.9679 , -0.146119 , 0.105147 , 0.132536 , -0.1468 , 0.0871114 , 0.0470147
28.017 , -0.153852 , 0.100964 , 0.145704 , -0.151093 , 0.0834881 , 0.0558919
28.0609 , -0.15792 , 0.0948293 , 0.144556 , -0.155122 , 0.0770545 , 0.0551281
28.1114 , -0.162976 , 0.0887524 , 0.152924 , -0.15846 , 0.0714447 , 0.0613891
28.1577 , -0.167579 , 0.0816099 , 0.157435 , -0.161284 , 0.0670421 , 0.0679242
28.1996 , -0.172183 , 0.0760031 , 0.161547 , -0.163514 , 0.0607957 , 0.0742625
28.2429 , -0.175562 , 0.0679669 , 0.164413 , -0.164206 , 0.0563677 , 0.0818305
28.2835 , -0.180758 , 0.0615766 , 0.173551 , -0.163481 , 0.0517333 , 0.0889313
28.333 , -0.180484 , 0.055488 , 0.173905 , -0.16168 , 0.0476948 , 0.0939042
28.375 , -0.176131 , 0.0516286 , 0.169924 , -0.157389 , 0.0500919 , 0.0993433
28.4171 , -0.173205 , 0.0489895 , 0.169022 , -0.152187 , 0.0499356 , 0.104849
28.4657 , -0.171893 , 0.0441403 , 0.170077 , -0.146368 , 0.0459692 , 0.108498
28.5171 , -0.164105 , 0.0374542 , 0.16046 , -0.139442 , 0.0403208 , 0.110452
28.5688 , -0.157366 , 0.0298996 , 0.158104 , -0.130875 , 0.0369241 , 0.111727
28.6099 , -0.148067 , 0.026017 , 0.152985 , -0.121094 , 0.0342491 , 0.111967
28.6496 , -0.137569 , 0.0219032 , 0.146918 , -0.110184 , 0.0329504 , 0.11181
28.6977 , -0.126134 , 0.0137748 , 0.138948 , -0.0993122 , 0.0290567 , 0.110574
28.741 , -0.113712 , 0.0102993 , 0.130565 , -0.0878571 , 0.0278494 , 0.107686
28.7873 , -0.101062 , 0.0097507 , 0.118836 , -0.0764999 , 0.0255846 , 0.102176
28.8337 , -0.0887813 , 0.00676351 , 0.114042 , -0.064263 , 0.0246038 , 0.0963262
28.8824 , -0.0741461 , 0.00564859 , 0.102566 , -0.0514447 , 0.0243291 , 0.0900408
28.9214 , -0.0575234 , 0.0035082 , 0.0850948 , -0.0391681 , 0.0229892 , 0.0825214
28.9671 , -0.0436212 , 0.00216765 , 0.0701998 , -0.0270964 , 0.0234213 , 0.0749277
29.0065 , -0.0303443 , 0.00120567 , 0.0537548 , -0.0153446 , 0.0224019 , 0.0672107
29.0461 , -0.0175559 , -0.00087165 , 0.0405119 , -0.00471173 , 0.0196478 , 0.0592512
29.0867 , -0.00608929 , -0.00520513 , 0.0223975 , 0.00538617 , 0.014053 , 0.0517651
29.1321 , 0.00452861 , -0.0103298 , 0.00805936 , 0.0147902 , 0.0100649 , 0.0449793
29.168 , 0.0114142 , -0.0171456 , 0.000300809 , 0.0223824 , 0.00375817 , 0.0391279
29.2091 , 0.0180384 , -0.0256648 , -0.0113471 , 0.0271854 , -0.0056712 , 0.0342621
29.249 , 0.0260224 , -0.0321006 , -0.0278571 , 0.0299425 , -0.0108428 , 0.0293125
29.2945 , 0.0291673 , -0.0352768 , -0.0359445 , 0.0309368 , -0.0187008 , 0.024751
29.3385 , 0.0319893 , -0.0406573 , -0.0398875 , 0.0308635 , -0.0236613 , 0.0208781
29.3889 , 0.0328511 , -0.0440491 , -0.0438885 , 0.0298501 , -0.0224344 , 0.0184013
29.4399 , 0.0289789 , -0.0457203 , -0.0415796 , 0.0280761 , -0.0260648 , 0.0157498
29.4873 , 0.0292699 , -0.0480549 , -0.0463832 , 0.025084 , -0.0279498 , 0.013289
29.5239 , 0.0273307 , -0.0468561 , -0.045031 , 0.0219483 , -0.0272288 , 0.0117656
29.5717 , 0.0235876 , -0.0474325 , -0.0423009 , 0.0185183 , -0.0241541 , 0.011785
29.6086 , 0.0191614 , -0.0451745 , -0.0373138 , 0.0143485 , -0.0264576 , 0.0118697
29.6561 , 0.0136037 , -0.0417899 , -0.0326456 , 0.00978801 , -0.0245395 , 0.0122871
29.7042 , 0.00758132 , -0.0380646 , -0.0256572 , 0.00916491 , -0.0213964 , 0.00795816
29.7424 , 0.000844916 , -0.0382562 , -0.0188102 , 0.00370605 , -0.0238976 , 0.00992075
29.789 , -0.00932138 , -0.0322808 , -0.00834217 , -0.00205359 , -0.0246903 , 0.0127489
29.8326 , -0.0170369 , -0.0317394 , 0.00169986 , -0.00801973 , -0.0229712 , 0.0148615
29.8712 , -0.0231946 , -0.0285667 , 0.0050932 , -0.0142851 , -0.0219218 , 0.0163703
29.9091 , -0.0312852 , -0.0245097 , 0.0135848 , -0.0199688 , -0.0201593 , 0.0172972
29.9574 , -0.0408682 , -0.0197325 , 0.0246854 , -0.0255886 , -0.017421 , 0.018545
30.0002 , -0.0480538 , -0.0152727 , 0.0326709 , -0.0306817 , -0.0152247 , 0.0195379
30.038 , -0.0535571 , -0.013093 , 0.0342383 , -0.0348442 , -0.0155043 , 0.0205178
30.08 , -0.0593574 , -0.00884896 , 0.0412925 , -0.0383839 , -0.0141845 , 0.0219458
30.1194 , -0.0685549 , -0.00611842 , 0.0528013 , -0.0416781 , -0.0117269 , 0.0239741
30.1614 , -0.0749959 , -0.000243617 , 0.0591166 , -0.0451561 , -0.00994692 , 0.0257324
30.2068 , -0.0812459 , 0.00579562 , 0.0647632 , -0.0489305 , -0.00878549 , 0.0269286
30.2453 , -0.085851 , 0.00925139 , 0.0643628 , -0.0526901 , -0.00550909 , 0.0274278
30.2923 , -0.0917961 , 0.0126362 , 0.0681115 , -0.0566998 , -0.0028847 , 0.0275357
30.33 , -0.0998577 , 0.0159213 , 0.0790526 , -0.0607283 , -0.00123859 , 0.0279527
30.3745 , -0.105807 , 0.019353 , 0.0830345 , -0.0647081 , -0.000186194 , 0.0276683
30.4127 , -0.109762 , 0.0224072 , 0.0846213 , -0.0680839 , 0.00121156 , 0.0267131
30.4589 , -0.111384 , 0.0257016 , 0.0816867 , -0.0707513 , 0.00418775 , 0.0251531
30.4974 , -0.115809 , 0.029373 , 0.0900403 , -0.0764653 , 0.0159685 , 0.0231334
30.5424 , -0.120049 , 0.0301524 , 0.0886698 , -0.0708334 , 0.0144513 , 0.0155849
30.5804 , -0.118484 , 0.0317022 , 0.0831994 , -0.0764565 , 0.00930433 , 0.0115063
30.6273 , -0.11885 , 0.0359879 , 0.0836604 , -0.0760474 , 0.0104094 , 0.0140345
30.6661 , -0.120498 , 0.0407932 , 0.089156 , -0.076649 , 0.0125136 , 0.0156771
30.7133 , -0.119199 , 0.0414304 , 0.0869299 , -0.0770875 , 0.0151995 , 0.0119938
30.7677 , -0.117219 , 0.0418267 , 0.084944 , -0.0770627 , 0.0168115 , 0.00729059
30.8171 , -0.115073 , 0.0418478 , 0.0751145 , -0.0746194 , 0.0167591 , 0.00294224
30.8662 , -0.112356 , 0.0414191 , 0.0759163 , -0.0712523 , 0.0186849 , -0.000196541
30.9204 , -0.109746 , 0.0433449 , 0.0736557 , -0.0683397 , 0.0178537 , -0.00338432
30.9679 , -0.109452 , 0.0439885 , 0.0766402 , -0.0650881 , 0.0192472 , -0.00680924
31.019 , -0.103796 , 0.0463663 , 0.0672313 , -0.0618152 , 0.0195392 , -0.00992928
31.066 , -0.10263 , 0.0456437 , 0.0682708 , -0.0589728 , 0.0204384 , -0.0137664
31.1163 , -0.0976234 , 0.0447416 , 0.0611111 , -0.0567366 , 0.021458 , -0.0165114
31.1693 , -0.0971869 , 0.0467779 , 0.0653677 , -0.0547446 , 0.0235485 , -0.0163076
31.2188 , -0.0937895 , 0.0453225 , 0.0663719 , -0.0532125 , 0.0250951 , -0.0167734
31.2645 , -0.0900599 , 0.0457234 , 0.0617109 , -0.0516715 , 0.0248962 , -0.0172808
31.308 , -0.0870619 , 0.0453781 , 0.0591466 , -0.0496492 , 0.0253536 , -0.0241321
31.3556 , -0.0843065 , 0.0449318 , 0.0582622 , -0.0479315 , 0.0261811 , -0.0223542
31.4019 , -0.0816272 , 0.044299 , 0.0572303 , -0.0464933 , 0.0250588 , -0.0215141
31.4525 , -0.0808247 , 0.0463 , 0.0536187 , -0.0449478 , 0.0233186 , -0.020735
31.5053 , -0.0783744 , 0.0409161 , 0.0550089 , -0.0433307 , 0.0235252 , -0.0218111
31.5549 , -0.0763634 , 0.0404817 , 0.0561885 , -0.04128 , 0.0236522 , -0.0238427
31.6011 , -0.0729678 , 0.0412373 , 0.0517722 , -0.0392207 , 0.0222087 , -0.0250421
31.6379 , -0.0710496 , 0.0384618 , 0.0492384 , -0.0369246 , 0.019247 , -0.0278566
31.6837 , -0.0693754 , 0.0354048 , 0.0464533 , -0.0346699 , 0.0209469 , -0.0285821
31.721 , -0.0679293 , 0.0335554 , 0.0448941 , -0.0327581 , 0.0174918 , -0.0293968
31.768 , -0.0650899 , 0.0328939 , 0.0440588 , -0.0307991 , 0.016568 , -0.0311908
31.8072 , -0.0629476 , 0.0327426 , 0.0420266 , -0.0289204 , 0.0175229 , -0.0327042
31.8509 , -0.0595923 , 0.0312335 , 0.0388254 , -0.0266199 , 0.0151361 , -0.035629
31.8879 , -0.0544306 , 0.0291386 , 0.0298777 , -0.0237077 , 0.0146799 , -0.0428041
31.9409 , -0.0538065 , 0.0288539 , 0.0336683 , -0.0214365 , 0.0147694 , -0.0422455
31.9908 , -0.0512226 , 0.0276488 , 0.0304624 , -0.0192172 , 0.0137673 , -0.0430497
32.0368 , -0.0472245 , 0.0266837 , 0.0267575 , -0.0168292 , 0.0146125 , -0.0470671
32.0738 , -0.0429521 , 0.0272562 , 0.0233346 , -0.0139765 , 0.0146925 , -0.056428
32.1177 , -0.0367982 , 0.0278244 , 0.0131351 , -0.0113295 , 0.0145546 , -0.060102
32.1579 , -0.0357607 , 0.026656 , 0.0182376 , -0.00906944 , 0.0133965 , -0.0576265
32.2017 , -0.0322811 , 0.02768 , 0.0154996 , -0.00702417 , 0.0151812 , -0.0576328
32.2417 , -0.0295247 , 0.028377 , 0.014203 , -0.00552805 , 0.0162665 , -0.0590926
32.2857 , -0.0269143 , 0.0285654 , 0.0111948 , -0.00480079 , 0.0166274 , -0.0578514
32.3218 , -0.0247549 , 0.0303102 , 0.00964502 , -0.00444024 , 0.0190635 , -0.0588242
32.362 , -0.0226888 , 0.0333379 , 0.00998403 , -0.00414577 , 0.0214694 , -0.061728
32.4054 , -0.0209298 , 0.0355144 , 0.00758489 , -0.00376452 , 0.0244464 , -0.0645038
32.4421 , -0.0195465 , 0.0366934 , 0.00694585 , -0.00350255 , 0.0289785 , -0.0662751
32.4885 , -0.017777 , 0.042527 , 0.00372484 , -0.00205697 , 0.0283654 , -0.0692349
32.5267 , -0.0158357 , 0.0408875 , -0.000384486 , -0.00157966 , 0.0277441 , -0.0683108
32.5787 , -0.0153293 , 0.0395495 , -0.00050772 , -0.00175813 , 0.0275985 , -0.0681931
32.6219 , -0.0157382 , 0.0384986 , -5.55141e-05 , -0.00289609 , 0.0275233 , -0.0693432
32.6632 , -0.0142835 , 0.0396604 , -0.0011503 , -0.00210783 , 0.0272865 , -0.0746073
32.7064 , -0.0123116 , 0.0401722 , -0.00261926 , -0.00174071 , 0.027174 , -0.0751564
32.7429 , -0.0112456 , 0.038982 , -0.00201839 , -0.00112481 , 0.0261295 , -0.0754104
32.7946 , -0.0108692 , 0.0383744 , -0.00470004 , -0.000313793 , 0.0255278 , -0.0768234
32.8391 , -0.00977407 , 0.0377521 , -0.00551115 , 0.000923817 , 0.0289173 , -0.0769455
32.8786 , -0.00779796 , 0.0385436 , -0.00646942 , 0.00171245 , 0.0268188 , -0.078809
32.9278 , -0.00626501 , 0.0368704 , -0.00835544 , 0.00259737 , 0.0246455 , -0.0817306
32.9783 , -0.00472511 , 0.0392687 , -0.0108392 , 0.00380792 , 0.0236115 , -0.0835248
33.0285 , -0.0031836 , 0.0351012 , -0.0118723 , 0.00476123 , 0.0237134 , -0.0813097
33.0786 , -0.00185423 , 0.0349067 , -0.0121563 , 0.00622459 , 0.0224204 , -0.0822925
33.1238 , -0.000389536 , 0.0336336 , -0.0119965 , 0.00751655 , 0.0209088 , -0.0833637
33.1605 , 0.000990482 , 0.0326931 , -0.0134121 , 0.00854668 , 0.0208176 , -0.0850432
33.1981 , 0.00281853 , 0.032802 , -0.0138992 , 0.00899572 , 0.0191659 , -0.0877177
33.2445 , 0.00329996 , 0.0319322 , -0.0161173 , 0.00995535 , 0.0201265 , -0.0907608
33.2823 , 0.00423458 , 0.0334645 , -0.0165084 , 0.00986679 , 0.0198855 , -0.0883678
33.3277 , 0.00510485 , 0.0318146 , -0.0176124 , 0.010788 , 0.0201738 , -0.0902676
33.3647 , 0.00682208 , 0.032079 , -0.0182692 , 0.0112982 , 0.0202079 , -0.0892265
33.4117 , 0.00795144 , 0.0325633 , -0.0202303 , 0.0118787 , 0.0204733 , -0.0899154
33.4491 , 0.00899014 , 0.0328299 , -0.0205829 , 0.0126997 , 0.0206924 , -0.0909645
33.4966 , 0.0100142 , 0.0328935 , -0.0206216 , 0.0134452 , 0.0212356 , -0.0913576
33.5338 , 0.0113885 , 0.0340134 , -0.0211126 , 0.0141872 , 0.0218823 , -0.0918785
33.5786 , 0.0124728 , 0.0337542 , -0.0223528 , 0.0150222 , 0.0222037 , -0.0928812
33.6157 , 0.013283 , 0.0335869 , -0.0230819 , 0.015792 , 0.0220225 , -0.0944805
33.6631 , 0.0146965 , 0.0334731 , -0.0246097 , 0.0164209 , 0.02511 , -0.0932507
33.7003 , 0.0153856 , 0.0347507 , -0.0232474 , 0.0172451 , 0.0224289 , -0.0956188
33.75 , 0.0166344 , 0.0345361 , -0.0259767 , 0.0177962 , 0.022596 , -0.0982269
33.8007 , 0.0181151 , 0.0337725 , -0.0280039 , 0.0185557 , 0.0221683 , -0.0991327
33.8453 , 0.0184168 , 0.0341395 , -0.0284478 , 0.0189803 , 0.0223146 , -0.099518
33.8822 , 0.0191237 , 0.0348812 , -0.0285552 , 0.0192133 , 0.0226758 , -0.100064
33.922 , 0.0197639 , 0.035544 , -0.0281652 , 0.0192578 , 0.0231957 , -0.099828
33.9653 , 0.0201852 , 0.0353972 , -0.0278231 , 0.0193066 , 0.0229811 , -0.0998697
34.0015 , 0.0205684 , 0.0356389 , -0.0298362 , 0.0191977 , 0.0189372 , -0.101065
34.0486 , 0.0201016 , 0.0340862 , -0.0294132 , 0.0190045 , 0.0238439 , -0.10044
34.0858 , 0.022055 , 0.0349331 , -0.0341215 , 0.0191545 , 0.0231714 , -0.102142
34.1336 , 0.0222543 , 0.0346873 , -0.0346047 , 0.0187647 , 0.0221801 , -0.0997669
34.1705 , 0.020647 , 0.0343982 , -0.0302792 , 0.0185786 , 0.0221162 , -0.101254
34.2177 , 0.0206042 , 0.0322592 , -0.0297686 , 0.0170061 , 0.021241 , -0.0998987
34.2549 , 0.0207856 , 0.0334186 , -0.029695 , 0.0173996 , 0.0230603 , -0.0995835
34.3044 , 0.0209841 , 0.0339551 , -0.0307467 , 0.0175553 , 0.0212675 , -0.100055
34.3531 , 0.020698 , 0.0332507 , -0.0303955 , 0.0172001 , 0.0206791 , -0.0999954
34.3999 , 0.0216855 , 0.0322001 , -0.033273 , 0.0169041 , 0.0206507 , -0.0994475
34.4361 , 0.0201233 , 0.0320308 , -0.0292304 , 0.0164968 , 0.0199844 , -0.0992231
34.4759 , 0.0201144 , 0.0315885 , -0.0287668 , 0.0161997 , 0.0186916 , -0.0987113
34.5182 , 0.0198944 , 0.0316022 , -0.0286178 , 0.0161645 , 0.0185616 , -0.0981409
34.5593 , 0.0194143 , 0.0313116 , -0.0284956 , 0.0162891 , 0.0183488 , -0.0977909
34.6019 , 0.0192483 , 0.0311613 , -0.0287435 , 0.0159794 , 0.0176545 , -0.0975348
34.6435 , 0.0191831 , 0.0305282 , -0.0282772 , 0.0160204 , 0.0179204 , -0.0972981
34.6843 , 0.0192337 , 0.0301017 , -0.0288516 , 0.015688 , 0.0179059 , -0.0969265
34.7215 , 0.019041 , 0.0300679 , -0.0286939 , 0.0153785 , 0.0174415 , -0.096835
34.7573 , 0.0206919 , 0.0292798 , -0.0323828 , 0.0153522 , 0.0167416 , -0.0960492
34.8101 , 0.0190314 , 0.0293675 , -0.0266905 , 0.0151335 , 0.0166077 , -0.0953387
34.8586 , 0.0189443 , 0.0301277 , -0.0266311 , 0.0149833 , 0.0172826 , -0.0948365
34.9093 , 0.019066 , 0.0299927 , -0.0276771 , 0.0148216 , 0.0172937 , -0.0946945
34.9634 , 0.0208473 , 0.0285052 , -0.0315354 , 0.0145238 , 0.0167322 , -0.0949451
35.0133 , 0.0210492 , 0.0290702 , -0.0324552 , 0.0143777 , 0.0159202 , -0.0945917
35.0579 , 0.0197938 , 0.029696 , -0.0274491 , 0.014553 , 0.0163872 , -0.0941583
35.1131 , 0.0197141 , 0.0297177 , -0.0268033 , 0.0151319 , 0.0213599 , -0.0943713
35.174 , 0.0208986 , 0.032539 , -0.0297576 , 0.0157021 , 0.0199766 , -0.0943053
35.2207 , 0.0230719 , 0.0320768 , -0.0335179 , 0.015835 , 0.0195185 , -0.0945263
35.2638 , 0.0216881 , 0.0325162 , -0.0293116 , 0.0156058 , 0.0198335 , -0.094532
35.3043 , 0.0215634 , 0.0329773 , -0.0296906 , 0.0153881 , 0.0197612 , -0.0948779
35.3465 , 0.0236303 , 0.0332425 , -0.0341611 , 0.0151129 , 0.01971 , -0.0949466
35.3922 , 0.0228054 , 0.0322475 , -0.0340412 , 0.0153748 , 0.0197726 , -0.0949512
35.43 , 0.0232732 , 0.0325216 , -0.0332623 , 0.0152427 , 0.0214833 , -0.0944396
35.4746 , 0.0215885 , 0.0343138 , -0.0294317 , 0.015286 , 0.0210937 , -0.0939287
35.5124 , 0.0216135 , 0.0344476 , -0.0284944 , 0.0154715 , 0.0199539 , -0.0941307
35.5658 , 0.0229403 , 0.0334164 , -0.0332194 , 0.0154509 , 0.0200897 , -0.0941618
35.611 , 0.0233575 , 0.033391 , -0.0329293 , 0.0154651 , 0.0199716 , -0.0940069
35.6525 , 0.0235642 , 0.0333556 , -0.0333379 , 0.0154803 , 0.0200143 , -0.0934596
35.6993 , 0.0221884 , 0.033308 , -0.0287164 , 0.0154813 , 0.0200553 , -0.0929596
35.7463 , 0.0217891 , 0.0337086 , -0.0278853 , 0.015358 , 0.0204172 , -0.0931938
35.7967 , 0.0229039 , 0.0326717 , -0.0328898 , 0.0153574 , 0.0197568 , -0.0933063
35.8519 , 0.0233436 , 0.0326458 , -0.0333464 , 0.0153836 , 0.0194347 , -0.093124
35.8944 , 0.0234767 , 0.0327316 , -0.033115 , 0.0154223 , 0.0195697 , -0.0926291
35.9378 , 0.0233502 , 0.0331274 , -0.0326348 , 0.0153663 , 0.0199171 , -0.092518
35.9784 , 0.0230293 , 0.0332188 , -0.0331508 , 0.0155041 , 0.0201738 , -0.0927919
36.0148 , 0.0217895 , 0.0335062 , -0.0275733 , 0.0153774 , 0.020088 , -0.0927208
36.0624 , 0.0217895 , 0.0335062 , -0.0275733 , 0.0149918 , 0.0197485 , -0.0924411
36.0994 , 0.0217603 , 0.0336306 , -0.0280897 , 0.0148313 , 0.020051 , -0.0922522
36.1478 , 0.0217603 , 0.0336306 , -0.0280897 , 0.0146578 , 0.0204385 , -0.0925514
