832

0.024248 , -0.420803 , -0.131515 , 0.225839 , -0.314273 , -0.147029 , 0.160951
0.064605 , -0.420537 , -0.131147 , 0.225106 , -0.324815 , -0.16839 , 0.169191
0.110522 , -0.420526 , -0.130947 , 0.225391 , -0.329537 , -0.174338 , 0.155433
0.1502 , -0.420478 , -0.130842 , 0.225278 , -0.331618 , -0.174281 , 0.146925
0.19522 , -0.420932 , -0.130611 , 0.225729 , -0.333965 , -0.174996 , 0.148206
0.234407 , -0.420356 , -0.13068 , 0.225201 , -0.335937 , -0.176037 , 0.153655
0.277776 , -0.420432 , -0.130714 , 0.22452 , -0.337244 , -0.175648 , 0.158353
0.315207 , -0.42009 , -0.13135 , 0.22392 , -0.337649 , -0.174581 , 0.160935
0.36137 , -0.420567 , -0.131129 , 0.224381 , -0.337347 , -0.173353 , 0.162018
0.400228 , -0.42073 , -0.130974 , 0.225544 , -0.337485 , -0.172414 , 0.162484
0.442086 , -0.420756 , -0.131175 , 0.225085 , -0.338128 , -0.171752 , 0.16277
0.482972 , -0.421069 , -0.131378 , 0.224699 , -0.339041 , -0.171817 , 0.162861
0.530529 , -0.421 , -0.132219 , 0.22386 , -0.339525 , -0.172598 , 0.163278
0.569604 , -0.421062 , -0.13195 , 0.224083 , -0.339542 , -0.172997 , 0.16404
0.613877 , -0.420899 , -0.131683 , 0.22477 , -0.339246 , -0.173308 , 0.164707
0.653675 , -0.421533 , -0.1316 , 0.22585 , -0.338766 , -0.173391 , 0.165445
0.698131 , -0.421201 , -0.131482 , 0.224874 , -0.338417 , -0.172738 , 0.166036
0.736718 , -0.421554 , -0.131718 , 0.22461 , -0.33805 , -0.172373 , 0.166276
0.781958 , -0.421256 , -0.131814 , 0.224299 , -0.337733 , -0.172058 , 0.166269
0.81986 , -0.421175 , -0.131652 , 0.224392 , -0.337535 , -0.17205 , 0.1665
0.871326 , -0.421123 , -0.131787 , 0.224823 , -0.337304 , -0.171691 , 0.167165
0.919417 , -0.421769 , -0.130878 , 0.226826 , -0.337009 , -0.171319 , 0.167642
0.964058 , -0.421532 , -0.130852 , 0.225625 , -0.336473 , -0.170184 , 0.167719
1.00168 , -0.420738 , -0.129975 , 0.224597 , -0.336332 , -0.170282 , 0.167626
1.04352 , -0.420539 , -0.130386 , 0.223911 , -0.336376 , -0.170047 , 0.167885
1.08601 , -0.421039 , -0.130401 , 0.225621 , -0.336016 , -0.170279 , 0.168492
1.13345 , -0.421283 , -0.129571 , 0.22756 , -0.33558 , -0.170196 , 0.16932
1.17172 , -0.421283 , -0.129571 , 0.22756 , -0.335482 , -0.170238 , 0.169924
1.21584 , -0.421561 , -0.128823 , 0.227356 , -0.335542 , -0.169975 , 0.170231
1.25276 , -0.421342 , -0.129526 , 0.225423 , -0.335859 , -0.169316 , 0.170432
1.28974 , -0.421155 , -0.129709 , 0.224717 , -0.335652 , -0.169233 , 0.170623
1.33679 , -0.421155 , -0.129709 , 0.224717 , -0.335434 , -0.169109 , 0.17132
1.37535 , -0.421548 , -0.128711 , 0.227996 , -0.335279 , -0.169754 , 0.171903
1.41891 , -0.421283 , -0.128941 , 0.227849 , -0.334921 , -0.169662 , 0.171961
1.45828 , -0.42184 , -0.12892 , 0.227815 , -0.334646 , -0.169818 , 0.171705
1.5038 , -0.421666 , -0.129578 , 0.226172 , -0.334334 , -0.16951 , 0.171613
1.54201 , -0.421734 , -0.129566 , 0.22616 , -0.334117 , -0.169699 , 0.171831
1.58875 , -0.421963 , -0.129364 , 0.226958 , -0.334 , -0.16978 , 0.172068
1.62677 , -0.422173 , -0.128918 , 0.228005 , -0.333941 , -0.169324 , 0.172268
1.6717 , -0.422767 , -0.128525 , 0.228606 , -0.333961 , -0.16931 , 0.172522
1.71017 , -0.423191 , -0.128568 , 0.229048 , -0.334046 , -0.169242 , 0.172828
1.75591 , -0.424038 , -0.127729 , 0.227737 , -0.334536 , -0.169449 , 0.172967
1.79524 , -0.42483 , -0.127047 , 0.227904 , -0.335075 , -0.168483 , 0.173178
1.83559 , -0.425555 , -0.126961 , 0.228744 , -0.335684 , -0.168092 , 0.173867
1.87726 , -0.426477 , -0.127356 , 0.229478 , -0.336296 , -0.168988 , 0.174556
1.92193 , -0.427981 , -0.126406 , 0.230766 , -0.336903 , -0.168036 , 0.174883
1.96234 , -0.428934 , -0.125541 , 0.229673 , -0.337851 , -0.168179 , 0.175107
2.00566 , -0.430338 , -0.124497 , 0.229032 , -0.338634 , -0.167539 , 0.175444
2.04486 , -0.431655 , -0.124115 , 0.228152 , -0.339562 , -0.166666 , 0.175918
2.09018 , -0.433275 , -0.12346 , 0.228124 , -0.340773 , -0.166466 , 0.176645
2.12875 , -0.435934 , -0.122947 , 0.229864 , -0.342211 , -0.165809 , 0.176956
2.17537 , -0.43852 , -0.122584 , 0.230739 , -0.343814 , -0.164164 , 0.177447
2.21321 , -0.441019 , -0.119811 , 0.230298 , -0.346221 , -0.164919 , 0.178136
2.25771 , -0.443638 , -0.120561 , 0.228755 , -0.348254 , -0.164539 , 0.178585
2.29518 , -0.446872 , -0.119401 , 0.229389 , -0.350396 , -0.1641 , 0.179236
2.34178 , -0.450057 , -0.119254 , 0.229304 , -0.352583 , -0.163724 , 0.180556
2.37895 , -0.453184 , -0.117484 , 0.231166 , -0.354689 , -0.163178 , 0.181987
2.42801 , -0.455892 , -0.116451 , 0.231344 , -0.357154 , -0.163602 , 0.183423
2.47611 , -0.458384 , -0.114691 , 0.231733 , -0.358872 , -0.160448 , 0.184598
2.5142 , -0.461376 , -0.113756 , 0.232376 , -0.360473 , -0.15751 , 0.186228
2.56037 , -0.464116 , -0.114096 , 0.232895 , -0.362568 , -0.157972 , 0.188426
2.60227 , -0.466609 , -0.115607 , 0.233449 , -0.364271 , -0.158804 , 0.190757
2.64719 , -0.468748 , -0.11745 , 0.23451 , -0.366089 , -0.162185 , 0.193227
2.6938 , -0.471489 , -0.120021 , 0.236521 , -0.367613 , -0.163351 , 0.195368
2.73042 , -0.473372 , -0.123012 , 0.237955 , -0.368827 , -0.166184 , 0.197779
2.77729 , -0.473848 , -0.12574 , 0.23733 , -0.369218 , -0.167754 , 0.199915
2.81355 , -0.473999 , -0.129407 , 0.238003 , -0.369742 , -0.171883 , 0.202044
2.84964 , -0.473085 , -0.139855 , 0.23753 , -0.37001 , -0.176765 , 0.206128
2.89595 , -0.471631 , -0.143062 , 0.237621 , -0.369005 , -0.182605 , 0.207217
2.93517 , -0.470618 , -0.148006 , 0.238728 , -0.36802 , -0.187998 , 0.208414
2.97983 , -0.46849 , -0.154688 , 0.23831 , -0.366348 , -0.190386 , 0.210319
3.01973 , -0.465096 , -0.162691 , 0.236834 , -0.365377 , -0.197503 , 0.212333
3.06482 , -0.462139 , -0.171726 , 0.234332 , -0.363866 , -0.203916 , 0.213749
3.10875 , -0.458617 , -0.181448 , 0.232074 , -0.361818 , -0.2102 , 0.214738
3.15378 , -0.454506 , -0.191109 , 0.22994 , -0.360077 , -0.216104 , 0.216323
3.20454 , -0.450806 , -0.201165 , 0.229168 , -0.358822 , -0.225108 , 0.217945
3.25168 , -0.446862 , -0.211206 , 0.226875 , -0.358054 , -0.233406 , 0.219339
3.30669 , -0.442872 , -0.226587 , 0.222833 , -0.358287 , -0.24611 , 0.221069
3.35506 , -0.438081 , -0.242669 , 0.218025 , -0.357847 , -0.256143 , 0.222585
3.40333 , -0.431931 , -0.256045 , 0.212591 , -0.354222 , -0.253323 , 0.222787
3.45072 , -0.425142 , -0.273609 , 0.205188 , -0.356001 , -0.274047 , 0.225312
3.49261 , -0.421708 , -0.287233 , 0.206439 , -0.356071 , -0.288564 , 0.227244
3.5332 , -0.415867 , -0.303096 , 0.1983 , -0.356709 , -0.302651 , 0.229046
3.57119 , -0.410232 , -0.320192 , 0.192534 , -0.357462 , -0.316536 , 0.230908
3.61781 , -0.404156 , -0.335906 , 0.187085 , -0.359391 , -0.329745 , 0.232641
3.65519 , -0.39814 , -0.350256 , 0.179897 , -0.360017 , -0.340894 , 0.233596
3.70305 , -0.392756 , -0.366283 , 0.173806 , -0.360657 , -0.352449 , 0.23478
3.74973 , -0.38908 , -0.379551 , 0.170837 , -0.361967 , -0.361931 , 0.23604
3.78923 , -0.383187 , -0.391744 , 0.166809 , -0.361722 , -0.370634 , 0.23364
3.83334 , -0.378094 , -0.402387 , 0.157383 , -0.362831 , -0.377093 , 0.232822
3.87025 , -0.373395 , -0.411652 , 0.151601 , -0.363508 , -0.383742 , 0.228096
3.91111 , -0.369119 , -0.418421 , 0.146869 , -0.365685 , -0.388145 , 0.227952
3.95178 , -0.365305 , -0.421009 , 0.14277 , -0.366274 , -0.392831 , 0.225193
3.99076 , -0.363951 , -0.423636 , 0.141363 , -0.367104 , -0.391934 , 0.224231
4.03547 , -0.362852 , -0.424157 , 0.138805 , -0.367502 , -0.390553 , 0.222493
4.07324 , -0.365219 , -0.422044 , 0.143129 , -0.368474 , -0.388965 , 0.219529
4.12038 , -0.362222 , -0.420872 , 0.138012 , -0.370678 , -0.386926 , 0.219921
4.15711 , -0.362883 , -0.418048 , 0.139129 , -0.37298 , -0.386359 , 0.22254
4.20016 , -0.363875 , -0.41663 , 0.14052 , -0.375204 , -0.387027 , 0.22382
4.24067 , -0.365881 , -0.415052 , 0.142753 , -0.378877 , -0.38523 , 0.2314
4.29357 , -0.368807 , -0.411828 , 0.146506 , -0.382236 , -0.381378 , 0.236685
4.34037 , -0.371918 , -0.406416 , 0.150481 , -0.383242 , -0.37855 , 0.237566
4.38979 , -0.374259 , -0.40125 , 0.153722 , -0.384176 , -0.377167 , 0.237691
4.43197 , -0.375064 , -0.398109 , 0.155642 , -0.384311 , -0.374568 , 0.237903
4.4742 , -0.377747 , -0.388233 , 0.161478 , -0.383974 , -0.371087 , 0.237679
4.51513 , -0.378953 , -0.384129 , 0.164216 , -0.38287 , -0.366449 , 0.236771
4.55452 , -0.379537 , -0.375518 , 0.168612 , -0.380835 , -0.36207 , 0.23548
4.59561 , -0.379075 , -0.368605 , 0.169339 , -0.37894 , -0.356141 , 0.234088
4.63883 , -0.380298 , -0.358158 , 0.173518 , -0.37624 , -0.348822 , 0.232455
4.68067 , -0.381831 , -0.346973 , 0.178613 , -0.373403 , -0.341137 , 0.230421
4.72196 , -0.382359 , -0.337016 , 0.181243 , -0.371068 , -0.332934 , 0.22807
4.76309 , -0.382966 , -0.326821 , 0.184672 , -0.368524 , -0.327341 , 0.22596
4.80405 , -0.385153 , -0.31662 , 0.189964 , -0.36591 , -0.319519 , 0.224074
4.84275 , -0.385847 , -0.306455 , 0.193872 , -0.363619 , -0.314839 , 0.222059
4.8852 , -0.386551 , -0.297532 , 0.197351 , -0.360353 , -0.308435 , 0.219693
4.92582 , -0.38604 , -0.288614 , 0.19834 , -0.357303 , -0.301947 , 0.21736
4.96447 , -0.385618 , -0.279483 , 0.199977 , -0.353976 , -0.294137 , 0.215246
5.0093 , -0.384916 , -0.268969 , 0.202991 , -0.3502 , -0.285399 , 0.212865
5.0464 , -0.384489 , -0.260399 , 0.206509 , -0.346282 , -0.277936 , 0.210624
5.0931 , -0.382438 , -0.251098 , 0.208608 , -0.341697 , -0.270456 , 0.208458
5.132 , -0.380393 , -0.24096 , 0.211313 , -0.337878 , -0.267948 , 0.20656
5.18181 , -0.378029 , -0.232583 , 0.212886 , -0.333402 , -0.261092 , 0.204432
5.22859 , -0.375833 , -0.224016 , 0.215199 , -0.328759 , -0.254221 , 0.202682
5.27637 , -0.373228 , -0.217982 , 0.216639 , -0.323953 , -0.247553 , 0.200894
5.32418 , -0.3702 , -0.211561 , 0.218017 , -0.319131 , -0.242222 , 0.199244
5.36887 , -0.366626 , -0.204748 , 0.219711 , -0.313678 , -0.234889 , 0.197244
5.41233 , -0.364024 , -0.195111 , 0.222117 , -0.30917 , -0.228273 , 0.195492
5.45976 , -0.363212 , -0.184683 , 0.224385 , -0.306174 , -0.223864 , 0.194249
5.50132 , -0.366053 , -0.181891 , 0.227212 , -0.306847 , -0.214995 , 0.193446
5.55335 , -0.364559 , -0.174279 , 0.225681 , -0.307245 , -0.210695 , 0.192609
5.60328 , -0.366066 , -0.169243 , 0.225505 , -0.306903 , -0.206747 , 0.191431
5.64611 , -0.370141 , -0.163861 , 0.228094 , -0.308911 , -0.206989 , 0.189593
5.68543 , -0.374096 , -0.164047 , 0.226391 , -0.311962 , -0.204661 , 0.187311
5.72908 , -0.382974 , -0.162332 , 0.226504 , -0.317703 , -0.200859 , 0.185877
5.76648 , -0.392895 , -0.159221 , 0.226798 , -0.326447 , -0.201426 , 0.185226
5.81557 , -0.404635 , -0.159154 , 0.226241 , -0.335242 , -0.198865 , 0.184654
5.85679 , -0.41515 , -0.15273 , 0.230889 , -0.34337 , -0.196554 , 0.184342
5.89569 , -0.425161 , -0.148225 , 0.22982 , -0.350741 , -0.193259 , 0.183946
5.9331 , -0.434501 , -0.141874 , 0.2324 , -0.357923 , -0.195285 , 0.183947
5.97011 , -0.440528 , -0.140872 , 0.2331 , -0.362981 , -0.187369 , 0.183457
6.01483 , -0.447825 , -0.139387 , 0.233525 , -0.365438 , -0.186335 , 0.183334
6.05174 , -0.450805 , -0.136601 , 0.232191 , -0.366467 , -0.188599 , 0.182753
6.10109 , -0.451338 , -0.138252 , 0.229404 , -0.365403 , -0.187354 , 0.181475
6.13942 , -0.450582 , -0.134936 , 0.23077 , -0.362917 , -0.186625 , 0.180815
6.18461 , -0.447748 , -0.132308 , 0.233341 , -0.359026 , -0.186201 , 0.180887
6.22351 , -0.442539 , -0.129509 , 0.234737 , -0.353294 , -0.186395 , 0.181362
6.26813 , -0.434841 , -0.127496 , 0.234414 , -0.345512 , -0.186683 , 0.181248
6.3067 , -0.424218 , -0.126654 , 0.232515 , -0.335428 , -0.182876 , 0.181029
6.35203 , -0.412428 , -0.121917 , 0.232355 , -0.324572 , -0.180873 , 0.181347
6.38949 , -0.399969 , -0.121711 , 0.23352 , -0.312657 , -0.177611 , 0.182657
6.43523 , -0.385448 , -0.118972 , 0.237956 , -0.300146 , -0.176027 , 0.184364
6.47266 , -0.371863 , -0.119744 , 0.240287 , -0.287009 , -0.174289 , 0.186372
6.51883 , -0.356087 , -0.119355 , 0.242423 , -0.2739 , -0.173465 , 0.188651
6.55665 , -0.337953 , -0.118985 , 0.241057 , -0.260451 , -0.172684 , 0.19095
6.60396 , -0.320358 , -0.121077 , 0.240044 , -0.246495 , -0.167247 , 0.193903
6.64527 , -0.304045 , -0.120227 , 0.24425 , -0.231553 , -0.162296 , 0.197086
6.68768 , -0.284655 , -0.11679 , 0.244802 , -0.219168 , -0.161887 , 0.200792
6.72466 , -0.267313 , -0.117869 , 0.246693 , -0.207501 , -0.160897 , 0.205165
6.77258 , -0.248958 , -0.121205 , 0.243589 , -0.195804 , -0.159044 , 0.209457
6.81203 , -0.235005 , -0.129793 , 0.242644 , -0.185104 , -0.155912 , 0.212527
6.85566 , -0.216773 , -0.130902 , 0.233983 , -0.177013 , -0.158956 , 0.216215
6.89162 , -0.204396 , -0.133926 , 0.230384 , -0.172329 , -0.164396 , 0.221065
6.94081 , -0.192132 , -0.136157 , 0.228276 , -0.168943 , -0.168084 , 0.225506
6.98751 , -0.18586 , -0.138144 , 0.232291 , -0.167256 , -0.163531 , 0.229
7.02429 , -0.182092 , -0.133979 , 0.23182 , -0.166157 , -0.156744 , 0.232181
7.0637 , -0.180435 , -0.128475 , 0.234978 , -0.166222 , -0.150527 , 0.235486
7.10567 , -0.18287 , -0.121604 , 0.23829 , -0.167966 , -0.145029 , 0.238211
7.14491 , -0.187665 , -0.115672 , 0.243902 , -0.171379 , -0.139582 , 0.239721
7.19168 , -0.197175 , -0.111039 , 0.252835 , -0.176047 , -0.135492 , 0.240967
7.23212 , -0.206214 , -0.107157 , 0.262773 , -0.184247 , -0.136974 , 0.240724
7.2712 , -0.215949 , -0.104903 , 0.265731 , -0.191571 , -0.134293 , 0.240944
7.3109 , -0.225469 , -0.104678 , 0.26647 , -0.199996 , -0.136216 , 0.241189
7.36079 , -0.234358 , -0.101781 , 0.265123 , -0.208494 , -0.134278 , 0.240649
7.41027 , -0.247032 , -0.10092 , 0.269919 , -0.217726 , -0.13191 , 0.24048
7.45429 , -0.257948 , -0.101856 , 0.272949 , -0.225576 , -0.127548 , 0.240255
7.4924 , -0.268318 , -0.0970264 , 0.278087 , -0.23384 , -0.130003 , 0.239899
7.52889 , -0.27973 , -0.0950141 , 0.28079 , -0.241026 , -0.12634 , 0.238306
7.58085 , -0.290205 , -0.0927283 , 0.281608 , -0.247673 , -0.121849 , 0.236525
7.63075 , -0.30072 , -0.0897289 , 0.282947 , -0.254564 , -0.120558 , 0.233872
7.67329 , -0.309831 , -0.0899071 , 0.277901 , -0.261711 , -0.122469 , 0.231482
7.71109 , -0.320184 , -0.0904259 , 0.2803 , -0.267917 , -0.125798 , 0.230446
7.74646 , -0.327943 , -0.0892242 , 0.282251 , -0.271324 , -0.1254 , 0.22811
7.79391 , -0.335219 , -0.0905843 , 0.283151 , -0.275297 , -0.126943 , 0.225527
7.8356 , -0.339308 , -0.09033 , 0.280708 , -0.278216 , -0.128448 , 0.222989
7.87613 , -0.344875 , -0.0965946 , 0.2758 , -0.27929 , -0.125057 , 0.219376
7.91303 , -0.348554 , -0.0980198 , 0.271595 , -0.281594 , -0.128803 , 0.216249
7.9499 , -0.351543 , -0.0993172 , 0.270103 , -0.283422 , -0.130704 , 0.213747
8.00177 , -0.354199 , -0.100976 , 0.26954 , -0.285486 , -0.133775 , 0.211547
8.05198 , -0.357684 , -0.102678 , 0.271897 , -0.287226 , -0.136444 , 0.209814
8.10104 , -0.360955 , -0.105657 , 0.271526 , -0.29014 , -0.143593 , 0.207842
8.15105 , -0.363903 , -0.112613 , 0.266657 , -0.291934 , -0.145008 , 0.205985
8.20068 , -0.36654 , -0.11513 , 0.263352 , -0.294509 , -0.147922 , 0.204323
8.25267 , -0.368419 , -0.114686 , 0.2624 , -0.296695 , -0.14998 , 0.202789
8.30315 , -0.370585 , -0.119138 , 0.25992 , -0.298441 , -0.150667 , 0.201833
8.35045 , -0.37335 , -0.119304 , 0.263311 , -0.300954 , -0.154935 , 0.200505
8.40761 , -0.375813 , -0.122553 , 0.260591 , -0.302464 , -0.153574 , 0.198495
8.45296 , -0.377163 , -0.120544 , 0.258583 , -0.304671 , -0.155372 , 0.19668
8.50133 , -0.378613 , -0.118177 , 0.255209 , -0.306814 , -0.154103 , 0.194927
8.55635 , -0.380153 , -0.118338 , 0.251277 , -0.308644 , -0.15185 , 0.193138
8.60408 , -0.382275 , -0.118089 , 0.250796 , -0.310243 , -0.152521 , 0.192374
8.6496 , -0.384132 , -0.116931 , 0.252959 , -0.311531 , -0.152154 , 0.191629
8.69621 , -0.38654 , -0.114206 , 0.25542 , -0.31282 , -0.151402 , 0.1908
8.74065 , -0.38777 , -0.113742 , 0.255404 , -0.313129 , -0.149079 , 0.189422
8.78753 , -0.387296 , -0.112682 , 0.248901 , -0.313421 , -0.148615 , 0.188439
8.84081 , -0.388654 , -0.110809 , 0.249153 , -0.314281 , -0.147311 , 0.18808
8.89019 , -0.389355 , -0.111682 , 0.247787 , -0.315453 , -0.149388 , 0.188285
8.94026 , -0.389809 , -0.110853 , 0.249969 , -0.31511 , -0.148617 , 0.188748
8.99012 , -0.390428 , -0.110788 , 0.252204 , -0.314969 , -0.149438 , 0.18915
9.04143 , -0.390206 , -0.111371 , 0.251429 , -0.314496 , -0.149363 , 0.189029
9.09189 , -0.389269 , -0.111148 , 0.249231 , -0.313974 , -0.150246 , 0.189336
9.14718 , -0.388984 , -0.111515 , 0.248672 , -0.31355 , -0.149977 , 0.189418
9.18528 , -0.389086 , -0.113329 , 0.247985 , -0.313075 , -0.15081 , 0.189363
9.22992 , -0.388377 , -0.113856 , 0.248407 , -0.312189 , -0.151683 , 0.189736
9.27805 , -0.388005 , -0.11413 , 0.250965 , -0.311598 , -0.15283 , 0.190255
9.32806 , -0.38868 , -0.114442 , 0.252695 , -0.3113 , -0.15369 , 0.190836
9.38062 , -0.388078 , -0.113735 , 0.252111 , -0.31098 , -0.153456 , 0.191167
9.42368 , -0.387189 , -0.114776 , 0.250026 , -0.309907 , -0.153936 , 0.191249
9.47876 , -0.386095 , -0.116104 , 0.249147 , -0.308506 , -0.154807 , 0.19135
9.52285 , -0.385415 , -0.117475 , 0.248911 , -0.307492 , -0.156599 , 0.191682
9.56041 , -0.385441 , -0.11915 , 0.251323 , -0.306132 , -0.157513 , 0.19217
9.61059 , -0.383982 , -0.120379 , 0.251195 , -0.305282 , -0.16104 , 0.192703
9.65626 , -0.383261 , -0.121158 , 0.252053 , -0.304212 , -0.162401 , 0.192949
9.69877 , -0.382333 , -0.123167 , 0.249861 , -0.303997 , -0.163103 , 0.193194
9.73983 , -0.381977 , -0.125685 , 0.248857 , -0.304033 , -0.166026 , 0.194039
9.78408 , -0.382244 , -0.128094 , 0.248176 , -0.30433 , -0.166514 , 0.195112
9.82303 , -0.383166 , -0.127663 , 0.250883 , -0.304558 , -0.166562 , 0.196116
9.86614 , -0.384689 , -0.12757 , 0.251654 , -0.305505 , -0.166105 , 0.196978
9.90754 , -0.386919 , -0.124913 , 0.255093 , -0.307003 , -0.166574 , 0.197765
9.94477 , -0.38951 , -0.122495 , 0.255172 , -0.309069 , -0.165269 , 0.198433
9.99189 , -0.39265 , -0.118327 , 0.256175 , -0.3117 , -0.162871 , 0.199406
10.0326 , -0.396585 , -0.11641 , 0.255982 , -0.314648 , -0.15994 , 0.200468
10.0755 , -0.40124 , -0.112518 , 0.257193 , -0.317995 , -0.156271 , 0.20173
10.1176 , -0.407978 , -0.11028 , 0.259999 , -0.322061 , -0.154269 , 0.203824
10.159 , -0.414975 , -0.104543 , 0.263465 , -0.326564 , -0.14896 , 0.205544
10.202 , -0.421992 , -0.0992461 , 0.264928 , -0.331802 , -0.143621 , 0.207218
10.245 , -0.429974 , -0.0936608 , 0.266797 , -0.337568 , -0.137294 , 0.209071
10.2836 , -0.438116 , -0.0886931 , 0.267562 , -0.344671 , -0.135712 , 0.211409
10.3325 , -0.446676 , -0.0842899 , 0.266267 , -0.351932 , -0.135025 , 0.213462
10.3788 , -0.455711 , -0.0812783 , 0.269296 , -0.359325 , -0.132922 , 0.215604
10.4377 , -0.465345 , -0.079567 , 0.272289 , -0.367613 , -0.134484 , 0.218609
10.482 , -0.475606 , -0.0780474 , 0.274927 , -0.375079 , -0.13089 , 0.221932
10.5323 , -0.485462 , -0.0772762 , 0.276489 , -0.383597 , -0.130508 , 0.225585
10.5814 , -0.494643 , -0.0799327 , 0.27657 , -0.390559 , -0.129824 , 0.228982
10.6346 , -0.503438 , -0.0847483 , 0.276891 , -0.39759 , -0.132514 , 0.232553
10.6806 , -0.51095 , -0.0887989 , 0.278271 , -0.404422 , -0.137638 , 0.236659
10.7198 , -0.518021 , -0.0957666 , 0.28076 , -0.410503 , -0.144411 , 0.241164
10.7638 , -0.523092 , -0.102066 , 0.282548 , -0.415421 , -0.151297 , 0.245481
10.807 , -0.527469 , -0.111217 , 0.284311 , -0.41886 , -0.15687 , 0.249383
10.8506 , -0.52882 , -0.12416 , 0.281863 , -0.420787 , -0.164613 , 0.253296
10.9026 , -0.52869 , -0.130961 , 0.281822 , -0.423035 , -0.17713 , 0.256616
10.9489 , -0.527688 , -0.144491 , 0.28403 , -0.421406 , -0.182032 , 0.260367
10.9861 , -0.525062 , -0.155288 , 0.284967 , -0.417975 , -0.189414 , 0.264006
11.0318 , -0.520134 , -0.169353 , 0.284013 , -0.414435 , -0.200888 , 0.266914
11.0692 , -0.512806 , -0.184656 , 0.279764 , -0.408903 , -0.211484 , 0.268477
11.122 , -0.505757 , -0.201745 , 0.276937 , -0.404578 , -0.227765 , 0.27012
11.1712 , -0.497845 , -0.223165 , 0.273564 , -0.398887 , -0.244188 , 0.270806
11.2151 , -0.488468 , -0.24741 , 0.27003 , -0.391812 , -0.260049 , 0.27145
11.2559 , -0.474722 , -0.264633 , 0.263465 , -0.383268 , -0.273644 , 0.270989
11.299 , -0.460012 , -0.286326 , 0.256345 , -0.373499 , -0.287714 , 0.26954
11.341 , -0.442376 , -0.304181 , 0.249058 , -0.364049 , -0.305984 , 0.267587
11.3829 , -0.423567 , -0.327162 , 0.236487 , -0.353863 , -0.320678 , 0.265264
11.4242 , -0.402725 , -0.35069 , 0.221745 , -0.344574 , -0.33547 , 0.263266
11.4668 , -0.38166 , -0.372747 , 0.208821 , -0.33589 , -0.351223 , 0.258004
11.5015 , -0.360497 , -0.392362 , 0.195256 , -0.326762 , -0.364835 , 0.25089
11.539 , -0.341093 , -0.408893 , 0.183003 , -0.317746 , -0.377989 , 0.241466
11.5854 , -0.321536 , -0.426439 , 0.168133 , -0.309967 , -0.389459 , 0.230941
11.6216 , -0.304314 , -0.439245 , 0.157774 , -0.305296 , -0.397972 , 0.221808
11.6696 , -0.290835 , -0.450835 , 0.146626 , -0.30224 , -0.407532 , 0.211499
11.7057 , -0.280474 , -0.4567 , 0.138027 , -0.300799 , -0.414448 , 0.203432
11.7538 , -0.274991 , -0.465546 , 0.131952 , -0.30375 , -0.414136 , 0.202916
11.79 , -0.274164 , -0.469271 , 0.130521 , -0.310162 , -0.416189 , 0.2083
11.8434 , -0.277161 , -0.471386 , 0.131946 , -0.316833 , -0.420553 , 0.209012
11.8918 , -0.284856 , -0.472186 , 0.13966 , -0.325376 , -0.425417 , 0.211048
11.9373 , -0.287475 , -0.472137 , 0.134227 , -0.333652 , -0.4279 , 0.212197
11.9803 , -0.296086 , -0.47272 , 0.137955 , -0.346852 , -0.427707 , 0.22328
12.0221 , -0.306197 , -0.470189 , 0.144215 , -0.357668 , -0.427171 , 0.231483
12.0628 , -0.319671 , -0.463936 , 0.155896 , -0.367145 , -0.419818 , 0.239191
12.1017 , -0.331712 , -0.453497 , 0.167748 , -0.376835 , -0.410556 , 0.250942
12.1489 , -0.343137 , -0.441266 , 0.17782 , -0.385463 , -0.402334 , 0.260631
12.1877 , -0.350149 , -0.430697 , 0.181781 , -0.392039 , -0.388556 , 0.27144
12.2303 , -0.358968 , -0.417841 , 0.189449 , -0.396508 , -0.37351 , 0.280856
12.2718 , -0.366248 , -0.40787 , 0.196462 , -0.399734 , -0.365455 , 0.281849
12.3127 , -0.373982 , -0.396915 , 0.203456 , -0.400413 , -0.362448 , 0.277538
12.3552 , -0.379926 , -0.388489 , 0.207125 , -0.404032 , -0.359677 , 0.282115
12.3974 , -0.386427 , -0.375108 , 0.216337 , -0.403831 , -0.350941 , 0.278338
12.4398 , -0.390146 , -0.362863 , 0.221451 , -0.402707 , -0.342947 , 0.27562
12.4822 , -0.393694 , -0.351347 , 0.224564 , -0.401574 , -0.336292 , 0.274059
12.5231 , -0.396642 , -0.341267 , 0.228926 , -0.399764 , -0.330456 , 0.271989
12.5642 , -0.398576 , -0.333715 , 0.231807 , -0.396604 , -0.324613 , 0.269371
12.6077 , -0.400032 , -0.324036 , 0.236796 , -0.393621 , -0.31976 , 0.267178
12.6523 , -0.400949 , -0.31605 , 0.240046 , -0.391057 , -0.319456 , 0.265429
12.691 , -0.401946 , -0.311667 , 0.242909 , -0.386332 , -0.316358 , 0.263397
12.7356 , -0.401039 , -0.305101 , 0.245149 , -0.381502 , -0.313306 , 0.261583
12.7748 , -0.398207 , -0.298511 , 0.246124 , -0.375715 , -0.309681 , 0.259283
12.8171 , -0.396144 , -0.291492 , 0.248804 , -0.368215 , -0.302553 , 0.256276
12.8594 , -0.390024 , -0.285886 , 0.247625 , -0.360824 , -0.298782 , 0.253625
12.9007 , -0.385062 , -0.281626 , 0.248019 , -0.353191 , -0.296066 , 0.251138
12.9431 , -0.379724 , -0.275411 , 0.249499 , -0.345928 , -0.293007 , 0.248897
12.9847 , -0.374337 , -0.270471 , 0.249466 , -0.337688 , -0.288388 , 0.246319
13.029 , -0.36834 , -0.26686 , 0.248097 , -0.330932 , -0.287863 , 0.244296
13.071 , -0.361937 , -0.261154 , 0.248094 , -0.323967 , -0.286678 , 0.242422
13.1105 , -0.355452 , -0.259459 , 0.246646 , -0.317308 , -0.285099 , 0.241044
13.15 , -0.350014 , -0.255803 , 0.247276 , -0.310374 , -0.28196 , 0.239131
13.1947 , -0.345046 , -0.250802 , 0.248818 , -0.303657 , -0.276368 , 0.237146
13.2347 , -0.339809 , -0.246159 , 0.248943 , -0.297045 , -0.271247 , 0.23529
13.2787 , -0.335529 , -0.241696 , 0.248245 , -0.291515 , -0.266596 , 0.23341
13.319 , -0.330887 , -0.237434 , 0.247312 , -0.286732 , -0.262934 , 0.231173
13.3657 , -0.327184 , -0.233733 , 0.247165 , -0.281692 , -0.256546 , 0.229301
13.4086 , -0.325383 , -0.224639 , 0.249907 , -0.279317 , -0.260058 , 0.227845
13.4535 , -0.322436 , -0.223527 , 0.250773 , -0.275143 , -0.251625 , 0.226657
13.4996 , -0.321359 , -0.215482 , 0.251783 , -0.272243 , -0.245363 , 0.225311
13.5415 , -0.319693 , -0.212924 , 0.252312 , -0.270963 , -0.242315 , 0.224247
13.5781 , -0.318294 , -0.210424 , 0.249058 , -0.268181 , -0.236411 , 0.221799
13.6239 , -0.316227 , -0.209406 , 0.246143 , -0.26542 , -0.229774 , 0.219114
13.6682 , -0.316183 , -0.198975 , 0.248472 , -0.264522 , -0.22666 , 0.217657
13.7196 , -0.318393 , -0.200865 , 0.249188 , -0.264356 , -0.224309 , 0.215928
13.7645 , -0.319973 , -0.195457 , 0.250578 , -0.265411 , -0.222526 , 0.213838
13.8067 , -0.321824 , -0.192633 , 0.248175 , -0.266732 , -0.220924 , 0.212102
13.8497 , -0.325176 , -0.191016 , 0.245815 , -0.269135 , -0.217711 , 0.210259
13.8886 , -0.329414 , -0.188415 , 0.244539 , -0.272328 , -0.212773 , 0.208383
13.9346 , -0.334859 , -0.185489 , 0.243805 , -0.277754 , -0.213915 , 0.206945
13.9739 , -0.342471 , -0.182967 , 0.244658 , -0.283405 , -0.211895 , 0.205554
14.0177 , -0.35237 , -0.175351 , 0.243947 , -0.291108 , -0.210247 , 0.203998
14.056 , -0.361112 , -0.176737 , 0.241711 , -0.29963 , -0.203574 , 0.20808
14.1016 , -0.371619 , -0.177145 , 0.241407 , -0.306894 , -0.205177 , 0.205122
14.1413 , -0.381694 , -0.173307 , 0.240011 , -0.315493 , -0.202821 , 0.201553
14.1869 , -0.39361 , -0.17123 , 0.24051 , -0.324241 , -0.196651 , 0.199316
14.2244 , -0.404857 , -0.166166 , 0.240672 , -0.334334 , -0.195127 , 0.197195
14.2684 , -0.417919 , -0.164604 , 0.242244 , -0.345918 , -0.197939 , 0.195314
14.3133 , -0.430965 , -0.164611 , 0.239973 , -0.355308 , -0.191385 , 0.1933
14.3568 , -0.445045 , -0.15387 , 0.2417 , -0.367095 , -0.190094 , 0.191675
14.4038 , -0.453865 , -0.15691 , 0.237671 , -0.377356 , -0.184927 , 0.192971
14.4416 , -0.463279 , -0.151553 , 0.235175 , -0.385708 , -0.190945 , 0.191782
14.4878 , -0.473187 , -0.153402 , 0.233941 , -0.393665 , -0.192746 , 0.188765
14.5256 , -0.482764 , -0.155042 , 0.233364 , -0.400787 , -0.19372 , 0.186227
14.5715 , -0.490448 , -0.157648 , 0.229907 , -0.407006 , -0.19609 , 0.185056
14.6082 , -0.495988 , -0.155708 , 0.231419 , -0.41112 , -0.19802 , 0.183993
14.6573 , -0.500119 , -0.156529 , 0.228704 , -0.412451 , -0.196962 , 0.182745
14.6963 , -0.499871 , -0.154765 , 0.228002 , -0.410992 , -0.194426 , 0.181387
14.7392 , -0.497757 , -0.151402 , 0.228991 , -0.406647 , -0.19003 , 0.179669
14.7767 , -0.493545 , -0.145727 , 0.229641 , -0.399839 , -0.185919 , 0.177875
14.8248 , -0.487176 , -0.1413 , 0.231867 , -0.390441 , -0.180469 , 0.17662
14.8641 , -0.476542 , -0.133604 , 0.23331 , -0.379464 , -0.178328 , 0.176563
14.9074 , -0.46251 , -0.126294 , 0.236045 , -0.364754 , -0.169928 , 0.175674
14.9439 , -0.445553 , -0.119487 , 0.236734 , -0.348933 , -0.165959 , 0.17561
14.9912 , -0.425689 , -0.110035 , 0.237213 , -0.331273 , -0.16158 , 0.176851
15.0273 , -0.404826 , -0.103702 , 0.241708 , -0.311718 , -0.152987 , 0.179551
15.0755 , -0.382126 , -0.0965643 , 0.248079 , -0.291783 , -0.148161 , 0.183375
15.1116 , -0.358061 , -0.0921691 , 0.254759 , -0.270572 , -0.141621 , 0.187132
15.159 , -0.331632 , -0.0890781 , 0.257792 , -0.248996 , -0.136971 , 0.191413
15.1956 , -0.304499 , -0.0883715 , 0.258313 , -0.228796 , -0.136932 , 0.196514
15.2451 , -0.278591 , -0.0930068 , 0.260797 , -0.208319 , -0.135157 , 0.202161
15.2951 , -0.252052 , -0.0948231 , 0.263977 , -0.190787 , -0.139263 , 0.208666
15.3403 , -0.22589 , -0.0995845 , 0.262321 , -0.175466 , -0.147758 , 0.215725
15.3781 , -0.202044 , -0.109536 , 0.260285 , -0.161899 , -0.155876 , 0.222462
15.4149 , -0.181013 , -0.12103 , 0.25959 , -0.147511 , -0.150722 , 0.227888
15.4609 , -0.15832 , -0.12529 , 0.252421 , -0.136669 , -0.155369 , 0.233789
15.4987 , -0.141313 , -0.134433 , 0.250941 , -0.127405 , -0.157067 , 0.239535
15.5445 , -0.123607 , -0.1384 , 0.247483 , -0.11912 , -0.157317 , 0.244978
15.5841 , -0.106935 , -0.136228 , 0.244074 , -0.114755 , -0.162389 , 0.249972
15.629 , -0.0952164 , -0.136793 , 0.244469 , -0.111118 , -0.162272 , 0.253404
15.6665 , -0.086177 , -0.136813 , 0.240148 , -0.107599 , -0.156991 , 0.256496
15.7191 , -0.076744 , -0.133748 , 0.2363 , -0.104153 , -0.15108 , 0.259305
15.7669 , -0.0736676 , -0.134145 , 0.238595 , -0.101023 , -0.144554 , 0.26176
15.8156 , -0.0689977 , -0.127901 , 0.240768 , -0.0986788 , -0.137126 , 0.264582
15.8691 , -0.0672437 , -0.119774 , 0.246955 , -0.0978084 , -0.129947 , 0.266632
15.9144 , -0.0670392 , -0.106049 , 0.25509 , -0.0976043 , -0.12485 , 0.267876
15.9527 , -0.0708258 , -0.100922 , 0.261072 , -0.0971545 , -0.117282 , 0.269404
15.9981 , -0.0765155 , -0.0935918 , 0.267802 , -0.0979318 , -0.111342 , 0.271214
16.0361 , -0.0822198 , -0.0884768 , 0.272397 , -0.100733 , -0.107694 , 0.27248
16.0875 , -0.0896173 , -0.0884373 , 0.278096 , -0.105269 , -0.106306 , 0.274182
16.1343 , -0.0982116 , -0.0884285 , 0.284017 , -0.111216 , -0.107363 , 0.275343
16.1844 , -0.10938 , -0.0903174 , 0.290182 , -0.117689 , -0.108514 , 0.275771
16.2376 , -0.119964 , -0.0918078 , 0.294258 , -0.124576 , -0.11132 , 0.274755
16.2802 , -0.130162 , -0.0954134 , 0.294316 , -0.131925 , -0.111463 , 0.27432
16.321 , -0.141565 , -0.095912 , 0.298339 , -0.139093 , -0.110701 , 0.273601
16.376 , -0.15302 , -0.0973325 , 0.301495 , -0.1463 , -0.108901 , 0.272134
16.4251 , -0.161406 , -0.091211 , 0.303486 , -0.155811 , -0.114999 , 0.27161
16.4683 , -0.172431 , -0.0882752 , 0.307047 , -0.163727 , -0.115248 , 0.270943
16.5122 , -0.183569 , -0.0859103 , 0.309591 , -0.170347 , -0.116049 , 0.269986
16.5529 , -0.195396 , -0.0890171 , 0.311605 , -0.175648 , -0.112463 , 0.267806
16.5955 , -0.208311 , -0.0922516 , 0.314182 , -0.181197 , -0.110447 , 0.265557
16.6434 , -0.217931 , -0.0939191 , 0.31476 , -0.186384 , -0.107173 , 0.262736
16.692 , -0.227278 , -0.0943158 , 0.314562 , -0.192078 , -0.108893 , 0.259468
16.74 , -0.235701 , -0.0956226 , 0.313172 , -0.197159 , -0.111523 , 0.255938
16.7927 , -0.243091 , -0.0973487 , 0.311084 , -0.201283 , -0.111229 , 0.25231
16.8459 , -0.249046 , -0.096374 , 0.309298 , -0.20648 , -0.11634 , 0.248444
16.8847 , -0.255439 , -0.0989148 , 0.306704 , -0.211022 , -0.120071 , 0.24506
16.9309 , -0.260924 , -0.101312 , 0.304351 , -0.214926 , -0.123939 , 0.241807
16.9706 , -0.265912 , -0.104873 , 0.302971 , -0.217865 , -0.125138 , 0.237921
17.0124 , -0.26938 , -0.102382 , 0.302937 , -0.221824 , -0.130911 , 0.233851
17.0568 , -0.273224 , -0.104917 , 0.3002 , -0.223084 , -0.129465 , 0.230107
17.1009 , -0.276611 , -0.107534 , 0.295018 , -0.225552 , -0.130779 , 0.227056
17.1399 , -0.278582 , -0.106224 , 0.293302 , -0.229062 , -0.135336 , 0.224568
17.177 , -0.280678 , -0.108384 , 0.28921 , -0.231435 , -0.137903 , 0.222165
17.2219 , -0.285308 , -0.113219 , 0.288243 , -0.232851 , -0.135673 , 0.219892
17.2617 , -0.2881 , -0.114479 , 0.287796 , -0.234969 , -0.137218 , 0.218017
17.3082 , -0.290013 , -0.115995 , 0.284685 , -0.23725 , -0.138022 , 0.216186
17.3488 , -0.292294 , -0.11584 , 0.281909 , -0.240204 , -0.139726 , 0.214596
17.3916 , -0.297213 , -0.118272 , 0.280244 , -0.245586 , -0.143954 , 0.213152
17.431 , -0.300626 , -0.119163 , 0.279033 , -0.250073 , -0.148271 , 0.211399
17.48 , -0.305404 , -0.124116 , 0.276659 , -0.253218 , -0.145725 , 0.210737
17.5256 , -0.309255 , -0.123106 , 0.277723 , -0.258295 , -0.151335 , 0.210276
17.5695 , -0.31375 , -0.125739 , 0.276002 , -0.260926 , -0.14943 , 0.209563
17.6096 , -0.317642 , -0.12529 , 0.275446 , -0.265482 , -0.154458 , 0.208765
17.6513 , -0.32212 , -0.127822 , 0.27263 , -0.269344 , -0.156194 , 0.207763
17.6993 , -0.324782 , -0.125245 , 0.27175 , -0.272043 , -0.158667 , 0.207224
17.7418 , -0.328704 , -0.128759 , 0.270662 , -0.275055 , -0.159626 , 0.206715
17.7782 , -0.332318 , -0.130104 , 0.27083 , -0.276864 , -0.15732 , 0.206187
17.8145 , -0.335016 , -0.128802 , 0.271676 , -0.279137 , -0.159773 , 0.205443
17.8595 , -0.33728 , -0.130599 , 0.269322 , -0.280952 , -0.161814 , 0.204764
17.8961 , -0.339385 , -0.132933 , 0.26625 , -0.282355 , -0.164004 , 0.204129
17.946 , -0.34145 , -0.137219 , 0.26444 , -0.283253 , -0.167752 , 0.203272
17.9834 , -0.342531 , -0.137941 , 0.263386 , -0.283737 , -0.168954 , 0.202438
18.0294 , -0.343181 , -0.138269 , 0.263716 , -0.28353 , -0.169402 , 0.202392
18.0734 , -0.343752 , -0.137986 , 0.265171 , -0.283004 , -0.169958 , 0.202375
18.1144 , -0.34392 , -0.139334 , 0.264008 , -0.282122 , -0.16915 , 0.201883
18.1621 , -0.343175 , -0.138614 , 0.263147 , -0.281828 , -0.169906 , 0.201522
18.2035 , -0.343313 , -0.140336 , 0.261762 , -0.28148 , -0.171479 , 0.201365
18.2485 , -0.342368 , -0.140851 , 0.261157 , -0.28086 , -0.172317 , 0.20123
18.2944 , -0.341905 , -0.141331 , 0.261193 , -0.280024 , -0.172621 , 0.201473
18.3334 , -0.341559 , -0.139332 , 0.263262 , -0.279174 , -0.171744 , 0.201275
18.3786 , -0.341393 , -0.138602 , 0.263861 , -0.278607 , -0.171734 , 0.200964
18.4184 , -0.34048 , -0.139718 , 0.262191 , -0.278323 , -0.172334 , 0.200905
18.4625 , -0.340204 , -0.139558 , 0.261278 , -0.278269 , -0.173224 , 0.200862
18.5036 , -0.339719 , -0.140004 , 0.260233 , -0.277564 , -0.172644 , 0.200986
18.5475 , -0.339593 , -0.141783 , 0.260155 , -0.277221 , -0.17425 , 0.201358
18.5895 , -0.33907 , -0.142828 , 0.261662 , -0.277053 , -0.176961 , 0.201673
18.6298 , -0.338129 , -0.145656 , 0.260761 , -0.277464 , -0.185457 , 0.202037
18.6672 , -0.337362 , -0.153362 , 0.258301 , -0.275753 , -0.185486 , 0.201781
18.711 , -0.335708 , -0.154056 , 0.25822 , -0.274646 , -0.186597 , 0.202136
18.7477 , -0.334412 , -0.154511 , 0.257159 , -0.272154 , -0.187682 , 0.2028
18.7853 , -0.332092 , -0.154596 , 0.258427 , -0.272966 , -0.184626 , 0.2074
18.8336 , -0.329922 , -0.156376 , 0.258048 , -0.271943 , -0.191189 , 0.207413
18.8787 , -0.328367 , -0.162424 , 0.256333 , -0.269376 , -0.191193 , 0.206372
18.9175 , -0.327073 , -0.159696 , 0.259191 , -0.267853 , -0.191438 , 0.20583
18.9553 , -0.325701 , -0.159812 , 0.257738 , -0.268405 , -0.194578 , 0.206358
19.0021 , -0.324706 , -0.159127 , 0.255799 , -0.267987 , -0.191722 , 0.206918
19.0428 , -0.32478 , -0.156463 , 0.256816 , -0.26844 , -0.188478 , 0.207568
19.0854 , -0.326678 , -0.154985 , 0.259104 , -0.269794 , -0.186429 , 0.208651
19.1284 , -0.329298 , -0.146861 , 0.26212 , -0.271382 , -0.180307 , 0.209563
19.1684 , -0.332113 , -0.142418 , 0.263504 , -0.274392 , -0.175053 , 0.210558
19.207 , -0.336963 , -0.135897 , 0.264175 , -0.277592 , -0.168366 , 0.211185
19.2543 , -0.342834 , -0.128245 , 0.265885 , -0.281528 , -0.161947 , 0.21213
19.2958 , -0.349904 , -0.120946 , 0.268986 , -0.286564 , -0.15363 , 0.214
19.3364 , -0.358127 , -0.110051 , 0.273049 , -0.2928 , -0.148951 , 0.216528
19.3754 , -0.367801 , -0.102472 , 0.277301 , -0.300161 , -0.144782 , 0.218725
19.4207 , -0.379434 , -0.0966561 , 0.282192 , -0.307484 , -0.138668 , 0.220266
19.4594 , -0.391401 , -0.0888711 , 0.285243 , -0.315636 , -0.130692 , 0.222444
19.5048 , -0.403375 , -0.0797645 , 0.288384 , -0.325269 , -0.12424 , 0.224942
19.5422 , -0.416718 , -0.072941 , 0.29147 , -0.335614 , -0.117317 , 0.228117
19.5914 , -0.43008 , -0.0652602 , 0.295684 , -0.346202 , -0.109281 , 0.231546
19.641 , -0.444044 , -0.05652 , 0.301686 , -0.357232 , -0.102724 , 0.234847
19.6884 , -0.457811 , -0.0489239 , 0.306636 , -0.367603 , -0.0945561 , 0.238083
19.7286 , -0.468678 , -0.0358198 , 0.309619 , -0.378853 , -0.0914158 , 0.241514
19.7775 , -0.481793 , -0.0339183 , 0.312235 , -0.389111 , -0.0878206 , 0.245322
19.8308 , -0.492509 , -0.0309549 , 0.316127 , -0.398946 , -0.08561 , 0.249491
19.8791 , -0.502128 , -0.0274087 , 0.316502 , -0.408104 , -0.084119 , 0.253747
19.9259 , -0.511217 , -0.0287386 , 0.318288 , -0.415792 , -0.0835374 , 0.258079
19.9799 , -0.519283 , -0.0283113 , 0.321842 , -0.421262 , -0.0816765 , 0.262246
20.0217 , -0.524574 , -0.0267149 , 0.325259 , -0.42584 , -0.0825097 , 0.266255
20.0616 , -0.527465 , -0.0255448 , 0.327082 , -0.427492 , -0.0794554 , 0.269734
20.1062 , -0.5316 , -0.0280099 , 0.333458 , -0.427661 , -0.0765689 , 0.27333
20.1454 , -0.53089 , -0.0320316 , 0.335489 , -0.426452 , -0.079805 , 0.276473
20.1901 , -0.530451 , -0.0385719 , 0.336638 , -0.424657 , -0.0813267 , 0.280235
20.2294 , -0.528872 , -0.0433117 , 0.339643 , -0.421801 , -0.0879833 , 0.282697
20.2746 , -0.528043 , -0.0539676 , 0.341403 , -0.418812 , -0.0972107 , 0.28414
20.3106 , -0.524187 , -0.0625835 , 0.340987 , -0.41339 , -0.104327 , 0.284642
20.3512 , -0.519657 , -0.0752733 , 0.340114 , -0.406375 , -0.112767 , 0.285108
20.394 , -0.51342 , -0.0850422 , 0.339416 , -0.399047 , -0.121987 , 0.284424
20.4294 , -0.506698 , -0.0987514 , 0.337128 , -0.391703 , -0.132834 , 0.282869
20.4785 , -0.499436 , -0.117856 , 0.329454 , -0.384851 , -0.147467 , 0.281084
20.5154 , -0.493448 , -0.136929 , 0.327489 , -0.376993 , -0.158255 , 0.278854
20.5615 , -0.484088 , -0.152814 , 0.324464 , -0.371198 , -0.172518 , 0.276953
20.5968 , -0.476409 , -0.167077 , 0.321254 , -0.365408 , -0.181831 , 0.27495
20.645 , -0.466139 , -0.17706 , 0.318389 , -0.359437 , -0.190472 , 0.273451
20.69 , -0.458719 , -0.186634 , 0.316069 , -0.353934 , -0.200434 , 0.272345
20.7302 , -0.450036 , -0.198171 , 0.314744 , -0.350345 , -0.213982 , 0.271399
20.7691 , -0.441258 , -0.214486 , 0.30958 , -0.347385 , -0.224061 , 0.271605
20.815 , -0.432914 , -0.227029 , 0.307556 , -0.346531 , -0.2376 , 0.273025
20.8616 , -0.42707 , -0.24162 , 0.304635 , -0.346334 , -0.248975 , 0.274842
20.8976 , -0.421613 , -0.252817 , 0.299977 , -0.346628 , -0.256443 , 0.276775
20.938 , -0.417802 , -0.260664 , 0.298979 , -0.348257 , -0.265618 , 0.278446
20.9813 , -0.415935 , -0.266767 , 0.300018 , -0.349747 , -0.269838 , 0.278881
21.0172 , -0.414297 , -0.266948 , 0.299512 , -0.351485 , -0.27141 , 0.279113
21.0655 , -0.414292 , -0.263863 , 0.299259 , -0.353627 , -0.268624 , 0.278257
21.1025 , -0.415264 , -0.258572 , 0.298607 , -0.355814 , -0.260931 , 0.27591
21.1486 , -0.417573 , -0.247086 , 0.297293 , -0.35931 , -0.253587 , 0.273124
21.1866 , -0.42253 , -0.238512 , 0.294564 , -0.364321 , -0.245498 , 0.270255
21.2316 , -0.430243 , -0.228159 , 0.297749 , -0.370439 , -0.239599 , 0.267388
21.2707 , -0.437347 , -0.217633 , 0.297514 , -0.376808 , -0.233414 , 0.26437
21.3153 , -0.444196 , -0.205563 , 0.29846 , -0.382077 , -0.223074 , 0.260907
21.3528 , -0.449342 , -0.190946 , 0.297541 , -0.386664 , -0.212789 , 0.257074
21.3996 , -0.45336 , -0.174895 , 0.294674 , -0.389807 , -0.200304 , 0.253239
21.4368 , -0.457438 , -0.163139 , 0.289323 , -0.392664 , -0.190935 , 0.249786
21.4846 , -0.46102 , -0.149925 , 0.289934 , -0.394336 , -0.180855 , 0.246304
21.5225 , -0.463201 , -0.137951 , 0.289391 , -0.394543 , -0.171366 , 0.242573
21.5681 , -0.464203 , -0.126753 , 0.288618 , -0.392846 , -0.159897 , 0.23802
21.6064 , -0.463249 , -0.117558 , 0.285742 , -0.391351 , -0.155294 , 0.233614
21.6511 , -0.461818 , -0.10705 , 0.284108 , -0.388267 , -0.150794 , 0.229302
21.6887 , -0.458782 , -0.103932 , 0.278677 , -0.385125 , -0.148083 , 0.2247
21.7354 , -0.455572 , -0.101345 , 0.274523 , -0.379804 , -0.145436 , 0.219727
21.7733 , -0.451788 , -0.09978 , 0.272439 , -0.374386 , -0.145469 , 0.215189
21.8201 , -0.446886 , -0.0993313 , 0.270567 , -0.368149 , -0.146285 , 0.211199
21.858 , -0.441461 , -0.100299 , 0.267356 , -0.361988 , -0.146708 , 0.207863
21.9026 , -0.435943 , -0.101709 , 0.26467 , -0.355457 , -0.146596 , 0.205098
21.9406 , -0.430736 , -0.104047 , 0.261307 , -0.349776 , -0.147347 , 0.203009
21.987 , -0.425294 , -0.106565 , 0.257332 , -0.344034 , -0.146399 , 0.201563
22.0256 , -0.419726 , -0.10794 , 0.256559 , -0.337674 , -0.146708 , 0.20158
22.0701 , -0.413594 , -0.106462 , 0.257211 , -0.330144 , -0.144484 , 0.199457
22.1085 , -0.409688 , -0.102346 , 0.259312 , -0.326266 , -0.147032 , 0.197712
22.1548 , -0.405831 , -0.106285 , 0.259266 , -0.322232 , -0.149601 , 0.197085
22.1929 , -0.400591 , -0.109187 , 0.256927 , -0.318218 , -0.150095 , 0.197346
22.242 , -0.396326 , -0.108897 , 0.256355 , -0.314678 , -0.150483 , 0.197461
22.2894 , -0.392389 , -0.109142 , 0.2549 , -0.311558 , -0.150419 , 0.19737
22.3345 , -0.388844 , -0.109582 , 0.25685 , -0.308964 , -0.151683 , 0.197405
22.3735 , -0.386806 , -0.111252 , 0.25891 , -0.306642 , -0.152302 , 0.197664
22.4099 , -0.384398 , -0.111917 , 0.258675 , -0.305086 , -0.152352 , 0.197748
22.4573 , -0.382195 , -0.113515 , 0.256528 , -0.304313 , -0.153453 , 0.197802
22.4954 , -0.380685 , -0.115571 , 0.25432 , -0.303125 , -0.152352 , 0.197341
22.544 , -0.379513 , -0.115578 , 0.25278 , -0.302325 , -0.153118 , 0.197114
22.5919 , -0.379018 , -0.11652 , 0.253738 , -0.301843 , -0.154903 , 0.197542
22.6346 , -0.37906 , -0.115144 , 0.256978 , -0.301221 , -0.153918 , 0.197736
22.6788 , -0.379172 , -0.114296 , 0.258447 , -0.300857 , -0.153412 , 0.197575
22.7258 , -0.378591 , -0.114168 , 0.258742 , -0.301575 , -0.155191 , 0.197571
22.7726 , -0.377652 , -0.117549 , 0.254501 , -0.301593 , -0.154815 , 0.1978
22.8103 , -0.376688 , -0.119417 , 0.250751 , -0.301781 , -0.154651 , 0.198277
22.8527 , -0.376897 , -0.118737 , 0.252593 , -0.301107 , -0.155573 , 0.197438
22.8966 , -0.376319 , -0.121198 , 0.251834 , -0.300469 , -0.158015 , 0.197717
22.943 , -0.377579 , -0.126477 , 0.254648 , -0.301068 , -0.156797 , 0.200611
22.9796 , -0.375721 , -0.126482 , 0.251395 , -0.300714 , -0.160832 , 0.199015
23.0306 , -0.376282 , -0.124642 , 0.249656 , -0.302029 , -0.161847 , 0.196733
23.0808 , -0.376086 , -0.12962 , 0.245359 , -0.305108 , -0.161777 , 0.197962
23.1276 , -0.377516 , -0.133287 , 0.245547 , -0.306723 , -0.166676 , 0.197956
23.1665 , -0.377307 , -0.135929 , 0.243669 , -0.307011 , -0.166479 , 0.196492
23.2119 , -0.378675 , -0.135222 , 0.241335 , -0.308004 , -0.166428 , 0.194094
23.2501 , -0.382342 , -0.138247 , 0.23899 , -0.309976 , -0.159787 , 0.191489
23.295 , -0.385642 , -0.135396 , 0.236945 , -0.315608 , -0.159105 , 0.190087
23.3331 , -0.391771 , -0.132146 , 0.233542 , -0.321146 , -0.159562 , 0.188541
23.3795 , -0.398474 , -0.133322 , 0.230141 , -0.326754 , -0.160671 , 0.18648
23.417 , -0.405643 , -0.128947 , 0.230976 , -0.332783 , -0.162709 , 0.184107
23.4633 , -0.411615 , -0.135603 , 0.226626 , -0.340763 , -0.168022 , 0.181365
23.5024 , -0.42238 , -0.137801 , 0.225299 , -0.350932 , -0.173552 , 0.179796
23.5485 , -0.432823 , -0.147149 , 0.221335 , -0.363276 , -0.177465 , 0.179295
23.5859 , -0.444778 , -0.152021 , 0.218093 , -0.375406 , -0.181023 , 0.179581
23.6319 , -0.459236 , -0.154462 , 0.218548 , -0.387902 , -0.189048 , 0.179509
23.6704 , -0.47185 , -0.154274 , 0.220207 , -0.399121 , -0.192804 , 0.178638
23.7157 , -0.484808 , -0.15648 , 0.220805 , -0.409395 , -0.19751 , 0.177709
23.7522 , -0.495082 , -0.161766 , 0.215768 , -0.417474 , -0.20156 , 0.17651
23.7992 , -0.504139 , -0.162533 , 0.215942 , -0.425018 , -0.202476 , 0.175318
23.8363 , -0.510323 , -0.161599 , 0.213156 , -0.431248 , -0.200358 , 0.174148
23.8841 , -0.515266 , -0.15995 , 0.211075 , -0.434904 , -0.199758 , 0.172238
23.9372 , -0.517549 , -0.151354 , 0.211492 , -0.435951 , -0.191317 , 0.168877
23.9873 , -0.520476 , -0.139373 , 0.212672 , -0.43556 , -0.183786 , 0.166085
24.0334 , -0.519736 , -0.129046 , 0.211869 , -0.433182 , -0.177421 , 0.163663
24.0791 , -0.516691 , -0.119819 , 0.212011 , -0.427412 , -0.167506 , 0.160153
24.1131 , -0.509599 , -0.106377 , 0.207411 , -0.419974 , -0.160491 , 0.155764
24.1545 , -0.500807 , -0.0966583 , 0.203962 , -0.411361 , -0.148814 , 0.15069
24.1988 , -0.490376 , -0.0880174 , 0.200964 , -0.401076 , -0.141877 , 0.147239
24.2387 , -0.477939 , -0.0775703 , 0.199912 , -0.388564 , -0.131919 , 0.145024
24.2849 , -0.466926 , -0.0655592 , 0.205869 , -0.374702 , -0.123327 , 0.143793
24.3246 , -0.452504 , -0.0590617 , 0.208408 , -0.359966 , -0.116714 , 0.143385
24.3676 , -0.437016 , -0.0528131 , 0.209499 , -0.344959 , -0.112446 , 0.14439
24.4086 , -0.42174 , -0.0508235 , 0.208628 , -0.331012 , -0.109423 , 0.147413
24.4515 , -0.40764 , -0.0477689 , 0.215853 , -0.316842 , -0.106734 , 0.151119
24.493 , -0.393521 , -0.0490596 , 0.219435 , -0.303434 , -0.108036 , 0.156129
24.5352 , -0.381124 , -0.0472531 , 0.227053 , -0.29046 , -0.106027 , 0.162664
24.5769 , -0.366044 , -0.0434033 , 0.235338 , -0.27758 , -0.103755 , 0.168672
24.6189 , -0.354495 , -0.0398437 , 0.245159 , -0.264911 , -0.0990837 , 0.174563
24.661 , -0.339096 , -0.0393646 , 0.245098 , -0.253929 , -0.0980532 , 0.18049
24.7023 , -0.326907 , -0.0362373 , 0.250458 , -0.243223 , -0.0973882 , 0.187299
24.742 , -0.318232 , -0.0391912 , 0.257785 , -0.233956 , -0.0912459 , 0.1952
24.7882 , -0.308719 , -0.0377695 , 0.264862 , -0.227682 , -0.0900096 , 0.201031
24.8255 , -0.30416 , -0.0422755 , 0.271863 , -0.223609 , -0.0871748 , 0.21652
24.8709 , -0.298523 , -0.0432177 , 0.277591 , -0.221429 , -0.0956688 , 0.220797
24.9064 , -0.296562 , -0.0465084 , 0.280954 , -0.220197 , -0.0978857 , 0.221534
24.9472 , -0.29656 , -0.0483647 , 0.284207 , -0.222533 , -0.10168 , 0.22502
24.9873 , -0.299536 , -0.0537573 , 0.284865 , -0.225649 , -0.103833 , 0.229364
25.0241 , -0.302846 , -0.0554465 , 0.289745 , -0.230155 , -0.105248 , 0.233151
25.0647 , -0.307197 , -0.0585146 , 0.291946 , -0.236239 , -0.107402 , 0.236723
25.1083 , -0.312319 , -0.0580132 , 0.296652 , -0.242739 , -0.107187 , 0.239424
25.147 , -0.319059 , -0.0602998 , 0.298888 , -0.249615 , -0.106677 , 0.241194
25.1912 , -0.326101 , -0.0596093 , 0.300303 , -0.25646 , -0.106443 , 0.242466
25.231 , -0.332235 , -0.0589186 , 0.300887 , -0.262667 , -0.104812 , 0.24288
25.2756 , -0.338034 , -0.0549926 , 0.300462 , -0.268661 , -0.104002 , 0.242755
25.3138 , -0.344012 , -0.0525867 , 0.301925 , -0.274156 , -0.101958 , 0.242332
25.3606 , -0.349621 , -0.0517871 , 0.303971 , -0.278584 , -0.101633 , 0.241846
25.4049 , -0.355574 , -0.0504848 , 0.306027 , -0.282214 , -0.102666 , 0.240632
25.4427 , -0.360561 , -0.0539021 , 0.305124 , -0.284189 , -0.103702 , 0.238171
25.4814 , -0.362238 , -0.0569352 , 0.301162 , -0.286459 , -0.109418 , 0.235814
25.5266 , -0.364472 , -0.06159 , 0.297233 , -0.287023 , -0.111321 , 0.233459
25.5645 , -0.366326 , -0.0666694 , 0.295545 , -0.286806 , -0.115099 , 0.231577
25.6117 , -0.365968 , -0.0758283 , 0.290875 , -0.285595 , -0.120899 , 0.230193
25.6498 , -0.366462 , -0.0756827 , 0.295178 , -0.286466 , -0.129052 , 0.228638
25.6939 , -0.366849 , -0.0888752 , 0.291216 , -0.285392 , -0.13471 , 0.227583
25.7321 , -0.364176 , -0.0971205 , 0.28606 , -0.282885 , -0.138002 , 0.22695
25.7782 , -0.362166 , -0.0987613 , 0.284457 , -0.281626 , -0.14182 , 0.22618
25.8172 , -0.361393 , -0.0947326 , 0.285308 , -0.281197 , -0.148038 , 0.224588
25.8618 , -0.35787 , -0.104542 , 0.281507 , -0.280681 , -0.146522 , 0.225174
25.9001 , -0.358881 , -0.107667 , 0.283328 , -0.278654 , -0.139427 , 0.225408
25.9466 , -0.35886 , -0.102891 , 0.286208 , -0.280445 , -0.144043 , 0.224717
25.9828 , -0.359218 , -0.106524 , 0.282364 , -0.281736 , -0.145492 , 0.222709
26.032 , -0.359808 , -0.107501 , 0.278392 , -0.283268 , -0.146929 , 0.22109
26.0686 , -0.36149 , -0.106466 , 0.277332 , -0.285062 , -0.14556 , 0.219438
26.1142 , -0.36298 , -0.105237 , 0.277252 , -0.286664 , -0.145761 , 0.218107
26.1521 , -0.365619 , -0.105087 , 0.27956 , -0.289091 , -0.146015 , 0.217573
26.2001 , -0.368281 , -0.105121 , 0.280354 , -0.291988 , -0.146044 , 0.216832
26.2515 , -0.369675 , -0.103768 , 0.276668 , -0.294111 , -0.143255 , 0.215056
26.2957 , -0.371731 , -0.102575 , 0.273071 , -0.296247 , -0.143986 , 0.213164
26.3315 , -0.375264 , -0.102764 , 0.273163 , -0.298396 , -0.144478 , 0.211899
26.3692 , -0.377849 , -0.103845 , 0.271583 , -0.30038 , -0.146881 , 0.211311
26.4218 , -0.37967 , -0.105387 , 0.272099 , -0.302105 , -0.146958 , 0.211246
26.4655 , -0.381311 , -0.106257 , 0.273867 , -0.303289 , -0.148471 , 0.210979
26.5018 , -0.382003 , -0.110209 , 0.270597 , -0.303816 , -0.151571 , 0.210173
26.5485 , -0.381591 , -0.111568 , 0.268492 , -0.30352 , -0.152935 , 0.209463
26.5874 , -0.38137 , -0.113353 , 0.267969 , -0.303021 , -0.155939 , 0.209255
26.632 , -0.379977 , -0.116926 , 0.267264 , -0.301437 , -0.157127 , 0.209419
26.6698 , -0.377934 , -0.120598 , 0.267172 , -0.300372 , -0.162487 , 0.210278
26.7186 , -0.376054 , -0.12353 , 0.268742 , -0.298599 , -0.165096 , 0.211105
26.7589 , -0.372957 , -0.1253 , 0.269295 , -0.296134 , -0.166526 , 0.211545
26.8034 , -0.36979 , -0.12869 , 0.266273 , -0.293099 , -0.168331 , 0.21161
26.8448 , -0.36686 , -0.129839 , 0.266855 , -0.290484 , -0.170714 , 0.211959
26.8899 , -0.364185 , -0.130797 , 0.269045 , -0.28871 , -0.174716 , 0.212779
26.9343 , -0.36006 , -0.137834 , 0.265709 , -0.284837 , -0.174395 , 0.213772
26.9801 , -0.356744 , -0.13438 , 0.269977 , -0.283326 , -0.176117 , 0.214267
27.0249 , -0.353785 , -0.134462 , 0.269477 , -0.281663 , -0.174733 , 0.214413
27.0728 , -0.351237 , -0.132564 , 0.268376 , -0.280857 , -0.173364 , 0.215234
27.1298 , -0.349624 , -0.128312 , 0.269922 , -0.279814 , -0.169045 , 0.216
27.1743 , -0.3493 , -0.125482 , 0.269934 , -0.278995 , -0.164471 , 0.21662
27.2284 , -0.347753 , -0.119007 , 0.270914 , -0.278974 , -0.16004 , 0.217583
27.2739 , -0.348753 , -0.113362 , 0.274295 , -0.279687 , -0.1556 , 0.218647
27.32 , -0.350254 , -0.107357 , 0.276589 , -0.280872 , -0.150478 , 0.219659
27.3591 , -0.353673 , -0.10169 , 0.277105 , -0.283443 , -0.146091 , 0.221008
27.4035 , -0.359027 , -0.094854 , 0.278096 , -0.287507 , -0.141418 , 0.222552
27.4391 , -0.366856 , -0.0876551 , 0.282421 , -0.293453 , -0.136348 , 0.224533
27.4809 , -0.37521 , -0.0802532 , 0.284003 , -0.299989 , -0.131378 , 0.227364
27.5208 , -0.384443 , -0.0713821 , 0.289768 , -0.307579 , -0.125979 , 0.230996
27.5586 , -0.394649 , -0.0645891 , 0.294927 , -0.316195 , -0.121503 , 0.2346
27.5997 , -0.407271 , -0.0595927 , 0.300057 , -0.324771 , -0.115919 , 0.238126
27.6405 , -0.419089 , -0.0496553 , 0.307085 , -0.332692 , -0.104805 , 0.241459
27.6778 , -0.42995 , -0.0424517 , 0.30988 , -0.340828 , -0.0931179 , 0.24467
27.7257 , -0.440138 , -0.0289357 , 0.312916 , -0.349748 , -0.0823348 , 0.247993
27.7622 , -0.450359 , -0.0145767 , 0.320033 , -0.35961 , -0.0735676 , 0.251431
27.8133 , -0.461376 , -0.0054286 , 0.326424 , -0.369712 , -0.0649977 , 0.254729
27.8625 , -0.471499 , 0.00111399 , 0.330559 , -0.380045 , -0.0562584 , 0.25855
27.9135 , -0.480499 , 0.00608764 , 0.329713 , -0.39166 , -0.0514633 , 0.262512
27.9679 , -0.48976 , 0.0115339 , 0.331469 , -0.402267 , -0.0438556 , 0.266898
28.017 , -0.498225 , 0.0171507 , 0.335419 , -0.412163 , -0.0356548 , 0.272249
28.0609 , -0.504686 , 0.0275307 , 0.343914 , -0.421049 , -0.0262263 , 0.278503
28.1114 , -0.51032 , 0.0382392 , 0.355959 , -0.428911 , -0.0168194 , 0.28486
28.1577 , -0.514276 , 0.0477947 , 0.359802 , -0.436285 , -0.0082826 , 0.290806
28.1996 , -0.517527 , 0.0568768 , 0.369002 , -0.442545 , 1.05575e-05 , 0.295805
28.2429 , -0.518352 , 0.0650003 , 0.374334 , -0.446571 , 0.0100739 , 0.300167
28.2835 , -0.517861 , 0.0717697 , 0.379599 , -0.449381 , 0.0182355 , 0.304414
28.333 , -0.517753 , 0.0763645 , 0.386355 , -0.44984 , 0.0261657 , 0.309199
28.375 , -0.515047 , 0.0816695 , 0.391902 , -0.450385 , 0.0282752 , 0.313568
28.4171 , -0.514125 , 0.0814299 , 0.394865 , -0.449544 , 0.0299336 , 0.317481
28.4657 , -0.512517 , 0.0796531 , 0.396521 , -0.447194 , 0.029918 , 0.321245
28.5171 , -0.512522 , 0.0751285 , 0.399949 , -0.442384 , 0.02893 , 0.325533
28.5688 , -0.51171 , 0.0694654 , 0.404471 , -0.436173 , 0.0263513 , 0.331107
28.6099 , -0.509969 , 0.0638184 , 0.410146 , -0.429225 , 0.0215304 , 0.336612
28.6496 , -0.506566 , 0.0590232 , 0.415717 , -0.421815 , 0.013943 , 0.341174
28.6977 , -0.504434 , 0.0434473 , 0.416577 , -0.413866 , 0.00227095 , 0.345809
28.741 , -0.501901 , 0.0280789 , 0.418599 , -0.407241 , -0.0155525 , 0.350001
28.7873 , -0.498284 , 0.0109041 , 0.42062 , -0.400771 , -0.0352832 , 0.35366
28.8337 , -0.49632 , -0.0128576 , 0.422868 , -0.392636 , -0.0546186 , 0.357136
28.8824 , -0.490624 , -0.0330625 , 0.425028 , -0.387466 , -0.0796593 , 0.360017
28.9214 , -0.485901 , -0.0613152 , 0.424579 , -0.381669 , -0.104312 , 0.362422
28.9671 , -0.478966 , -0.0895922 , 0.42213 , -0.375154 , -0.127531 , 0.364077
29.0065 , -0.468903 , -0.115934 , 0.418395 , -0.36986 , -0.150168 , 0.365129
29.0461 , -0.459558 , -0.143093 , 0.416952 , -0.364626 , -0.17514 , 0.365635
29.0867 , -0.449998 , -0.175083 , 0.410032 , -0.359653 , -0.200554 , 0.365979
29.1321 , -0.437141 , -0.201772 , 0.403131 , -0.354574 , -0.222028 , 0.366727
29.168 , -0.426185 , -0.230488 , 0.396224 , -0.351804 , -0.248657 , 0.367794
29.2091 , -0.414611 , -0.26278 , 0.385862 , -0.349762 , -0.277015 , 0.368585
29.249 , -0.401839 , -0.294598 , 0.376849 , -0.348894 , -0.301278 , 0.369609
29.2945 , -0.391111 , -0.323886 , 0.368832 , -0.348565 , -0.322873 , 0.370147
29.3385 , -0.377951 , -0.350837 , 0.355828 , -0.350904 , -0.343161 , 0.371293
29.3889 , -0.367517 , -0.374073 , 0.346914 , -0.353986 , -0.36078 , 0.369864
29.4399 , -0.362385 , -0.392513 , 0.34422 , -0.356367 , -0.373457 , 0.364661
29.4873 , -0.354167 , -0.401001 , 0.335971 , -0.358367 , -0.380458 , 0.361303
29.5239 , -0.352617 , -0.406692 , 0.336622 , -0.360768 , -0.379389 , 0.363163
29.5717 , -0.347692 , -0.405592 , 0.330488 , -0.364263 , -0.375487 , 0.367447
29.6086 , -0.348602 , -0.400474 , 0.333027 , -0.365702 , -0.365136 , 0.372179
29.6561 , -0.352633 , -0.383925 , 0.343382 , -0.36603 , -0.359182 , 0.368229
29.7042 , -0.351625 , -0.374293 , 0.339785 , -0.364936 , -0.346405 , 0.368181
29.7424 , -0.357562 , -0.36292 , 0.344836 , -0.366291 , -0.339607 , 0.364979
29.789 , -0.363154 , -0.344972 , 0.348554 , -0.369509 , -0.330839 , 0.360865
29.8326 , -0.371432 , -0.332702 , 0.352784 , -0.37031 , -0.317961 , 0.356758
29.8712 , -0.378275 , -0.317019 , 0.356136 , -0.373327 , -0.308041 , 0.354167
29.9091 , -0.386311 , -0.301893 , 0.359175 , -0.376646 , -0.296698 , 0.351857
29.9574 , -0.393433 , -0.286297 , 0.363117 , -0.38056 , -0.285909 , 0.348926
30.0002 , -0.400784 , -0.270279 , 0.364531 , -0.383129 , -0.273739 , 0.345256
30.038 , -0.407053 , -0.252443 , 0.36726 , -0.385803 , -0.261369 , 0.341741
30.08 , -0.413124 , -0.237482 , 0.369141 , -0.388778 , -0.24965 , 0.338126
30.1194 , -0.417567 , -0.220449 , 0.37179 , -0.391797 , -0.238899 , 0.334425
30.1614 , -0.4221 , -0.20722 , 0.373343 , -0.393104 , -0.223648 , 0.330516
30.2068 , -0.424454 , -0.189415 , 0.374086 , -0.394329 , -0.211601 , 0.326294
30.2453 , -0.425309 , -0.171749 , 0.37453 , -0.394609 , -0.199708 , 0.32203
30.2923 , -0.426627 , -0.158038 , 0.373531 , -0.394326 , -0.190713 , 0.317181
30.33 , -0.427513 , -0.148702 , 0.370601 , -0.393881 , -0.183937 , 0.31165
30.3745 , -0.427567 , -0.139447 , 0.368181 , -0.392982 , -0.178215 , 0.305943
30.4127 , -0.42646 , -0.134538 , 0.365109 , -0.390947 , -0.173691 , 0.300688
30.4589 , -0.42393 , -0.127173 , 0.363183 , -0.387908 , -0.170362 , 0.295831
30.4974 , -0.420095 , -0.122718 , 0.35859 , -0.385369 , -0.163805 , 0.286248
30.5424 , -0.415268 , -0.119223 , 0.354632 , -0.383538 , -0.126575 , 0.306566
30.5804 , -0.408234 , -0.117237 , 0.349497 , -0.384931 , -0.167162 , 0.304257
30.6273 , -0.399653 , -0.114454 , 0.340371 , -0.374947 , -0.157937 , 0.280907
30.6661 , -0.391054 , -0.109548 , 0.33415 , -0.362232 , -0.143528 , 0.264145
30.7133 , -0.383751 , -0.105472 , 0.331061 , -0.352458 , -0.137764 , 0.256697
30.7677 , -0.377284 , -0.103148 , 0.328077 , -0.343541 , -0.137008 , 0.25405
30.8171 , -0.370566 , -0.101243 , 0.325508 , -0.337625 , -0.142873 , 0.251327
30.8662 , -0.366423 , -0.108287 , 0.317813 , -0.331872 , -0.147518 , 0.247054
30.9204 , -0.361276 , -0.111515 , 0.311575 , -0.325518 , -0.149667 , 0.242689
30.9679 , -0.356104 , -0.112457 , 0.307859 , -0.318831 , -0.149858 , 0.239014
31.019 , -0.352268 , -0.111837 , 0.30686 , -0.312513 , -0.149155 , 0.235701
31.066 , -0.348328 , -0.10976 , 0.30603 , -0.307152 , -0.15097 , 0.232592
31.1163 , -0.346743 , -0.112923 , 0.30406 , -0.302472 , -0.154052 , 0.22968
31.1693 , -0.345426 , -0.116372 , 0.300926 , -0.29889 , -0.15717 , 0.226318
31.2188 , -0.34481 , -0.118273 , 0.299144 , -0.295449 , -0.160192 , 0.223553
31.2645 , -0.343769 , -0.120428 , 0.296756 , -0.292657 , -0.160494 , 0.221145
31.308 , -0.34266 , -0.119127 , 0.295335 , -0.29032 , -0.15844 , 0.219363
31.3556 , -0.342593 , -0.117562 , 0.294494 , -0.289117 , -0.15738 , 0.217392
31.4019 , -0.343078 , -0.117615 , 0.292995 , -0.287829 , -0.158062 , 0.215171
31.4525 , -0.343968 , -0.120033 , 0.288008 , -0.286724 , -0.157106 , 0.212461
31.5053 , -0.344931 , -0.118202 , 0.286721 , -0.28697 , -0.159041 , 0.21052
31.5549 , -0.347249 , -0.118461 , 0.284685 , -0.287256 , -0.158136 , 0.208854
31.6011 , -0.348491 , -0.118308 , 0.28345 , -0.287626 , -0.157436 , 0.207476
31.6379 , -0.351435 , -0.119811 , 0.282294 , -0.288591 , -0.160087 , 0.205922
31.6837 , -0.35353 , -0.120758 , 0.279967 , -0.289136 , -0.156763 , 0.204401
31.721 , -0.354167 , -0.115407 , 0.278203 , -0.290089 , -0.158738 , 0.202526
31.768 , -0.356825 , -0.118443 , 0.277758 , -0.290269 , -0.157637 , 0.200885
31.8072 , -0.357677 , -0.118317 , 0.275906 , -0.290818 , -0.157665 , 0.199709
31.8509 , -0.357334 , -0.116668 , 0.273386 , -0.290747 , -0.159216 , 0.197816
31.8879 , -0.357943 , -0.119602 , 0.271495 , -0.290099 , -0.15885 , 0.196308
31.9409 , -0.35735 , -0.120414 , 0.269497 , -0.289297 , -0.159147 , 0.195222
31.9908 , -0.35645 , -0.120573 , 0.269015 , -0.288784 , -0.160521 , 0.193687
32.0368 , -0.355635 , -0.122571 , 0.267603 , -0.287814 , -0.160868 , 0.192068
32.0738 , -0.35463 , -0.124893 , 0.264838 , -0.287316 , -0.162582 , 0.190291
32.1177 , -0.353104 , -0.126927 , 0.261395 , -0.286566 , -0.163274 , 0.188675
32.1579 , -0.351451 , -0.126792 , 0.260957 , -0.285949 , -0.164598 , 0.187261
32.2017 , -0.350753 , -0.128951 , 0.26003 , -0.285334 , -0.164637 , 0.186497
32.2417 , -0.34956 , -0.128144 , 0.259974 , -0.284826 , -0.165271 , 0.185384
32.2857 , -0.348502 , -0.127932 , 0.257998 , -0.284422 , -0.164695 , 0.184059
32.3218 , -0.348039 , -0.129117 , 0.255121 , -0.285167 , -0.165511 , 0.182499
32.362 , -0.348213 , -0.130711 , 0.252641 , -0.285655 , -0.165402 , 0.181065
32.4054 , -0.348794 , -0.131704 , 0.250513 , -0.286255 , -0.165408 , 0.180332
32.4421 , -0.349899 , -0.13224 , 0.251078 , -0.287455 , -0.165696 , 0.179801
32.4885 , -0.351206 , -0.131644 , 0.252012 , -0.287338 , -0.165767 , 0.178965
32.5267 , -0.352781 , -0.131582 , 0.250054 , -0.288722 , -0.164708 , 0.177501
32.5787 , -0.353106 , -0.129742 , 0.247897 , -0.289922 , -0.164258 , 0.176484
32.6219 , -0.354836 , -0.122784 , 0.247442 , -0.292475 , -0.162395 , 0.175568
32.6632 , -0.356398 , -0.124983 , 0.245071 , -0.294708 , -0.16014 , 0.17625
32.7064 , -0.358765 , -0.127276 , 0.245571 , -0.296364 , -0.161393 , 0.176127
32.7429 , -0.360736 , -0.128773 , 0.247066 , -0.297585 , -0.164698 , 0.175523
32.7946 , -0.362268 , -0.131357 , 0.245408 , -0.298156 , -0.165562 , 0.174924
32.8391 , -0.363193 , -0.133082 , 0.241782 , -0.299657 , -0.166408 , 0.174533
32.8786 , -0.36328 , -0.134504 , 0.239472 , -0.300042 , -0.167999 , 0.172926
32.9278 , -0.363681 , -0.135927 , 0.237284 , -0.300432 , -0.169113 , 0.171879
32.9783 , -0.364698 , -0.13551 , 0.23935 , -0.300651 , -0.168028 , 0.171375
33.0285 , -0.365987 , -0.135893 , 0.239116 , -0.301241 , -0.168198 , 0.17089
33.0786 , -0.367938 , -0.139165 , 0.238365 , -0.302326 , -0.170312 , 0.170475
33.1238 , -0.367877 , -0.138562 , 0.235774 , -0.302885 , -0.170781 , 0.169495
33.1605 , -0.367639 , -0.139067 , 0.23257 , -0.303194 , -0.170813 , 0.168545
33.1981 , -0.368359 , -0.14079 , 0.230934 , -0.303023 , -0.165913 , 0.168097
33.2445 , -0.369099 , -0.135667 , 0.232495 , -0.304204 , -0.168289 , 0.167725
33.2823 , -0.370999 , -0.13631 , 0.234899 , -0.305051 , -0.170048 , 0.167253
33.3277 , -0.371664 , -0.13949 , 0.233986 , -0.305662 , -0.171063 , 0.166636
33.3647 , -0.372156 , -0.141541 , 0.232097 , -0.305998 , -0.172763 , 0.166019
33.4117 , -0.371948 , -0.143465 , 0.228263 , -0.306251 , -0.174424 , 0.165419
33.4491 , -0.372378 , -0.145356 , 0.225958 , -0.306557 , -0.174968 , 0.165188
33.4966 , -0.372319 , -0.146929 , 0.225064 , -0.306964 , -0.175905 , 0.165275
33.5338 , -0.373217 , -0.147473 , 0.228355 , -0.307395 , -0.178429 , 0.165355
33.5786 , -0.37396 , -0.149152 , 0.228163 , -0.30765 , -0.179158 , 0.165196
33.6157 , -0.374355 , -0.150308 , 0.227695 , -0.307882 , -0.180823 , 0.164871
33.6631 , -0.374618 , -0.151633 , 0.22481 , -0.308459 , -0.18226 , 0.165341
33.7003 , -0.373323 , -0.152878 , 0.223309 , -0.307983 , -0.182865 , 0.164777
33.75 , -0.373292 , -0.153599 , 0.222283 , -0.307667 , -0.182842 , 0.164501
33.8007 , -0.373985 , -0.154334 , 0.224128 , -0.307897 , -0.183192 , 0.164538
33.8453 , -0.374894 , -0.154753 , 0.225967 , -0.30828 , -0.184811 , 0.164594
33.8822 , -0.375226 , -0.155122 , 0.224614 , -0.308667 , -0.184828 , 0.164313
33.922 , -0.37528 , -0.155018 , 0.222963 , -0.309161 , -0.185028 , 0.164094
33.9653 , -0.375449 , -0.154845 , 0.2208 , -0.309456 , -0.184496 , 0.163885
34.0015 , -0.376032 , -0.155756 , 0.220083 , -0.308983 , -0.180532 , 0.163971
34.0486 , -0.377896 , -0.15102 , 0.224269 , -0.310848 , -0.185604 , 0.164926
34.0858 , -0.378001 , -0.155508 , 0.224685 , -0.310966 , -0.186041 , 0.164614
34.1336 , -0.378483 , -0.155562 , 0.224086 , -0.311173 , -0.186386 , 0.16448
34.1705 , -0.378777 , -0.155253 , 0.222802 , -0.311539 , -0.185627 , 0.164514
34.2177 , -0.380062 , -0.150189 , 0.221518 , -0.313115 , -0.183559 , 0.164497
34.2549 , -0.380662 , -0.151136 , 0.221998 , -0.314788 , -0.185996 , 0.165528
34.3044 , -0.380081 , -0.156344 , 0.220517 , -0.31418 , -0.185982 , 0.166154
34.3531 , -0.381051 , -0.155999 , 0.222354 , -0.313311 , -0.181231 , 0.166647
34.3999 , -0.38293 , -0.150419 , 0.225881 , -0.314088 , -0.181638 , 0.16715
34.4361 , -0.38375 , -0.151342 , 0.225335 , -0.314625 , -0.18209 , 0.166918
34.4759 , -0.383866 , -0.152136 , 0.223378 , -0.315015 , -0.182586 , 0.16688
34.5182 , -0.384073 , -0.152494 , 0.221893 , -0.315192 , -0.183157 , 0.167205
34.5593 , -0.38432 , -0.152583 , 0.221889 , -0.315184 , -0.18296 , 0.167687
34.6019 , -0.384861 , -0.152447 , 0.222851 , -0.314837 , -0.18328 , 0.168164
34.6435 , -0.385851 , -0.151935 , 0.226085 , -0.315229 , -0.183175 , 0.168507
34.6843 , -0.386213 , -0.151876 , 0.2258 , -0.315322 , -0.182393 , 0.168821
34.7215 , -0.386262 , -0.151859 , 0.223644 , -0.315502 , -0.182812 , 0.169105
34.7573 , -0.386858 , -0.152413 , 0.221815 , -0.315756 , -0.183052 , 0.169256
34.8101 , -0.386852 , -0.152864 , 0.222031 , -0.315996 , -0.183171 , 0.169448
34.8586 , -0.38735 , -0.151991 , 0.224206 , -0.31617 , -0.1831 , 0.169803
34.9093 , -0.387777 , -0.151898 , 0.225535 , -0.316317 , -0.183147 , 0.170282
34.9634 , -0.388034 , -0.152691 , 0.224885 , -0.316545 , -0.183791 , 0.170662
35.0133 , -0.387863 , -0.153005 , 0.22412 , -0.316383 , -0.184298 , 0.170758
35.0579 , -0.387785 , -0.153421 , 0.223049 , -0.316272 , -0.184394 , 0.170589
35.1131 , -0.38737 , -0.153492 , 0.222253 , -0.316578 , -0.186125 , 0.170767
35.174 , -0.387063 , -0.15536 , 0.224114 , -0.315548 , -0.186396 , 0.170801
35.2207 , -0.386605 , -0.154454 , 0.224711 , -0.314937 , -0.185778 , 0.171035
35.2638 , -0.386097 , -0.154763 , 0.223801 , -0.314981 , -0.185462 , 0.171298
35.3043 , -0.386308 , -0.154078 , 0.224702 , -0.314698 , -0.184109 , 0.171305
35.3465 , -0.385261 , -0.153625 , 0.222636 , -0.31413 , -0.180799 , 0.171283
35.3922 , -0.386219 , -0.149319 , 0.222906 , -0.314358 , -0.180504 , 0.171619
35.43 , -0.386436 , -0.14951 , 0.224165 , -0.314582 , -0.18211 , 0.171607
35.4746 , -0.387449 , -0.150438 , 0.226081 , -0.314526 , -0.182213 , 0.171538
35.5124 , -0.387262 , -0.150347 , 0.225519 , -0.314426 , -0.182074 , 0.171615
35.5658 , -0.387315 , -0.150413 , 0.224383 , -0.314444 , -0.18314 , 0.171687
35.611 , -0.387282 , -0.15181 , 0.222779 , -0.314319 , -0.18292 , 0.171749
35.6525 , -0.387609 , -0.151505 , 0.223655 , -0.314302 , -0.18265 , 0.171755
35.6993 , -0.388272 , -0.151156 , 0.224141 , -0.314378 , -0.182614 , 0.17187
35.7463 , -0.388516 , -0.150878 , 0.225256 , -0.314421 , -0.182778 , 0.172134
35.7967 , -0.388708 , -0.150831 , 0.224948 , -0.314251 , -0.182711 , 0.172211
35.8519 , -0.388113 , -0.15107 , 0.224057 , -0.314072 , -0.183075 , 0.172128
35.8944 , -0.388289 , -0.15133 , 0.223107 , -0.313899 , -0.182855 , 0.172075
35.9378 , -0.389193 , -0.151436 , 0.223319 , -0.31396 , -0.182682 , 0.172231
35.9784 , -0.389395 , -0.150962 , 0.224761 , -0.314247 , -0.182625 , 0.172509
36.0148 , -0.389657 , -0.151262 , 0.224879 , -0.314547 , -0.183117 , 0.172538
36.0624 , -0.389657 , -0.151262 , 0.224879 , -0.31422 , -0.183043 , 0.172391
36.0994 , -0.389691 , -0.151472 , 0.223885 , -0.314169 , -0.183014 , 0.172411
36.1478 , -0.389691 , -0.151472 , 0.223885 , -0.31398 , -0.182319 , 0.172587
