832

0.024248 , 0.104837 , 0.0621375 , -0.135727 , 0.15369 , 0.0923375 , -0.131595
0.064605 , 0.104877 , 0.0620522 , -0.135877 , 0.120102 , 0.102491 , -0.1365
0.110522 , 0.104861 , 0.061925 , -0.135917 , 0.0869067 , 0.0881409 , -0.135206
0.1502 , 0.104831 , 0.0617969 , -0.13595 , 0.06993 , 0.0781355 , -0.130377
0.19522 , 0.10477 , 0.0617705 , -0.136034 , 0.0670242 , 0.072877 , -0.128157
0.234407 , 0.104776 , 0.061676 , -0.136071 , 0.0738886 , 0.0715259 , -0.12864
0.277776 , 0.104682 , 0.0616111 , -0.136145 , 0.0848432 , 0.0734245 , -0.130147
0.315207 , 0.104658 , 0.0614867 , -0.136161 , 0.0947987 , 0.0764259 , -0.131839
0.36137 , 0.104592 , 0.0613938 , -0.136096 , 0.101106 , 0.078757 , -0.133084
0.400228 , 0.104595 , 0.0613334 , -0.1361 , 0.103446 , 0.0796058 , -0.133085
0.442086 , 0.104564 , 0.0612739 , -0.136038 , 0.103209 , 0.0791555 , -0.132293
0.482972 , 0.104514 , 0.0612272 , -0.135992 , 0.101895 , 0.0774388 , -0.131249
0.530529 , 0.104522 , 0.06122 , -0.135908 , 0.100283 , 0.0749048 , -0.130735
0.569604 , 0.104518 , 0.0611172 , -0.135744 , 0.0997649 , 0.0732083 , -0.130312
0.613877 , 0.104589 , 0.0609866 , -0.135587 , 0.0994699 , 0.071974 , -0.13002
0.653675 , 0.104665 , 0.0607863 , -0.135444 , 0.0993378 , 0.0713992 , -0.130287
0.698131 , 0.104724 , 0.0606826 , -0.13521 , 0.100046 , 0.0719127 , -0.129913
0.736718 , 0.104805 , 0.0605092 , -0.135063 , 0.101535 , 0.0723813 , -0.129238
0.781958 , 0.104873 , 0.0603909 , -0.134945 , 0.101794 , 0.0719344 , -0.128746
0.81986 , 0.104937 , 0.0602001 , -0.134804 , 0.101628 , 0.0710534 , -0.128643
0.871326 , 0.105115 , 0.0600416 , -0.134463 , 0.102141 , 0.0712663 , -0.128531
0.919417 , 0.105228 , 0.0599453 , -0.134198 , 0.102505 , 0.0708912 , -0.128283
0.964058 , 0.105269 , 0.0599032 , -0.134021 , 0.102628 , 0.0706587 , -0.127931
1.00168 , 0.105239 , 0.0598378 , -0.133885 , 0.102567 , 0.0704789 , -0.127998
1.04352 , 0.105285 , 0.0597184 , -0.133846 , 0.102765 , 0.0706987 , -0.12836
1.08601 , 0.105361 , 0.0596511 , -0.133603 , 0.103082 , 0.0703936 , -0.128365
1.13345 , 0.105433 , 0.0595704 , -0.133493 , 0.10326 , 0.0701169 , -0.128142
1.17172 , 0.105433 , 0.0595704 , -0.133493 , 0.102999 , 0.0698725 , -0.12821
1.21584 , 0.105284 , 0.0593527 , -0.133458 , 0.102421 , 0.0695194 , -0.128571
1.25276 , 0.105313 , 0.0592553 , -0.133433 , 0.102395 , 0.0694714 , -0.128503
1.28974 , 0.105325 , 0.0591698 , -0.13336 , 0.103287 , 0.0692685 , -0.128441
1.33679 , 0.105325 , 0.0591698 , -0.13336 , 0.104069 , 0.0687196 , -0.127854
1.37535 , 0.105445 , 0.0590458 , -0.132972 , 0.10405 , 0.0684044 , -0.127774
1.41891 , 0.105478 , 0.0589314 , -0.132779 , 0.104584 , 0.068607 , -0.127884
1.45828 , 0.105458 , 0.0588194 , -0.132657 , 0.104704 , 0.0685272 , -0.12768
1.5038 , 0.105476 , 0.058748 , -0.132555 , 0.104359 , 0.0687105 , -0.127599
1.54201 , 0.105524 , 0.0586317 , -0.132431 , 0.103769 , 0.0692702 , -0.12767
1.58875 , 0.105603 , 0.0585005 , -0.132184 , 0.103707 , 0.0697448 , -0.127637
1.62677 , 0.105608 , 0.0584985 , -0.13172 , 0.103963 , 0.0701561 , -0.127136
1.6717 , 0.105599 , 0.0583922 , -0.131308 , 0.104388 , 0.06967 , -0.126869
1.71017 , 0.105698 , 0.0581525 , -0.131177 , 0.104009 , 0.0691559 , -0.126483
1.75591 , 0.105389 , 0.0581952 , -0.130948 , 0.10331 , 0.0688046 , -0.1267
1.79524 , 0.105104 , 0.0582916 , -0.130729 , 0.10352 , 0.069169 , -0.126776
1.83559 , 0.105109 , 0.0581999 , -0.130057 , 0.10407 , 0.0690911 , -0.126373
1.87726 , 0.105049 , 0.0581292 , -0.129068 , 0.103873 , 0.0686127 , -0.125629
1.92193 , 0.105071 , 0.0580408 , -0.128299 , 0.104175 , 0.0684657 , -0.125252
1.96234 , 0.105126 , 0.0579964 , -0.127701 , 0.10398 , 0.067919 , -0.124514
2.00566 , 0.105231 , 0.0579163 , -0.127373 , 0.104547 , 0.0679912 , -0.124435
2.04486 , 0.105173 , 0.0579111 , -0.127018 , 0.104847 , 0.0673118 , -0.123936
2.09018 , 0.105053 , 0.0577961 , -0.126277 , 0.104807 , 0.067313 , -0.123328
2.12875 , 0.105177 , 0.0577892 , -0.125316 , 0.104357 , 0.0670689 , -0.122714
2.17537 , 0.105144 , 0.0575211 , -0.12395 , 0.105242 , 0.0669985 , -0.121556
2.21321 , 0.104888 , 0.0567391 , -0.123004 , 0.104883 , 0.0663915 , -0.120137
2.25771 , 0.104746 , 0.0563739 , -0.122819 , 0.104597 , 0.0659046 , -0.119638
2.29518 , 0.104291 , 0.0557104 , -0.123108 , 0.104325 , 0.0647792 , -0.119491
2.34178 , 0.103609 , 0.0556735 , -0.123227 , 0.104477 , 0.0635222 , -0.119659
2.37895 , 0.103213 , 0.0556192 , -0.122996 , 0.104455 , 0.0621969 , -0.119674
2.42801 , 0.102768 , 0.0548134 , -0.123489 , 0.104299 , 0.0619949 , -0.119953
2.47611 , 0.10231 , 0.0548911 , -0.12535 , 0.102542 , 0.0621366 , -0.122214
2.5142 , 0.101665 , 0.0551544 , -0.128442 , 0.101581 , 0.0610905 , -0.126161
2.56037 , 0.100927 , 0.055355 , -0.132416 , 0.10119 , 0.0609761 , -0.131035
2.60227 , 0.100065 , 0.0558699 , -0.136974 , 0.101391 , 0.0604307 , -0.134905
2.64719 , 0.0992448 , 0.056104 , -0.141153 , 0.101197 , 0.0588369 , -0.138054
2.6938 , 0.0989023 , 0.0554367 , -0.145819 , 0.101288 , 0.0589855 , -0.142296
2.73042 , 0.0989365 , 0.0561123 , -0.152295 , 0.102201 , 0.0604395 , -0.148691
2.77729 , 0.0999715 , 0.0583923 , -0.159828 , 0.0983181 , 0.0588094 , -0.156301
2.81355 , 0.0951106 , 0.0561386 , -0.169384 , 0.096669 , 0.0595825 , -0.166136
2.84964 , 0.0735781 , 0.0542715 , -0.17313 , 0.0823221 , 0.0614678 , -0.170641
2.89595 , 0.068627 , 0.057346 , -0.180954 , 0.0735049 , 0.0615358 , -0.178229
2.93517 , 0.0655945 , 0.0587789 , -0.190355 , 0.0661256 , 0.0616708 , -0.187223
2.97983 , 0.0645215 , 0.0616031 , -0.201075 , 0.0628387 , 0.0644561 , -0.198289
3.01973 , 0.0662796 , 0.0650036 , -0.214106 , 0.0619127 , 0.0677551 , -0.209944
3.06482 , 0.0664342 , 0.0688995 , -0.226027 , 0.0600719 , 0.0711837 , -0.220931
3.10875 , 0.0642072 , 0.071752 , -0.238527 , 0.0592302 , 0.0751989 , -0.232864
3.15378 , 0.0647563 , 0.0758692 , -0.250342 , 0.0583687 , 0.0803833 , -0.245281
3.20454 , 0.0638412 , 0.0793679 , -0.261392 , 0.0573438 , 0.0850399 , -0.257735
3.25168 , 0.0636586 , 0.0854651 , -0.272622 , 0.0567813 , 0.0896944 , -0.267538
3.30669 , 0.0643563 , 0.0911337 , -0.28149 , 0.0560854 , 0.0943319 , -0.276765
3.35506 , 0.0647341 , 0.0947108 , -0.289575 , 0.0543774 , 0.0982425 , -0.285527
3.40333 , 0.0643395 , 0.0993684 , -0.296753 , 0.0532762 , 0.103545 , -0.293293
3.45072 , 0.0633085 , 0.103516 , -0.303083 , 0.0522792 , 0.109534 , -0.301053
3.49261 , 0.0615922 , 0.11026 , -0.30975 , 0.0512388 , 0.115027 , -0.306702
3.5332 , 0.0622523 , 0.114629 , -0.313649 , 0.0505034 , 0.120858 , -0.311335
3.57119 , 0.0625718 , 0.121539 , -0.316982 , 0.0507115 , 0.128201 , -0.314709
3.61781 , 0.0638373 , 0.128059 , -0.318639 , 0.0492827 , 0.137107 , -0.317802
3.65519 , 0.0637637 , 0.135143 , -0.320522 , 0.0491375 , 0.14536 , -0.32173
3.70305 , 0.063869 , 0.141809 , -0.322386 , 0.0478632 , 0.154105 , -0.32537
3.74973 , 0.0630252 , 0.150753 , -0.326185 , 0.0479322 , 0.161854 , -0.328523
3.78923 , 0.0627142 , 0.157677 , -0.327544 , 0.0482169 , 0.172077 , -0.332402
3.83334 , 0.0641209 , 0.166778 , -0.331198 , 0.0489119 , 0.178013 , -0.336445
3.87025 , 0.0658364 , 0.173253 , -0.334048 , 0.0501768 , 0.186698 , -0.340529
3.91111 , 0.0656053 , 0.18087 , -0.337141 , 0.0513762 , 0.193805 , -0.341552
3.95178 , 0.0655812 , 0.188911 , -0.337745 , 0.0501785 , 0.200889 , -0.344374
3.99076 , 0.063229 , 0.194718 , -0.339551 , 0.0502705 , 0.206978 , -0.345769
4.03547 , 0.0620542 , 0.198376 , -0.340183 , 0.0532764 , 0.215354 , -0.345398
4.07324 , 0.0606338 , 0.198497 , -0.341679 , 0.0568686 , 0.217811 , -0.34378
4.12038 , 0.0631569 , 0.200693 , -0.33977 , 0.0610606 , 0.21784 , -0.340365
4.15711 , 0.0651543 , 0.198459 , -0.336993 , 0.065085 , 0.216058 , -0.33794
4.20016 , 0.0663985 , 0.194588 , -0.333759 , 0.0679111 , 0.212946 , -0.334264
4.24067 , 0.06745 , 0.189512 , -0.329227 , 0.0709013 , 0.208333 , -0.329013
4.29357 , 0.0686915 , 0.1828 , -0.324127 , 0.0734181 , 0.203764 , -0.32299
4.34037 , 0.0710083 , 0.176671 , -0.317226 , 0.0748325 , 0.196902 , -0.318748
4.38979 , 0.0724459 , 0.168822 , -0.311227 , 0.0761467 , 0.19108 , -0.316036
4.43197 , 0.0733977 , 0.161379 , -0.307209 , 0.0774581 , 0.183569 , -0.310702
4.4742 , 0.0740023 , 0.152248 , -0.300085 , 0.0809921 , 0.174737 , -0.305278
4.51513 , 0.0754225 , 0.145575 , -0.296895 , 0.0831367 , 0.167936 , -0.301031
4.55452 , 0.0746176 , 0.140184 , -0.29325 , 0.0835258 , 0.161273 , -0.297454
4.59561 , 0.074441 , 0.133196 , -0.289362 , 0.0834608 , 0.154795 , -0.292777
4.63883 , 0.0743587 , 0.126295 , -0.283348 , 0.0837101 , 0.148099 , -0.287453
4.68067 , 0.0739347 , 0.119034 , -0.275818 , 0.0843759 , 0.140829 , -0.279943
4.72196 , 0.0732747 , 0.11215 , -0.269183 , 0.0847783 , 0.134054 , -0.271683
4.76309 , 0.0731209 , 0.104734 , -0.261178 , 0.0863293 , 0.126497 , -0.262624
4.80405 , 0.0720619 , 0.0992164 , -0.251614 , 0.0869135 , 0.120016 , -0.251602
4.84275 , 0.0704344 , 0.0906336 , -0.241505 , 0.0868586 , 0.113122 , -0.239727
4.8852 , 0.0705186 , 0.0830638 , -0.229903 , 0.0871628 , 0.105473 , -0.227141
4.92582 , 0.0692891 , 0.0746519 , -0.217733 , 0.0876809 , 0.0984142 , -0.215596
4.96447 , 0.0720621 , 0.0699301 , -0.206794 , 0.0897334 , 0.0926537 , -0.203312
5.0093 , 0.0723166 , 0.064158 , -0.194175 , 0.0905359 , 0.0858871 , -0.190066
5.0464 , 0.0710861 , 0.0586289 , -0.182001 , 0.0903762 , 0.079735 , -0.177488
5.0931 , 0.0709262 , 0.0536862 , -0.171724 , 0.0911002 , 0.0748941 , -0.167597
5.132 , 0.0717106 , 0.0500761 , -0.163087 , 0.0897428 , 0.0700156 , -0.158548
5.18181 , 0.0718553 , 0.0458785 , -0.153279 , 0.0877115 , 0.0661773 , -0.149664
5.22859 , 0.0709799 , 0.0439411 , -0.144553 , 0.0852309 , 0.0617841 , -0.139965
5.27637 , 0.0702181 , 0.0416454 , -0.136393 , 0.0850245 , 0.0601333 , -0.131411
5.32418 , 0.0712515 , 0.0391443 , -0.128933 , 0.0842464 , 0.0580321 , -0.124902
5.36887 , 0.070525 , 0.0386907 , -0.124216 , 0.0827293 , 0.0565244 , -0.120216
5.41233 , 0.0710777 , 0.0386502 , -0.121025 , 0.0835152 , 0.0576278 , -0.117321
5.45976 , 0.0908284 , 0.0425302 , -0.124915 , 0.0929664 , 0.056032 , -0.119741
5.50132 , 0.154066 , 0.0496292 , -0.130199 , 0.131882 , 0.05856 , -0.12406
5.55335 , 0.149735 , 0.050609 , -0.132231 , 0.151684 , 0.0650311 , -0.128511
5.60328 , 0.147148 , 0.0531011 , -0.135667 , 0.159497 , 0.0697037 , -0.13356
5.64611 , 0.146633 , 0.0548686 , -0.139824 , 0.0946105 , 0.059939 , -0.138917
5.68543 , 0.0884175 , 0.0464747 , -0.142705 , 0.0987833 , 0.0628408 , -0.142729
5.72908 , 0.0897388 , 0.0497321 , -0.149744 , 0.102968 , 0.0650731 , -0.148278
5.76648 , 0.0891915 , 0.0522882 , -0.154274 , 0.10342 , 0.0655314 , -0.153292
5.81557 , 0.0879706 , 0.0527512 , -0.156288 , 0.102116 , 0.065637 , -0.157476
5.85679 , 0.0915553 , 0.0514644 , -0.155727 , 0.102244 , 0.0652793 , -0.159089
5.89569 , 0.0883441 , 0.0534744 , -0.154622 , 0.103087 , 0.0646479 , -0.159816
5.9331 , 0.0920969 , 0.0524234 , -0.150058 , 0.0631448 , 0.0602109 , -0.149172
5.97011 , 0.0595987 , 0.0480356 , -0.14025 , 0.105696 , 0.0674098 , -0.141697
6.01483 , 0.0622219 , 0.0425504 , -0.132808 , 0.0975582 , 0.0624915 , -0.139716
6.05174 , 0.0659034 , 0.0407094 , -0.127796 , 0.0906849 , 0.0560899 , -0.135275
6.10109 , 0.0675634 , 0.0401165 , -0.118191 , 0.0877898 , 0.0517674 , -0.126615
6.13942 , 0.0690615 , 0.0356686 , -0.108436 , 0.0894688 , 0.0497569 , -0.114015
6.18461 , 0.0715539 , 0.0317247 , -0.0970681 , 0.0907151 , 0.0455554 , -0.0999643
6.22351 , 0.0724575 , 0.0253526 , -0.0846432 , 0.0913597 , 0.0403542 , -0.0852418
6.26813 , 0.0722209 , 0.0191706 , -0.0711028 , 0.0904552 , 0.0361132 , -0.0733051
6.3067 , 0.0714753 , 0.0143395 , -0.0593261 , 0.0892359 , 0.0309127 , -0.0611937
6.35203 , 0.0715846 , 0.00839425 , -0.0465813 , 0.0866043 , 0.0245624 , -0.0465844
6.38949 , 0.0713213 , 0.0018935 , -0.0316046 , 0.0851326 , 0.019697 , -0.0298849
6.43523 , 0.0704278 , -0.00450994 , -0.0158224 , 0.0809814 , 0.015435 , -0.0119408
6.47266 , 0.0694797 , -0.00955158 , 0.00126111 , 0.0772033 , 0.0102084 , 0.00587166
6.51883 , 0.0680849 , -0.0148489 , 0.0179514 , 0.0724082 , 0.00557413 , 0.0243876
6.55665 , 0.064779 , -0.0191235 , 0.0361163 , 0.0673494 , 0.00198622 , 0.044637
6.60396 , 0.0647037 , -0.0232018 , 0.0550486 , 0.0622452 , -0.00301772 , 0.0646752
6.64527 , 0.0655624 , -0.0289156 , 0.0791278 , 0.0580885 , -0.0118675 , 0.0853131
6.68768 , 0.0673374 , -0.0371833 , 0.102529 , 0.0586557 , -0.0177393 , 0.114299
6.72466 , 0.0659484 , -0.0457319 , 0.12578 , 0.0590716 , -0.0244112 , 0.142682
6.77258 , 0.067668 , -0.0548201 , 0.152183 , 0.0584289 , -0.0330105 , 0.167735
6.81203 , 0.0685208 , -0.0637413 , 0.177615 , 0.057365 , -0.0448459 , 0.193772
6.85566 , 0.0700692 , -0.0757847 , 0.19978 , 0.0541172 , -0.05623 , 0.220447
6.89162 , 0.0702424 , -0.0857811 , 0.222706 , 0.0503057 , -0.0650158 , 0.238359
6.94081 , 0.0694824 , -0.0925887 , 0.237201 , 0.0501487 , -0.0713468 , 0.251115
6.98751 , 0.0706376 , -0.0933929 , 0.243128 , 0.0501198 , -0.0747671 , 0.25082
7.02429 , 0.067198 , -0.0873696 , 0.239413 , 0.051958 , -0.0747128 , 0.244975
7.0637 , 0.067802 , -0.0851946 , 0.233948 , 0.054264 , -0.0709403 , 0.232453
7.10567 , 0.0672685 , -0.0795621 , 0.222248 , 0.0597158 , -0.06512 , 0.218553
7.14491 , 0.0680275 , -0.0725868 , 0.21115 , 0.0664259 , -0.0584071 , 0.203449
7.19168 , 0.0689106 , -0.0675552 , 0.197148 , 0.0733261 , -0.0533357 , 0.188465
7.23212 , 0.0710714 , -0.0623415 , 0.185583 , 0.0779227 , -0.0532569 , 0.169397
7.2712 , 0.0718609 , -0.0594335 , 0.172156 , 0.0809183 , -0.0507506 , 0.160579
7.3109 , 0.0702557 , -0.0578045 , 0.161863 , 0.0816065 , -0.0495999 , 0.152383
7.36079 , 0.0704964 , -0.0543642 , 0.150576 , 0.079772 , -0.0476007 , 0.143661
7.41027 , 0.0700901 , -0.0488612 , 0.140784 , 0.08024 , -0.0441598 , 0.129602
7.45429 , 0.0713067 , -0.0443565 , 0.12806 , 0.0815999 , -0.0401068 , 0.116496
7.4924 , 0.0710763 , -0.0419227 , 0.116185 , 0.0807016 , -0.0342559 , 0.104363
7.52889 , 0.0683297 , -0.0367858 , 0.102788 , 0.0789283 , -0.0280866 , 0.0907887
7.58085 , 0.0644088 , -0.0313962 , 0.087258 , 0.0786666 , -0.0219361 , 0.0722564
7.63075 , 0.0662718 , -0.0238975 , 0.0682981 , 0.0789215 , -0.0155581 , 0.0515502
7.67329 , 0.0690587 , -0.0181817 , 0.0481929 , 0.0832606 , -0.00928139 , 0.0323319
7.71109 , 0.070258 , -0.0119347 , 0.0289948 , 0.0887817 , -0.00318815 , 0.0160753
7.74646 , 0.0757191 , -0.00684776 , 0.0141464 , 0.0933831 , 0.00154789 , -0.00109714
7.79391 , 0.0787162 , -0.000287783 , -0.00331343 , 0.0945487 , 0.00847904 , -0.0162368
7.8356 , 0.0809252 , 0.00564472 , -0.0180229 , 0.0938237 , 0.0147969 , -0.0336072
7.87613 , 0.0806739 , 0.0131814 , -0.0331647 , 0.0930306 , 0.0196616 , -0.050163
7.91303 , 0.0810934 , 0.0182013 , -0.0494837 , 0.0941996 , 0.0254762 , -0.0658035
7.9499 , 0.0822229 , 0.0229254 , -0.0648347 , 0.0956573 , 0.0314642 , -0.0760231
8.00177 , 0.0839417 , 0.026734 , -0.0740886 , 0.0974904 , 0.0365548 , -0.0830278
8.05198 , 0.0850523 , 0.0299695 , -0.0826652 , 0.0975639 , 0.0405377 , -0.0902897
8.10104 , 0.0848408 , 0.0327885 , -0.0922185 , 0.0954878 , 0.0437411 , -0.0974105
8.15105 , 0.0838842 , 0.0359516 , -0.0997892 , 0.0923245 , 0.0463525 , -0.104523
8.20068 , 0.082627 , 0.0376796 , -0.106991 , 0.0904588 , 0.0476931 , -0.110418
8.25267 , 0.0837249 , 0.0386485 , -0.113295 , 0.089404 , 0.0472729 , -0.114679
8.30315 , 0.0819271 , 0.0387541 , -0.115967 , 0.0895523 , 0.0471219 , -0.117958
8.35045 , 0.0840619 , 0.0392587 , -0.117948 , 0.0888009 , 0.0468286 , -0.119114
8.40761 , 0.0821801 , 0.0390167 , -0.119846 , 0.0878106 , 0.0466623 , -0.119636
8.45296 , 0.0823301 , 0.0378396 , -0.119772 , 0.0854489 , 0.0450912 , -0.119291
8.50133 , 0.0786698 , 0.0353388 , -0.119151 , 0.0802136 , 0.0429944 , -0.118248
8.55635 , 0.0783974 , 0.0350818 , -0.120146 , 0.0788769 , 0.0417287 , -0.118472
8.60408 , 0.0816118 , 0.0360589 , -0.11739 , 0.0800549 , 0.0404842 , -0.116831
8.6496 , 0.0799742 , 0.0347574 , -0.117787 , 0.0814274 , 0.0399969 , -0.115266
8.69621 , 0.0814808 , 0.0342435 , -0.117217 , 0.0821633 , 0.0402134 , -0.114212
8.74065 , 0.0779474 , 0.0338349 , -0.113247 , 0.0836545 , 0.0414064 , -0.111663
8.78753 , 0.0782256 , 0.0327908 , -0.113736 , 0.0807446 , 0.0395271 , -0.109531
8.84081 , 0.0808083 , 0.033804 , -0.114682 , 0.0794686 , 0.039264 , -0.110204
8.89019 , 0.0792207 , 0.0328595 , -0.114774 , 0.0829581 , 0.0426154 , -0.108225
8.94026 , 0.0804725 , 0.0345222 , -0.111723 , 0.0822478 , 0.0410611 , -0.106996
8.99012 , 0.0792181 , 0.0332807 , -0.111132 , 0.0814947 , 0.0405263 , -0.106458
9.04143 , 0.0791172 , 0.0328309 , -0.110434 , 0.0819338 , 0.0415798 , -0.106159
9.09189 , 0.0780943 , 0.0322483 , -0.109923 , 0.0813066 , 0.0422359 , -0.106292
9.14718 , 0.079808 , 0.0333651 , -0.109937 , 0.0784458 , 0.0407182 , -0.105822
9.18528 , 0.0782242 , 0.0328943 , -0.10972 , 0.0780362 , 0.0408095 , -0.105364
9.22992 , 0.077649 , 0.0316734 , -0.108683 , 0.0778587 , 0.0394066 , -0.104851
9.27805 , 0.0781929 , 0.0310429 , -0.106723 , 0.0776713 , 0.038426 , -0.102888
9.32806 , 0.079035 , 0.0314597 , -0.103848 , 0.0768467 , 0.0384212 , -0.100737
9.38062 , 0.0779434 , 0.030815 , -0.103184 , 0.0768481 , 0.0388528 , -0.0980971
9.42368 , 0.0773044 , 0.0296668 , -0.102298 , 0.0764426 , 0.0393511 , -0.0972744
9.47876 , 0.0755753 , 0.0295349 , -0.100731 , 0.0754718 , 0.0378217 , -0.095681
9.52285 , 0.0753657 , 0.0288561 , -0.0996253 , 0.0753299 , 0.0380614 , -0.093567
9.56041 , 0.0755426 , 0.0279362 , -0.097023 , 0.0753029 , 0.0394629 , -0.0890036
9.61059 , 0.0763821 , 0.0281427 , -0.0925893 , 0.0745877 , 0.0392366 , -0.0860724
9.65626 , 0.0773482 , 0.027859 , -0.0899361 , 0.0757517 , 0.0364272 , -0.0846692
9.69877 , 0.0777521 , 0.0265847 , -0.0886393 , 0.0764083 , 0.0364111 , -0.0830051
9.73983 , 0.0783009 , 0.0255336 , -0.086191 , 0.077458 , 0.0345828 , -0.0817595
9.78408 , 0.079332 , 0.0242664 , -0.0841694 , 0.0786347 , 0.0341187 , -0.0784965
9.82303 , 0.0791142 , 0.0231309 , -0.0804878 , 0.0797705 , 0.0315429 , -0.0762638
9.86614 , 0.0785258 , 0.0220147 , -0.0768826 , 0.0783173 , 0.0317694 , -0.0735331
9.90754 , 0.0779402 , 0.0208421 , -0.0744513 , 0.0763519 , 0.0306101 , -0.0715489
9.94477 , 0.0764459 , 0.0193686 , -0.0720969 , 0.0748134 , 0.0285797 , -0.0694313
9.99189 , 0.0756308 , 0.01781 , -0.0701142 , 0.0731636 , 0.0269103 , -0.0674457
10.0326 , 0.0738351 , 0.0164512 , -0.0681665 , 0.0742243 , 0.0239724 , -0.0661088
10.0755 , 0.0730525 , 0.0145391 , -0.0663343 , 0.0749374 , 0.0222779 , -0.0647444
10.1176 , 0.072809 , 0.0127203 , -0.0649067 , 0.074789 , 0.0202144 , -0.0633272
10.159 , 0.072402 , 0.010927 , -0.0637529 , 0.073015 , 0.0180323 , -0.0631613
10.202 , 0.0704925 , 0.00986872 , -0.0639632 , 0.0715641 , 0.0149625 , -0.0633608
10.245 , 0.0713764 , 0.00884821 , -0.0643533 , 0.0722281 , 0.0123659 , -0.0621556
10.2836 , 0.0717937 , 0.00723586 , -0.0641627 , 0.0758307 , 0.0100851 , -0.0610542
10.3325 , 0.0714984 , 0.00364505 , -0.0645739 , 0.0780975 , 0.00592864 , -0.0615423
10.3788 , 0.070884 , 0.000821378 , -0.0670406 , 0.0783971 , 0.00277257 , -0.0634545
10.4377 , 0.0703901 , -0.00092437 , -0.0700039 , 0.079131 , 0.00154064 , -0.0663954
10.482 , 0.0711197 , -0.00222843 , -0.0719246 , 0.0782677 , -0.00174942 , -0.0685598
10.5323 , 0.0705581 , -0.00179227 , -0.0760477 , 0.0774804 , -0.00284006 , -0.0712029
10.5814 , 0.0701281 , -0.00428312 , -0.0811116 , 0.077641 , -0.00372342 , -0.0765888
10.6346 , 0.0698605 , -0.00221716 , -0.0881684 , 0.0787396 , -0.00403002 , -0.0826169
10.6806 , 0.0702725 , -0.00033304 , -0.0958457 , 0.0796566 , -0.00362813 , -0.0890734
10.7198 , 0.0698553 , 0.00275107 , -0.103331 , 0.0798689 , -0.000976046 , -0.0953106
10.7638 , 0.0730503 , 0.00795337 , -0.110216 , 0.076944 , -0.000955578 , -0.0999937
10.807 , 0.0687534 , 0.00864279 , -0.117445 , 0.077448 , 0.00274795 , -0.107454
10.8506 , 0.0700835 , 0.0126906 , -0.127151 , 0.0766197 , 0.00826086 , -0.118321
10.9026 , 0.0848649 , 0.0201565 , -0.142298 , 0.0700165 , 0.012377 , -0.126987
10.9489 , 0.0691424 , 0.0270358 , -0.151136 , 0.0728197 , 0.0187981 , -0.138209
10.9861 , 0.0684907 , 0.033949 , -0.162479 , 0.0754636 , 0.0268787 , -0.15088
11.0318 , 0.067778 , 0.0414704 , -0.175152 , 0.0760649 , 0.0370677 , -0.163776
11.0692 , 0.0666301 , 0.0499176 , -0.188555 , 0.0750925 , 0.0471795 , -0.178658
11.122 , 0.0671914 , 0.060208 , -0.202622 , 0.074166 , 0.0572265 , -0.192291
11.1712 , 0.0659628 , 0.0734249 , -0.216953 , 0.0701544 , 0.0697678 , -0.208465
11.2151 , 0.0671968 , 0.0830651 , -0.230109 , 0.0668745 , 0.0829181 , -0.223426
11.2559 , 0.0637657 , 0.0958558 , -0.243488 , 0.0645345 , 0.098164 , -0.237341
11.299 , 0.0646591 , 0.107283 , -0.255791 , 0.0605797 , 0.115234 , -0.252053
11.341 , 0.0603414 , 0.122712 , -0.26942 , 0.0586925 , 0.127259 , -0.265824
11.3829 , 0.0599518 , 0.133408 , -0.282004 , 0.0586214 , 0.137573 , -0.278226
11.4242 , 0.0603933 , 0.143635 , -0.293064 , 0.0554181 , 0.149794 , -0.292832
11.4668 , 0.0606709 , 0.153118 , -0.30225 , 0.0505622 , 0.161043 , -0.304135
11.5015 , 0.0583333 , 0.163127 , -0.312669 , 0.04437 , 0.174769 , -0.315472
11.539 , 0.0574093 , 0.170461 , -0.321221 , 0.039413 , 0.186808 , -0.327645
11.5854 , 0.0565369 , 0.176938 , -0.329581 , 0.038049 , 0.196137 , -0.338317
11.6216 , 0.0540792 , 0.188464 , -0.340296 , 0.0390268 , 0.192494 , -0.342802
11.6696 , 0.054466 , 0.189032 , -0.345529 , 0.0395375 , 0.204368 , -0.348581
11.7057 , 0.0537615 , 0.194998 , -0.350688 , 0.0412711 , 0.207359 , -0.352554
11.7538 , 0.0525667 , 0.198234 , -0.351559 , 0.0441491 , 0.20767 , -0.352069
11.79 , 0.0534114 , 0.196929 , -0.351502 , 0.0443838 , 0.205554 , -0.35244
11.8434 , 0.0517025 , 0.192269 , -0.35185 , 0.0473711 , 0.204021 , -0.350291
11.8918 , 0.0508331 , 0.185692 , -0.347274 , 0.0499223 , 0.202225 , -0.347028
11.9373 , 0.0540014 , 0.182857 , -0.342354 , 0.0515177 , 0.195648 , -0.343324
11.9803 , 0.0557522 , 0.176692 , -0.338303 , 0.0568374 , 0.19027 , -0.338384
12.0221 , 0.0556177 , 0.17067 , -0.333528 , 0.0632113 , 0.184034 , -0.331733
12.0628 , 0.060097 , 0.164354 , -0.327856 , 0.0663495 , 0.17616 , -0.325079
12.1017 , 0.0611316 , 0.156843 , -0.321609 , 0.0721039 , 0.170449 , -0.318496
12.1489 , 0.0631809 , 0.150181 , -0.315916 , 0.0742919 , 0.168414 , -0.311973
12.1877 , 0.0632364 , 0.148745 , -0.311371 , 0.0771985 , 0.162985 , -0.30817
12.2303 , 0.0671305 , 0.141807 , -0.306219 , 0.103353 , 0.179305 , -0.308838
12.2718 , 0.0674682 , 0.1387 , -0.304348 , 0.0935251 , 0.166568 , -0.301778
12.3127 , 0.0708946 , 0.132322 , -0.296578 , 0.0872757 , 0.153746 , -0.302302
12.3552 , 0.0711248 , 0.12612 , -0.291657 , 0.0840013 , 0.144885 , -0.298784
12.3974 , 0.0678272 , 0.123173 , -0.289489 , 0.0828651 , 0.138603 , -0.290555
12.4398 , 0.0685477 , 0.115801 , -0.281285 , 0.0832223 , 0.133431 , -0.28393
12.4822 , 0.0687978 , 0.109855 , -0.275439 , 0.0852953 , 0.129949 , -0.276376
12.5231 , 0.0695736 , 0.106982 , -0.269009 , 0.0878264 , 0.124487 , -0.267823
12.5642 , 0.0700496 , 0.0991552 , -0.261568 , 0.0897246 , 0.117275 , -0.259379
12.6077 , 0.069577 , 0.0939101 , -0.25327 , 0.0910999 , 0.112788 , -0.249494
12.6523 , 0.0692559 , 0.0873267 , -0.242669 , 0.0933189 , 0.108121 , -0.238416
12.691 , 0.0704924 , 0.082319 , -0.231485 , 0.095199 , 0.103657 , -0.228543
12.7356 , 0.0713137 , 0.0777088 , -0.221183 , 0.0956053 , 0.0994989 , -0.218042
12.7748 , 0.0728539 , 0.0739353 , -0.211319 , 0.0940212 , 0.0915018 , -0.206399
12.8171 , 0.0722391 , 0.0652382 , -0.199694 , 0.0957136 , 0.0862432 , -0.19407
12.8594 , 0.0735949 , 0.0617431 , -0.188968 , 0.0955389 , 0.0819214 , -0.182785
12.9007 , 0.0742497 , 0.0571615 , -0.178955 , 0.0947751 , 0.0783316 , -0.173037
12.9431 , 0.0737459 , 0.05373 , -0.171053 , 0.0926699 , 0.0752988 , -0.164344
12.9847 , 0.0731762 , 0.0510287 , -0.163217 , 0.0900672 , 0.0707256 , -0.157636
13.029 , 0.0712934 , 0.0474516 , -0.156444 , 0.0885025 , 0.0675062 , -0.150525
13.071 , 0.0709899 , 0.0431647 , -0.149469 , 0.0863048 , 0.0662223 , -0.144635
13.1105 , 0.070848 , 0.0420642 , -0.143255 , 0.085571 , 0.0661534 , -0.137406
13.15 , 0.0714656 , 0.0408896 , -0.135739 , 0.0847222 , 0.0641771 , -0.131294
13.1947 , 0.0718853 , 0.0395404 , -0.130791 , 0.0811075 , 0.063308 , -0.126641
13.2347 , 0.0703146 , 0.0391071 , -0.126662 , 0.0780372 , 0.0619263 , -0.123306
13.2787 , 0.0707528 , 0.0399691 , -0.12349 , 0.0784155 , 0.061269 , -0.119359
13.319 , 0.0705223 , 0.0388998 , -0.119916 , 0.0786361 , 0.0610006 , -0.115967
13.3657 , 0.0699514 , 0.0390573 , -0.11713 , 0.0787068 , 0.0612923 , -0.113377
13.4086 , 0.0843095 , 0.0427422 , -0.119098 , 0.0700163 , 0.0590041 , -0.111178
13.4535 , 0.0689179 , 0.0412945 , -0.114258 , 0.0743983 , 0.0589335 , -0.109742
13.4996 , 0.0825849 , 0.0449156 , -0.11862 , 0.085772 , 0.0589371 , -0.112811
13.5415 , 0.0823027 , 0.0436979 , -0.118381 , 0.0900723 , 0.0611267 , -0.114754
13.5781 , 0.084659 , 0.0470603 , -0.119321 , 0.0944389 , 0.0631822 , -0.116392
13.6239 , 0.0664777 , 0.0468637 , -0.121257 , 0.104142 , 0.0657155 , -0.116817
13.6682 , 0.0844988 , 0.0490011 , -0.121008 , 0.0983533 , 0.0673236 , -0.118708
13.7196 , 0.0855024 , 0.0504037 , -0.122794 , 0.0951895 , 0.066862 , -0.120449
13.7645 , 0.0858275 , 0.0520655 , -0.125349 , 0.093801 , 0.0676585 , -0.122252
13.8067 , 0.086191 , 0.0538384 , -0.128091 , 0.0903752 , 0.0671395 , -0.126582
13.8497 , 0.084071 , 0.0543144 , -0.132224 , 0.0887638 , 0.0703036 , -0.129902
13.8886 , 0.085406 , 0.0567941 , -0.135285 , 0.0917192 , 0.0719039 , -0.133618
13.9346 , 0.0888298 , 0.0603206 , -0.138672 , 0.0934595 , 0.0732306 , -0.136994
13.9739 , 0.0854295 , 0.061616 , -0.141766 , 0.0909213 , 0.0738771 , -0.140648
14.0177 , 0.129723 , 0.075873 , -0.146127 , 0.114263 , 0.0785847 , -0.145342
14.056 , 0.08035 , 0.0664293 , -0.143376 , 0.102454 , 0.0811879 , -0.143985
14.1016 , 0.086524 , 0.0707083 , -0.146627 , 0.0966924 , 0.0808185 , -0.147356
14.1413 , 0.0872167 , 0.0733272 , -0.150403 , 0.0917446 , 0.0808713 , -0.14982
14.1869 , 0.0889208 , 0.0763118 , -0.153742 , 0.0869437 , 0.0832388 , -0.15236
14.2244 , 0.0882816 , 0.0789498 , -0.156619 , 0.0871933 , 0.0868411 , -0.155171
14.2684 , 0.0898193 , 0.0818249 , -0.158877 , 0.0604354 , 0.084787 , -0.149657
14.3133 , 0.0674757 , 0.0817474 , -0.153799 , 0.0817175 , 0.0897742 , -0.153796
14.3568 , 0.134584 , 0.100619 , -0.16029 , 0.104908 , 0.0945331 , -0.156735
14.4038 , 0.0773682 , 0.0853078 , -0.163443 , 0.10469 , 0.0985406 , -0.157507
14.4416 , 0.0904851 , 0.0904104 , -0.157963 , 0.0978744 , 0.0965039 , -0.156941
14.4878 , 0.0840316 , 0.0924701 , -0.146845 , 0.0995427 , 0.0943943 , -0.153583
14.5256 , 0.083136 , 0.0947031 , -0.137505 , 0.0978616 , 0.0958165 , -0.145164
14.5715 , 0.0829592 , 0.0943114 , -0.127794 , 0.0908428 , 0.0969902 , -0.132577
14.6082 , 0.0839906 , 0.0926815 , -0.118467 , 0.0904619 , 0.100428 , -0.122323
14.6573 , 0.0820287 , 0.0925751 , -0.105346 , 0.0943932 , 0.10042 , -0.114543
14.6963 , 0.0824248 , 0.0924893 , -0.0936991 , 0.0974755 , 0.100023 , -0.104717
14.7392 , 0.0816285 , 0.0898759 , -0.0805168 , 0.0988338 , 0.100337 , -0.0929673
14.7767 , 0.0798237 , 0.0884999 , -0.0685769 , 0.0983933 , 0.0998584 , -0.0815286
14.8248 , 0.0801399 , 0.0849949 , -0.0584085 , 0.0976872 , 0.0982943 , -0.0711
14.8641 , 0.0785212 , 0.0808828 , -0.049717 , 0.0790222 , 0.0932666 , -0.0592071
14.9074 , 0.0730072 , 0.0763167 , -0.0397278 , 0.0827208 , 0.0906486 , -0.0508851
14.9439 , 0.0699338 , 0.0705607 , -0.0337293 , 0.0874826 , 0.0882634 , -0.0460238
14.9912 , 0.0724257 , 0.0644145 , -0.0266869 , 0.087154 , 0.0839244 , -0.0427459
15.0273 , 0.0722876 , 0.0572828 , -0.0209862 , 0.0863207 , 0.0786842 , -0.0367222
15.0755 , 0.0726067 , 0.0500523 , -0.0150334 , 0.0818744 , 0.0721999 , -0.0276152
15.1116 , 0.0728744 , 0.0428134 , -0.0109661 , 0.0784219 , 0.0645108 , -0.018273
15.159 , 0.0707964 , 0.0349233 , -0.00475454 , 0.0746183 , 0.0568855 , -0.0106851
15.1956 , 0.0704848 , 0.0265663 , 0.00327715 , 0.0726373 , 0.049443 , -0.00124122
15.2451 , 0.0704199 , 0.0180617 , 0.0149984 , 0.0672937 , 0.0401432 , 0.0115362
15.2951 , 0.0701552 , 0.0100285 , 0.0295745 , 0.0640672 , 0.0325234 , 0.0299599
15.3403 , 0.0701404 , 0.00347338 , 0.0479031 , 0.0616163 , 0.0229217 , 0.052394
15.3781 , 0.0705022 , -0.00376278 , 0.0693866 , 0.0596482 , 0.0154119 , 0.0775566
15.4149 , 0.0703271 , -0.0105646 , 0.0946372 , 0.0593591 , 0.012616 , 0.0983004
15.4609 , 0.0691816 , -0.018639 , 0.114815 , 0.0570822 , 0.00451469 , 0.120299
15.4987 , 0.0673299 , -0.0276234 , 0.137838 , 0.0556173 , -0.00602944 , 0.144391
15.5445 , 0.0670297 , -0.0370818 , 0.167561 , 0.0552222 , -0.0171743 , 0.169236
15.5841 , 0.0657294 , -0.0474065 , 0.183694 , 0.0512768 , -0.0281041 , 0.19419
15.629 , 0.0631854 , -0.0563259 , 0.203797 , 0.0508865 , -0.0376385 , 0.210114
15.6665 , 0.0625054 , -0.0628179 , 0.219232 , 0.0507829 , -0.0459546 , 0.223622
15.7191 , 0.0610582 , -0.0688065 , 0.231527 , 0.0499888 , -0.0539949 , 0.231127
15.7669 , 0.0604872 , -0.067094 , 0.242213 , 0.0511887 , -0.0584336 , 0.238001
15.8156 , 0.0611116 , -0.0669161 , 0.243092 , 0.0527203 , -0.0591364 , 0.239341
15.8691 , 0.0607637 , -0.0638339 , 0.243596 , 0.0589067 , -0.0546964 , 0.236762
15.9144 , 0.0613249 , -0.0605128 , 0.24118 , 0.0644468 , -0.048909 , 0.230855
15.9527 , 0.0623275 , -0.0562164 , 0.233735 , 0.0681818 , -0.0442977 , 0.22185
15.9981 , 0.0633521 , -0.052782 , 0.225852 , 0.0725566 , -0.0404867 , 0.212286
16.0361 , 0.0642519 , -0.0503035 , 0.217617 , 0.0759775 , -0.0372049 , 0.203139
16.0875 , 0.0655267 , -0.0471783 , 0.207345 , 0.0795114 , -0.0337312 , 0.191337
16.1343 , 0.0667056 , -0.0435951 , 0.195693 , 0.0812572 , -0.0314791 , 0.180693
16.1844 , 0.0660002 , -0.0406542 , 0.184381 , 0.0815844 , -0.0291924 , 0.16996
16.2376 , 0.0656299 , -0.0380589 , 0.173691 , 0.0784901 , -0.0280964 , 0.157535
16.2802 , 0.0638666 , -0.0352365 , 0.161116 , 0.0750285 , -0.0267952 , 0.144637
16.321 , 0.0626021 , -0.0334358 , 0.147805 , 0.073408 , -0.0239315 , 0.132713
16.376 , 0.0615095 , -0.0301866 , 0.135296 , 0.0725474 , -0.0201442 , 0.120101
16.4251 , 0.0599955 , -0.026745 , 0.119981 , 0.073575 , -0.0135746 , 0.107417
16.4683 , 0.058915 , -0.0222236 , 0.104476 , 0.0739705 , -0.00698319 , 0.0923001
16.5122 , 0.0608086 , -0.0173528 , 0.0875738 , 0.0732362 , -0.00191279 , 0.0721638
16.5529 , 0.0582319 , -0.011189 , 0.0696057 , 0.0754813 , 0.0020844 , 0.0517579
16.5955 , 0.0600455 , -0.00372706 , 0.0530984 , 0.0762678 , 0.00655499 , 0.0313209
16.6434 , 0.0606744 , 0.00223984 , 0.0337202 , 0.0771627 , 0.0127122 , 0.0106288
16.692 , 0.06124 , 0.00881099 , 0.014828 , 0.0775259 , 0.0188789 , -0.0098028
16.74 , 0.0615361 , 0.0149396 , -0.00461445 , 0.0806509 , 0.0242928 , -0.0289249
16.7927 , 0.0638181 , 0.0202103 , -0.0230381 , 0.0797536 , 0.0316237 , -0.0469291
16.8459 , 0.0636669 , 0.0273396 , -0.0412765 , 0.0778589 , 0.0385722 , -0.0624058
16.8847 , 0.0634226 , 0.0341662 , -0.0567634 , 0.0778188 , 0.0464942 , -0.0761881
16.9309 , 0.0645261 , 0.0416277 , -0.0706687 , 0.0788188 , 0.0529734 , -0.085891
16.9706 , 0.0649898 , 0.0471883 , -0.0816934 , 0.0794138 , 0.0596469 , -0.0952008
17.0124 , 0.066103 , 0.0503837 , -0.0946216 , 0.0786339 , 0.0645286 , -0.103486
17.0568 , 0.0636288 , 0.0545424 , -0.104097 , 0.0779804 , 0.0707908 , -0.114984
17.1009 , 0.0651543 , 0.0616868 , -0.115483 , 0.0752094 , 0.0749767 , -0.123835
17.1399 , 0.0642426 , 0.0660031 , -0.124203 , 0.0729644 , 0.0785753 , -0.130598
17.177 , 0.06749 , 0.0688859 , -0.134121 , 0.0729607 , 0.081869 , -0.138018
17.2219 , 0.0656347 , 0.0721902 , -0.140821 , 0.0731735 , 0.084567 , -0.145208
17.2617 , 0.065404 , 0.0737081 , -0.145912 , 0.0695398 , 0.0838623 , -0.14902
17.3082 , 0.0614675 , 0.0726842 , -0.149129 , 0.0669703 , 0.0832276 , -0.151402
17.3488 , 0.0594515 , 0.0728457 , -0.151945 , 0.101851 , 0.0902464 , -0.162332
17.3916 , 0.093584 , 0.0782984 , -0.162578 , 0.0980235 , 0.0900801 , -0.164988
17.431 , 0.0919356 , 0.0747516 , -0.163658 , 0.0927971 , 0.0869354 , -0.164817
17.48 , 0.0908865 , 0.0745539 , -0.165037 , 0.0937202 , 0.0833027 , -0.162079
17.5256 , 0.0925008 , 0.0729347 , -0.1635 , 0.0917985 , 0.0822383 , -0.16224
17.5695 , 0.0916535 , 0.0720278 , -0.165121 , 0.0944031 , 0.0814075 , -0.159972
17.6096 , 0.0933613 , 0.0715863 , -0.163404 , 0.0934239 , 0.0795528 , -0.161191
17.6513 , 0.0913981 , 0.0704758 , -0.165862 , 0.0946164 , 0.0787294 , -0.162398
17.6993 , 0.0936854 , 0.0682761 , -0.164655 , 0.0934667 , 0.0771109 , -0.163855
17.7418 , 0.091845 , 0.0681411 , -0.166678 , 0.0929543 , 0.0765707 , -0.164025
17.7782 , 0.0908992 , 0.0676467 , -0.167148 , 0.0965472 , 0.0778376 , -0.159619
17.8145 , 0.0933622 , 0.0686611 , -0.163383 , 0.0950141 , 0.0763799 , -0.159033
17.8595 , 0.0919751 , 0.0675885 , -0.164429 , 0.0958101 , 0.0765601 , -0.160322
17.8961 , 0.0908924 , 0.0670128 , -0.165134 , 0.0926714 , 0.0760124 , -0.161442
17.946 , 0.094001 , 0.0676501 , -0.161878 , 0.0922493 , 0.0754419 , -0.160177
17.9834 , 0.0924252 , 0.0664018 , -0.162979 , 0.0922939 , 0.075095 , -0.158602
18.0294 , 0.091524 , 0.0654149 , -0.162979 , 0.0923065 , 0.0757724 , -0.158404
18.0734 , 0.0909249 , 0.064894 , -0.162568 , 0.0905313 , 0.0746462 , -0.157504
18.1144 , 0.0908525 , 0.0648594 , -0.162385 , 0.0910022 , 0.0763681 , -0.156547
18.1621 , 0.0917865 , 0.065855 , -0.161835 , 0.0901711 , 0.0757992 , -0.155825
18.2035 , 0.091005 , 0.065049 , -0.162358 , 0.0894828 , 0.0754831 , -0.156477
18.2485 , 0.090532 , 0.064847 , -0.162898 , 0.0891689 , 0.076375 , -0.156984
18.2944 , 0.0900668 , 0.0650381 , -0.163019 , 0.0883669 , 0.0774115 , -0.157326
18.3334 , 0.0896485 , 0.0654509 , -0.163764 , 0.0878256 , 0.0793747 , -0.157324
18.3786 , 0.089121 , 0.0651066 , -0.163935 , 0.0870133 , 0.0762372 , -0.157586
18.4184 , 0.0887878 , 0.0653978 , -0.164486 , 0.0864941 , 0.0764589 , -0.157418
18.4625 , 0.0884687 , 0.0646093 , -0.164784 , 0.0850068 , 0.0768918 , -0.158263
18.5036 , 0.087093 , 0.0646405 , -0.165753 , 0.0846864 , 0.0741714 , -0.158706
18.5475 , 0.0845492 , 0.0648602 , -0.163923 , 0.0837032 , 0.0722621 , -0.157466
18.5895 , 0.0836759 , 0.0623582 , -0.163545 , 0.0815279 , 0.0728091 , -0.156157
18.6298 , 0.0829547 , 0.0605523 , -0.16221 , 0.0646069 , 0.0695722 , -0.149342
18.6672 , 0.0671329 , 0.0570714 , -0.155889 , 0.0649712 , 0.0689098 , -0.148023
18.711 , 0.0667359 , 0.0562242 , -0.155919 , 0.0651644 , 0.0683341 , -0.148484
18.7477 , 0.0825557 , 0.0618025 , -0.151554 , 0.0734449 , 0.069739 , -0.147294
18.7853 , 0.0806972 , 0.056413 , -0.155286 , 0.0788217 , 0.0715412 , -0.14633
18.8336 , 0.0818701 , 0.0531491 , -0.154083 , 0.0773123 , 0.0677605 , -0.148524
18.8787 , 0.0590271 , 0.0483754 , -0.144965 , 0.0666044 , 0.0637043 , -0.143256
18.9175 , 0.0626316 , 0.0451481 , -0.143408 , 0.0617164 , 0.0600348 , -0.139656
18.9553 , 0.0647823 , 0.0418626 , -0.14064 , 0.0567169 , 0.0576752 , -0.137187
19.0021 , 0.0642717 , 0.0383489 , -0.137711 , 0.0572838 , 0.0539832 , -0.13423
19.0428 , 0.0667592 , 0.0345317 , -0.133466 , 0.0596855 , 0.0498129 , -0.130116
19.0854 , 0.0673696 , 0.0307498 , -0.128226 , 0.0604217 , 0.0463486 , -0.124576
19.1284 , 0.06647 , 0.0273232 , -0.121507 , 0.0579207 , 0.0449061 , -0.125645
19.1684 , 0.0674282 , 0.0251355 , -0.121891 , 0.0578813 , 0.037692 , -0.115439
19.207 , 0.0681152 , 0.0188506 , -0.111026 , 0.0579866 , 0.0326392 , -0.111668
19.2543 , 0.0685542 , 0.0137412 , -0.106675 , 0.0563516 , 0.0270831 , -0.108142
19.2958 , 0.0677984 , 0.0093819 , -0.101285 , 0.057201 , 0.021733 , -0.10451
19.3364 , 0.0647928 , 0.0045562 , -0.0958449 , 0.0606299 , 0.0149609 , -0.101886
19.3754 , 0.0679016 , -0.000110307 , -0.0930308 , 0.0621131 , 0.00907321 , -0.0974908
19.4207 , 0.0701919 , -0.00446757 , -0.0881215 , 0.0629141 , 0.0040327 , -0.0959428
19.4594 , 0.0703612 , -0.00843608 , -0.0864125 , 0.0641629 , -0.00244894 , -0.0941417
19.5048 , 0.0711891 , -0.0127227 , -0.0843099 , 0.0673384 , -0.00842485 , -0.0921456
19.5422 , 0.073137 , -0.0166114 , -0.0819165 , 0.0709768 , -0.0151855 , -0.0904413
19.5914 , 0.0748555 , -0.0208321 , -0.0799201 , 0.0748748 , -0.0205063 , -0.0888425
19.641 , 0.0759537 , -0.023519 , -0.078381 , 0.0790353 , -0.0242466 , -0.0873268
19.6884 , 0.0786374 , -0.0240355 , -0.0772511 , 0.0837908 , -0.0291366 , -0.085927
19.7286 , 0.0799987 , -0.026905 , -0.0784459 , 0.0898363 , -0.0319011 , -0.0851826
19.7775 , 0.0825742 , -0.0278303 , -0.0795017 , 0.095065 , -0.0321277 , -0.0837654
19.8308 , 0.0854446 , -0.026412 , -0.0781464 , 0.0994948 , -0.0315618 , -0.0815858
19.8791 , 0.0885391 , -0.0238292 , -0.0762113 , 0.103346 , -0.0300772 , -0.0795952
19.9259 , 0.0925081 , -0.0190994 , -0.0736297 , 0.107382 , -0.0264383 , -0.0767743
19.9799 , 0.0949683 , -0.0144008 , -0.0711097 , 0.110604 , -0.0218163 , -0.0719922
20.0217 , 0.0980329 , -0.0067104 , -0.0672017 , 0.116229 , -0.0149343 , -0.0655944
20.0616 , 0.103411 , 0.00201664 , -0.0617091 , 0.122315 , -0.00639288 , -0.0609226
20.1062 , 0.106994 , 0.0124452 , -0.0581603 , 0.126075 , 0.00442662 , -0.0570639
20.1454 , 0.120889 , 0.0284422 , -0.0536615 , 0.126156 , 0.0138411 , -0.0545938
20.1901 , 0.113081 , 0.0344291 , -0.0516952 , 0.13171 , 0.0260371 , -0.0469276
20.2294 , 0.11699 , 0.0451575 , -0.0461275 , 0.138752 , 0.0410134 , -0.0416217
20.2746 , 0.122876 , 0.0586739 , -0.0403257 , 0.139817 , 0.0583232 , -0.0323402
20.3106 , 0.124455 , 0.0729026 , -0.035408 , 0.139699 , 0.0757183 , -0.0244342
20.3512 , 0.131833 , 0.0881364 , -0.0332631 , 0.143974 , 0.0909412 , -0.0206889
20.394 , 0.130855 , 0.106355 , -0.0328844 , 0.150155 , 0.105874 , -0.022529
20.4294 , 0.133359 , 0.120208 , -0.0364561 , 0.149582 , 0.121227 , -0.0284391
20.4785 , 0.134075 , 0.134065 , -0.043893 , 0.146761 , 0.13856 , -0.0400389
20.5154 , 0.135148 , 0.147139 , -0.0561758 , 0.142828 , 0.155441 , -0.0559544
20.5615 , 0.135641 , 0.155923 , -0.0783865 , 0.134848 , 0.171309 , -0.0661298
20.5968 , 0.126969 , 0.164604 , -0.0955769 , 0.126698 , 0.183987 , -0.0798036
20.645 , 0.122396 , 0.171002 , -0.107638 , 0.118836 , 0.190994 , -0.0943343
20.69 , 0.118164 , 0.174661 , -0.116305 , 0.112882 , 0.193481 , -0.106931
20.7302 , 0.116391 , 0.177034 , -0.124018 , 0.104743 , 0.192651 , -0.115283
20.7691 , 0.112112 , 0.174349 , -0.128955 , 0.0995404 , 0.195857 , -0.123024
20.815 , 0.111215 , 0.174252 , -0.131837 , 0.0961103 , 0.197194 , -0.129537
20.8616 , 0.111626 , 0.173317 , -0.132439 , 0.0961123 , 0.197325 , -0.133262
20.8976 , 0.111805 , 0.17267 , -0.135961 , 0.10047 , 0.197291 , -0.132815
20.938 , 0.116257 , 0.171785 , -0.133877 , 0.104139 , 0.194794 , -0.133651
20.9813 , 0.11777 , 0.169091 , -0.133352 , 0.107771 , 0.193201 , -0.132673
21.0172 , 0.119549 , 0.167011 , -0.130656 , 0.111627 , 0.190403 , -0.129922
21.0655 , 0.122593 , 0.164152 , -0.127902 , 0.117391 , 0.18832 , -0.12759
21.1025 , 0.120517 , 0.16122 , -0.12587 , 0.121653 , 0.18518 , -0.125799
21.1486 , 0.124085 , 0.158518 , -0.12589 , 0.124328 , 0.180674 , -0.123726
21.1866 , 0.123691 , 0.154534 , -0.124842 , 0.127724 , 0.177091 , -0.121311
21.2316 , 0.123452 , 0.150666 , -0.123455 , 0.130115 , 0.171005 , -0.118679
21.2707 , 0.123614 , 0.146128 , -0.122229 , 0.132732 , 0.16473 , -0.115828
21.3153 , 0.122546 , 0.141321 , -0.120893 , 0.134367 , 0.15924 , -0.11386
21.3528 , 0.121514 , 0.135556 , -0.119022 , 0.134945 , 0.152822 , -0.113076
21.3996 , 0.120923 , 0.129888 , -0.117698 , 0.135525 , 0.144122 , -0.11214
21.4368 , 0.119177 , 0.122091 , -0.116877 , 0.135036 , 0.136234 , -0.111703
21.4846 , 0.116879 , 0.115442 , -0.115073 , 0.133604 , 0.128846 , -0.109596
21.5225 , 0.113986 , 0.109081 , -0.112103 , 0.131456 , 0.122991 , -0.107958
21.5681 , 0.112053 , 0.10512 , -0.109767 , 0.13104 , 0.115807 , -0.108528
21.6064 , 0.110762 , 0.09902 , -0.109119 , 0.129766 , 0.111267 , -0.107649
21.6511 , 0.109072 , 0.0942465 , -0.107572 , 0.128174 , 0.105896 , -0.107756
21.6887 , 0.107226 , 0.0899578 , -0.106674 , 0.125239 , 0.100955 , -0.107456
21.7354 , 0.105643 , 0.0864083 , -0.105813 , 0.12318 , 0.0966151 , -0.108015
21.7733 , 0.103072 , 0.0809942 , -0.10535 , 0.120971 , 0.0936256 , -0.10726
21.8201 , 0.101646 , 0.0781483 , -0.103821 , 0.116213 , 0.0879104 , -0.106915
21.858 , 0.0980235 , 0.0739403 , -0.104353 , 0.112075 , 0.0849673 , -0.107002
21.9026 , 0.0946742 , 0.0698383 , -0.105141 , 0.105719 , 0.0834606 , -0.108597
21.9406 , 0.0921508 , 0.0697294 , -0.108663 , 0.0999986 , 0.0843798 , -0.111074
21.987 , 0.090958 , 0.0721326 , -0.110066 , 0.116998 , 0.0945097 , -0.110447
22.0256 , 0.0750461 , 0.0735981 , -0.109006 , 0.106053 , 0.0980377 , -0.110623
22.0701 , 0.0825781 , 0.0772259 , -0.111565 , 0.127214 , 0.106881 , -0.118568
22.1085 , 0.113822 , 0.0857739 , -0.119024 , 0.117441 , 0.106829 , -0.121704
22.1548 , 0.112383 , 0.0869281 , -0.122072 , 0.111291 , 0.107496 , -0.124243
22.1929 , 0.111765 , 0.0891696 , -0.12479 , 0.107467 , 0.108019 , -0.126684
22.242 , 0.110123 , 0.0900781 , -0.12714 , 0.105 , 0.107254 , -0.128622
22.2894 , 0.108944 , 0.0906351 , -0.129631 , 0.104518 , 0.107041 , -0.130727
22.3345 , 0.107251 , 0.0904524 , -0.13142 , 0.103285 , 0.106879 , -0.132335
22.3735 , 0.106042 , 0.090171 , -0.13282 , 0.102901 , 0.106463 , -0.13371
22.4099 , 0.105109 , 0.089644 , -0.134121 , 0.101408 , 0.1059 , -0.134676
22.4573 , 0.104263 , 0.0895709 , -0.135149 , 0.101563 , 0.106135 , -0.135052
22.4954 , 0.103464 , 0.090187 , -0.13617 , 0.100681 , 0.10517 , -0.135711
22.544 , 0.102984 , 0.09027 , -0.136826 , 0.100016 , 0.104165 , -0.13653
22.5919 , 0.102538 , 0.0904855 , -0.13726 , 0.100883 , 0.104999 , -0.136425
22.6346 , 0.102735 , 0.0912544 , -0.137069 , 0.102104 , 0.105927 , -0.135708
22.6788 , 0.102665 , 0.091243 , -0.137062 , 0.101984 , 0.105119 , -0.135952
22.7258 , 0.102544 , 0.0912565 , -0.137243 , 0.102039 , 0.104391 , -0.135749
22.7726 , 0.10333 , 0.0919308 , -0.137471 , 0.102442 , 0.104416 , -0.135749
22.8103 , 0.103424 , 0.0926439 , -0.137898 , 0.103746 , 0.104462 , -0.135176
22.8527 , 0.103443 , 0.0930522 , -0.137215 , 0.10492 , 0.102677 , -0.132621
22.8966 , 0.104039 , 0.0921132 , -0.135292 , 0.103245 , 0.101913 , -0.130471
22.943 , 0.073114 , 0.0840714 , -0.126267 , 0.0837945 , 0.101061 , -0.124298
22.9796 , 0.0734937 , 0.0864545 , -0.123942 , 0.0737275 , 0.0984137 , -0.121385
23.0306 , 0.103514 , 0.0943956 , -0.127346 , 0.0863044 , 0.0993529 , -0.123125
23.0808 , 0.105476 , 0.0950845 , -0.129575 , 0.0920859 , 0.102898 , -0.121371
23.1276 , 0.104957 , 0.0959383 , -0.130306 , 0.0620816 , 0.0991676 , -0.11461
23.1665 , 0.0720093 , 0.0957889 , -0.126622 , 0.0613532 , 0.101122 , -0.114701
23.2119 , 0.0711487 , 0.0971316 , -0.127698 , 0.0637029 , 0.106822 , -0.120317
23.2501 , 0.0674299 , 0.0995391 , -0.13067 , 0.0933466 , 0.118969 , -0.130915
23.295 , 0.0985657 , 0.108807 , -0.139314 , 0.138543 , 0.136871 , -0.130393
23.3331 , 0.144077 , 0.125751 , -0.137709 , 0.136862 , 0.138475 , -0.1298
23.3795 , 0.141538 , 0.129976 , -0.136091 , 0.135536 , 0.139053 , -0.13154
23.417 , 0.13453 , 0.133108 , -0.134141 , 0.0679823 , 0.12292 , -0.128139
23.4633 , 0.0805514 , 0.119288 , -0.136003 , 0.0681602 , 0.123537 , -0.125487
23.5024 , 0.0952006 , 0.124849 , -0.131862 , 0.0615474 , 0.120249 , -0.12077
23.5485 , 0.0782923 , 0.119438 , -0.126191 , 0.0679147 , 0.125223 , -0.115651
23.5859 , 0.0729554 , 0.117555 , -0.120736 , 0.0885924 , 0.133522 , -0.11421
23.6319 , 0.0896967 , 0.122992 , -0.115486 , 0.0731457 , 0.131135 , -0.108177
23.6704 , 0.0760898 , 0.120463 , -0.110144 , 0.0736676 , 0.129271 , -0.103818
23.7157 , 0.0758118 , 0.119829 , -0.103684 , 0.0754961 , 0.129789 , -0.0986736
23.7522 , 0.0717247 , 0.123321 , -0.094188 , 0.0748443 , 0.127587 , -0.0938033
23.7992 , 0.0705163 , 0.120349 , -0.0884811 , 0.0772309 , 0.134373 , -0.0838867
23.8363 , 0.0720809 , 0.119796 , -0.0811109 , 0.0793332 , 0.135534 , -0.0788179
23.8841 , 0.0716965 , 0.120403 , -0.0732096 , 0.0806847 , 0.136531 , -0.076767
23.9372 , 0.0692834 , 0.118213 , -0.0694186 , 0.104043 , 0.130324 , -0.0775574
23.9873 , 0.0917103 , 0.109756 , -0.0737326 , 0.106427 , 0.128472 , -0.0856623
24.0334 , 0.092647 , 0.106962 , -0.0786149 , 0.107694 , 0.124994 , -0.0959287
24.0791 , 0.0798646 , 0.105495 , -0.087951 , 0.101145 , 0.120072 , -0.106063
24.1131 , 0.0767364 , 0.100243 , -0.0969003 , 0.0977046 , 0.114135 , -0.118489
24.1545 , 0.0908852 , 0.0961731 , -0.107659 , 0.103435 , 0.105712 , -0.128327
24.1988 , 0.0922441 , 0.088442 , -0.116306 , 0.0902114 , 0.0968356 , -0.140966
24.2387 , 0.0735343 , 0.0764449 , -0.120435 , 0.091541 , 0.0877126 , -0.14674
24.2849 , 0.0714487 , 0.0683247 , -0.125366 , 0.0911873 , 0.0777414 , -0.149164
24.3246 , 0.0711887 , 0.0574823 , -0.129604 , 0.0891707 , 0.0672533 , -0.151572
24.3676 , 0.0702891 , 0.0457931 , -0.130869 , 0.0874307 , 0.0542942 , -0.153073
24.4086 , 0.0675514 , 0.0345322 , -0.128041 , 0.0871241 , 0.0408611 , -0.148642
24.4515 , 0.071142 , 0.0213591 , -0.121601 , 0.080114 , 0.0276418 , -0.139005
24.493 , 0.0678904 , 0.00868217 , -0.107906 , 0.0741049 , 0.0138452 , -0.122486
24.5352 , 0.0660087 , -0.000337355 , -0.093289 , 0.0693822 , 0.00341375 , -0.103616
24.5769 , 0.0675336 , -0.00532171 , -0.0785447 , 0.0633113 , -0.00423187 , -0.0868634
24.6189 , 0.0713261 , -0.00596806 , -0.0649156 , 0.0587975 , -0.0054288 , -0.0718185
24.661 , 0.0657719 , -0.00672138 , -0.0569374 , 0.058505 , 0.000462003 , -0.0630606
24.7023 , 0.0667502 , -0.00263695 , -0.0502323 , 0.0535118 , 0.00283428 , -0.0559407
24.742 , 0.0678606 , 0.000993114 , -0.0480451 , 0.0511616 , 0.0066067 , -0.0471322
24.7882 , 0.0642141 , 0.00263666 , -0.0414508 , 0.0826905 , 0.013169 , -0.0482477
24.8255 , 0.0704751 , 0.00320895 , -0.0408982 , 0.0651946 , 0.0157327 , -0.0445952
24.8709 , 0.0677065 , 0.00473498 , -0.0407469 , 0.0566646 , 0.0160105 , -0.0421544
24.9064 , 0.0684677 , 0.00572028 , -0.0411361 , 0.0522444 , 0.016364 , -0.0399591
24.9472 , 0.0679261 , 0.00687257 , -0.0437101 , 0.0504479 , 0.0174763 , -0.0411337
24.9873 , 0.0664413 , 0.00860763 , -0.0481356 , 0.0503461 , 0.0204878 , -0.0479945
25.0241 , 0.0661608 , 0.0130995 , -0.0500699 , 0.0519558 , 0.021205 , -0.0550033
25.0647 , 0.0666654 , 0.0143491 , -0.0586705 , 0.0560576 , 0.0237513 , -0.0612372
25.1083 , 0.0678243 , 0.0172458 , -0.0644202 , 0.0610974 , 0.0270917 , -0.0676778
25.147 , 0.0704689 , 0.0214654 , -0.0718637 , 0.0669784 , 0.0310155 , -0.0761098
25.1912 , 0.0723245 , 0.0250562 , -0.0792424 , 0.0709662 , 0.0343282 , -0.0868742
25.231 , 0.0717554 , 0.0278694 , -0.0885013 , 0.074632 , 0.0380656 , -0.0981629
25.2756 , 0.0724223 , 0.0312595 , -0.0980253 , 0.078296 , 0.0404633 , -0.106643
25.3138 , 0.0728916 , 0.0339898 , -0.103759 , 0.0827921 , 0.0423233 , -0.111813
25.3606 , 0.0752434 , 0.0348381 , -0.107175 , 0.0861957 , 0.0428827 , -0.114748
25.4049 , 0.0767305 , 0.0368867 , -0.10901 , 0.0895065 , 0.0431846 , -0.115248
25.4427 , 0.0775038 , 0.0373469 , -0.108872 , 0.0923441 , 0.0416178 , -0.114299
25.4814 , 0.0795534 , 0.0360962 , -0.110888 , 0.0917871 , 0.0416449 , -0.111849
25.5266 , 0.0803434 , 0.0365733 , -0.11093 , 0.0922557 , 0.042448 , -0.112018
25.5645 , 0.0802765 , 0.038595 , -0.113368 , 0.0918075 , 0.0440437 , -0.11122
25.6117 , 0.0798888 , 0.0408869 , -0.112398 , 0.0897697 , 0.046022 , -0.10999
25.6498 , 0.108637 , 0.0380088 , -0.121618 , 0.103826 , 0.0472364 , -0.113078
25.6939 , 0.105851 , 0.0410203 , -0.121669 , 0.0913484 , 0.0462852 , -0.112749
25.7321 , 0.0873925 , 0.0410021 , -0.11957 , 0.0909625 , 0.0478729 , -0.113214
25.7782 , 0.0847853 , 0.0424619 , -0.123005 , 0.0897399 , 0.0504913 , -0.115279
25.8172 , 0.105628 , 0.0451907 , -0.132518 , 0.081701 , 0.0500197 , -0.118042
25.8618 , 0.0860938 , 0.0436132 , -0.129214 , 0.0862769 , 0.052365 , -0.120981
25.9001 , 0.0851004 , 0.0443712 , -0.131053 , 0.112699 , 0.0556464 , -0.131212
25.9466 , 0.1064 , 0.0455618 , -0.138711 , 0.109064 , 0.0558886 , -0.134228
25.9828 , 0.104578 , 0.0451467 , -0.141571 , 0.105683 , 0.0546513 , -0.136096
26.032 , 0.103191 , 0.0448299 , -0.145162 , 0.10403 , 0.0521731 , -0.140752
26.0686 , 0.102574 , 0.0441245 , -0.147808 , 0.103179 , 0.0517773 , -0.144284
26.1142 , 0.10241 , 0.0434675 , -0.149346 , 0.104183 , 0.0503177 , -0.147348
26.1521 , 0.102516 , 0.0427379 , -0.150471 , 0.105389 , 0.0491274 , -0.147982
26.2001 , 0.102791 , 0.0422961 , -0.150632 , 0.106683 , 0.0495881 , -0.148259
26.2515 , 0.102842 , 0.0415835 , -0.150509 , 0.107159 , 0.0495011 , -0.147908
26.2957 , 0.102587 , 0.041308 , -0.150867 , 0.106492 , 0.0476829 , -0.14936
26.3315 , 0.102249 , 0.0410142 , -0.150839 , 0.106133 , 0.0469143 , -0.149805
26.3692 , 0.10201 , 0.0412005 , -0.147539 , 0.106793 , 0.0466999 , -0.148699
26.4218 , 0.101797 , 0.0408679 , -0.145431 , 0.107203 , 0.0475914 , -0.146037
26.4655 , 0.10177 , 0.0406655 , -0.144412 , 0.107476 , 0.0483144 , -0.14374
26.5018 , 0.102054 , 0.0411102 , -0.141418 , 0.108228 , 0.049476 , -0.141402
26.5485 , 0.101443 , 0.0403456 , -0.141793 , 0.106735 , 0.0489302 , -0.141357
26.5874 , 0.101162 , 0.0400246 , -0.141675 , 0.105073 , 0.0483455 , -0.140308
26.632 , 0.10109 , 0.0395222 , -0.140564 , 0.105334 , 0.0491782 , -0.137314
26.6698 , 0.101613 , 0.0387259 , -0.138326 , 0.105388 , 0.0458636 , -0.136841
26.7186 , 0.102178 , 0.0378638 , -0.137034 , 0.104601 , 0.0471626 , -0.1351
26.7589 , 0.102333 , 0.0366449 , -0.136 , 0.103561 , 0.0486009 , -0.13385
26.8034 , 0.100954 , 0.0358546 , -0.133915 , 0.102516 , 0.0475378 , -0.131736
26.8448 , 0.101179 , 0.0337054 , -0.133354 , 0.100349 , 0.045759 , -0.131198
26.8899 , 0.101547 , 0.0314458 , -0.132843 , 0.0963935 , 0.0457624 , -0.129945
26.9343 , 0.076489 , 0.0306421 , -0.123092 , 0.0834517 , 0.0438442 , -0.124208
26.9801 , 0.0787308 , 0.0274734 , -0.121073 , 0.076132 , 0.0425625 , -0.119346
27.0249 , 0.0791069 , 0.0245524 , -0.117933 , 0.0736692 , 0.0388186 , -0.117191
27.0728 , 0.0804882 , 0.0210091 , -0.114351 , 0.0703699 , 0.0357696 , -0.113967
27.1298 , 0.0797925 , 0.0182359 , -0.110443 , 0.0710083 , 0.0315151 , -0.110218
27.1743 , 0.0784723 , 0.0155653 , -0.105978 , 0.07318 , 0.0276427 , -0.107196
27.2284 , 0.0772738 , 0.0134081 , -0.101199 , 0.0753959 , 0.0247982 , -0.103328
27.2739 , 0.0820981 , 0.00991677 , -0.0956819 , 0.0708849 , 0.0239925 , -0.0991021
27.32 , 0.0801103 , 0.00830034 , -0.0901555 , 0.0753341 , 0.0206627 , -0.0945418
27.3591 , 0.0758257 , 0.0063696 , -0.0845608 , 0.0772928 , 0.0158507 , -0.0897736
27.4035 , 0.073862 , 0.00151308 , -0.0796019 , 0.0781048 , 0.0110565 , -0.0851464
27.4391 , 0.072105 , -0.00417182 , -0.0738658 , 0.0782457 , 0.00577313 , -0.0798469
27.4809 , 0.0719106 , -0.00920289 , -0.0675439 , 0.0790742 , -0.000546658 , -0.0744434
27.5208 , 0.0720079 , -0.0155575 , -0.0622088 , 0.0802432 , -0.00750902 , -0.0675384
27.5586 , 0.0713562 , -0.0209789 , -0.0582835 , 0.0809993 , -0.013833 , -0.0626791
27.5997 , 0.0710098 , -0.0257528 , -0.0519075 , 0.0819293 , -0.0201301 , -0.0571424
27.6405 , 0.071019 , -0.0301202 , -0.0484921 , 0.0787154 , -0.0282956 , -0.0519878
27.6778 , 0.0721001 , -0.0350081 , -0.0456435 , 0.0784355 , -0.035852 , -0.0490454
27.7257 , 0.0726469 , -0.0405981 , -0.0412565 , 0.0788421 , -0.0418571 , -0.0466767
27.7622 , 0.0736321 , -0.042435 , -0.0402294 , 0.0801157 , -0.0451727 , -0.0428006
27.8133 , 0.0720149 , -0.0443418 , -0.0370839 , 0.0825168 , -0.0467142 , -0.0430271
27.8625 , 0.0768711 , -0.0428195 , -0.0378489 , 0.0808304 , -0.0492544 , -0.0419787
27.9135 , 0.0730021 , -0.0434013 , -0.0376233 , 0.0839297 , -0.0495212 , -0.0417127
27.9679 , 0.0750445 , -0.0406207 , -0.036646 , 0.0847334 , -0.0489522 , -0.0421163
28.017 , 0.0769137 , -0.038276 , -0.0359445 , 0.0873893 , -0.0465107 , -0.0392665
28.0609 , 0.0830787 , -0.0323816 , -0.0378135 , 0.094408 , -0.0410327 , -0.0381833
28.1114 , 0.0869352 , -0.0255517 , -0.0374953 , 0.101954 , -0.0328519 , -0.0405309
28.1577 , 0.0909263 , -0.015244 , -0.0405102 , 0.107152 , -0.025241 , -0.0421731
28.1996 , 0.0945771 , -0.00715511 , -0.0420672 , 0.113006 , -0.0179033 , -0.043843
28.2429 , 0.0977737 , 0.00112554 , -0.0461655 , 0.11909 , -0.00948062 , -0.0460086
28.2835 , 0.102824 , 0.011503 , -0.0513836 , 0.12666 , 0.000900691 , -0.0491682
28.333 , 0.10827 , 0.0214125 , -0.0536996 , 0.130577 , 0.0113868 , -0.0523268
28.375 , 0.108919 , 0.0334931 , -0.0586471 , 0.135316 , 0.0226564 , -0.0538651
28.4171 , 0.111677 , 0.0470273 , -0.0610679 , 0.139358 , 0.0366475 , -0.0540839
28.4657 , 0.115026 , 0.0612792 , -0.0641202 , 0.144396 , 0.0514947 , -0.055719
28.5171 , 0.119356 , 0.0772432 , -0.0679446 , 0.148537 , 0.066479 , -0.0580653
28.5688 , 0.126243 , 0.0936826 , -0.0761324 , 0.15505 , 0.0837332 , -0.0605073
28.6099 , 0.130477 , 0.110814 , -0.0832769 , 0.158349 , 0.101987 , -0.0632278
28.6496 , 0.134931 , 0.128859 , -0.0931718 , 0.16194 , 0.120526 , -0.0695134
28.6977 , 0.140675 , 0.148202 , -0.104021 , 0.164697 , 0.139226 , -0.0797228
28.741 , 0.142435 , 0.165066 , -0.121299 , 0.163866 , 0.15709 , -0.0949748
28.7873 , 0.140945 , 0.181641 , -0.142195 , 0.162414 , 0.174249 , -0.115625
28.8337 , 0.137593 , 0.19792 , -0.164029 , 0.158161 , 0.190557 , -0.141125
28.8824 , 0.141953 , 0.211077 , -0.194004 , 0.150786 , 0.207875 , -0.166875
28.9214 , 0.13359 , 0.225668 , -0.220191 , 0.141121 , 0.223048 , -0.197183
28.9671 , 0.124642 , 0.236197 , -0.249396 , 0.132183 , 0.237474 , -0.229715
29.0065 , 0.117998 , 0.249954 , -0.279319 , 0.123557 , 0.251638 , -0.2602
29.0461 , 0.113536 , 0.25938 , -0.30419 , 0.114472 , 0.26054 , -0.290027
29.0867 , 0.106841 , 0.266843 , -0.331909 , 0.10696 , 0.268767 , -0.317044
29.1321 , 0.0985189 , 0.274744 , -0.356621 , 0.0940725 , 0.281038 , -0.340234
29.168 , 0.0916314 , 0.280872 , -0.371606 , 0.0834923 , 0.290268 , -0.359353
29.2091 , 0.0878293 , 0.283945 , -0.382313 , 0.0768185 , 0.29313 , -0.374034
29.249 , 0.0877933 , 0.287763 , -0.389417 , 0.0746434 , 0.297394 , -0.385449
29.2945 , 0.0867639 , 0.291172 , -0.393417 , 0.0746056 , 0.300068 , -0.390348
29.3385 , 0.0857511 , 0.290849 , -0.394331 , 0.0757148 , 0.301368 , -0.393416
29.3889 , 0.0877035 , 0.289468 , -0.392673 , 0.0756304 , 0.302465 , -0.397967
29.4399 , 0.0887663 , 0.286989 , -0.391906 , 0.0804352 , 0.302788 , -0.401003
29.4873 , 0.0925033 , 0.284433 , -0.389036 , 0.0873883 , 0.3018 , -0.40091
29.5239 , 0.0946834 , 0.283978 , -0.390606 , 0.0965619 , 0.301248 , -0.396544
29.5717 , 0.0995071 , 0.282951 , -0.385125 , 0.102998 , 0.302625 , -0.388566
29.6086 , 0.0943908 , 0.279428 , -0.380059 , 0.106517 , 0.297604 , -0.383874
29.6561 , 0.104835 , 0.280418 , -0.375854 , 0.165806 , 0.317118 , -0.393594
29.7042 , 0.105274 , 0.277088 , -0.375654 , 0.14279 , 0.303342 , -0.382985
29.7424 , 0.110466 , 0.270087 , -0.368338 , 0.128363 , 0.290804 , -0.369712
29.789 , 0.113309 , 0.263151 , -0.364581 , 0.127824 , 0.283686 , -0.3589
29.8326 , 0.112925 , 0.258568 , -0.357221 , 0.133227 , 0.274976 , -0.35019
29.8712 , 0.11516 , 0.250355 , -0.349411 , 0.1384 , 0.266006 , -0.337941
29.9091 , 0.116104 , 0.241571 , -0.340476 , 0.145364 , 0.256579 , -0.327107
29.9574 , 0.119685 , 0.234173 , -0.330963 , 0.148912 , 0.249529 , -0.315567
30.0002 , 0.118812 , 0.225098 , -0.322456 , 0.15171 , 0.242017 , -0.305331
30.038 , 0.121235 , 0.216198 , -0.313175 , 0.153387 , 0.23408 , -0.295334
30.08 , 0.120412 , 0.207401 , -0.303201 , 0.153179 , 0.22508 , -0.2859
30.1194 , 0.120211 , 0.198375 , -0.294322 , 0.152949 , 0.216261 , -0.276939
30.1614 , 0.119367 , 0.189536 , -0.284107 , 0.153453 , 0.209103 , -0.268588
30.2068 , 0.117485 , 0.182288 , -0.275589 , 0.149014 , 0.199699 , -0.260885
30.2453 , 0.114883 , 0.173305 , -0.268715 , 0.146821 , 0.191191 , -0.2548
30.2923 , 0.113499 , 0.164938 , -0.26161 , 0.143443 , 0.182539 , -0.250446
30.33 , 0.11135 , 0.156335 , -0.255446 , 0.14189 , 0.175131 , -0.243636
30.3745 , 0.110267 , 0.149151 , -0.249019 , 0.140581 , 0.166983 , -0.238443
30.4127 , 0.108768 , 0.140616 , -0.243795 , 0.137411 , 0.157981 , -0.235458
30.4589 , 0.105012 , 0.132641 , -0.239536 , 0.134106 , 0.150041 , -0.232773
30.4974 , 0.104306 , 0.127414 , -0.236853 , 0.138976 , -0.275179 , -0.234255
30.5424 , 0.0955296 , 0.114012 , -0.239006 , 0.131462 , -0.0618852 , -0.209132
30.5804 , 0.0964898 , 0.11029 , -0.234467 , 0.122996 , 0.0738331 , -0.229087
30.6273 , 0.0966748 , 0.106137 , -0.231756 , 0.110555 , 0.109118 , -0.235927
30.6661 , 0.094097 , 0.102147 , -0.231578 , 0.105675 , 0.117545 , -0.236871
30.7133 , 0.0912809 , 0.0944114 , -0.231696 , 0.10145 , 0.117395 , -0.236328
30.7677 , 0.0895165 , 0.0895823 , -0.234247 , 0.137294 , 0.118067 , -0.243628
30.8171 , 0.123773 , 0.0879754 , -0.246682 , 0.136067 , 0.115215 , -0.246342
30.8662 , 0.123633 , 0.0864531 , -0.247434 , 0.133608 , 0.11099 , -0.245884
30.9204 , 0.12245 , 0.0850015 , -0.247917 , 0.131349 , 0.10648 , -0.246781
30.9679 , 0.120478 , 0.0824043 , -0.24759 , 0.128379 , 0.102647 , -0.24813
31.019 , 0.118388 , 0.0802831 , -0.247067 , 0.125448 , 0.0998139 , -0.248202
31.066 , 0.116406 , 0.0786168 , -0.245501 , 0.122433 , 0.0966445 , -0.24808
31.1163 , 0.114289 , 0.0766968 , -0.243835 , 0.119505 , 0.0935307 , -0.24757
31.1693 , 0.112541 , 0.075374 , -0.242597 , 0.116732 , 0.0915544 , -0.246185
31.2188 , 0.110422 , 0.0733311 , -0.242181 , 0.114631 , 0.0889557 , -0.244171
31.2645 , 0.10911 , 0.0719108 , -0.240814 , 0.114828 , 0.0890552 , -0.240799
31.308 , 0.109392 , 0.0724436 , -0.238152 , 0.115539 , 0.0878421 , -0.236309
31.3556 , 0.108928 , 0.0705129 , -0.23555 , 0.114656 , 0.0866172 , -0.232823
31.4019 , 0.107762 , 0.0691322 , -0.232916 , 0.114198 , 0.0847126 , -0.23201
31.4525 , 0.108057 , 0.0696035 , -0.229229 , 0.113436 , 0.0832988 , -0.230368
31.5053 , 0.107424 , 0.0684487 , -0.230491 , 0.111796 , 0.0814675 , -0.230152
31.5549 , 0.10642 , 0.0670608 , -0.231366 , 0.110404 , 0.079918 , -0.231217
31.6011 , 0.105818 , 0.0662259 , -0.231432 , 0.110826 , 0.0798279 , -0.230734
31.6379 , 0.105647 , 0.0658626 , -0.230941 , 0.111525 , 0.0788561 , -0.229781
31.6837 , 0.105229 , 0.0652593 , -0.230676 , 0.111144 , 0.0777682 , -0.226777
31.721 , 0.104556 , 0.0647337 , -0.229031 , 0.110992 , 0.0763032 , -0.2251
31.768 , 0.104441 , 0.0649052 , -0.230212 , 0.10891 , 0.0757518 , -0.226677
31.8072 , 0.103523 , 0.0645987 , -0.23104 , 0.107787 , 0.0755823 , -0.227263
31.8509 , 0.102744 , 0.0644288 , -0.231465 , 0.10698 , 0.0753473 , -0.227678
31.8879 , 0.102111 , 0.0643254 , -0.231998 , 0.106835 , 0.075725 , -0.227514
31.9409 , 0.101315 , 0.063752 , -0.232407 , 0.105495 , 0.0748487 , -0.227448
31.9908 , 0.100712 , 0.0634989 , -0.233119 , 0.103249 , 0.0743421 , -0.227972
32.0368 , 0.0996315 , 0.0634703 , -0.233843 , 0.101556 , 0.0743828 , -0.228383
32.0738 , 0.098891 , 0.0629029 , -0.235237 , 0.0985244 , 0.0737647 , -0.230222
32.1177 , 0.0977154 , 0.062618 , -0.236681 , 0.0958889 , 0.0722862 , -0.232025
32.1579 , 0.0969083 , 0.062147 , -0.238173 , 0.0944475 , 0.070876 , -0.233297
32.2017 , 0.0963322 , 0.0614534 , -0.23867 , 0.0945543 , 0.0719309 , -0.232722
32.2417 , 0.0959636 , 0.0606519 , -0.238779 , 0.0938147 , 0.0706271 , -0.233014
32.2857 , 0.0954869 , 0.0597008 , -0.239152 , 0.0924953 , 0.068578 , -0.234462
32.3218 , 0.0946478 , 0.0588262 , -0.240182 , 0.0913605 , 0.0692152 , -0.234486
32.362 , 0.0936192 , 0.0583178 , -0.241167 , 0.0906032 , 0.0680511 , -0.235203
32.4054 , 0.0927817 , 0.0574599 , -0.241213 , 0.0901138 , 0.0673494 , -0.234637
32.4421 , 0.0921791 , 0.0567033 , -0.239649 , 0.0900649 , 0.0661065 , -0.230952
32.4885 , 0.0632402 , 0.0576991 , -0.221279 , 0.0725308 , 0.0655463 , -0.22035
32.5267 , 0.064351 , 0.0582137 , -0.222447 , 0.0641801 , 0.0666394 , -0.215924
32.5787 , 0.0634765 , 0.0577549 , -0.222867 , 0.0599369 , 0.066382 , -0.217026
32.6219 , 0.0880876 , 0.0602493 , -0.229056 , 0.0745881 , 0.0672618 , -0.222495
32.6632 , 0.089316 , 0.0589229 , -0.229438 , 0.0823267 , 0.0668125 , -0.22434
32.7064 , 0.0906891 , 0.0581599 , -0.228495 , 0.0888362 , 0.0649131 , -0.223732
32.7429 , 0.091422 , 0.0569743 , -0.228186 , 0.0913727 , 0.0634957 , -0.222561
32.7946 , 0.0921055 , 0.056405 , -0.227887 , 0.0929403 , 0.0636619 , -0.222145
32.8391 , 0.0926437 , 0.0560025 , -0.227794 , 0.0632235 , 0.0607435 , -0.206838
32.8786 , 0.0640734 , 0.0541199 , -0.213978 , 0.0646083 , 0.0602469 , -0.203997
32.9278 , 0.063866 , 0.0548363 , -0.214421 , 0.0654758 , 0.0612852 , -0.206297
32.9783 , 0.0616329 , 0.0546543 , -0.210642 , 0.0641156 , 0.062433 , -0.204998
33.0285 , 0.0616265 , 0.0548674 , -0.21057 , 0.0623001 , 0.0628583 , -0.203693
33.0786 , 0.0612177 , 0.0550434 , -0.209723 , 0.0609627 , 0.0627054 , -0.202178
33.1238 , 0.0605389 , 0.0551031 , -0.209222 , 0.0598208 , 0.0627392 , -0.202015
33.1605 , 0.0599378 , 0.0550925 , -0.209247 , 0.0593726 , 0.0622139 , -0.202216
33.1981 , 0.0593088 , 0.0549324 , -0.209116 , 0.0888705 , 0.0633572 , -0.208902
33.2445 , 0.0869084 , 0.0561435 , -0.215479 , 0.0878918 , 0.0642524 , -0.20986
33.2823 , 0.096944 , 0.0573049 , -0.21428 , 0.0920086 , 0.06418 , -0.20839
33.3277 , 0.0973651 , 0.0575017 , -0.214908 , 0.0961427 , 0.064949 , -0.207762
33.3647 , 0.0978072 , 0.0574452 , -0.215265 , 0.0971529 , 0.0644766 , -0.20799
33.4117 , 0.0980487 , 0.0573806 , -0.215739 , 0.0983487 , 0.0643497 , -0.208969
33.4491 , 0.0982182 , 0.0572412 , -0.21625 , 0.0989046 , 0.0643134 , -0.209907
33.4966 , 0.0988029 , 0.0578747 , -0.216565 , 0.099088 , 0.0639652 , -0.209614
33.5338 , 0.0990765 , 0.0573477 , -0.215605 , 0.0995953 , 0.0636488 , -0.208508
33.5786 , 0.0993956 , 0.0567551 , -0.214546 , 0.0999 , 0.0635253 , -0.207247
33.6157 , 0.0997043 , 0.0564818 , -0.213822 , 0.0994234 , 0.0632456 , -0.206532
33.6631 , 0.0996247 , 0.0563823 , -0.213776 , 0.0661524 , 0.0614886 , -0.193159
33.7003 , 0.0685228 , 0.0552905 , -0.201861 , 0.0672456 , 0.0609992 , -0.191629
33.75 , 0.067936 , 0.0555877 , -0.202294 , 0.0688768 , 0.0623153 , -0.193922
33.8007 , 0.0676264 , 0.0555247 , -0.201791 , 0.0689403 , 0.0631642 , -0.194356
33.8453 , 0.0674965 , 0.0554201 , -0.200818 , 0.0682631 , 0.0631102 , -0.193911
33.8822 , 0.0673304 , 0.0553081 , -0.20029 , 0.0671888 , 0.0624458 , -0.193043
33.922 , 0.0668011 , 0.0553704 , -0.200228 , 0.0661732 , 0.0623077 , -0.192491
33.9653 , 0.0664143 , 0.0554565 , -0.200342 , 0.0658504 , 0.0621884 , -0.192545
34.0015 , 0.0661519 , 0.0554405 , -0.200271 , 0.0999075 , 0.0644557 , -0.202401
34.0486 , 0.0982561 , 0.0574578 , -0.20829 , 0.0700037 , 0.0610585 , -0.191868
34.0858 , 0.0698147 , 0.0539429 , -0.197525 , 0.069737 , 0.0604922 , -0.188776
34.1336 , 0.0695045 , 0.054457 , -0.197662 , 0.0703229 , 0.0604589 , -0.190377
34.1705 , 0.069034 , 0.0549682 , -0.197854 , 0.0699663 , 0.0615985 , -0.191187
34.2177 , 0.0982063 , 0.0581769 , -0.208689 , 0.0870722 , 0.0627398 , -0.198705
34.2549 , 0.0985079 , 0.0577991 , -0.208524 , 0.0646575 , 0.0596022 , -0.192132
34.3044 , 0.0697806 , 0.0541943 , -0.19891 , 0.0712139 , 0.0596823 , -0.1907
34.3531 , 0.069524 , 0.0545576 , -0.198636 , 0.10527 , 0.0645038 , -0.201277
34.3999 , 0.0992571 , 0.0579758 , -0.207231 , 0.104476 , 0.0659934 , -0.203043
34.4361 , 0.0994653 , 0.057604 , -0.207311 , 0.101845 , 0.065573 , -0.201714
34.4759 , 0.0994899 , 0.0574642 , -0.207587 , 0.100788 , 0.0641319 , -0.201361
34.5182 , 0.0995388 , 0.0574935 , -0.207954 , 0.0999999 , 0.0642127 , -0.20123
34.5593 , 0.0995826 , 0.0574368 , -0.208077 , 0.100645 , 0.0641773 , -0.201362
34.6019 , 0.0996423 , 0.0574333 , -0.208017 , 0.100669 , 0.0640807 , -0.201317
34.6435 , 0.0997034 , 0.0572159 , -0.207749 , 0.100714 , 0.0648361 , -0.201115
34.6843 , 0.0998341 , 0.0569252 , -0.207787 , 0.101126 , 0.0641905 , -0.20168
34.7215 , 0.0998813 , 0.0565749 , -0.207882 , 0.101038 , 0.0634985 , -0.201907
34.7573 , 0.0997548 , 0.0559858 , -0.208354 , 0.101338 , 0.0634185 , -0.201972
34.8101 , 0.0997904 , 0.0557398 , -0.208411 , 0.101477 , 0.0633192 , -0.202081
34.8586 , 0.100016 , 0.0550375 , -0.208545 , 0.101621 , 0.0632911 , -0.202495
34.9093 , 0.100106 , 0.054971 , -0.208322 , 0.101283 , 0.0629368 , -0.202553
34.9634 , 0.100184 , 0.0546351 , -0.208275 , 0.100914 , 0.0625116 , -0.202518
35.0133 , 0.100285 , 0.0545758 , -0.208174 , 0.100351 , 0.0617065 , -0.20229
35.0579 , 0.100312 , 0.054156 , -0.208473 , 0.100643 , 0.0616435 , -0.201924
35.1131 , 0.100376 , 0.0540241 , -0.208459 , 0.0698082 , 0.0599751 , -0.19122
35.174 , 0.0702994 , 0.0521597 , -0.19884 , 0.0713104 , 0.0597032 , -0.190107
35.2207 , 0.0698444 , 0.0526084 , -0.198569 , 0.072117 , 0.0607455 , -0.192016
35.2638 , 0.0698829 , 0.0525976 , -0.198535 , 0.0713179 , 0.0613309 , -0.193307
35.3043 , 0.0697063 , 0.0528648 , -0.198896 , 0.0705471 , 0.0606651 , -0.19354
35.3465 , 0.0693428 , 0.0531978 , -0.198781 , 0.0998287 , 0.0638708 , -0.203107
35.3922 , 0.0970737 , 0.0561615 , -0.208452 , 0.0985697 , 0.0650055 , -0.204952
35.43 , 0.0974169 , 0.0557807 , -0.208146 , 0.0989442 , 0.0642957 , -0.203514
35.4746 , 0.0980652 , 0.0550643 , -0.207913 , 0.0993941 , 0.0631152 , -0.202536
35.5124 , 0.0981552 , 0.0549164 , -0.207855 , 0.0994986 , 0.0629094 , -0.202619
35.5658 , 0.0984054 , 0.0548188 , -0.207916 , 0.0999037 , 0.0629108 , -0.202838
35.611 , 0.098721 , 0.0546792 , -0.207966 , 0.100509 , 0.0627233 , -0.202851
35.6525 , 0.098798 , 0.0545807 , -0.207874 , 0.100643 , 0.0630451 , -0.202933
35.6993 , 0.0991978 , 0.0540133 , -0.207608 , 0.100608 , 0.0624788 , -0.202947
35.7463 , 0.0992845 , 0.0539567 , -0.207407 , 0.100761 , 0.0617241 , -0.202716
35.7967 , 0.0994171 , 0.0537707 , -0.207163 , 0.100979 , 0.0617156 , -0.202343
35.8519 , 0.0995377 , 0.0537588 , -0.20707 , 0.101095 , 0.0618835 , -0.202295
35.8944 , 0.0995789 , 0.0537731 , -0.206986 , 0.101422 , 0.0620047 , -0.202102
35.9378 , 0.0997028 , 0.053776 , -0.206739 , 0.101404 , 0.0621357 , -0.202351
35.9784 , 0.0997436 , 0.0538817 , -0.206458 , 0.101566 , 0.0623329 , -0.202319
36.0148 , 0.0997862 , 0.0539177 , -0.206271 , 0.101226 , 0.0620493 , -0.202409
36.0624 , 0.0997862 , 0.0539177 , -0.206271 , 0.101145 , 0.0613042 , -0.202722
36.0994 , 0.0998107 , 0.0540661 , -0.206172 , 0.101441 , 0.061759 , -0.202213
36.1478 , 0.0998107 , 0.0540661 , -0.206172 , 0.101623 , 0.0623076 , -0.201851
