832

0.024248 , 0.398315 , -0.055355 , -0.111179 , 0.291382 , -0.0752431 , -0.0666993
0.064605 , 0.397684 , -0.0546645 , -0.110328 , 0.294207 , -0.0714019 , -0.0531411
0.110522 , 0.398053 , -0.0547689 , -0.110466 , 0.310885 , -0.0725123 , -0.0732295
0.1502 , 0.398291 , -0.0546783 , -0.11039 , 0.318668 , -0.0727548 , -0.0899867
0.19522 , 0.39798 , -0.0542889 , -0.109928 , 0.321916 , -0.0733341 , -0.0942687
0.234407 , 0.398022 , -0.0543749 , -0.10987 , 0.324136 , -0.073431 , -0.0934834
0.277776 , 0.398037 , -0.054224 , -0.109625 , 0.325859 , -0.0719438 , -0.092259
0.315207 , 0.398634 , -0.054163 , -0.10979 , 0.329125 , -0.0697227 , -0.0925414
0.36137 , 0.398633 , -0.0538505 , -0.109745 , 0.333082 , -0.0679263 , -0.0926128
0.400228 , 0.398915 , -0.0536615 , -0.109684 , 0.336072 , -0.0666249 , -0.0929746
0.442086 , 0.398703 , -0.0537554 , -0.109547 , 0.336635 , -0.0658229 , -0.0935098
0.482972 , 0.398664 , -0.0538418 , -0.109497 , 0.337774 , -0.0655284 , -0.0949117
0.530529 , 0.399513 , -0.0539645 , -0.109986 , 0.339816 , -0.0657993 , -0.0971622
0.569604 , 0.399238 , -0.0536481 , -0.109813 , 0.340055 , -0.0659592 , -0.0973733
0.613877 , 0.399668 , -0.053902 , -0.109994 , 0.341044 , -0.0656973 , -0.0984876
0.653675 , 0.399896 , -0.0540036 , -0.110099 , 0.342155 , -0.0652299 , -0.0991451
0.698131 , 0.400288 , -0.0544974 , -0.110381 , 0.342396 , -0.0653566 , -0.0992953
0.736718 , 0.400298 , -0.0544933 , -0.110377 , 0.340435 , -0.0646691 , -0.0978975
0.781958 , 0.399967 , -0.0541888 , -0.110215 , 0.341305 , -0.0643169 , -0.0986605
0.81986 , 0.399985 , -0.0539908 , -0.110151 , 0.343925 , -0.0637741 , -0.100531
0.871326 , 0.400751 , -0.0537951 , -0.110463 , 0.344335 , -0.0633268 , -0.100293
0.919417 , 0.40114 , -0.0538171 , -0.110656 , 0.34468 , -0.0632427 , -0.100569
0.964058 , 0.401244 , -0.0536102 , -0.110774 , 0.342551 , -0.0636854 , -0.0994687
1.00168 , 0.400831 , -0.0539045 , -0.110221 , 0.343981 , -0.0632631 , -0.100758
1.04352 , 0.400581 , -0.0536893 , -0.11012 , 0.343818 , -0.0628225 , -0.100797
1.08601 , 0.40182 , -0.0537062 , -0.110685 , 0.345043 , -0.0627217 , -0.101678
1.13345 , 0.402154 , -0.0538383 , -0.110879 , 0.345104 , -0.0625437 , -0.101749
1.17172 , 0.402154 , -0.0538383 , -0.110879 , 0.345605 , -0.0624001 , -0.101737
1.21584 , 0.403149 , -0.0540678 , -0.111416 , 0.348328 , -0.0621896 , -0.102865
1.25276 , 0.403184 , -0.0537838 , -0.111317 , 0.348232 , -0.0617527 , -0.103711
1.28974 , 0.403456 , -0.0536329 , -0.111388 , 0.348658 , -0.0614756 , -0.104242
1.33679 , 0.403456 , -0.0536329 , -0.111388 , 0.34817 , -0.0620231 , -0.102979
1.37535 , 0.403209 , -0.0531469 , -0.111258 , 0.349857 , -0.0611878 , -0.103592
1.41891 , 0.403791 , -0.0532992 , -0.111681 , 0.348509 , -0.0611864 , -0.103772
1.45828 , 0.404009 , -0.0530903 , -0.111705 , 0.348471 , -0.0613788 , -0.104246
1.5038 , 0.404222 , -0.05311 , -0.111855 , 0.348399 , -0.0615687 , -0.103597
1.54201 , 0.403924 , -0.0528463 , -0.111667 , 0.348785 , -0.0613383 , -0.103276
1.58875 , 0.404348 , -0.0530117 , -0.111854 , 0.350747 , -0.0609012 , -0.105244
1.62677 , 0.406126 , -0.0529066 , -0.112906 , 0.350575 , -0.0601185 , -0.105331
1.6717 , 0.407215 , -0.0515237 , -0.113358 , 0.349858 , -0.0595005 , -0.104444
1.71017 , 0.406985 , -0.0513211 , -0.113238 , 0.350699 , -0.0597269 , -0.104663
1.75591 , 0.409667 , -0.0504015 , -0.113879 , 0.355308 , -0.0592421 , -0.107581
1.79524 , 0.41254 , -0.0501761 , -0.115457 , 0.357147 , -0.0581708 , -0.108798
1.83559 , 0.414578 , -0.0498339 , -0.116445 , 0.35819 , -0.0573238 , -0.108771
1.87726 , 0.416358 , -0.0480697 , -0.116923 , 0.361949 , -0.0572165 , -0.110685
1.92193 , 0.420323 , -0.0480004 , -0.118731 , 0.363766 , -0.0563737 , -0.111795
1.96234 , 0.423381 , -0.0467334 , -0.119742 , 0.368041 , -0.0548413 , -0.114131
2.00566 , 0.426834 , -0.0459451 , -0.120874 , 0.371096 , -0.054387 , -0.115512
2.04486 , 0.431483 , -0.0454312 , -0.122618 , 0.374266 , -0.0540942 , -0.115722
2.09018 , 0.43534 , -0.0446722 , -0.123232 , 0.379422 , -0.0532412 , -0.117169
2.12875 , 0.441355 , -0.0437803 , -0.125026 , 0.387988 , -0.0509314 , -0.120851
2.17537 , 0.448647 , -0.0429576 , -0.126907 , 0.393963 , -0.0504114 , -0.123249
2.21321 , 0.456341 , -0.0422655 , -0.129101 , 0.400341 , -0.05167 , -0.125265
2.25771 , 0.462008 , -0.0435043 , -0.130893 , 0.407847 , -0.0533629 , -0.128049
2.29518 , 0.470835 , -0.0442781 , -0.134106 , 0.414289 , -0.0524217 , -0.131367
2.34178 , 0.478038 , -0.0426584 , -0.136091 , 0.420446 , -0.0505304 , -0.133742
2.37895 , 0.485924 , -0.0418404 , -0.13731 , 0.427495 , -0.0503525 , -0.135591
2.42801 , 0.493054 , -0.0423376 , -0.139811 , 0.431556 , -0.0512411 , -0.137132
2.47611 , 0.499159 , -0.0444181 , -0.142098 , 0.438719 , -0.0537013 , -0.139794
2.5142 , 0.506131 , -0.0473508 , -0.1453 , 0.445275 , -0.0539319 , -0.142924
2.56037 , 0.510755 , -0.0479032 , -0.147679 , 0.450101 , -0.0552268 , -0.145875
2.60227 , 0.515156 , -0.0494474 , -0.150105 , 0.453136 , -0.0588135 , -0.145457
2.64719 , 0.518661 , -0.0519564 , -0.150512 , 0.456696 , -0.0622112 , -0.146
2.6938 , 0.523354 , -0.0576504 , -0.152923 , 0.458797 , -0.0676665 , -0.14857
2.73042 , 0.5251 , -0.0652515 , -0.154725 , 0.46143 , -0.076662 , -0.151085
2.77729 , 0.525897 , -0.0756232 , -0.156819 , 0.461733 , -0.0865685 , -0.152802
2.81355 , 0.526347 , -0.085909 , -0.157853 , 0.460755 , -0.0941187 , -0.152886
2.84964 , 0.523993 , -0.0965256 , -0.154973 , 0.451932 , -0.10404 , -0.150896
2.89595 , 0.520825 , -0.107957 , -0.158253 , 0.450047 , -0.116261 , -0.149871
2.93517 , 0.517029 , -0.119792 , -0.158787 , 0.446165 , -0.130486 , -0.14925
2.97983 , 0.51302 , -0.133799 , -0.158258 , 0.441493 , -0.141539 , -0.147115
3.01973 , 0.507093 , -0.145729 , -0.156505 , 0.436633 , -0.15359 , -0.144028
3.06482 , 0.502624 , -0.159687 , -0.157577 , 0.430674 , -0.165427 , -0.141288
3.10875 , 0.496109 , -0.17279 , -0.15678 , 0.423764 , -0.177227 , -0.139816
3.15378 , 0.489021 , -0.186041 , -0.156125 , 0.415518 , -0.190952 , -0.136648
3.20454 , 0.482417 , -0.201041 , -0.154395 , 0.408458 , -0.204461 , -0.134181
3.25168 , 0.475344 , -0.215666 , -0.154348 , 0.401568 , -0.2175 , -0.130991
3.30669 , 0.46866 , -0.233222 , -0.153417 , 0.395403 , -0.231852 , -0.128691
3.35506 , 0.46179 , -0.24703 , -0.151996 , 0.388263 , -0.245403 , -0.126366
3.40333 , 0.454759 , -0.258129 , -0.150084 , 0.38157 , -0.257193 , -0.123152
3.45072 , 0.448157 , -0.270662 , -0.148536 , 0.374049 , -0.268188 , -0.120192
3.49261 , 0.44135 , -0.284557 , -0.148145 , 0.367246 , -0.278107 , -0.116647
3.5332 , 0.435036 , -0.294568 , -0.146933 , 0.361134 , -0.290069 , -0.113764
3.57119 , 0.42917 , -0.306509 , -0.145688 , 0.357045 , -0.30062 , -0.110836
3.61781 , 0.424226 , -0.316157 , -0.143677 , 0.352267 , -0.310924 , -0.109553
3.65519 , 0.419619 , -0.327862 , -0.144306 , 0.34794 , -0.319116 , -0.108336
3.70305 , 0.415264 , -0.336213 , -0.144363 , 0.343307 , -0.329244 , -0.106993
3.74973 , 0.410756 , -0.344728 , -0.145043 , 0.336477 , -0.336443 , -0.103509
3.78923 , 0.406148 , -0.351634 , -0.144073 , 0.33265 , -0.34434 , -0.101079
3.83334 , 0.403223 , -0.361053 , -0.144368 , 0.331187 , -0.353916 , -0.100241
3.87025 , 0.402894 , -0.371083 , -0.144351 , 0.331608 , -0.362396 , -0.100326
3.91111 , 0.401216 , -0.376469 , -0.14517 , 0.328834 , -0.365066 , -0.0976568
3.95178 , 0.398404 , -0.37692 , -0.144929 , 0.328565 , -0.370461 , -0.0967395
3.99076 , 0.398257 , -0.379404 , -0.144932 , 0.328764 , -0.373885 , -0.0965441
4.03547 , 0.398398 , -0.382659 , -0.145349 , 0.330617 , -0.379649 , -0.10024
4.07324 , 0.401565 , -0.385107 , -0.146618 , 0.334084 , -0.38078 , -0.101991
4.12038 , 0.401411 , -0.386598 , -0.147137 , 0.335568 , -0.381412 , -0.101394
4.15711 , 0.403738 , -0.385405 , -0.146773 , 0.337605 , -0.381418 , -0.101303
4.20016 , 0.407119 , -0.383343 , -0.147618 , 0.341517 , -0.380878 , -0.103324
4.24067 , 0.411338 , -0.382809 , -0.14912 , 0.346988 , -0.377042 , -0.106582
4.29357 , 0.415642 , -0.37762 , -0.150002 , 0.351849 , -0.372187 , -0.108794
4.34037 , 0.419931 , -0.371362 , -0.150077 , 0.358498 , -0.36797 , -0.111552
4.38979 , 0.424555 , -0.363509 , -0.150455 , 0.362801 , -0.36239 , -0.115231
4.43197 , 0.428838 , -0.356688 , -0.151456 , 0.36784 , -0.357949 , -0.117967
4.4742 , 0.433127 , -0.347996 , -0.150747 , 0.372097 , -0.351276 , -0.121113
4.51513 , 0.436496 , -0.341963 , -0.151945 , 0.374127 , -0.34376 , -0.122357
4.55452 , 0.438712 , -0.333814 , -0.151518 , 0.376205 , -0.337323 , -0.121782
4.59561 , 0.440701 , -0.323741 , -0.150083 , 0.377267 , -0.329297 , -0.122876
4.63883 , 0.443155 , -0.312734 , -0.148881 , 0.379502 , -0.320823 , -0.122181
4.68067 , 0.444824 , -0.300727 , -0.147296 , 0.382179 , -0.309569 , -0.122816
4.72196 , 0.445701 , -0.289612 , -0.1466 , 0.382327 , -0.296882 , -0.122423
4.76309 , 0.445351 , -0.276454 , -0.144674 , 0.384121 , -0.286114 , -0.122902
4.80405 , 0.445479 , -0.263406 , -0.144499 , 0.384642 , -0.273796 , -0.12456
4.84275 , 0.446822 , -0.250297 , -0.143789 , 0.384657 , -0.262314 , -0.124336
4.8852 , 0.447612 , -0.23695 , -0.141319 , 0.387143 , -0.249066 , -0.122991
4.92582 , 0.447147 , -0.223534 , -0.137437 , 0.388189 , -0.239511 , -0.121117
4.96447 , 0.447868 , -0.212189 , -0.13666 , 0.387752 , -0.22593 , -0.121136
5.0093 , 0.446337 , -0.198719 , -0.135283 , 0.386672 , -0.214609 , -0.121964
5.0464 , 0.444836 , -0.187059 , -0.134071 , 0.384425 , -0.203827 , -0.121566
5.0931 , 0.441053 , -0.176305 , -0.131258 , 0.38144 , -0.193002 , -0.119055
5.132 , 0.437569 , -0.164578 , -0.128785 , 0.377948 , -0.18441 , -0.118413
5.18181 , 0.433774 , -0.155355 , -0.127028 , 0.373846 , -0.176146 , -0.116829
5.22859 , 0.428034 , -0.145942 , -0.124415 , 0.368385 , -0.166415 , -0.114936
5.27637 , 0.420883 , -0.136733 , -0.122285 , 0.361404 , -0.155018 , -0.111703
5.32418 , 0.414382 , -0.126574 , -0.121933 , 0.353944 , -0.147298 , -0.110669
5.36887 , 0.407941 , -0.116421 , -0.120339 , 0.347839 , -0.137246 , -0.110674
5.41233 , 0.403581 , -0.104952 , -0.12035 , 0.342409 , -0.125357 , -0.108787
5.45976 , 0.400288 , -0.0939808 , -0.120992 , 0.345568 , -0.117616 , -0.10931
5.50132 , 0.400521 , -0.0840152 , -0.120574 , 0.350843 , -0.103484 , -0.110323
5.55335 , 0.39949 , -0.0703173 , -0.1203 , 0.349485 , -0.0929109 , -0.111783
5.60328 , 0.401469 , -0.0634487 , -0.120975 , 0.350406 , -0.085725 , -0.112913
5.64611 , 0.407112 , -0.0573891 , -0.123271 , 0.354301 , -0.0872991 , -0.113356
5.68543 , 0.411847 , -0.0578039 , -0.124631 , 0.361686 , -0.0811766 , -0.116199
5.72908 , 0.421917 , -0.0546091 , -0.126769 , 0.373315 , -0.0775369 , -0.121501
5.76648 , 0.434907 , -0.050762 , -0.130516 , 0.388135 , -0.070973 , -0.125666
5.81557 , 0.450918 , -0.0454443 , -0.132966 , 0.404483 , -0.0679578 , -0.130766
5.85679 , 0.468917 , -0.0418838 , -0.136909 , 0.421203 , -0.0598963 , -0.135045
5.89569 , 0.485181 , -0.035321 , -0.13953 , 0.437679 , -0.0539505 , -0.139493
5.9331 , 0.502004 , -0.0284336 , -0.142366 , 0.453756 , -0.0525571 , -0.143495
5.97011 , 0.515847 , -0.0235686 , -0.143997 , 0.466514 , -0.0438042 , -0.14833
6.01483 , 0.529233 , -0.0174003 , -0.145587 , 0.473051 , -0.0346543 , -0.146862
6.05174 , 0.539805 , -0.0109414 , -0.145565 , 0.48388 , -0.0284283 , -0.144071
6.10109 , 0.54658 , -0.00278376 , -0.146356 , 0.4907 , -0.0238513 , -0.146446
6.13942 , 0.550636 , 0.00579981 , -0.144382 , 0.491123 , -0.017781 , -0.147721
6.18461 , 0.551173 , 0.0112579 , -0.144395 , 0.487465 , -0.0101372 , -0.145677
6.22351 , 0.549149 , 0.0166373 , -0.14258 , 0.481921 , -0.00741934 , -0.143968
6.26813 , 0.543442 , 0.0212656 , -0.141004 , 0.474311 , -0.00449184 , -0.14095
6.3067 , 0.535225 , 0.0254507 , -0.138393 , 0.464579 , -0.00348895 , -0.13919
6.35203 , 0.524481 , 0.0281534 , -0.137145 , 0.452465 , 0.0026045 , -0.136454
6.38949 , 0.512172 , 0.0319906 , -0.135787 , 0.434039 , 0.00668171 , -0.128282
6.43523 , 0.499345 , 0.0380288 , -0.130522 , 0.417375 , 0.008192 , -0.126061
6.47266 , 0.484931 , 0.041478 , -0.129965 , 0.401095 , 0.0118681 , -0.124468
6.51883 , 0.469954 , 0.0459814 , -0.12881 , 0.386154 , 0.0127689 , -0.123196
6.55665 , 0.45416 , 0.0474556 , -0.127855 , 0.371592 , 0.0156674 , -0.119643
6.60396 , 0.438186 , 0.0509584 , -0.124374 , 0.356475 , 0.0221504 , -0.114607
6.64527 , 0.421831 , 0.0555365 , -0.122162 , 0.344354 , 0.0297658 , -0.109304
6.68768 , 0.405825 , 0.0593952 , -0.122514 , 0.32819 , 0.0312758 , -0.109044
6.72466 , 0.390597 , 0.0661196 , -0.122339 , 0.315005 , 0.0325561 , -0.107072
6.77258 , 0.376465 , 0.0674734 , -0.12098 , 0.30453 , 0.0350455 , -0.104985
6.81203 , 0.362726 , 0.0654698 , -0.122472 , 0.295189 , 0.0358306 , -0.104741
6.85566 , 0.350943 , 0.0653079 , -0.122104 , 0.289646 , 0.0358686 , -0.106043
6.89162 , 0.340553 , 0.0648984 , -0.123173 , 0.286431 , 0.033969 , -0.107512
6.94081 , 0.333551 , 0.0643563 , -0.12488 , 0.284508 , 0.0357541 , -0.108423
6.98751 , 0.330495 , 0.0647315 , -0.128473 , 0.289086 , 0.0395967 , -0.113623
7.02429 , 0.32874 , 0.0732971 , -0.132829 , 0.293783 , 0.0421486 , -0.121222
7.0637 , 0.332534 , 0.0754359 , -0.13633 , 0.300278 , 0.0485379 , -0.123458
7.10567 , 0.338968 , 0.0810158 , -0.141676 , 0.309695 , 0.0555447 , -0.129182
7.14491 , 0.346252 , 0.0870906 , -0.146763 , 0.317816 , 0.0610472 , -0.133412
7.19168 , 0.354089 , 0.0906209 , -0.150539 , 0.328536 , 0.0687247 , -0.136469
7.23212 , 0.363335 , 0.0959678 , -0.155137 , 0.337336 , 0.071147 , -0.141159
7.2712 , 0.373064 , 0.0961091 , -0.159729 , 0.347215 , 0.0709756 , -0.146072
7.3109 , 0.382689 , 0.0958062 , -0.161156 , 0.359228 , 0.067228 , -0.148732
7.36079 , 0.390949 , 0.0932339 , -0.161855 , 0.36709 , 0.0680883 , -0.153603
7.41027 , 0.399361 , 0.089717 , -0.16487 , 0.373178 , 0.0694452 , -0.156791
7.45429 , 0.407568 , 0.0856613 , -0.16983 , 0.379238 , 0.0655018 , -0.15662
7.4924 , 0.414037 , 0.084204 , -0.171998 , 0.384266 , 0.0625413 , -0.158015
7.52889 , 0.420541 , 0.0814936 , -0.173828 , 0.388033 , 0.0569855 , -0.160889
7.58085 , 0.425115 , 0.0758401 , -0.176089 , 0.391427 , 0.0549445 , -0.160075
7.63075 , 0.429429 , 0.0731318 , -0.176896 , 0.393443 , 0.0552359 , -0.162368
7.67329 , 0.432869 , 0.0705084 , -0.175926 , 0.397204 , 0.0487015 , -0.162081
7.71109 , 0.434346 , 0.0634513 , -0.180414 , 0.396473 , 0.0435038 , -0.156963
7.74646 , 0.435698 , 0.0573609 , -0.175657 , 0.39348 , 0.0378956 , -0.155888
7.79391 , 0.436436 , 0.0495111 , -0.176194 , 0.389895 , 0.027714 , -0.154889
7.8356 , 0.435653 , 0.0424615 , -0.169562 , 0.387623 , 0.0238868 , -0.149906
7.87613 , 0.433137 , 0.0357291 , -0.166856 , 0.385417 , 0.0171876 , -0.144755
7.91303 , 0.430023 , 0.027965 , -0.163515 , 0.380635 , 0.0125362 , -0.140673
7.9499 , 0.42594 , 0.0202903 , -0.158625 , 0.374159 , 0.0062897 , -0.137341
8.00177 , 0.421285 , 0.0174415 , -0.154352 , 0.367316 , 0.000665998 , -0.131514
8.05198 , 0.417722 , 0.0110899 , -0.151629 , 0.360637 , -0.00656308 , -0.12607
8.10104 , 0.413575 , 0.00699066 , -0.147741 , 0.354835 , -0.0118754 , -0.121172
8.15105 , 0.407732 , 0.000497522 , -0.14338 , 0.350016 , -0.0173074 , -0.116916
8.20068 , 0.403584 , -0.00392231 , -0.138991 , 0.345806 , -0.0215882 , -0.115772
8.25267 , 0.400928 , -0.00939543 , -0.137893 , 0.342141 , -0.0256198 , -0.115076
8.30315 , 0.396532 , -0.0084628 , -0.135176 , 0.337944 , -0.0294953 , -0.112916
8.35045 , 0.394985 , -0.0127016 , -0.134714 , 0.333664 , -0.0269871 , -0.109164
8.40761 , 0.391798 , -0.012485 , -0.133389 , 0.33135 , -0.0297803 , -0.109426
8.45296 , 0.390337 , -0.0135174 , -0.132397 , 0.332098 , -0.0305795 , -0.109838
8.50133 , 0.388193 , -0.0159166 , -0.131767 , 0.331545 , -0.0322676 , -0.110528
8.55635 , 0.389278 , -0.0165422 , -0.131616 , 0.332434 , -0.0328657 , -0.110126
8.60408 , 0.389335 , -0.0166691 , -0.132516 , 0.332647 , -0.031701 , -0.10867
8.6496 , 0.389524 , -0.0141232 , -0.130616 , 0.331638 , -0.0314227 , -0.10849
8.69621 , 0.391143 , -0.00950737 , -0.13045 , 0.332586 , -0.0274662 , -0.108728
8.74065 , 0.389691 , -0.0124247 , -0.131885 , 0.332836 , -0.0290344 , -0.110406
8.78753 , 0.389743 , -0.0117125 , -0.130217 , 0.333966 , -0.029763 , -0.11152
8.84081 , 0.391224 , -0.0110216 , -0.129554 , 0.334229 , -0.0269077 , -0.11126
8.89019 , 0.39143 , -0.00933501 , -0.128407 , 0.332464 , -0.0266016 , -0.111919
8.94026 , 0.39064 , -0.00912295 , -0.128329 , 0.331837 , -0.0242447 , -0.110324
8.99012 , 0.391627 , -0.00728317 , -0.127325 , 0.332021 , -0.0243766 , -0.108402
9.04143 , 0.391782 , -0.00740197 , -0.125372 , 0.332145 , -0.0236605 , -0.107471
9.09189 , 0.391411 , -0.00799475 , -0.124173 , 0.332485 , -0.0266676 , -0.106398
9.14718 , 0.391218 , -0.0103089 , -0.122192 , 0.331427 , -0.0274547 , -0.107933
9.18528 , 0.389971 , -0.00825317 , -0.121733 , 0.33036 , -0.0253967 , -0.106756
9.22992 , 0.388453 , -0.00690652 , -0.120723 , 0.329934 , -0.0238682 , -0.104772
9.27805 , 0.388146 , -0.00473223 , -0.121022 , 0.328043 , -0.0223944 , -0.104387
9.32806 , 0.386405 , -0.00456765 , -0.122437 , 0.326167 , -0.0210325 , -0.104959
9.38062 , 0.385106 , -0.00408532 , -0.121985 , 0.325382 , -0.0206635 , -0.105614
9.42368 , 0.383708 , -0.00405485 , -0.121842 , 0.325182 , -0.0211891 , -0.10576
9.47876 , 0.381592 , -0.0046205 , -0.121624 , 0.324267 , -0.020897 , -0.10551
9.52285 , 0.380848 , -0.00341148 , -0.121318 , 0.322409 , -0.0203255 , -0.104941
9.56041 , 0.379617 , -0.00284738 , -0.120532 , 0.320942 , -0.0208615 , -0.104353
9.61059 , 0.37955 , -0.00358861 , -0.120352 , 0.32005 , -0.0210665 , -0.102911
9.65626 , 0.379268 , -0.00327571 , -0.119388 , 0.321051 , -0.0208088 , -0.102962
9.69877 , 0.378912 , -0.00407689 , -0.118767 , 0.32145 , -0.0208469 , -0.103582
9.73983 , 0.380185 , -0.00522088 , -0.118958 , 0.323855 , -0.0209463 , -0.104302
9.78408 , 0.381915 , -0.00531611 , -0.119399 , 0.326174 , -0.0191439 , -0.104442
9.82303 , 0.386016 , -0.00267394 , -0.11967 , 0.329001 , -0.0202526 , -0.106045
9.86614 , 0.391247 , -0.00129651 , -0.121626 , 0.333696 , -0.0202389 , -0.108751
9.90754 , 0.397329 , -0.000212761 , -0.123835 , 0.341782 , -0.0183639 , -0.111805
9.94477 , 0.404468 , -0.000675721 , -0.126942 , 0.35143 , -0.0180264 , -0.115442
9.99189 , 0.413787 , 0.000828374 , -0.130005 , 0.361553 , -0.0138821 , -0.120173
10.0326 , 0.424764 , 0.00354354 , -0.133818 , 0.37283 , -0.0109177 , -0.126443
10.0755 , 0.436619 , 0.00547711 , -0.138269 , 0.384996 , -0.0109694 , -0.132204
10.1176 , 0.449984 , 0.00805448 , -0.143186 , 0.398214 , -0.00987779 , -0.137707
10.159 , 0.464313 , 0.00908589 , -0.149804 , 0.413377 , -0.00620967 , -0.142807
10.202 , 0.480675 , 0.0102325 , -0.154695 , 0.429606 , -0.00201711 , -0.146896
10.245 , 0.49693 , 0.0113222 , -0.159598 , 0.446799 , -0.00071878 , -0.153813
10.2836 , 0.51461 , 0.0109981 , -0.166207 , 0.463885 , -0.00255524 , -0.162218
10.3325 , 0.532742 , 0.01456 , -0.170696 , 0.481999 , -0.00334918 , -0.168376
10.3788 , 0.550925 , 0.011573 , -0.176798 , 0.497825 , -0.00640061 , -0.175994
10.4377 , 0.56884 , 0.00728344 , -0.181921 , 0.515135 , -0.0129891 , -0.183546
10.482 , 0.58729 , 0.00214284 , -0.187241 , 0.533265 , -0.0161976 , -0.18531
10.5323 , 0.60402 , -0.00278949 , -0.190414 , 0.548547 , -0.0197764 , -0.188648
10.5814 , 0.619151 , -0.00920423 , -0.196646 , 0.563136 , -0.0255224 , -0.193286
10.6346 , 0.632009 , -0.0164044 , -0.199665 , 0.574545 , -0.0340268 , -0.198531
10.6806 , 0.644315 , -0.0283088 , -0.204064 , 0.584402 , -0.0478572 , -0.20285
10.7198 , 0.653612 , -0.0430966 , -0.208757 , 0.591934 , -0.0603994 , -0.20335
10.7638 , 0.660646 , -0.0581366 , -0.209878 , 0.597563 , -0.0762442 , -0.202819
10.807 , 0.664459 , -0.0771135 , -0.209544 , 0.599073 , -0.0939271 , -0.20136
10.8506 , 0.66519 , -0.0944161 , -0.207597 , 0.598662 , -0.11655 , -0.201259
10.9026 , 0.66464 , -0.115529 , -0.206061 , 0.597673 , -0.133463 , -0.195473
10.9489 , 0.658674 , -0.141756 , -0.205443 , 0.587789 , -0.15655 , -0.193813
10.9861 , 0.64932 , -0.163163 , -0.204581 , 0.574227 , -0.175761 , -0.185294
11.0318 , 0.637266 , -0.184546 , -0.201817 , 0.557185 , -0.196179 , -0.17994
11.0692 , 0.62391 , -0.203825 , -0.199207 , 0.540343 , -0.214875 , -0.174287
11.122 , 0.607451 , -0.223506 , -0.196758 , 0.521439 , -0.232586 , -0.167817
11.1712 , 0.588289 , -0.242772 , -0.195055 , 0.500834 , -0.250875 , -0.161965
11.2151 , 0.568814 , -0.258458 , -0.190486 , 0.477415 , -0.267589 , -0.154015
11.2559 , 0.54574 , -0.275477 , -0.187195 , 0.452026 , -0.283911 , -0.146179
11.299 , 0.524335 , -0.291162 , -0.183707 , 0.428067 , -0.29788 , -0.137811
11.341 , 0.500322 , -0.309156 , -0.179424 , 0.403544 , -0.309656 , -0.128721
11.3829 , 0.475966 , -0.321823 , -0.17343 , 0.37906 , -0.319582 , -0.117349
11.4242 , 0.450699 , -0.332417 , -0.165319 , 0.356347 , -0.332949 , -0.106245
11.4668 , 0.427005 , -0.346199 , -0.157608 , 0.335119 , -0.342853 , -0.0982767
11.5015 , 0.405645 , -0.358194 , -0.151067 , 0.314022 , -0.350931 , -0.089884
11.539 , 0.385266 , -0.36581 , -0.1439 , 0.293696 , -0.353328 , -0.080703
11.5854 , 0.366056 , -0.370662 , -0.13683 , 0.278446 , -0.360162 , -0.0731334
11.6216 , 0.348904 , -0.377579 , -0.132528 , 0.268449 , -0.365635 , -0.0644079
11.6696 , 0.336928 , -0.387376 , -0.1276 , 0.261814 , -0.375035 , -0.0616079
11.7057 , 0.327358 , -0.394171 , -0.124434 , 0.26093 , -0.381577 , -0.0605727
11.7538 , 0.322969 , -0.392968 , -0.121755 , 0.260506 , -0.385695 , -0.0606286
11.79 , 0.321951 , -0.395884 , -0.12307 , 0.262925 , -0.387741 , -0.061535
11.8434 , 0.325772 , -0.401363 , -0.124749 , 0.270917 , -0.395052 , -0.0665802
11.8918 , 0.332943 , -0.402396 , -0.125473 , 0.281142 , -0.400182 , -0.07228
11.9373 , 0.339811 , -0.406511 , -0.12899 , 0.294115 , -0.405063 , -0.0783399
11.9803 , 0.351711 , -0.407531 , -0.132855 , 0.305839 , -0.406083 , -0.0842791
12.0221 , 0.364562 , -0.409595 , -0.137942 , 0.321241 , -0.408282 , -0.0928843
12.0628 , 0.381437 , -0.404639 , -0.143565 , 0.335201 , -0.405439 , -0.101688
12.1017 , 0.398151 , -0.398519 , -0.149338 , 0.35202 , -0.400655 , -0.110806
12.1489 , 0.414024 , -0.390751 , -0.155412 , 0.367955 , -0.390374 , -0.11838
12.1877 , 0.429588 , -0.38007 , -0.161323 , 0.382096 , -0.385304 , -0.125895
12.2303 , 0.444487 , -0.371754 , -0.164553 , 0.397344 , -0.376319 , -0.135478
12.2718 , 0.459249 , -0.362109 , -0.168563 , 0.400637 , -0.3652 , -0.13868
12.3127 , 0.471832 , -0.348554 , -0.169437 , 0.414025 , -0.360654 , -0.138801
12.3552 , 0.481207 , -0.335323 , -0.169011 , 0.423929 , -0.352173 , -0.142384
12.3974 , 0.49034 , -0.327934 , -0.172008 , 0.431612 , -0.336898 , -0.145446
12.4398 , 0.498025 , -0.313697 , -0.171257 , 0.43864 , -0.327632 , -0.148516
12.4822 , 0.503498 , -0.302205 , -0.171281 , 0.442539 , -0.315567 , -0.147318
12.5231 , 0.506238 , -0.288805 , -0.168696 , 0.444749 , -0.301986 , -0.144883
12.5642 , 0.508821 , -0.275869 , -0.167153 , 0.447251 , -0.292324 , -0.146608
12.6077 , 0.511107 , -0.266692 , -0.167381 , 0.447432 , -0.282359 , -0.146903
12.6523 , 0.512903 , -0.25533 , -0.163335 , 0.448764 , -0.271286 , -0.144225
12.691 , 0.51459 , -0.241617 , -0.159421 , 0.449846 , -0.262749 , -0.140929
12.7356 , 0.514161 , -0.231267 , -0.15445 , 0.447703 , -0.254279 , -0.13586
12.7748 , 0.51172 , -0.224704 , -0.150714 , 0.444243 , -0.243082 , -0.132329
12.8171 , 0.507703 , -0.212675 , -0.14687 , 0.439369 , -0.234036 , -0.130638
12.8594 , 0.502121 , -0.202654 , -0.143333 , 0.432548 , -0.22446 , -0.126669
12.9007 , 0.494942 , -0.195678 , -0.138999 , 0.425183 , -0.21854 , -0.123184
12.9431 , 0.487685 , -0.19042 , -0.135325 , 0.416628 , -0.210746 , -0.118857
12.9847 , 0.478997 , -0.182846 , -0.132001 , 0.409769 , -0.204641 , -0.115158
13.029 , 0.470875 , -0.175201 , -0.128471 , 0.402092 , -0.196414 , -0.11211
13.071 , 0.46357 , -0.16458 , -0.125052 , 0.393876 , -0.188477 , -0.109532
13.1105 , 0.453298 , -0.154619 , -0.122251 , 0.38364 , -0.18289 , -0.10832
13.15 , 0.445995 , -0.146345 , -0.121432 , 0.375912 , -0.171608 , -0.105913
13.1947 , 0.436906 , -0.137666 , -0.120502 , 0.367388 , -0.163523 , -0.104884
13.2347 , 0.428492 , -0.129135 , -0.118802 , 0.360283 , -0.156329 , -0.101216
13.2787 , 0.418937 , -0.121768 , -0.116864 , 0.353524 , -0.144935 , -0.0994393
13.319 , 0.412793 , -0.113993 , -0.115896 , 0.348257 , -0.138422 , -0.0993328
13.3657 , 0.406831 , -0.107201 , -0.11414 , 0.343218 , -0.132125 , -0.0977709
13.4086 , 0.402054 , -0.101888 , -0.114795 , 0.342324 , -0.128475 , -0.0969088
13.4535 , 0.396141 , -0.0965918 , -0.112753 , 0.337488 , -0.118686 , -0.0944303
13.4996 , 0.39319 , -0.0898223 , -0.112585 , 0.338632 , -0.111834 , -0.0929834
13.5415 , 0.390281 , -0.0817487 , -0.1097 , 0.334303 , -0.103174 , -0.0922187
13.5781 , 0.388404 , -0.0759357 , -0.109312 , 0.334835 , -0.0999291 , -0.0913936
13.6239 , 0.38476 , -0.0775918 , -0.110944 , 0.330568 , -0.0965027 , -0.0923579
13.6682 , 0.382589 , -0.0729411 , -0.109602 , 0.327048 , -0.0922295 , -0.0918373
13.7196 , 0.38216 , -0.0684215 , -0.110127 , 0.327571 , -0.090651 , -0.0912283
13.7645 , 0.382145 , -0.0672079 , -0.110662 , 0.3287 , -0.0897245 , -0.0912383
13.8067 , 0.383161 , -0.0679323 , -0.111171 , 0.331498 , -0.0900966 , -0.0921998
13.8497 , 0.385098 , -0.0698313 , -0.112173 , 0.33375 , -0.0897687 , -0.093449
13.8886 , 0.388511 , -0.0704467 , -0.113662 , 0.337776 , -0.0885312 , -0.095346
13.9346 , 0.393187 , -0.0712055 , -0.115183 , 0.342948 , -0.0910209 , -0.0978761
13.9739 , 0.398822 , -0.0707311 , -0.117323 , 0.348562 , -0.0932939 , -0.100848
14.0177 , 0.407924 , -0.0711335 , -0.120148 , 0.365306 , -0.0917056 , -0.104925
14.056 , 0.417352 , -0.0716997 , -0.122669 , 0.362504 , -0.0918627 , -0.106611
14.1016 , 0.426491 , -0.0763698 , -0.127363 , 0.376581 , -0.0954276 , -0.112409
14.1413 , 0.439198 , -0.07419 , -0.132873 , 0.390443 , -0.0921987 , -0.118077
14.1869 , 0.453579 , -0.0747863 , -0.139169 , 0.403196 , -0.0890861 , -0.122965
14.2244 , 0.468685 , -0.0724898 , -0.143922 , 0.41757 , -0.0848242 , -0.129626
14.2684 , 0.486708 , -0.0681687 , -0.150147 , 0.434105 , -0.0839603 , -0.137552
14.3133 , 0.504919 , -0.0638988 , -0.155702 , 0.455151 , -0.0818316 , -0.14605
14.3568 , 0.528249 , -0.0570191 , -0.16239 , 0.48358 , -0.0719412 , -0.153421
14.4038 , 0.547577 , -0.0521074 , -0.167138 , 0.49015 , -0.0658591 , -0.159006
14.4416 , 0.566839 , -0.0453382 , -0.169836 , 0.512325 , -0.0622621 , -0.163618
14.4878 , 0.588201 , -0.0375753 , -0.172612 , 0.533989 , -0.0551025 , -0.168929
14.5256 , 0.60849 , -0.0295745 , -0.176242 , 0.551431 , -0.0441577 , -0.171842
14.5715 , 0.625647 , -0.0178102 , -0.176282 , 0.567447 , -0.0345472 , -0.175807
14.6082 , 0.640873 , -0.00413241 , -0.176764 , 0.580427 , -0.0233418 , -0.177731
14.6573 , 0.654396 , 0.00584184 , -0.179245 , 0.591656 , -0.0103132 , -0.176839
14.6963 , 0.66382 , 0.0182928 , -0.180661 , 0.598704 , 0.0008482 , -0.1757
14.7392 , 0.668674 , 0.0311543 , -0.180694 , 0.599123 , 0.0125617 , -0.173464
14.7767 , 0.669833 , 0.0430344 , -0.177054 , 0.597573 , 0.0226306 , -0.171324
14.8248 , 0.666822 , 0.0543797 , -0.175419 , 0.592842 , 0.0301211 , -0.169961
14.8641 , 0.661816 , 0.0624367 , -0.172385 , 0.581788 , 0.0382676 , -0.165827
14.9074 , 0.651841 , 0.0681369 , -0.167923 , 0.569348 , 0.0423819 , -0.157659
14.9439 , 0.638875 , 0.0737997 , -0.162419 , 0.553524 , 0.0457621 , -0.153469
14.9912 , 0.623278 , 0.0785452 , -0.157565 , 0.533636 , 0.0475821 , -0.148373
15.0273 , 0.604477 , 0.0801788 , -0.153232 , 0.511184 , 0.0473896 , -0.141584
15.0755 , 0.583496 , 0.0809441 , -0.147639 , 0.486212 , 0.0496368 , -0.133816
15.1116 , 0.560005 , 0.0793198 , -0.14148 , 0.460663 , 0.0500496 , -0.125837
15.159 , 0.535816 , 0.077284 , -0.135908 , 0.43548 , 0.0471358 , -0.118327
15.1956 , 0.510288 , 0.0743898 , -0.129062 , 0.409228 , 0.0430556 , -0.113442
15.2451 , 0.484821 , 0.0718605 , -0.126744 , 0.384503 , 0.0447847 , -0.108149
15.2951 , 0.459122 , 0.0685489 , -0.120743 , 0.360044 , 0.0384188 , -0.10518
15.3403 , 0.433074 , 0.0684306 , -0.114577 , 0.342168 , 0.0344527 , -0.0998204
15.3781 , 0.409472 , 0.0647883 , -0.110236 , 0.325993 , 0.0293982 , -0.0938631
15.4149 , 0.388163 , 0.0576287 , -0.104801 , 0.310622 , 0.0234952 , -0.090796
15.4609 , 0.3684 , 0.0497771 , -0.103907 , 0.300014 , 0.0207805 , -0.0876895
15.4987 , 0.351811 , 0.0433899 , -0.101549 , 0.291939 , 0.0154679 , -0.0846757
15.5445 , 0.336749 , 0.0392014 , -0.100671 , 0.284152 , 0.0115808 , -0.0824634
15.5841 , 0.325823 , 0.0407463 , -0.0998164 , 0.279621 , 0.0065537 , -0.0848357
15.629 , 0.316899 , 0.0375151 , -0.102115 , 0.280526 , 0.00634852 , -0.0879962
15.6665 , 0.311398 , 0.0359209 , -0.104993 , 0.281756 , 0.00706744 , -0.0918187
15.7191 , 0.308919 , 0.0370969 , -0.108008 , 0.288288 , 0.0115199 , -0.0981401
15.7669 , 0.308581 , 0.0377501 , -0.117651 , 0.293405 , 0.0139854 , -0.105141
15.8156 , 0.310522 , 0.0473344 , -0.120741 , 0.302122 , 0.0146699 , -0.111445
15.8691 , 0.31412 , 0.0566822 , -0.128873 , 0.306588 , 0.0271246 , -0.116535
15.9144 , 0.319351 , 0.0614131 , -0.133692 , 0.312292 , 0.0400263 , -0.121747
15.9527 , 0.32487 , 0.0716516 , -0.140401 , 0.319278 , 0.0460347 , -0.12334
15.9981 , 0.330967 , 0.0753686 , -0.145335 , 0.326204 , 0.0534563 , -0.125778
16.0361 , 0.336854 , 0.0804964 , -0.149623 , 0.330225 , 0.0551648 , -0.12681
16.0875 , 0.342342 , 0.0830053 , -0.152426 , 0.334724 , 0.0585389 , -0.126916
16.1343 , 0.346593 , 0.0829394 , -0.154477 , 0.338463 , 0.0600809 , -0.128219
16.1844 , 0.350819 , 0.0830412 , -0.1575 , 0.340827 , 0.0587837 , -0.132353
16.2376 , 0.353949 , 0.0817843 , -0.160509 , 0.344757 , 0.0592189 , -0.135545
16.2802 , 0.357887 , 0.0779565 , -0.162264 , 0.347713 , 0.058066 , -0.136623
16.321 , 0.362481 , 0.078078 , -0.164285 , 0.349792 , 0.0556813 , -0.138715
16.376 , 0.365757 , 0.0750911 , -0.168115 , 0.351784 , 0.0561058 , -0.13958
16.4251 , 0.369734 , 0.0756893 , -0.172265 , 0.353013 , 0.0535202 , -0.141825
16.4683 , 0.373357 , 0.0759164 , -0.172353 , 0.353458 , 0.0524687 , -0.142726
16.5122 , 0.377168 , 0.0743601 , -0.172709 , 0.357324 , 0.0511476 , -0.141776
16.5529 , 0.38092 , 0.0722853 , -0.17146 , 0.360361 , 0.0512164 , -0.142759
16.5955 , 0.383763 , 0.0693939 , -0.173158 , 0.362085 , 0.0522317 , -0.141532
16.6434 , 0.386426 , 0.0664492 , -0.170759 , 0.363221 , 0.0476792 , -0.141409
16.692 , 0.389886 , 0.0627188 , -0.170901 , 0.363552 , 0.0453203 , -0.138364
16.74 , 0.392454 , 0.0611872 , -0.168612 , 0.362617 , 0.0412432 , -0.137064
16.7927 , 0.394155 , 0.0582034 , -0.166461 , 0.362716 , 0.0383745 , -0.132931
16.8459 , 0.395581 , 0.053706 , -0.162342 , 0.362196 , 0.0334727 , -0.130232
16.8847 , 0.39596 , 0.0493795 , -0.159833 , 0.36083 , 0.0280692 , -0.124605
16.9309 , 0.394952 , 0.0457141 , -0.154619 , 0.356388 , 0.0220193 , -0.121214
16.9706 , 0.393401 , 0.0408105 , -0.152496 , 0.351163 , 0.0180997 , -0.118433
17.0124 , 0.391631 , 0.0342793 , -0.150203 , 0.34647 , 0.0189801 , -0.115226
17.0568 , 0.388906 , 0.0308641 , -0.148093 , 0.343522 , 0.0153412 , -0.112638
17.1009 , 0.38655 , 0.0314654 , -0.144021 , 0.338995 , 0.00768091 , -0.110408
17.1399 , 0.382708 , 0.0238215 , -0.140859 , 0.333841 , 0.00918808 , -0.104361
17.177 , 0.379716 , 0.0222742 , -0.138764 , 0.329272 , 0.00817945 , -0.101852
17.2219 , 0.37648 , 0.0204078 , -0.135634 , 0.323992 , 0.00104993 , -0.101098
17.2617 , 0.373156 , 0.0165621 , -0.132849 , 0.319935 , -0.00511991 , -0.0991623
17.3082 , 0.370264 , 0.0130342 , -0.129659 , 0.317469 , -0.00915238 , -0.0952454
17.3488 , 0.368547 , 0.0101289 , -0.126491 , 0.316534 , -0.00738817 , -0.0937368
17.3916 , 0.369985 , 0.00687556 , -0.125835 , 0.315262 , -0.010316 , -0.0943895
17.431 , 0.370165 , 0.00281025 , -0.124361 , 0.315841 , -0.0114424 , -0.0929437
17.48 , 0.369244 , 0.00153298 , -0.123062 , 0.31478 , -0.0164584 , -0.093837
17.5256 , 0.368962 , -0.000843106 , -0.12229 , 0.314545 , -0.0179231 , -0.0924423
17.5695 , 0.370063 , -0.00414938 , -0.122005 , 0.316246 , -0.0210628 , -0.0928053
17.6096 , 0.371715 , -0.00619991 , -0.121618 , 0.318328 , -0.0232225 , -0.0939467
17.6513 , 0.372804 , -0.00872155 , -0.121632 , 0.318541 , -0.0253688 , -0.0953454
17.6993 , 0.375135 , -0.00897487 , -0.123481 , 0.320843 , -0.0249297 , -0.0950958
17.7418 , 0.375763 , -0.00913362 , -0.122524 , 0.321132 , -0.0253697 , -0.095074
17.7782 , 0.376707 , -0.00952599 , -0.121838 , 0.32042 , -0.0280676 , -0.0968012
17.8145 , 0.376953 , -0.0114878 , -0.122392 , 0.321514 , -0.0284774 , -0.0970681
17.8595 , 0.377094 , -0.0102691 , -0.121124 , 0.321837 , -0.0269275 , -0.0949474
17.8961 , 0.37735 , -0.00937639 , -0.120016 , 0.321609 , -0.0265486 , -0.0945826
17.946 , 0.377381 , -0.0124381 , -0.122304 , 0.321447 , -0.0272395 , -0.0956387
17.9834 , 0.376635 , -0.0110093 , -0.121178 , 0.319858 , -0.0266992 , -0.0956565
18.0294 , 0.375062 , -0.0092535 , -0.120201 , 0.317105 , -0.0264244 , -0.0930821
18.0734 , 0.373597 , -0.00836933 , -0.119311 , 0.314774 , -0.02578 , -0.0917829
18.1144 , 0.371142 , -0.00819486 , -0.117737 , 0.31232 , -0.0307878 , -0.0932592
18.1621 , 0.370356 , -0.0109873 , -0.11785 , 0.310905 , -0.0280432 , -0.0921497
18.2035 , 0.368191 , -0.0106596 , -0.116621 , 0.309368 , -0.0265667 , -0.0908745
18.2485 , 0.365869 , -0.0095051 , -0.115332 , 0.306442 , -0.0244987 , -0.0878647
18.2944 , 0.362763 , -0.00710438 , -0.113468 , 0.303394 , -0.022935 , -0.0859899
18.3334 , 0.360984 , -0.00723609 , -0.112957 , 0.300807 , -0.0224619 , -0.0856604
18.3786 , 0.359194 , -0.00647652 , -0.111784 , 0.299902 , -0.0224647 , -0.0857144
18.4184 , 0.356732 , -0.00694964 , -0.1111 , 0.299564 , -0.0231651 , -0.085537
18.4625 , 0.355976 , -0.00591879 , -0.110516 , 0.297727 , -0.0214569 , -0.0851239
18.5036 , 0.354097 , -0.00444034 , -0.109667 , 0.296888 , -0.019094 , -0.0830216
18.5475 , 0.351067 , -0.00314962 , -0.109702 , 0.295373 , -0.0195343 , -0.0830036
18.5895 , 0.350084 , -0.00180967 , -0.109142 , 0.292419 , -0.0182211 , -0.0821744
18.6298 , 0.3478 , -0.00073606 , -0.10832 , 0.291507 , -0.0228967 , -0.0823657
18.6672 , 0.345049 , -0.00364056 , -0.108265 , 0.290794 , -0.0213386 , -0.0833378
18.711 , 0.344157 , -0.00222602 , -0.107314 , 0.289787 , -0.0183342 , -0.0827807
18.7477 , 0.344197 , -0.000456387 , -0.106073 , 0.29586 , -0.0183144 , -0.0818757
18.7853 , 0.341512 , 2.72393e-05 , -0.10438 , 0.287136 , -0.0139281 , -0.0790391
18.8336 , 0.341747 , 0.00254113 , -0.103971 , 0.287202 , -0.0140755 , -0.0788221
18.8787 , 0.340787 , -0.00219124 , -0.104808 , 0.286759 , -0.0154458 , -0.080978
18.9175 , 0.343354 , 0.00131669 , -0.104979 , 0.290686 , -0.0145156 , -0.0816588
18.9553 , 0.346065 , 0.00303466 , -0.105055 , 0.29404 , -0.014983 , -0.081922
19.0021 , 0.348981 , 0.00337498 , -0.106282 , 0.298664 , -0.0134217 , -0.0844596
19.0428 , 0.353982 , 0.00721614 , -0.10827 , 0.30481 , -0.0114561 , -0.0879728
19.0854 , 0.3617 , 0.010466 , -0.112511 , 0.31217 , -0.00909219 , -0.0930232
19.1284 , 0.369934 , 0.0104188 , -0.116915 , 0.321061 , -0.00958085 , -0.0983853
19.1684 , 0.379343 , 0.0141998 , -0.121753 , 0.331718 , -0.0066876 , -0.103394
19.207 , 0.390657 , 0.0156856 , -0.127444 , 0.342873 , -0.00385915 , -0.109603
19.2543 , 0.403324 , 0.0179841 , -0.13378 , 0.356673 , -0.00377971 , -0.120828
19.2958 , 0.418121 , 0.0194292 , -0.142119 , 0.371487 , -0.000956435 , -0.126639
19.3364 , 0.433062 , 0.0238515 , -0.149919 , 0.387868 , 0.00130929 , -0.132499
19.3754 , 0.449343 , 0.0267047 , -0.157353 , 0.403946 , 0.00479625 , -0.141855
19.4207 , 0.469481 , 0.0261125 , -0.167869 , 0.423822 , 0.006571 , -0.151906
19.4594 , 0.489042 , 0.0279128 , -0.17592 , 0.445182 , 0.00807847 , -0.162378
19.5048 , 0.510033 , 0.0272111 , -0.186783 , 0.467032 , 0.0129019 , -0.16889
19.5422 , 0.532652 , 0.0301362 , -0.193834 , 0.489288 , 0.0139131 , -0.177318
19.5914 , 0.554938 , 0.0315298 , -0.202909 , 0.510386 , 0.0121121 , -0.188413
19.641 , 0.57613 , 0.0298787 , -0.214421 , 0.532131 , 0.0094898 , -0.198307
19.6884 , 0.599088 , 0.0290286 , -0.223117 , 0.554423 , 0.00655126 , -0.207755
19.7286 , 0.619804 , 0.0281778 , -0.22865 , 0.57543 , 0.00187308 , -0.216488
19.7775 , 0.641295 , 0.0238349 , -0.237199 , 0.594199 , -0.00436634 , -0.225239
19.8308 , 0.659995 , 0.0201211 , -0.242869 , 0.6113 , -0.0110241 , -0.233431
19.8791 , 0.676727 , 0.0146526 , -0.25014 , 0.626664 , -0.0134954 , -0.23537
19.9259 , 0.691501 , 0.010697 , -0.253138 , 0.640759 , -0.0172478 , -0.235929
19.9799 , 0.70487 , 0.0051759 , -0.256443 , 0.650989 , -0.0206363 , -0.237389
20.0217 , 0.713948 , 0.00159089 , -0.259798 , 0.659071 , -0.0272333 , -0.239562
20.0616 , 0.722479 , -0.00356453 , -0.259577 , 0.664453 , -0.0320113 , -0.238382
20.1062 , 0.725116 , -0.0109172 , -0.261789 , 0.664747 , -0.0379584 , -0.234494
20.1454 , 0.723908 , -0.0121724 , -0.258805 , 0.664421 , -0.0466685 , -0.234583
20.1901 , 0.71701 , -0.0238181 , -0.263806 , 0.652686 , -0.0526752 , -0.233095
20.2294 , 0.708702 , -0.0318884 , -0.266091 , 0.639801 , -0.0547546 , -0.228836
20.2746 , 0.695512 , -0.0362203 , -0.267337 , 0.625239 , -0.0606235 , -0.224273
20.3106 , 0.681086 , -0.0426997 , -0.266603 , 0.608944 , -0.068195 , -0.219818
20.3512 , 0.664857 , -0.0492777 , -0.266575 , 0.590223 , -0.0763398 , -0.215993
20.394 , 0.647766 , -0.0625458 , -0.26847 , 0.570488 , -0.0805548 , -0.210435
20.4294 , 0.629023 , -0.0688644 , -0.266348 , 0.550891 , -0.087371 , -0.20314
20.4785 , 0.608186 , -0.0725858 , -0.259923 , 0.530629 , -0.0958804 , -0.193191
20.5154 , 0.588796 , -0.0821825 , -0.254472 , 0.509311 , -0.105844 , -0.182726
20.5615 , 0.569325 , -0.091933 , -0.247341 , 0.487068 , -0.119292 , -0.175492
20.5968 , 0.548083 , -0.103876 , -0.241395 , 0.464648 , -0.132345 , -0.17067
20.645 , 0.527669 , -0.11548 , -0.237274 , 0.444081 , -0.142976 , -0.164278
20.69 , 0.508321 , -0.126625 , -0.234774 , 0.426111 , -0.148478 , -0.157205
20.7302 , 0.490932 , -0.133455 , -0.229195 , 0.410806 , -0.156977 , -0.153504
20.7691 , 0.476546 , -0.14099 , -0.226552 , 0.397036 , -0.166962 , -0.150301
20.815 , 0.464338 , -0.149867 , -0.223601 , 0.384367 , -0.171227 , -0.147984
20.8616 , 0.452717 , -0.156502 , -0.219275 , 0.375407 , -0.175845 , -0.145111
20.8976 , 0.441891 , -0.15851 , -0.213804 , 0.369349 , -0.182226 , -0.142793
20.938 , 0.435851 , -0.160337 , -0.209945 , 0.366357 , -0.182619 , -0.141349
20.9813 , 0.431656 , -0.162199 , -0.206919 , 0.365618 , -0.180767 , -0.140152
21.0172 , 0.431563 , -0.160045 , -0.204246 , 0.368865 , -0.18167 , -0.141116
21.0655 , 0.434308 , -0.154034 , -0.202564 , 0.375151 , -0.177289 , -0.141549
21.1025 , 0.438168 , -0.150751 , -0.201715 , 0.381655 , -0.173126 , -0.143964
21.1486 , 0.444803 , -0.144286 , -0.201089 , 0.391091 , -0.168869 , -0.147781
21.1866 , 0.453848 , -0.140029 , -0.202219 , 0.402417 , -0.163357 , -0.152049
21.2316 , 0.464731 , -0.132637 , -0.204162 , 0.414737 , -0.155363 , -0.155775
21.2707 , 0.477489 , -0.123848 , -0.206591 , 0.427518 , -0.14741 , -0.160322
21.3153 , 0.491203 , -0.114543 , -0.20779 , 0.440624 , -0.139462 , -0.164599
21.3528 , 0.505834 , -0.105863 , -0.208018 , 0.454165 , -0.131217 , -0.16769
21.3996 , 0.518864 , -0.0966028 , -0.205649 , 0.467113 , -0.123472 , -0.171205
21.4368 , 0.531385 , -0.0863282 , -0.204301 , 0.47868 , -0.114647 , -0.173362
21.4846 , 0.543403 , -0.0774794 , -0.203975 , 0.487486 , -0.10419 , -0.174412
21.5225 , 0.55354 , -0.0671669 , -0.202588 , 0.494242 , -0.0918215 , -0.175719
21.5681 , 0.562092 , -0.0545051 , -0.201356 , 0.498764 , -0.0816796 , -0.175993
21.6064 , 0.568102 , -0.0438904 , -0.198518 , 0.50231 , -0.0747929 , -0.175806
21.6511 , 0.57169 , -0.038419 , -0.196301 , 0.503985 , -0.0676063 , -0.173541
21.6887 , 0.571875 , -0.0326409 , -0.191372 , 0.501381 , -0.0617518 , -0.171391
21.7354 , 0.570728 , -0.0282622 , -0.189296 , 0.498244 , -0.0570312 , -0.169351
21.7733 , 0.569269 , -0.0214084 , -0.18527 , 0.491604 , -0.0490936 , -0.167114
21.8201 , 0.564447 , -0.0152031 , -0.182625 , 0.484136 , -0.0431925 , -0.164143
21.858 , 0.557928 , -0.0110177 , -0.17954 , 0.476328 , -0.0396597 , -0.159925
21.9026 , 0.550478 , -0.00781265 , -0.175807 , 0.468384 , -0.0373675 , -0.15581
21.9406 , 0.542302 , -0.00661951 , -0.171829 , 0.459326 , -0.0350234 , -0.151116
21.987 , 0.53334 , -0.00501432 , -0.165352 , 0.451646 , -0.0309298 , -0.145646
22.0256 , 0.52518 , -0.0046453 , -0.161353 , 0.436719 , -0.0309084 , -0.138164
22.0701 , 0.517703 , -0.00142958 , -0.157149 , 0.430719 , -0.0293349 , -0.134048
22.1085 , 0.510989 , -0.000206932 , -0.154431 , 0.421195 , -0.0272247 , -0.131638
22.1548 , 0.502431 , 0.000280876 , -0.149833 , 0.414762 , -0.0268218 , -0.126498
22.1929 , 0.493827 , 0.00125966 , -0.144721 , 0.408786 , -0.0276389 , -0.122738
22.242 , 0.486835 , 0.000367127 , -0.141426 , 0.403494 , -0.0269162 , -0.119628
22.2894 , 0.480128 , -0.000999831 , -0.13893 , 0.398186 , -0.026159 , -0.118509
22.3345 , 0.473974 , -0.00113543 , -0.136794 , 0.39224 , -0.0251897 , -0.11725
22.3735 , 0.468216 , -0.000859339 , -0.135217 , 0.387483 , -0.023984 , -0.115572
22.4099 , 0.46292 , -0.000786033 , -0.13429 , 0.383795 , -0.0224424 , -0.113986
22.4573 , 0.457944 , -0.000739483 , -0.133277 , 0.382443 , -0.0225745 , -0.113991
22.4954 , 0.453978 , -0.000745157 , -0.132442 , 0.381657 , -0.021398 , -0.113397
22.544 , 0.451764 , 0.00116288 , -0.131213 , 0.380513 , -0.0201771 , -0.112787
22.5919 , 0.448489 , 0.002292 , -0.129687 , 0.378794 , -0.0209637 , -0.112101
22.6346 , 0.447889 , 0.00181058 , -0.131055 , 0.378006 , -0.0197161 , -0.111261
22.6788 , 0.447468 , 0.00220535 , -0.130681 , 0.379585 , -0.0182174 , -0.110672
22.7258 , 0.445939 , 0.00254081 , -0.129638 , 0.379377 , -0.0205057 , -0.111552
22.7726 , 0.443594 , -0.000869732 , -0.129649 , 0.379769 , -0.0197324 , -0.111834
22.8103 , 0.440478 , 0.00182062 , -0.127409 , 0.376128 , -0.0176286 , -0.109469
22.8527 , 0.438161 , -0.00372795 , -0.128316 , 0.371493 , -0.0206248 , -0.10787
22.8966 , 0.435337 , -0.00251115 , -0.126582 , 0.368524 , -0.0263467 , -0.107819
22.943 , 0.430239 , -0.0093696 , -0.126664 , 0.356705 , -0.0308035 , -0.104867
22.9796 , 0.424454 , -0.0134268 , -0.126001 , 0.35813 , -0.0339047 , -0.103713
23.0306 , 0.421342 , -0.0104045 , -0.12518 , 0.364427 , -0.0317697 , -0.106204
23.0808 , 0.420326 , -0.0123195 , -0.125559 , 0.356779 , -0.0353367 , -0.109024
23.1276 , 0.416992 , -0.0162073 , -0.127117 , 0.353636 , -0.0380315 , -0.104523
23.1665 , 0.411269 , -0.0224619 , -0.126787 , 0.3503 , -0.0388432 , -0.103068
23.2119 , 0.412599 , -0.0228866 , -0.127582 , 0.348941 , -0.0384461 , -0.10568
23.2501 , 0.412239 , -0.0240994 , -0.130735 , 0.350915 , -0.036753 , -0.107062
23.295 , 0.416786 , -0.0201586 , -0.131385 , 0.354568 , -0.0347995 , -0.110911
23.3331 , 0.424364 , -0.0142069 , -0.13303 , 0.362345 , -0.0308546 , -0.11114
23.3795 , 0.430705 , -0.012303 , -0.134568 , 0.369412 , -0.0293632 , -0.112402
23.417 , 0.439322 , -0.0123688 , -0.137142 , 0.376817 , -0.0288817 , -0.116264
23.4633 , 0.448117 , -0.0142204 , -0.140429 , 0.387317 , -0.028352 , -0.123361
23.5024 , 0.463524 , -0.00879811 , -0.145073 , 0.406679 , -0.0253415 , -0.130928
23.5485 , 0.479527 , -0.00196735 , -0.147431 , 0.420398 , -0.0150141 , -0.137592
23.5859 , 0.498485 , 0.00930288 , -0.15263 , 0.439867 , -0.00232995 , -0.143905
23.6319 , 0.521631 , 0.0241047 , -0.156748 , 0.462572 , 0.010845 , -0.150071
23.6704 , 0.544923 , 0.0375104 , -0.162041 , 0.486291 , 0.0292798 , -0.156554
23.7157 , 0.569187 , 0.0552672 , -0.164121 , 0.508797 , 0.0487086 , -0.159701
23.7522 , 0.594121 , 0.0765534 , -0.166247 , 0.534623 , 0.0672972 , -0.164598
23.7992 , 0.617067 , 0.0976601 , -0.169412 , 0.555212 , 0.0875462 , -0.175297
23.8363 , 0.639579 , 0.122512 , -0.172785 , 0.573205 , 0.113056 , -0.179381
23.8841 , 0.660941 , 0.147241 , -0.173473 , 0.593547 , 0.135381 , -0.178656
23.9372 , 0.681347 , 0.169185 , -0.171764 , 0.608754 , 0.16158 , -0.179994
23.9873 , 0.699885 , 0.197636 , -0.168434 , 0.619717 , 0.185982 , -0.177978
24.0334 , 0.71457 , 0.216354 , -0.163803 , 0.629654 , 0.201233 , -0.173599
24.0791 , 0.724678 , 0.229215 , -0.157679 , 0.631701 , 0.212292 , -0.168247
24.1131 , 0.732396 , 0.242111 , -0.148972 , 0.635548 , 0.224492 , -0.16098
24.1545 , 0.739952 , 0.252015 , -0.139717 , 0.639104 , 0.234901 , -0.155827
24.1988 , 0.743331 , 0.257781 , -0.129177 , 0.634771 , 0.237355 , -0.149145
24.2387 , 0.738661 , 0.259895 , -0.122874 , 0.626337 , 0.241661 , -0.140683
24.2849 , 0.732284 , 0.259743 , -0.114682 , 0.614538 , 0.242944 , -0.132187
24.3246 , 0.722985 , 0.257048 , -0.105349 , 0.60111 , 0.242864 , -0.122452
24.3676 , 0.710787 , 0.254309 , -0.099824 , 0.588491 , 0.237562 , -0.116041
24.4086 , 0.697029 , 0.253061 , -0.0947365 , 0.571217 , 0.233752 , -0.110249
24.4515 , 0.68157 , 0.244594 , -0.0882417 , 0.554057 , 0.232151 , -0.105289
24.493 , 0.665334 , 0.242198 , -0.0859059 , 0.536248 , 0.224984 , -0.104634
24.5352 , 0.645363 , 0.238386 , -0.0855586 , 0.516162 , 0.218409 , -0.103612
24.5769 , 0.627017 , 0.235604 , -0.0860968 , 0.499581 , 0.218441 , -0.103364
24.6189 , 0.608562 , 0.234312 , -0.0869189 , 0.48337 , 0.219319 , -0.104459
24.661 , 0.591832 , 0.23874 , -0.0869691 , 0.465903 , 0.214887 , -0.108596
24.7023 , 0.573057 , 0.236349 , -0.0905265 , 0.45562 , 0.217637 , -0.10722
24.742 , 0.554737 , 0.235724 , -0.0911686 , 0.442992 , 0.220901 , -0.106316
24.7882 , 0.543303 , 0.237054 , -0.0912063 , 0.433332 , 0.22668 , -0.103366
24.8255 , 0.53091 , 0.233882 , -0.093177 , 0.423705 , 0.220028 , -0.103072
24.8709 , 0.522851 , 0.232303 , -0.0938456 , 0.422036 , 0.214699 , -0.107698
24.9064 , 0.517228 , 0.227513 , -0.0966282 , 0.422225 , 0.209018 , -0.115671
24.9472 , 0.513909 , 0.221202 , -0.100705 , 0.425201 , 0.204147 , -0.120396
24.9873 , 0.513292 , 0.213339 , -0.104246 , 0.429948 , 0.200439 , -0.119949
25.0241 , 0.515921 , 0.206926 , -0.106649 , 0.436414 , 0.194874 , -0.123757
25.0647 , 0.519225 , 0.202119 , -0.111951 , 0.442051 , 0.188301 , -0.129014
25.1083 , 0.523979 , 0.196666 , -0.118312 , 0.448607 , 0.184029 , -0.134495
25.147 , 0.52791 , 0.193606 , -0.125456 , 0.454188 , 0.180577 , -0.139851
25.1912 , 0.531431 , 0.1913 , -0.128618 , 0.459862 , 0.176465 , -0.142986
25.231 , 0.534735 , 0.187263 , -0.1338 , 0.463728 , 0.174802 , -0.146673
25.2756 , 0.536155 , 0.18549 , -0.138692 , 0.467375 , 0.171573 , -0.150929
25.3138 , 0.536753 , 0.180463 , -0.143914 , 0.468989 , 0.167731 , -0.152637
25.3606 , 0.536487 , 0.174225 , -0.148352 , 0.469458 , 0.159073 , -0.152864
25.4049 , 0.535683 , 0.166042 , -0.150642 , 0.467253 , 0.14761 , -0.153503
25.4427 , 0.532195 , 0.153365 , -0.152951 , 0.465659 , 0.135694 , -0.152911
25.4814 , 0.527291 , 0.140361 , -0.150591 , 0.46334 , 0.127529 , -0.149084
25.5266 , 0.52346 , 0.127607 , -0.150438 , 0.457524 , 0.112384 , -0.148496
25.5645 , 0.515824 , 0.116384 , -0.148805 , 0.451367 , 0.102869 , -0.141056
25.6117 , 0.507258 , 0.111488 , -0.14228 , 0.44227 , 0.0899966 , -0.136328
25.6498 , 0.500678 , 0.1061 , -0.137725 , 0.435533 , 0.085418 , -0.133644
25.6939 , 0.4904 , 0.0932188 , -0.137367 , 0.423935 , 0.0741104 , -0.129916
25.7321 , 0.479128 , 0.0820056 , -0.134745 , 0.415458 , 0.0649773 , -0.123388
25.7782 , 0.468424 , 0.0716079 , -0.131458 , 0.404331 , 0.0600051 , -0.119029
25.8172 , 0.4627 , 0.0731877 , -0.12506 , 0.401126 , 0.0513968 , -0.119935
25.8618 , 0.45323 , 0.0620585 , -0.126299 , 0.389029 , 0.0524456 , -0.116637
25.9001 , 0.447384 , 0.0585406 , -0.124283 , 0.383676 , 0.0509604 , -0.11152
25.9466 , 0.44359 , 0.060398 , -0.120945 , 0.378937 , 0.0476313 , -0.109163
25.9828 , 0.439665 , 0.0527881 , -0.121301 , 0.37692 , 0.0429533 , -0.107682
26.032 , 0.437709 , 0.0480916 , -0.120808 , 0.375816 , 0.0383488 , -0.109464
26.0686 , 0.436891 , 0.0463792 , -0.120531 , 0.373932 , 0.0353654 , -0.11119
26.1142 , 0.437228 , 0.0448821 , -0.120633 , 0.375383 , 0.0322579 , -0.111461
26.1521 , 0.438126 , 0.0452463 , -0.120854 , 0.376361 , 0.0311928 , -0.111589
26.2001 , 0.439608 , 0.0444831 , -0.122198 , 0.378008 , 0.0298048 , -0.112519
26.2515 , 0.441689 , 0.0441846 , -0.123132 , 0.3803 , 0.0296939 , -0.113724
26.2957 , 0.443454 , 0.0432654 , -0.123694 , 0.384896 , 0.0293972 , -0.115037
26.3315 , 0.445998 , 0.0433647 , -0.124469 , 0.386833 , 0.0297888 , -0.116273
26.3692 , 0.449041 , 0.0461836 , -0.124684 , 0.389577 , 0.0309919 , -0.117012
26.4218 , 0.450364 , 0.0457916 , -0.124724 , 0.388851 , 0.031773 , -0.116543
26.4655 , 0.451147 , 0.0458053 , -0.124191 , 0.389452 , 0.032124 , -0.115581
26.5018 , 0.451723 , 0.0443104 , -0.122871 , 0.390883 , 0.0312405 , -0.114679
26.5485 , 0.450848 , 0.0450029 , -0.121729 , 0.38962 , 0.0311539 , -0.113604
26.5874 , 0.449285 , 0.0450978 , -0.120154 , 0.387269 , 0.0306793 , -0.112553
26.632 , 0.4474 , 0.044884 , -0.118477 , 0.384891 , 0.0305863 , -0.111056
26.6698 , 0.444909 , 0.0455688 , -0.117286 , 0.381936 , 0.0316293 , -0.109334
26.7186 , 0.441367 , 0.0476454 , -0.116165 , 0.376759 , 0.0335212 , -0.108008
26.7589 , 0.43749 , 0.0492877 , -0.115323 , 0.371285 , 0.0350996 , -0.106498
26.8034 , 0.432539 , 0.0478919 , -0.114643 , 0.36952 , 0.0347321 , -0.105135
26.8448 , 0.430093 , 0.0484147 , -0.114167 , 0.368405 , 0.0354824 , -0.104293
26.8899 , 0.427657 , 0.0493675 , -0.11365 , 0.364421 , 0.0342183 , -0.104797
26.9343 , 0.423352 , 0.0445565 , -0.113986 , 0.35926 , 0.0338386 , -0.104853
26.9801 , 0.423189 , 0.0492421 , -0.114019 , 0.358606 , 0.0350902 , -0.105783
27.0249 , 0.423256 , 0.0498926 , -0.115551 , 0.359942 , 0.0357704 , -0.107535
27.0728 , 0.42512 , 0.0516727 , -0.116193 , 0.364238 , 0.0366816 , -0.109367
27.1298 , 0.428708 , 0.0506168 , -0.118662 , 0.368533 , 0.0412962 , -0.112029
27.1743 , 0.433227 , 0.0583926 , -0.121016 , 0.374504 , 0.0409363 , -0.116959
27.2284 , 0.439833 , 0.0600753 , -0.124193 , 0.381547 , 0.0444168 , -0.120025
27.2739 , 0.448516 , 0.0643486 , -0.127544 , 0.391062 , 0.0466234 , -0.12397
27.32 , 0.45859 , 0.0674841 , -0.133319 , 0.40306 , 0.048552 , -0.129531
27.3591 , 0.471104 , 0.070778 , -0.13721 , 0.416507 , 0.0464045 , -0.137598
27.4035 , 0.485476 , 0.0717852 , -0.142603 , 0.43189 , 0.0457944 , -0.14554
27.4391 , 0.501619 , 0.0716515 , -0.14967 , 0.448698 , 0.0466834 , -0.152419
27.4809 , 0.519371 , 0.0746564 , -0.154708 , 0.467555 , 0.0473544 , -0.157398
27.5208 , 0.538536 , 0.0779674 , -0.160513 , 0.486985 , 0.0499379 , -0.164136
27.5586 , 0.558336 , 0.0783146 , -0.170268 , 0.507816 , 0.0477118 , -0.174162
27.5997 , 0.581118 , 0.0777256 , -0.175602 , 0.531462 , 0.0466933 , -0.182376
27.6405 , 0.604285 , 0.0766005 , -0.179455 , 0.556436 , 0.0511587 , -0.187233
27.6778 , 0.628844 , 0.0775386 , -0.185694 , 0.581757 , 0.0522678 , -0.191302
27.7257 , 0.653659 , 0.0767386 , -0.194085 , 0.607804 , 0.0523265 , -0.194143
27.7622 , 0.678593 , 0.0740867 , -0.19769 , 0.632568 , 0.0509889 , -0.202183
27.8133 , 0.704474 , 0.0710722 , -0.203882 , 0.657102 , 0.0498806 , -0.207109
27.8625 , 0.730313 , 0.0695744 , -0.206907 , 0.6832 , 0.0456289 , -0.210007
27.9135 , 0.754321 , 0.0663398 , -0.209887 , 0.707554 , 0.0429736 , -0.214122
27.9679 , 0.778386 , 0.0641581 , -0.214358 , 0.731973 , 0.0415702 , -0.219934
28.017 , 0.802661 , 0.0627117 , -0.221341 , 0.754835 , 0.0396329 , -0.226285
28.0609 , 0.823863 , 0.0620911 , -0.226126 , 0.774101 , 0.0395313 , -0.230015
28.1114 , 0.844379 , 0.0632015 , -0.232902 , 0.79299 , 0.039974 , -0.234496
28.1577 , 0.862837 , 0.0635181 , -0.240241 , 0.809753 , 0.0393941 , -0.240073
28.1996 , 0.878515 , 0.061506 , -0.24951 , 0.825359 , 0.0380186 , -0.244095
28.2429 , 0.891275 , 0.0608771 , -0.257036 , 0.836233 , 0.0372779 , -0.251733
28.2835 , 0.900704 , 0.0623086 , -0.267321 , 0.841305 , 0.0397386 , -0.258259
28.333 , 0.904107 , 0.0660137 , -0.27705 , 0.843259 , 0.0422656 , -0.261656
28.375 , 0.901414 , 0.069547 , -0.288568 , 0.839575 , 0.0434667 , -0.271649
28.4171 , 0.896605 , 0.0720494 , -0.301105 , 0.833211 , 0.0433835 , -0.280828
28.4657 , 0.888586 , 0.0742903 , -0.312307 , 0.825134 , 0.0436311 , -0.284552
28.5171 , 0.877361 , 0.0721008 , -0.319617 , 0.813848 , 0.0431315 , -0.284884
28.5688 , 0.862899 , 0.069998 , -0.327681 , 0.798964 , 0.038545 , -0.286707
28.6099 , 0.84521 , 0.064156 , -0.3368 , 0.781022 , 0.0314993 , -0.288003
28.6496 , 0.825781 , 0.0553173 , -0.343489 , 0.761273 , 0.0204642 , -0.290225
28.6977 , 0.804677 , 0.0463747 , -0.345273 , 0.740619 , 0.00814139 , -0.289056
28.741 , 0.784086 , 0.0312555 , -0.346673 , 0.717801 , -0.00661198 , -0.287064
28.7873 , 0.76195 , 0.0109088 , -0.347347 , 0.694978 , -0.0236846 , -0.280249
28.8337 , 0.740332 , -0.00665909 , -0.346376 , 0.670618 , -0.0435019 , -0.274521
28.8824 , 0.717488 , -0.0270291 , -0.343556 , 0.64409 , -0.0635558 , -0.268302
28.9214 , 0.692278 , -0.0482634 , -0.338982 , 0.617992 , -0.0865391 , -0.259491
28.9671 , 0.668462 , -0.0721192 , -0.333209 , 0.591664 , -0.110374 , -0.251747
29.0065 , 0.644471 , -0.098812 , -0.328008 , 0.564481 , -0.134434 , -0.243114
29.0461 , 0.621393 , -0.124832 , -0.322253 , 0.539043 , -0.158658 , -0.233835
29.0867 , 0.598598 , -0.149696 , -0.315236 , 0.514446 , -0.182204 , -0.224512
29.1321 , 0.578021 , -0.174558 , -0.307336 , 0.490977 , -0.207926 , -0.217408
29.168 , 0.560035 , -0.195572 , -0.302241 , 0.470634 , -0.227545 , -0.210859
29.2091 , 0.543858 , -0.210506 , -0.295736 , 0.455136 , -0.239834 , -0.204409
29.249 , 0.529624 , -0.224628 , -0.290177 , 0.442591 , -0.250122 , -0.198713
29.2945 , 0.519077 , -0.237993 , -0.287292 , 0.435637 , -0.256822 , -0.192738
29.3385 , 0.510948 , -0.246612 , -0.281826 , 0.430658 , -0.262362 , -0.188394
29.3889 , 0.505832 , -0.254619 , -0.276932 , 0.429965 , -0.272597 , -0.189368
29.4399 , 0.503789 , -0.259677 , -0.272926 , 0.42893 , -0.270973 , -0.186269
29.4873 , 0.501391 , -0.259339 , -0.26756 , 0.431749 , -0.270224 , -0.183799
29.5239 , 0.499353 , -0.257509 , -0.264293 , 0.436806 , -0.271109 , -0.183918
29.5717 , 0.501449 , -0.25385 , -0.261699 , 0.442338 , -0.269879 , -0.187272
29.6086 , 0.505457 , -0.249379 , -0.260702 , 0.449816 , -0.261273 , -0.187999
29.6561 , 0.509093 , -0.240939 , -0.26135 , 0.456121 , -0.251027 , -0.188789
29.7042 , 0.515416 , -0.231914 , -0.261371 , 0.453604 , -0.246185 , -0.182227
29.7424 , 0.523261 , -0.220395 , -0.259073 , 0.466608 , -0.241931 , -0.187886
29.789 , 0.533151 , -0.213683 , -0.2591 , 0.481278 , -0.236015 , -0.193667
29.8326 , 0.541898 , -0.201381 , -0.257438 , 0.49345 , -0.225598 , -0.197097
29.8712 , 0.551629 , -0.189204 , -0.255265 , 0.505122 , -0.210593 , -0.198457
29.9091 , 0.561512 , -0.173428 , -0.254782 , 0.51496 , -0.197919 , -0.198868
29.9574 , 0.57274 , -0.161911 , -0.25363 , 0.525723 , -0.188149 , -0.200856
30.0002 , 0.582721 , -0.150155 , -0.251693 , 0.535424 , -0.178606 , -0.20153
30.038 , 0.591379 , -0.137974 , -0.247248 , 0.542606 , -0.166864 , -0.200298
30.08 , 0.599112 , -0.124104 , -0.246136 , 0.548202 , -0.154506 , -0.200912
30.1194 , 0.607254 , -0.110217 , -0.24467 , 0.553044 , -0.142919 , -0.203732
30.1614 , 0.614134 , -0.0971751 , -0.244686 , 0.557497 , -0.130372 , -0.205754
30.2068 , 0.619879 , -0.0829065 , -0.244178 , 0.562435 , -0.117464 , -0.206102
30.2453 , 0.625566 , -0.0684415 , -0.240049 , 0.566087 , -0.105802 , -0.205603
30.2923 , 0.631387 , -0.0564649 , -0.236208 , 0.569347 , -0.0926455 , -0.204176
30.33 , 0.636877 , -0.0439428 , -0.234694 , 0.572313 , -0.0802102 , -0.203661
30.3745 , 0.641712 , -0.0325858 , -0.2307 , 0.575158 , -0.0682163 , -0.201791
30.4127 , 0.645452 , -0.0206627 , -0.225513 , 0.576431 , -0.0575621 , -0.199139
30.4589 , 0.646577 , -0.00874269 , -0.220003 , 0.575858 , -0.0475877 , -0.196305
30.4974 , 0.647162 , 1.93119e-05 , -0.21615 , 0.565783 , -0.0148885 , -0.196213
30.5424 , 0.647706 , 0.00861812 , -0.209973 , 0.552476 , -0.0249406 , -0.181951
30.5804 , 0.644004 , 0.0176125 , -0.203254 , 0.572953 , -0.0200251 , -0.174054
30.6273 , 0.640067 , 0.0247885 , -0.198327 , 0.563592 , -0.0136132 , -0.179418
30.6661 , 0.634275 , 0.0313625 , -0.195595 , 0.555238 , -0.00157103 , -0.182198
30.7133 , 0.627369 , 0.0393626 , -0.1888 , 0.547169 , 0.00787346 , -0.175887
30.7677 , 0.619778 , 0.0456841 , -0.183198 , 0.538397 , 0.0151313 , -0.168117
30.8171 , 0.612438 , 0.0563371 , -0.17703 , 0.526696 , 0.022341 , -0.160944
30.8662 , 0.603411 , 0.0614159 , -0.172225 , 0.51439 , 0.0278476 , -0.157629
30.9204 , 0.594036 , 0.0655207 , -0.168585 , 0.504204 , 0.033654 , -0.153236
30.9679 , 0.585483 , 0.0705272 , -0.164309 , 0.493839 , 0.0369944 , -0.149429
31.019 , 0.575757 , 0.0722647 , -0.16029 , 0.483695 , 0.0393732 , -0.14584
31.066 , 0.568269 , 0.0745677 , -0.155809 , 0.475 , 0.0403979 , -0.14127
31.1163 , 0.559883 , 0.075138 , -0.150225 , 0.46838 , 0.0415914 , -0.136963
31.1693 , 0.553647 , 0.0742061 , -0.148741 , 0.462413 , 0.0430833 , -0.134257
31.2188 , 0.547195 , 0.0774106 , -0.144481 , 0.457903 , 0.0439051 , -0.131755
31.2645 , 0.54078 , 0.0794117 , -0.140543 , 0.454002 , 0.0452591 , -0.128481
31.308 , 0.536045 , 0.0803596 , -0.137339 , 0.44805 , 0.0474183 , -0.124743
31.3556 , 0.530487 , 0.0809776 , -0.13488 , 0.443977 , 0.0495476 , -0.1221
31.4019 , 0.525726 , 0.0824394 , -0.132879 , 0.441325 , 0.0537704 , -0.118557
31.4525 , 0.521559 , 0.0780318 , -0.133354 , 0.439438 , 0.0552847 , -0.11651
31.5053 , 0.517619 , 0.0824978 , -0.129843 , 0.437161 , 0.0549238 , -0.115603
31.5549 , 0.513476 , 0.0802359 , -0.129862 , 0.433314 , 0.0551276 , -0.115293
31.6011 , 0.509663 , 0.0797016 , -0.129274 , 0.429859 , 0.0565097 , -0.115139
31.6379 , 0.506392 , 0.081363 , -0.12854 , 0.426162 , 0.0581792 , -0.113554
31.6837 , 0.503175 , 0.0818514 , -0.127226 , 0.422269 , 0.0530373 , -0.114549
31.721 , 0.499559 , 0.0808059 , -0.127343 , 0.419974 , 0.0550846 , -0.112507
31.768 , 0.49543 , 0.078801 , -0.126774 , 0.417076 , 0.0552009 , -0.111505
31.8072 , 0.491025 , 0.077414 , -0.12636 , 0.4135 , 0.0541703 , -0.110983
31.8509 , 0.486082 , 0.0778254 , -0.125117 , 0.409107 , 0.0551611 , -0.108174
31.8879 , 0.480577 , 0.0787761 , -0.12144 , 0.402172 , 0.0546002 , -0.105648
31.9409 , 0.475445 , 0.0759155 , -0.120243 , 0.397526 , 0.0531895 , -0.103758
31.9908 , 0.469887 , 0.0749465 , -0.118413 , 0.392992 , 0.0532167 , -0.100651
32.0368 , 0.463909 , 0.0743559 , -0.115903 , 0.387288 , 0.0513106 , -0.0988466
32.0738 , 0.457419 , 0.0718099 , -0.114265 , 0.380129 , 0.0500904 , -0.0958973
32.1177 , 0.45011 , 0.0691552 , -0.112398 , 0.373984 , 0.0491785 , -0.0947415
32.1579 , 0.4451 , 0.0696334 , -0.110936 , 0.369117 , 0.049583 , -0.0942555
32.2017 , 0.438923 , 0.0687889 , -0.109245 , 0.363375 , 0.0482788 , -0.0934222
32.2417 , 0.434407 , 0.0679255 , -0.107613 , 0.359473 , 0.0465325 , -0.0910783
32.2857 , 0.430561 , 0.066165 , -0.106176 , 0.357828 , 0.0462008 , -0.0904781
32.3218 , 0.426997 , 0.0642819 , -0.104761 , 0.356342 , 0.0433703 , -0.0899647
32.362 , 0.424316 , 0.0602338 , -0.104351 , 0.354821 , 0.0412568 , -0.0897115
32.4054 , 0.422182 , 0.0593011 , -0.103506 , 0.35291 , 0.0390636 , -0.0893209
32.4421 , 0.420398 , 0.0590919 , -0.102936 , 0.350903 , 0.0375178 , -0.0903282
32.4885 , 0.417997 , 0.0531663 , -0.105104 , 0.34756 , 0.0343661 , -0.0888194
32.5267 , 0.417081 , 0.0524975 , -0.103061 , 0.34793 , 0.034848 , -0.0877565
32.5787 , 0.41582 , 0.0529967 , -0.101634 , 0.348495 , 0.0346153 , -0.0885566
32.6219 , 0.416489 , 0.055782 , -0.101314 , 0.353025 , 0.0336377 , -0.0900941
32.6632 , 0.416046 , 0.0533096 , -0.101218 , 0.348993 , 0.0351737 , -0.0903742
32.7064 , 0.41507 , 0.0541556 , -0.101122 , 0.348424 , 0.0356719 , -0.0890086
32.7429 , 0.413817 , 0.0538406 , -0.100492 , 0.348265 , 0.0358346 , -0.0877578
32.7946 , 0.412606 , 0.0541771 , -0.0997823 , 0.347027 , 0.035642 , -0.0875129
32.8391 , 0.411022 , 0.0535762 , -0.0992768 , 0.345055 , 0.0286454 , -0.0899615
32.8786 , 0.407875 , 0.0479409 , -0.100401 , 0.343826 , 0.0292414 , -0.0895572
32.9278 , 0.405796 , 0.0477291 , -0.099407 , 0.341998 , 0.0302778 , -0.0879985
32.9783 , 0.404049 , 0.0436766 , -0.100934 , 0.339317 , 0.030096 , -0.0875288
33.0285 , 0.402219 , 0.0464952 , -0.0991864 , 0.337876 , 0.0283009 , -0.0878051
33.0786 , 0.400354 , 0.0436082 , -0.0995679 , 0.335779 , 0.0271753 , -0.0871027
33.1238 , 0.39788 , 0.0424893 , -0.0987704 , 0.334319 , 0.025953 , -0.0866727
33.1605 , 0.395522 , 0.0418801 , -0.0978547 , 0.332324 , 0.0248895 , -0.0867699
33.1981 , 0.393572 , 0.0405317 , -0.0975114 , 0.331128 , 0.0280288 , -0.0863643
33.2445 , 0.393895 , 0.042494 , -0.0969727 , 0.32852 , 0.0273328 , -0.0844652
33.2823 , 0.394366 , 0.0424536 , -0.0967372 , 0.330467 , 0.0272724 , -0.0836581
33.3277 , 0.391929 , 0.0430707 , -0.0952319 , 0.329124 , 0.0271154 , -0.0834728
33.3647 , 0.38992 , 0.0422246 , -0.0941964 , 0.327915 , 0.0263891 , -0.0837655
33.4117 , 0.38803 , 0.0406004 , -0.0932276 , 0.326746 , 0.0239842 , -0.083652
33.4491 , 0.386006 , 0.038451 , -0.0922941 , 0.325055 , 0.0225375 , -0.0831196
33.4966 , 0.384159 , 0.0371497 , -0.0915796 , 0.32345 , 0.0214417 , -0.0827206
33.5338 , 0.381851 , 0.0361691 , -0.0912989 , 0.321788 , 0.0205111 , -0.0823096
33.5786 , 0.3801 , 0.0358464 , -0.0905699 , 0.319665 , 0.0203568 , -0.0814879
33.6157 , 0.378463 , 0.0355155 , -0.089903 , 0.318278 , 0.0194097 , -0.0808858
33.6631 , 0.376569 , 0.0344907 , -0.0892249 , 0.317344 , 0.0120867 , -0.0834725
33.7003 , 0.373558 , 0.0293559 , -0.0902887 , 0.315749 , 0.0135552 , -0.0822104
33.75 , 0.371592 , 0.0293343 , -0.0890923 , 0.31363 , 0.0136311 , -0.0811581
33.8007 , 0.369891 , 0.0303085 , -0.0879793 , 0.311156 , 0.0154731 , -0.0802026
33.8453 , 0.368763 , 0.0297036 , -0.0879136 , 0.310216 , 0.0146374 , -0.0797868
33.8822 , 0.367648 , 0.0281847 , -0.0877695 , 0.309925 , 0.0132647 , -0.0795799
33.922 , 0.366424 , 0.0256114 , -0.0875901 , 0.309804 , 0.0112054 , -0.0803394
33.9653 , 0.365719 , 0.0248559 , -0.0872791 , 0.309605 , 0.0109007 , -0.080788
34.0015 , 0.365266 , 0.0252127 , -0.086678 , 0.309885 , 0.0155727 , -0.0776674
34.0486 , 0.367257 , 0.0273561 , -0.0854203 , 0.309652 , 0.0107083 , -0.07876
34.0858 , 0.365373 , 0.02546 , -0.0856554 , 0.309015 , 0.0105366 , -0.0786854
34.1336 , 0.365144 , 0.0254925 , -0.0854105 , 0.310105 , 0.0103096 , -0.0795805
34.1705 , 0.365779 , 0.0251178 , -0.0857942 , 0.309673 , 0.0104233 , -0.0802317
34.2177 , 0.366151 , 0.0293222 , -0.0851143 , 0.315151 , 0.0115633 , -0.0820748
34.2549 , 0.366526 , 0.0276123 , -0.0854698 , 0.313206 , 0.00844174 , -0.0834426
34.3044 , 0.365448 , 0.0248967 , -0.0862881 , 0.312705 , 0.00905585 , -0.0819994
34.3531 , 0.365598 , 0.0249974 , -0.0865972 , 0.311683 , 0.0126703 , -0.0813706
34.3999 , 0.366222 , 0.0279769 , -0.0871626 , 0.311684 , 0.0135118 , -0.0821689
34.4361 , 0.367321 , 0.027886 , -0.0877 , 0.312931 , 0.0140436 , -0.0825951
34.4759 , 0.367421 , 0.0271488 , -0.0878496 , 0.314416 , 0.0138537 , -0.0830511
34.5182 , 0.367609 , 0.0268761 , -0.0879977 , 0.314736 , 0.0124196 , -0.0838512
34.5593 , 0.367971 , 0.0267941 , -0.0882905 , 0.313987 , 0.0123995 , -0.0842499
34.6019 , 0.368165 , 0.0268258 , -0.0884537 , 0.314804 , 0.01262 , -0.0842897
34.6435 , 0.368908 , 0.0273324 , -0.0890118 , 0.314124 , 0.0135166 , -0.08439
34.6843 , 0.369206 , 0.0276984 , -0.0895821 , 0.314519 , 0.01352 , -0.0848359
34.7215 , 0.369337 , 0.0271623 , -0.0900308 , 0.315526 , 0.0128978 , -0.0844825
34.7573 , 0.368607 , 0.0265415 , -0.0902872 , 0.315522 , 0.0125563 , -0.0856641
34.8101 , 0.369343 , 0.0260396 , -0.0910847 , 0.315465 , 0.0121492 , -0.0868799
34.8586 , 0.36954 , 0.0265353 , -0.0925904 , 0.315059 , 0.01238 , -0.0878144
34.9093 , 0.369395 , 0.0269348 , -0.0925208 , 0.314483 , 0.0125871 , -0.0879918
34.9634 , 0.368279 , 0.0277984 , -0.0922381 , 0.315106 , 0.0128052 , -0.0871953
35.0133 , 0.368266 , 0.0278506 , -0.092234 , 0.315783 , 0.0127991 , -0.0875885
35.0579 , 0.368385 , 0.026565 , -0.0929288 , 0.315567 , 0.0122754 , -0.088288
35.1131 , 0.368309 , 0.0264493 , -0.0930365 , 0.313801 , 0.00786059 , -0.0893394
35.174 , 0.365356 , 0.0248251 , -0.0936473 , 0.312291 , 0.00905412 , -0.0886175
35.2207 , 0.364001 , 0.0253018 , -0.0929821 , 0.310827 , 0.0101516 , -0.0876925
35.2638 , 0.364335 , 0.0249652 , -0.0931383 , 0.310541 , 0.010175 , -0.0877685
35.3043 , 0.363974 , 0.024444 , -0.0931387 , 0.310931 , 0.00964999 , -0.0869262
35.3465 , 0.362555 , 0.0242682 , -0.0925224 , 0.311163 , 0.0113579 , -0.0858934
35.3922 , 0.363405 , 0.0271621 , -0.0912935 , 0.310571 , 0.0123802 , -0.0856494
35.43 , 0.363536 , 0.0266793 , -0.0916516 , 0.310949 , 0.0104273 , -0.0872434
35.4746 , 0.364312 , 0.0261308 , -0.0923796 , 0.311208 , 0.0106504 , -0.0879541
35.5124 , 0.36427 , 0.0263753 , -0.0922361 , 0.311202 , 0.011942 , -0.08678
35.5658 , 0.363536 , 0.0264829 , -0.0918939 , 0.31138 , 0.0116679 , -0.0865586
35.611 , 0.363391 , 0.0262292 , -0.0917881 , 0.311475 , 0.0116654 , -0.0867148
35.6525 , 0.363361 , 0.0262981 , -0.0917971 , 0.31163 , 0.0117277 , -0.0877428
35.6993 , 0.36411 , 0.0257067 , -0.09251 , 0.311819 , 0.0112248 , -0.0886069
35.7463 , 0.364163 , 0.0259467 , -0.0924814 , 0.312248 , 0.0102457 , -0.0879706
35.7967 , 0.363541 , 0.0263898 , -0.0921819 , 0.312514 , 0.0110723 , -0.0872958
35.8519 , 0.363509 , 0.0262876 , -0.0921815 , 0.312578 , 0.0114408 , -0.0873534
35.8944 , 0.36347 , 0.026237 , -0.0921283 , 0.312493 , 0.0116871 , -0.0881962
35.9378 , 0.364081 , 0.0258959 , -0.0926681 , 0.312264 , 0.0116179 , -0.0883034
35.9784 , 0.364024 , 0.0261663 , -0.0925726 , 0.311481 , 0.0117077 , -0.0879347
36.0148 , 0.364315 , 0.0257211 , -0.0927364 , 0.312098 , 0.0112128 , -0.0884629
36.0624 , 0.364315 , 0.0257211 , -0.0927364 , 0.313414 , 0.0108535 , -0.0888909
36.0994 , 0.364432 , 0.0256605 , -0.0927511 , 0.31354 , 0.0109963 , -0.0889786
36.1478 , 0.364432 , 0.0256605 , -0.0927511 , 0.313719 , 0.011087 , -0.0880684
