832

0.024248 , 0.532537 , -0.275399 , 0.132373 , 0.450765 , -0.286091 , 0.0481629
0.064605 , 0.532687 , -0.276125 , 0.132551 , 0.482413 , -0.270726 , 0.0362395
0.110522 , 0.532656 , -0.276219 , 0.132594 , 0.48109 , -0.279644 , 0.0709375
0.1502 , 0.532621 , -0.276115 , 0.13263 , 0.47603 , -0.286395 , 0.0923381
0.19522 , 0.532584 , -0.276164 , 0.132734 , 0.474851 , -0.287965 , 0.0949628
0.234407 , 0.532497 , -0.276163 , 0.132769 , 0.475704 , -0.286159 , 0.0891184
0.277776 , 0.532495 , -0.27614 , 0.1329 , 0.477639 , -0.282478 , 0.0830793
0.315207 , 0.532489 , -0.27602 , 0.132984 , 0.4789 , -0.278816 , 0.0796888
0.36137 , 0.532595 , -0.275779 , 0.133033 , 0.47959 , -0.276231 , 0.0783767
0.400228 , 0.53271 , -0.275747 , 0.133138 , 0.481634 , -0.27499 , 0.0784273
0.442086 , 0.532721 , -0.275811 , 0.133117 , 0.484424 , -0.274399 , 0.0789135
0.482972 , 0.532729 , -0.275827 , 0.133128 , 0.486422 , -0.274942 , 0.0800547
0.530529 , 0.532698 , -0.275921 , 0.132995 , 0.486477 , -0.275684 , 0.0807068
0.569604 , 0.532758 , -0.275751 , 0.133014 , 0.486194 , -0.275809 , 0.080353
0.613877 , 0.532771 , -0.275807 , 0.13305 , 0.485642 , -0.276132 , 0.0801179
0.653675 , 0.532824 , -0.275818 , 0.133027 , 0.485067 , -0.275654 , 0.0796988
0.698131 , 0.532677 , -0.27611 , 0.132773 , 0.485059 , -0.275001 , 0.0790725
0.736718 , 0.532617 , -0.276231 , 0.132687 , 0.484928 , -0.274222 , 0.0789303
0.781958 , 0.532638 , -0.276083 , 0.132657 , 0.484665 , -0.274201 , 0.0794024
0.81986 , 0.532696 , -0.276038 , 0.132671 , 0.484551 , -0.274454 , 0.0796234
0.871326 , 0.532727 , -0.275979 , 0.132555 , 0.484699 , -0.274235 , 0.0786588
0.919417 , 0.53252 , -0.275596 , 0.132451 , 0.484436 , -0.274394 , 0.0780777
0.964058 , 0.532367 , -0.275837 , 0.13214 , 0.483735 , -0.274502 , 0.077771
1.00168 , 0.532003 , -0.276764 , 0.131857 , 0.483297 , -0.274926 , 0.0786403
1.04352 , 0.532009 , -0.276595 , 0.131788 , 0.483435 , -0.274358 , 0.0787353
1.08601 , 0.531988 , -0.275921 , 0.131706 , 0.482188 , -0.273654 , 0.0783219
1.13345 , 0.531989 , -0.275674 , 0.131742 , 0.481329 , -0.273004 , 0.0772592
1.17172 , 0.531989 , -0.275674 , 0.131742 , 0.481347 , -0.272689 , 0.0766189
1.21584 , 0.532014 , -0.275639 , 0.131525 , 0.481694 , -0.273089 , 0.0769523
1.25276 , 0.531925 , -0.275794 , 0.131414 , 0.482294 , -0.272544 , 0.0773323
1.28974 , 0.531858 , -0.275801 , 0.131326 , 0.481415 , -0.272406 , 0.0774624
1.33679 , 0.531858 , -0.275801 , 0.131326 , 0.481051 , -0.271953 , 0.0763549
1.37535 , 0.531933 , -0.275357 , 0.13136 , 0.480848 , -0.271936 , 0.0757529
1.41891 , 0.531732 , -0.27515 , 0.131277 , 0.480315 , -0.271575 , 0.0757623
1.45828 , 0.531698 , -0.275068 , 0.131218 , 0.479574 , -0.271567 , 0.0766293
1.5038 , 0.531726 , -0.275243 , 0.131113 , 0.479114 , -0.271707 , 0.0769282
1.54201 , 0.531791 , -0.275192 , 0.131115 , 0.47875 , -0.271688 , 0.0767464
1.58875 , 0.531957 , -0.275227 , 0.131091 , 0.478512 , -0.271908 , 0.0765247
1.62677 , 0.53227 , -0.274961 , 0.131063 , 0.47861 , -0.271362 , 0.0762873
1.6717 , 0.532854 , -0.274539 , 0.131338 , 0.47858 , -0.271178 , 0.0762576
1.71017 , 0.53311 , -0.274378 , 0.131396 , 0.478824 , -0.271227 , 0.0760681
1.75591 , 0.535047 , -0.2754 , 0.131608 , 0.479726 , -0.271911 , 0.0767803
1.79524 , 0.536157 , -0.275561 , 0.131778 , 0.481006 , -0.271955 , 0.07701
1.83559 , 0.53731 , -0.275352 , 0.132128 , 0.482328 , -0.27161 , 0.0764887
1.87726 , 0.538947 , -0.275216 , 0.132881 , 0.48294 , -0.271671 , 0.0765977
1.92193 , 0.540574 , -0.275387 , 0.133396 , 0.484685 , -0.272209 , 0.0765947
1.96234 , 0.542594 , -0.276561 , 0.133411 , 0.486282 , -0.272798 , 0.0775378
2.00566 , 0.544636 , -0.277684 , 0.133366 , 0.487944 , -0.27344 , 0.0779188
2.04486 , 0.547175 , -0.278945 , 0.133701 , 0.490185 , -0.275182 , 0.0781118
2.09018 , 0.550225 , -0.280694 , 0.134365 , 0.492816 , -0.276135 , 0.0780169
2.12875 , 0.553828 , -0.281294 , 0.135288 , 0.495708 , -0.278552 , 0.078603
2.17537 , 0.557683 , -0.283063 , 0.136107 , 0.498969 , -0.280184 , 0.0784031
2.21321 , 0.562158 , -0.287217 , 0.136279 , 0.502651 , -0.281205 , 0.0795545
2.25771 , 0.566497 , -0.290003 , 0.136801 , 0.505881 , -0.285921 , 0.0809152
2.29518 , 0.570356 , -0.292928 , 0.138026 , 0.509379 , -0.287144 , 0.081811
2.34178 , 0.574958 , -0.294767 , 0.138916 , 0.512741 , -0.290308 , 0.0814264
2.37895 , 0.580304 , -0.297953 , 0.13827 , 0.516081 , -0.292745 , 0.0804825
2.42801 , 0.585154 , -0.300414 , 0.137684 , 0.519597 , -0.295132 , 0.0801734
2.47611 , 0.589696 , -0.305097 , 0.136348 , 0.523243 , -0.299069 , 0.0784126
2.5142 , 0.594101 , -0.306769 , 0.134751 , 0.526137 , -0.30304 , 0.0762623
2.56037 , 0.597692 , -0.30915 , 0.132753 , 0.527873 , -0.305243 , 0.0747763
2.60227 , 0.600406 , -0.312038 , 0.131295 , 0.527879 , -0.308688 , 0.0728062
2.64719 , 0.602002 , -0.315202 , 0.129485 , 0.526699 , -0.309671 , 0.0715803
2.6938 , 0.601515 , -0.317918 , 0.127294 , 0.525681 , -0.313131 , 0.0694011
2.73042 , 0.600246 , -0.320637 , 0.123798 , 0.522608 , -0.313994 , 0.0671731
2.77729 , 0.59785 , -0.325036 , 0.119441 , 0.518493 , -0.315978 , 0.064506
2.81355 , 0.592986 , -0.325486 , 0.114916 , 0.513165 , -0.316527 , 0.0630099
2.84964 , 0.583108 , -0.32048 , 0.114253 , 0.508232 , -0.314299 , 0.0562584
2.89595 , 0.578752 , -0.325252 , 0.108296 , 0.496906 , -0.315078 , 0.056122
2.93517 , 0.571137 , -0.325912 , 0.104668 , 0.485388 , -0.313311 , 0.0560215
2.97983 , 0.562216 , -0.326139 , 0.100626 , 0.475685 , -0.314145 , 0.0522435
3.01973 , 0.551327 , -0.324783 , 0.0969672 , 0.464747 , -0.309193 , 0.0507147
3.06482 , 0.539962 , -0.322653 , 0.0934917 , 0.452799 , -0.306359 , 0.0489626
3.10875 , 0.527257 , -0.319367 , 0.0899395 , 0.439177 , -0.303003 , 0.047699
3.15378 , 0.514588 , -0.316489 , 0.0868148 , 0.426523 , -0.300269 , 0.0448995
3.20454 , 0.501517 , -0.315102 , 0.0836654 , 0.41272 , -0.294921 , 0.0436106
3.25168 , 0.488189 , -0.313398 , 0.0808621 , 0.399913 , -0.292178 , 0.0427495
3.30669 , 0.47349 , -0.308245 , 0.0789355 , 0.386479 , -0.283133 , 0.0427395
3.35506 , 0.458479 , -0.302809 , 0.0763155 , 0.372833 , -0.277517 , 0.041344
3.40333 , 0.44447 , -0.300272 , 0.0733051 , 0.359766 , -0.291765 , 0.0362576
3.45072 , 0.429158 , -0.291607 , 0.0712027 , 0.345585 , -0.275582 , 0.0379673
3.49261 , 0.415941 , -0.288798 , 0.0678931 , 0.330612 , -0.263212 , 0.0376036
3.5332 , 0.402177 , -0.284446 , 0.0652211 , 0.31714 , -0.25481 , 0.0372673
3.57119 , 0.389448 , -0.278689 , 0.0631954 , 0.304504 , -0.250689 , 0.0367162
3.61781 , 0.377606 , -0.274816 , 0.0608432 , 0.29562 , -0.244218 , 0.0367216
3.65519 , 0.366664 , -0.272805 , 0.0583285 , 0.284789 , -0.238236 , 0.0369839
3.70305 , 0.355675 , -0.264442 , 0.0578987 , 0.273984 , -0.231642 , 0.037206
3.74973 , 0.346476 , -0.260457 , 0.0568788 , 0.266354 , -0.224303 , 0.0372134
3.78923 , 0.338019 , -0.255515 , 0.0577145 , 0.25838 , -0.221971 , 0.0385603
3.83334 , 0.3312 , -0.253834 , 0.0584617 , 0.253476 , -0.216764 , 0.0408668
3.87025 , 0.325866 , -0.249642 , 0.0597406 , 0.252145 , -0.212475 , 0.0425112
3.91111 , 0.322518 , -0.247113 , 0.0619198 , 0.25193 , -0.208198 , 0.043605
3.95178 , 0.320505 , -0.245175 , 0.0638358 , 0.251032 , -0.202323 , 0.0454386
3.99076 , 0.31957 , -0.241211 , 0.0661489 , 0.252697 , -0.19958 , 0.0466044
4.03547 , 0.320389 , -0.238878 , 0.0677015 , 0.253219 , -0.201755 , 0.0477686
4.07324 , 0.322854 , -0.236705 , 0.069128 , 0.256485 , -0.203545 , 0.0497215
4.12038 , 0.322311 , -0.239369 , 0.0688885 , 0.261652 , -0.204692 , 0.0489388
4.15711 , 0.324631 , -0.240152 , 0.0702829 , 0.264218 , -0.205653 , 0.0490538
4.20016 , 0.327718 , -0.240576 , 0.071599 , 0.26678 , -0.20618 , 0.0506232
4.24067 , 0.330995 , -0.241013 , 0.0725883 , 0.268611 , -0.207995 , 0.051205
4.29357 , 0.334629 , -0.242344 , 0.0729356 , 0.273727 , -0.211338 , 0.0524903
4.34037 , 0.338892 , -0.244273 , 0.0731476 , 0.278276 , -0.214157 , 0.0537838
4.38979 , 0.342861 , -0.244358 , 0.0727619 , 0.284313 , -0.215852 , 0.0538272
4.43197 , 0.34685 , -0.243851 , 0.0717123 , 0.289434 , -0.217713 , 0.0526327
4.4742 , 0.350723 , -0.243513 , 0.0709701 , 0.29475 , -0.217802 , 0.0519968
4.51513 , 0.353751 , -0.239928 , 0.0708233 , 0.299582 , -0.219595 , 0.0521198
4.55452 , 0.358157 , -0.240681 , 0.0703895 , 0.302733 , -0.218839 , 0.0525251
4.59561 , 0.362218 , -0.234194 , 0.0714172 , 0.308723 , -0.216635 , 0.0523571
4.63883 , 0.36749 , -0.230395 , 0.0717848 , 0.314151 , -0.213352 , 0.0520511
4.68067 , 0.372546 , -0.224647 , 0.0728082 , 0.320062 , -0.212377 , 0.0526984
4.72196 , 0.376982 , -0.220831 , 0.0739296 , 0.327699 , -0.210974 , 0.0541401
4.76309 , 0.381747 , -0.216534 , 0.0755742 , 0.333335 , -0.208627 , 0.0557726
4.80405 , 0.387505 , -0.21418 , 0.0779008 , 0.34068 , -0.206928 , 0.0559523
4.84275 , 0.392436 , -0.210089 , 0.0799772 , 0.34681 , -0.202412 , 0.0578703
4.8852 , 0.397019 , -0.205057 , 0.0819135 , 0.351937 , -0.199467 , 0.0596496
4.92582 , 0.401499 , -0.200812 , 0.0847697 , 0.357866 , -0.198901 , 0.061756
4.96447 , 0.406446 , -0.198006 , 0.0865314 , 0.363919 , -0.198923 , 0.0620621
5.0093 , 0.410359 , -0.195572 , 0.0880889 , 0.369422 , -0.198715 , 0.0621632
5.0464 , 0.414334 , -0.190982 , 0.0900108 , 0.373921 , -0.198401 , 0.0625485
5.0931 , 0.416829 , -0.187527 , 0.0919559 , 0.377363 , -0.198277 , 0.0626545
5.132 , 0.420453 , -0.186714 , 0.0933469 , 0.379584 , -0.191274 , 0.064683
5.18181 , 0.422814 , -0.18493 , 0.0948118 , 0.382465 , -0.18907 , 0.0652314
5.22859 , 0.424673 , -0.180908 , 0.0952883 , 0.384767 , -0.1874 , 0.0647857
5.27637 , 0.426027 , -0.177893 , 0.0959989 , 0.386209 , -0.186386 , 0.0643317
5.32418 , 0.427807 , -0.174142 , 0.0968238 , 0.386882 , -0.183348 , 0.0640998
5.36887 , 0.428753 , -0.170854 , 0.0974146 , 0.387111 , -0.181582 , 0.0633357
5.41233 , 0.431213 , -0.17142 , 0.0966457 , 0.388323 , -0.179316 , 0.063062
5.45976 , 0.436367 , -0.177099 , 0.096229 , 0.390914 , -0.180557 , 0.06395
5.50132 , 0.441545 , -0.173509 , 0.101482 , 0.403291 , -0.186025 , 0.0646381
5.55335 , 0.445716 , -0.173738 , 0.102839 , 0.414052 , -0.182244 , 0.0659632
5.60328 , 0.453649 , -0.1739 , 0.105912 , 0.420977 , -0.179937 , 0.0670743
5.64611 , 0.465696 , -0.173799 , 0.109679 , 0.431926 , -0.17426 , 0.0719571
5.68543 , 0.477627 , -0.17266 , 0.116064 , 0.4425 , -0.178217 , 0.0774285
5.72908 , 0.495828 , -0.178959 , 0.122725 , 0.458765 , -0.183694 , 0.0815271
5.76648 , 0.514921 , -0.18895 , 0.129778 , 0.478537 , -0.191315 , 0.0876324
5.81557 , 0.535032 , -0.19576 , 0.137593 , 0.499683 , -0.200145 , 0.092079
5.85679 , 0.55353 , -0.199689 , 0.14271 , 0.518352 , -0.21012 , 0.0956004
5.89569 , 0.574577 , -0.216611 , 0.148087 , 0.536474 , -0.219463 , 0.0985463
5.9331 , 0.592766 , -0.225101 , 0.151622 , 0.55276 , -0.223295 , 0.102651
5.97011 , 0.605797 , -0.225661 , 0.155849 , 0.569633 , -0.236455 , 0.102068
6.01483 , 0.617332 , -0.229898 , 0.159768 , 0.577135 , -0.235085 , 0.102767
6.05174 , 0.62566 , -0.233152 , 0.161661 , 0.578976 , -0.236719 , 0.106212
6.10109 , 0.631281 , -0.23346 , 0.165073 , 0.580066 , -0.236392 , 0.108801
6.13942 , 0.632477 , -0.229343 , 0.166219 , 0.579706 , -0.232025 , 0.110148
6.18461 , 0.631468 , -0.223437 , 0.166437 , 0.57615 , -0.224063 , 0.110373
6.22351 , 0.626119 , -0.21732 , 0.166454 , 0.568647 , -0.214818 , 0.109751
6.26813 , 0.61787 , -0.208695 , 0.165484 , 0.556478 , -0.205992 , 0.110315
6.3067 , 0.606343 , -0.197591 , 0.165005 , 0.54246 , -0.193612 , 0.108559
6.35203 , 0.593602 , -0.183952 , 0.162038 , 0.526345 , -0.17831 , 0.10711
6.38949 , 0.578862 , -0.166539 , 0.159811 , 0.50876 , -0.164814 , 0.102915
6.43523 , 0.561609 , -0.156058 , 0.154391 , 0.489397 , -0.151806 , 0.0992082
6.47266 , 0.542975 , -0.136911 , 0.151967 , 0.467902 , -0.137916 , 0.0950592
6.51883 , 0.523003 , -0.121056 , 0.147251 , 0.445628 , -0.121508 , 0.0913934
6.55665 , 0.501671 , -0.104682 , 0.141799 , 0.422068 , -0.106134 , 0.0883993
6.60396 , 0.480842 , -0.0878014 , 0.13648 , 0.400399 , -0.0905229 , 0.0827661
6.64527 , 0.458903 , -0.068904 , 0.130525 , 0.37481 , -0.0781002 , 0.0766288
6.68768 , 0.438136 , -0.0569824 , 0.122374 , 0.353603 , -0.0608978 , 0.0724536
6.72466 , 0.41695 , -0.0400028 , 0.117815 , 0.333473 , -0.0464481 , 0.0668157
6.77258 , 0.397181 , -0.0263261 , 0.11223 , 0.311918 , -0.0338632 , 0.0612312
6.81203 , 0.378209 , -0.00913728 , 0.107564 , 0.294358 , -0.0228649 , 0.0584299
6.85566 , 0.362337 , 0.000366138 , 0.102672 , 0.277134 , -0.0132674 , 0.0564745
6.89162 , 0.348531 , 0.00842623 , 0.098588 , 0.265806 , -0.000862788 , 0.0536535
6.94081 , 0.338863 , 0.0140827 , 0.0945294 , 0.256643 , 0.00997816 , 0.0514717
6.98751 , 0.332463 , 0.019535 , 0.0922984 , 0.255838 , 0.0110428 , 0.0491296
7.02429 , 0.333534 , 0.0212703 , 0.0921962 , 0.259975 , 0.0125769 , 0.0473663
7.0637 , 0.332345 , 0.0259988 , 0.0891155 , 0.266209 , 0.0164997 , 0.0461718
7.10567 , 0.333895 , 0.0296816 , 0.0877342 , 0.275871 , 0.0219754 , 0.0455642
7.14491 , 0.336687 , 0.0338454 , 0.0872894 , 0.288948 , 0.0248693 , 0.0474504
7.19168 , 0.344869 , 0.0325181 , 0.0889351 , 0.301589 , 0.0235533 , 0.0483949
7.23212 , 0.354776 , 0.0294469 , 0.0910999 , 0.316704 , 0.0217478 , 0.0549597
7.2712 , 0.36786 , 0.024451 , 0.0965505 , 0.331415 , 0.0136808 , 0.0571717
7.3109 , 0.38233 , 0.0137843 , 0.102442 , 0.343148 , 0.00443616 , 0.0603648
7.36079 , 0.397774 , 0.00102941 , 0.105366 , 0.358228 , -0.00717046 , 0.0638902
7.41027 , 0.413877 , -0.011078 , 0.106982 , 0.374373 , -0.0163397 , 0.0657812
7.45429 , 0.428832 , -0.0196205 , 0.110005 , 0.38813 , -0.0287875 , 0.064712
7.4924 , 0.443569 , -0.0286351 , 0.110752 , 0.398694 , -0.0369 , 0.0650063
7.52889 , 0.457408 , -0.0415599 , 0.11151 , 0.4109 , -0.0494442 , 0.0650119
7.58085 , 0.468751 , -0.0549021 , 0.112384 , 0.420584 , -0.0634241 , 0.0647995
7.63075 , 0.477451 , -0.0712966 , 0.112716 , 0.429643 , -0.076146 , 0.0666026
7.67329 , 0.484787 , -0.085987 , 0.115259 , 0.437478 , -0.0876331 , 0.0684498
7.71109 , 0.49102 , -0.094961 , 0.115428 , 0.442972 , -0.0977967 , 0.0673539
7.74646 , 0.496153 , -0.107914 , 0.113926 , 0.444234 , -0.107414 , 0.0654712
7.79391 , 0.501655 , -0.113342 , 0.114048 , 0.446387 , -0.114746 , 0.0656724
7.8356 , 0.502953 , -0.123877 , 0.112254 , 0.446585 , -0.122204 , 0.0648473
7.87613 , 0.504618 , -0.131836 , 0.11271 , 0.445507 , -0.133724 , 0.0632327
7.91303 , 0.503721 , -0.14042 , 0.110513 , 0.444424 , -0.137414 , 0.0640647
7.9499 , 0.499775 , -0.146236 , 0.107634 , 0.443235 , -0.14584 , 0.0626347
8.00177 , 0.497072 , -0.151999 , 0.105956 , 0.441448 , -0.150232 , 0.0614228
8.05198 , 0.494566 , -0.156314 , 0.104888 , 0.438999 , -0.153851 , 0.0590482
8.10104 , 0.492676 , -0.162104 , 0.103622 , 0.436722 , -0.155665 , 0.0602428
8.15105 , 0.490394 , -0.162472 , 0.103452 , 0.435404 , -0.162686 , 0.0589811
8.20068 , 0.487807 , -0.1658 , 0.101301 , 0.435162 , -0.166316 , 0.0585188
8.25267 , 0.486055 , -0.1703 , 0.0981299 , 0.434023 , -0.167094 , 0.05768
8.30315 , 0.486746 , -0.171274 , 0.0988566 , 0.433572 , -0.172265 , 0.0556907
8.35045 , 0.484739 , -0.174029 , 0.0981148 , 0.433662 , -0.172179 , 0.0567187
8.40761 , 0.486558 , -0.175918 , 0.099605 , 0.434848 , -0.175506 , 0.0563516
8.45296 , 0.4876 , -0.178324 , 0.0997633 , 0.435659 , -0.178068 , 0.0582232
8.50133 , 0.488031 , -0.181342 , 0.0994276 , 0.439023 , -0.178375 , 0.0592588
8.55635 , 0.49176 , -0.18338 , 0.100828 , 0.441854 , -0.182816 , 0.0604319
8.60408 , 0.492381 , -0.182468 , 0.102705 , 0.443409 , -0.18314 , 0.0610725
8.6496 , 0.495462 , -0.182369 , 0.10461 , 0.445333 , -0.1826 , 0.0611838
8.69621 , 0.499173 , -0.18405 , 0.105044 , 0.447986 , -0.183737 , 0.0615039
8.74065 , 0.499776 , -0.18187 , 0.106204 , 0.449131 , -0.185647 , 0.0623347
8.78753 , 0.502519 , -0.184042 , 0.106258 , 0.449499 , -0.1843 , 0.0637845
8.84081 , 0.504415 , -0.186335 , 0.106573 , 0.452606 , -0.185831 , 0.0643493
8.89019 , 0.505349 , -0.185103 , 0.107318 , 0.454314 , -0.184598 , 0.0650743
8.94026 , 0.505815 , -0.183447 , 0.106775 , 0.453677 , -0.183847 , 0.0631269
8.99012 , 0.506252 , -0.182892 , 0.10705 , 0.453166 , -0.182918 , 0.062366
9.04143 , 0.506323 , -0.18353 , 0.107361 , 0.452365 , -0.18392 , 0.0623414
9.09189 , 0.505922 , -0.183643 , 0.107087 , 0.451104 , -0.183206 , 0.0620762
9.14718 , 0.504951 , -0.182212 , 0.106158 , 0.450711 , -0.182093 , 0.0619183
9.18528 , 0.503711 , -0.178315 , 0.106801 , 0.450002 , -0.179636 , 0.062394
9.22992 , 0.503315 , -0.178695 , 0.106613 , 0.447944 , -0.179242 , 0.0618389
9.27805 , 0.503536 , -0.17684 , 0.107041 , 0.446888 , -0.178365 , 0.0612022
9.32806 , 0.504358 , -0.174984 , 0.105959 , 0.446637 , -0.177015 , 0.0605849
9.38062 , 0.502813 , -0.17464 , 0.105157 , 0.447315 , -0.176422 , 0.0600747
9.42368 , 0.501693 , -0.17434 , 0.104865 , 0.445421 , -0.17641 , 0.0603522
9.47876 , 0.499494 , -0.174057 , 0.105098 , 0.443066 , -0.176068 , 0.0607566
9.52285 , 0.498247 , -0.172842 , 0.105051 , 0.441568 , -0.174033 , 0.0609458
9.56041 , 0.496512 , -0.169957 , 0.105373 , 0.439024 , -0.174065 , 0.0598588
9.61059 , 0.495342 , -0.170351 , 0.104796 , 0.436214 , -0.170732 , 0.0602225
9.65626 , 0.494278 , -0.170982 , 0.104658 , 0.434625 , -0.171569 , 0.0605855
9.69877 , 0.493172 , -0.169582 , 0.104847 , 0.435496 , -0.171504 , 0.0614163
9.73983 , 0.493759 , -0.166875 , 0.105501 , 0.43529 , -0.168507 , 0.0621623
9.78408 , 0.494223 , -0.164361 , 0.105851 , 0.437084 , -0.166151 , 0.0616927
9.82303 , 0.497279 , -0.162594 , 0.106511 , 0.43855 , -0.164475 , 0.0607818
9.86614 , 0.501384 , -0.161509 , 0.107263 , 0.442104 , -0.164791 , 0.0603932
9.90754 , 0.505523 , -0.162437 , 0.10763 , 0.446139 , -0.164842 , 0.0611174
9.94477 , 0.51165 , -0.161996 , 0.107883 , 0.452683 , -0.162917 , 0.0622973
9.99189 , 0.518528 , -0.16238 , 0.107592 , 0.461052 , -0.165214 , 0.0627639
10.0326 , 0.526975 , -0.164562 , 0.10906 , 0.46977 , -0.16651 , 0.0631474
10.0755 , 0.537153 , -0.166079 , 0.11015 , 0.478925 , -0.168568 , 0.0634219
10.1176 , 0.548725 , -0.167487 , 0.111891 , 0.4889 , -0.169459 , 0.0631754
10.159 , 0.561754 , -0.170692 , 0.112161 , 0.501813 , -0.17385 , 0.0627674
10.202 , 0.575836 , -0.175469 , 0.113427 , 0.51513 , -0.181482 , 0.0625778
10.245 , 0.59081 , -0.184322 , 0.112565 , 0.528847 , -0.190594 , 0.0613659
10.2836 , 0.605504 , -0.193528 , 0.112795 , 0.541252 , -0.198779 , 0.0619213
10.3325 , 0.62027 , -0.206254 , 0.113834 , 0.55207 , -0.205869 , 0.0635581
10.3788 , 0.634823 , -0.216421 , 0.114147 , 0.563339 , -0.215046 , 0.0641476
10.4377 , 0.64873 , -0.22925 , 0.114653 , 0.573654 , -0.22388 , 0.0651618
10.482 , 0.662645 , -0.239489 , 0.113841 , 0.584488 , -0.237178 , 0.0624723
10.5323 , 0.675218 , -0.253601 , 0.111292 , 0.59611 , -0.246552 , 0.0607825
10.5814 , 0.684951 , -0.264055 , 0.110192 , 0.602268 , -0.262307 , 0.0583494
10.6346 , 0.692698 , -0.276502 , 0.108578 , 0.605949 , -0.273479 , 0.057326
10.6806 , 0.697512 , -0.289171 , 0.105637 , 0.607178 , -0.282559 , 0.0561307
10.7198 , 0.699471 , -0.300457 , 0.103069 , 0.605698 , -0.290345 , 0.0537909
10.7638 , 0.69989 , -0.3131 , 0.0980425 , 0.601629 , -0.297875 , 0.0508641
10.807 , 0.695293 , -0.321547 , 0.0944761 , 0.595555 , -0.308807 , 0.0472754
10.8506 , 0.688222 , -0.328627 , 0.0893905 , 0.584333 , -0.318445 , 0.0439317
10.9026 , 0.679605 , -0.338385 , 0.0812597 , 0.571046 , -0.31812 , 0.044645
10.9489 , 0.663814 , -0.341656 , 0.077863 , 0.556486 , -0.323162 , 0.0379109
10.9861 , 0.648757 , -0.345473 , 0.0711669 , 0.5377 , -0.322875 , 0.0309688
11.0318 , 0.630411 , -0.347251 , 0.0650935 , 0.516516 , -0.321502 , 0.0269762
11.0692 , 0.609303 , -0.34475 , 0.0597318 , 0.491764 , -0.319048 , 0.0240505
11.122 , 0.585412 , -0.341617 , 0.0549097 , 0.466595 , -0.309931 , 0.023704
11.1712 , 0.559824 , -0.337265 , 0.0517718 , 0.439017 , -0.297972 , 0.0237305
11.2151 , 0.529366 , -0.320956 , 0.0501293 , 0.410298 , -0.287472 , 0.022024
11.2559 , 0.499706 , -0.315605 , 0.0468474 , 0.381287 , -0.277821 , 0.0197236
11.299 , 0.467028 , -0.299289 , 0.0436423 , 0.3488 , -0.263901 , 0.0185209
11.341 , 0.433775 , -0.291157 , 0.0399569 , 0.314591 , -0.241425 , 0.0195874
11.3829 , 0.39998 , -0.275577 , 0.037506 , 0.281814 , -0.226149 , 0.0192831
11.4242 , 0.367704 , -0.264332 , 0.0343645 , 0.251622 , -0.210472 , 0.0185708
11.4668 , 0.335006 , -0.249312 , 0.031805 , 0.225632 , -0.197863 , 0.0176164
11.5015 , 0.306103 , -0.238073 , 0.0270607 , 0.202863 , -0.190614 , 0.0137879
11.539 , 0.281642 , -0.230024 , 0.0226768 , 0.183251 , -0.184648 , 0.00822829
11.5854 , 0.258982 , -0.22412 , 0.0189838 , 0.168094 , -0.18102 , 0.00340219
11.6216 , 0.239289 , -0.222717 , 0.0153645 , 0.160763 , -0.178101 , -0.000163456
11.6696 , 0.22562 , -0.220372 , 0.0135847 , 0.156159 , -0.176672 , -0.00253213
11.7057 , 0.215334 , -0.220732 , 0.014274 , 0.152559 , -0.17459 , -0.000876937
11.7538 , 0.210757 , -0.21917 , 0.0155245 , 0.1595 , -0.17563 , -0.00697419
11.79 , 0.210811 , -0.218398 , 0.0165698 , 0.163263 , -0.17728 , -0.00658541
11.8434 , 0.215405 , -0.219922 , 0.0185887 , 0.168882 , -0.18097 , -0.00189319
11.8918 , 0.220893 , -0.224128 , 0.0213346 , 0.177053 , -0.184518 , 0.00400159
11.9373 , 0.231521 , -0.230879 , 0.0235985 , 0.187918 , -0.19238 , 0.00780129
11.9803 , 0.242747 , -0.234206 , 0.0274114 , 0.204465 , -0.196039 , 0.00786259
12.0221 , 0.25524 , -0.234988 , 0.0316012 , 0.21722 , -0.197398 , 0.0111755
12.0628 , 0.270898 , -0.235388 , 0.0333067 , 0.234719 , -0.200215 , 0.00975138
12.1017 , 0.286239 , -0.23557 , 0.0350334 , 0.248875 , -0.202181 , 0.0107529
12.1489 , 0.301773 , -0.235525 , 0.0365122 , 0.261128 , -0.201777 , 0.0166832
12.1877 , 0.317609 , -0.239457 , 0.0386704 , 0.2718 , -0.204324 , 0.0213521
12.2303 , 0.331074 , -0.238036 , 0.0403798 , 0.282466 , -0.218806 , 0.0227201
12.2718 , 0.343765 , -0.236761 , 0.0435021 , 0.296653 , -0.207263 , 0.0254662
12.3127 , 0.358182 , -0.234335 , 0.0473705 , 0.308653 , -0.211029 , 0.0232935
12.3552 , 0.37076 , -0.231051 , 0.0512089 , 0.316631 , -0.210856 , 0.0296347
12.3974 , 0.382117 , -0.231735 , 0.0532704 , 0.328398 , -0.210265 , 0.0357687
12.4398 , 0.392764 , -0.229217 , 0.0556263 , 0.338396 , -0.210744 , 0.0387672
12.4822 , 0.401612 , -0.228907 , 0.057576 , 0.348767 , -0.209611 , 0.0396748
12.5231 , 0.409204 , -0.225069 , 0.0594689 , 0.3574 , -0.207252 , 0.041419
12.5642 , 0.415267 , -0.218375 , 0.0630159 , 0.363681 , -0.203397 , 0.0428604
12.6077 , 0.421216 , -0.216041 , 0.0627767 , 0.370024 , -0.200426 , 0.0435831
12.6523 , 0.424501 , -0.208166 , 0.0641494 , 0.374677 , -0.194552 , 0.0455533
12.691 , 0.426891 , -0.201405 , 0.0659294 , 0.376479 , -0.193553 , 0.0462039
12.7356 , 0.427769 , -0.19667 , 0.066138 , 0.378743 , -0.190684 , 0.0463841
12.7748 , 0.427732 , -0.191835 , 0.0652426 , 0.379028 , -0.186832 , 0.0464865
12.8171 , 0.426593 , -0.185319 , 0.0657804 , 0.377641 , -0.18811 , 0.0455801
12.8594 , 0.424914 , -0.182265 , 0.0652212 , 0.374264 , -0.184046 , 0.045077
12.9007 , 0.421429 , -0.175216 , 0.0650759 , 0.369416 , -0.17717 , 0.044657
12.9431 , 0.416987 , -0.167931 , 0.0635474 , 0.365517 , -0.170133 , 0.0439104
12.9847 , 0.41202 , -0.16229 , 0.0627101 , 0.35928 , -0.167839 , 0.0431576
13.029 , 0.405378 , -0.159223 , 0.0622731 , 0.353221 , -0.16621 , 0.043673
13.071 , 0.398788 , -0.156853 , 0.061076 , 0.347397 , -0.161528 , 0.0435373
13.1105 , 0.393232 , -0.152611 , 0.0608888 , 0.342401 , -0.157868 , 0.0418839
13.15 , 0.388818 , -0.148889 , 0.0601359 , 0.337002 , -0.153387 , 0.0405658
13.1947 , 0.384188 , -0.146058 , 0.0590636 , 0.333201 , -0.151603 , 0.0390336
13.2347 , 0.379543 , -0.143038 , 0.0580909 , 0.329006 , -0.148436 , 0.03782
13.2787 , 0.376475 , -0.139786 , 0.0578874 , 0.326617 , -0.148132 , 0.0371734
13.319 , 0.372752 , -0.138325 , 0.0568445 , 0.325017 , -0.145453 , 0.0379192
13.3657 , 0.369299 , -0.134593 , 0.0566823 , 0.323666 , -0.145189 , 0.0366413
13.4086 , 0.370826 , -0.138053 , 0.0560015 , 0.32162 , -0.136872 , 0.0392929
13.4535 , 0.367318 , -0.129502 , 0.0574712 , 0.321621 , -0.136468 , 0.0364122
13.4996 , 0.368061 , -0.134358 , 0.0571666 , 0.323734 , -0.140602 , 0.0355756
13.5415 , 0.365932 , -0.129101 , 0.0584032 , 0.327824 , -0.135786 , 0.0357884
13.5781 , 0.367299 , -0.130142 , 0.0613787 , 0.329041 , -0.137318 , 0.0366673
13.6239 , 0.367605 , -0.128616 , 0.0641595 , 0.330001 , -0.143284 , 0.0378503
13.6682 , 0.371002 , -0.133095 , 0.0635684 , 0.332165 , -0.136338 , 0.0377916
13.7196 , 0.37439 , -0.126123 , 0.0668914 , 0.33508 , -0.136787 , 0.0389311
13.7645 , 0.377621 , -0.130139 , 0.0680759 , 0.339843 , -0.138229 , 0.0418995
13.8067 , 0.382337 , -0.134362 , 0.0706004 , 0.344864 , -0.137056 , 0.0443436
13.8497 , 0.389527 , -0.135975 , 0.0735425 , 0.351841 , -0.142942 , 0.0471795
13.8886 , 0.397665 , -0.141564 , 0.0772907 , 0.361184 , -0.149886 , 0.0495496
13.9346 , 0.407728 , -0.147455 , 0.0817871 , 0.371744 , -0.151325 , 0.0539955
13.9739 , 0.420231 , -0.154694 , 0.0872145 , 0.384289 , -0.155186 , 0.0572966
14.0177 , 0.438042 , -0.166381 , 0.0917508 , 0.398846 , -0.163934 , 0.0632009
14.056 , 0.450191 , -0.166142 , 0.0986395 , 0.422748 , -0.165072 , 0.0548562
14.1016 , 0.466138 , -0.17006 , 0.104712 , 0.432474 , -0.171179 , 0.0635037
14.1413 , 0.486417 , -0.181269 , 0.110035 , 0.449323 , -0.181403 , 0.0728425
14.1869 , 0.506231 , -0.187292 , 0.116407 , 0.47061 , -0.193041 , 0.0767113
14.2244 , 0.529303 , -0.198599 , 0.122088 , 0.491435 , -0.201328 , 0.0825706
14.2684 , 0.551258 , -0.206484 , 0.13001 , 0.513206 , -0.205429 , 0.0896753
14.3133 , 0.573429 , -0.21657 , 0.137681 , 0.53351 , -0.223141 , 0.0924144
14.3568 , 0.6005 , -0.238449 , 0.140486 , 0.557492 , -0.234293 , 0.0986518
14.4038 , 0.616886 , -0.242974 , 0.149327 , 0.584833 , -0.24148 , 0.0962933
14.4416 , 0.638125 , -0.252125 , 0.154155 , 0.59523 , -0.248325 , 0.103011
14.4878 , 0.65731 , -0.264182 , 0.16328 , 0.609878 , -0.25184 , 0.11196
14.5256 , 0.675144 , -0.270049 , 0.171338 , 0.624928 , -0.255673 , 0.119283
14.5715 , 0.692309 , -0.273932 , 0.178252 , 0.640704 , -0.261394 , 0.123799
14.6082 , 0.706483 , -0.275168 , 0.183381 , 0.652562 , -0.263093 , 0.128569
14.6573 , 0.717725 , -0.27632 , 0.188049 , 0.661131 , -0.257379 , 0.132247
14.6963 , 0.724819 , -0.272547 , 0.192275 , 0.665084 , -0.252686 , 0.134619
14.7392 , 0.728902 , -0.265428 , 0.194851 , 0.665499 , -0.24763 , 0.135604
14.7767 , 0.728397 , -0.256251 , 0.19741 , 0.661877 , -0.238445 , 0.136458
14.8248 , 0.723823 , -0.241436 , 0.19876 , 0.653873 , -0.228926 , 0.135552
14.8641 , 0.713816 , -0.22941 , 0.198286 , 0.643187 , -0.214258 , 0.13413
14.9074 , 0.699747 , -0.216261 , 0.196245 , 0.624498 , -0.20594 , 0.130492
14.9439 , 0.680614 , -0.200087 , 0.192714 , 0.603533 , -0.188426 , 0.128605
14.9912 , 0.659786 , -0.185751 , 0.186194 , 0.57842 , -0.166397 , 0.124068
15.0273 , 0.635684 , -0.164771 , 0.179152 , 0.549696 , -0.154798 , 0.114775
15.0755 , 0.606086 , -0.15004 , 0.170222 , 0.517434 , -0.137265 , 0.105677
15.1116 , 0.574388 , -0.128198 , 0.160062 , 0.4824 , -0.122435 , 0.0960395
15.159 , 0.540605 , -0.108944 , 0.148606 , 0.444736 , -0.106551 , 0.0864619
15.1956 , 0.505064 , -0.0884342 , 0.136639 , 0.407536 , -0.0843774 , 0.0781767
15.2451 , 0.46721 , -0.0653998 , 0.125812 , 0.368646 , -0.0680823 , 0.0680191
15.2951 , 0.429661 , -0.0450506 , 0.11272 , 0.331953 , -0.045831 , 0.0591567
15.3403 , 0.393946 , -0.0282645 , 0.100909 , 0.296147 , -0.0248899 , 0.0510939
15.3781 , 0.357715 , -0.00924536 , 0.0917133 , 0.263869 , -0.0062436 , 0.0440856
15.4149 , 0.322281 , 0.00828709 , 0.0825573 , 0.236309 , -0.00119879 , 0.035892
15.4609 , 0.291611 , 0.0162074 , 0.0712434 , 0.209556 , 0.00877747 , 0.0295165
15.4987 , 0.261231 , 0.0283947 , 0.0625411 , 0.188339 , 0.0130563 , 0.0224951
15.5445 , 0.234999 , 0.0336029 , 0.0514836 , 0.168956 , 0.0167348 , 0.0159954
15.5841 , 0.216631 , 0.0308397 , 0.0424749 , 0.155758 , 0.0220812 , 0.0119389
15.629 , 0.199917 , 0.030591 , 0.0356793 , 0.147404 , 0.0202303 , 0.0108178
15.6665 , 0.186489 , 0.0324034 , 0.0323686 , 0.143462 , 0.0167873 , 0.0097164
15.7191 , 0.177649 , 0.0325343 , 0.0297467 , 0.14004 , 0.0142258 , 0.00860788
15.7669 , 0.172012 , 0.0366316 , 0.0297266 , 0.140387 , 0.014563 , 0.0083101
15.8156 , 0.169984 , 0.0414036 , 0.0282688 , 0.141653 , 0.0160372 , 0.00695792
15.8691 , 0.169484 , 0.0433488 , 0.0284392 , 0.148244 , 0.0188048 , 0.0082081
15.9144 , 0.169448 , 0.0430094 , 0.0275805 , 0.15502 , 0.0244005 , 0.0106485
15.9527 , 0.17429 , 0.0450345 , 0.029212 , 0.161958 , 0.0260673 , 0.0115127
15.9981 , 0.179901 , 0.044026 , 0.0297547 , 0.169226 , 0.0244074 , 0.0111182
16.0361 , 0.18785 , 0.0388049 , 0.0312207 , 0.178476 , 0.0220102 , 0.0123525
16.0875 , 0.197592 , 0.035513 , 0.0330668 , 0.187824 , 0.0174952 , 0.012086
16.1343 , 0.208826 , 0.0286415 , 0.0340335 , 0.197733 , 0.0123966 , 0.0125023
16.1844 , 0.220148 , 0.0221111 , 0.0356558 , 0.207106 , 0.00303506 , 0.0131871
16.2376 , 0.232889 , 0.0120009 , 0.0371494 , 0.214894 , -0.00371863 , 0.0170406
16.2802 , 0.244597 , 0.00338989 , 0.0401685 , 0.225378 , -0.0140444 , 0.0184703
16.321 , 0.257444 , -0.00840736 , 0.0419546 , 0.235064 , -0.0254654 , 0.018999
16.376 , 0.269396 , -0.019438 , 0.0444955 , 0.245822 , -0.0376798 , 0.0199202
16.4251 , 0.2801 , -0.0341119 , 0.045379 , 0.257337 , -0.0439367 , 0.0206774
16.4683 , 0.291127 , -0.0451342 , 0.0450937 , 0.26899 , -0.0519519 , 0.0196738
16.5122 , 0.301134 , -0.0562455 , 0.0455872 , 0.275758 , -0.0575518 , 0.0183804
16.5529 , 0.308792 , -0.0623365 , 0.0461784 , 0.283187 , -0.0725311 , 0.0175892
16.5955 , 0.317987 , -0.0696996 , 0.0482198 , 0.290281 , -0.0820529 , 0.0168238
16.6434 , 0.325609 , -0.0777145 , 0.0493547 , 0.297574 , -0.0954763 , 0.0161553
16.692 , 0.332848 , -0.0859834 , 0.0510473 , 0.303178 , -0.101051 , 0.0174386
16.74 , 0.339691 , -0.0927315 , 0.0535146 , 0.307318 , -0.106723 , 0.0191363
16.7927 , 0.344297 , -0.0997858 , 0.0556571 , 0.311977 , -0.115747 , 0.0192115
16.8459 , 0.349243 , -0.108275 , 0.0557875 , 0.315598 , -0.118792 , 0.0218767
16.8847 , 0.352042 , -0.113609 , 0.0579979 , 0.319249 , -0.120293 , 0.0233715
16.9309 , 0.354377 , -0.117328 , 0.0589954 , 0.321919 , -0.119858 , 0.0240386
16.9706 , 0.356049 , -0.117822 , 0.0603186 , 0.324069 , -0.125707 , 0.0250619
17.0124 , 0.356461 , -0.122999 , 0.0597826 , 0.325535 , -0.123915 , 0.0287607
17.0568 , 0.357597 , -0.125321 , 0.0613821 , 0.324407 , -0.127497 , 0.0287948
17.1009 , 0.359101 , -0.126451 , 0.0620376 , 0.325152 , -0.131021 , 0.0295612
17.1399 , 0.357461 , -0.130093 , 0.0607261 , 0.327018 , -0.130826 , 0.0312106
17.177 , 0.357539 , -0.129738 , 0.0608494 , 0.327096 , -0.131253 , 0.031628
17.2219 , 0.358934 , -0.1319 , 0.0629325 , 0.327518 , -0.134938 , 0.0297755
17.2617 , 0.359384 , -0.13296 , 0.062792 , 0.326715 , -0.136848 , 0.0289194
17.3082 , 0.359973 , -0.13568 , 0.0627594 , 0.326547 , -0.139868 , 0.0284297
17.3488 , 0.361612 , -0.1385 , 0.0628918 , 0.326765 , -0.144044 , 0.0292218
17.3916 , 0.363941 , -0.142874 , 0.0635127 , 0.333569 , -0.146295 , 0.0309806
17.431 , 0.365508 , -0.146806 , 0.0637466 , 0.337131 , -0.147679 , 0.0335455
17.48 , 0.372041 , -0.144236 , 0.065658 , 0.340654 , -0.149044 , 0.0310129
17.5256 , 0.376577 , -0.145182 , 0.0651141 , 0.345383 , -0.149449 , 0.0323233
17.5695 , 0.381518 , -0.149974 , 0.0666658 , 0.348597 , -0.154226 , 0.0308231
17.6096 , 0.384826 , -0.151369 , 0.0662484 , 0.35348 , -0.155102 , 0.0335772
17.6513 , 0.389426 , -0.152906 , 0.0685034 , 0.359039 , -0.156554 , 0.0357324
17.6993 , 0.391615 , -0.157511 , 0.0682768 , 0.361301 , -0.157201 , 0.0368586
17.7418 , 0.396145 , -0.156006 , 0.0707856 , 0.366122 , -0.158804 , 0.0375773
17.7782 , 0.400448 , -0.156805 , 0.0726187 , 0.369006 , -0.165548 , 0.0362161
17.8145 , 0.403938 , -0.160764 , 0.072297 , 0.371178 , -0.164405 , 0.0377945
17.8595 , 0.406789 , -0.160785 , 0.0741454 , 0.373551 , -0.165013 , 0.0397009
17.8961 , 0.409137 , -0.162174 , 0.0757369 , 0.375063 , -0.165994 , 0.0412268
17.946 , 0.407857 , -0.163956 , 0.0782918 , 0.374093 , -0.165914 , 0.0431316
17.9834 , 0.409058 , -0.162818 , 0.0785378 , 0.374443 , -0.165678 , 0.0441827
18.0294 , 0.409744 , -0.161764 , 0.0786265 , 0.373512 , -0.166076 , 0.0434641
18.0734 , 0.409733 , -0.161491 , 0.0785692 , 0.372685 , -0.16562 , 0.0426494
18.1144 , 0.409425 , -0.160813 , 0.0784927 , 0.37166 , -0.166082 , 0.0421116
18.1621 , 0.408828 , -0.160905 , 0.0773606 , 0.371093 , -0.165391 , 0.0425401
18.2035 , 0.407935 , -0.159199 , 0.0778641 , 0.370189 , -0.164189 , 0.0431771
18.2485 , 0.407401 , -0.157569 , 0.0781519 , 0.369338 , -0.161628 , 0.0435607
18.2944 , 0.407212 , -0.154739 , 0.0779941 , 0.369235 , -0.156881 , 0.0425744
18.3334 , 0.407435 , -0.152034 , 0.0772742 , 0.369347 , -0.155143 , 0.0421432
18.3786 , 0.407812 , -0.150811 , 0.0769759 , 0.368891 , -0.154524 , 0.0424291
18.4184 , 0.408007 , -0.149305 , 0.0772274 , 0.368497 , -0.154413 , 0.0429742
18.4625 , 0.407015 , -0.149314 , 0.0773067 , 0.36918 , -0.153481 , 0.0440611
18.5036 , 0.407248 , -0.148391 , 0.0781538 , 0.368339 , -0.152774 , 0.0437853
18.5475 , 0.407839 , -0.14732 , 0.0788956 , 0.367718 , -0.152511 , 0.0435415
18.5895 , 0.406545 , -0.146202 , 0.0787772 , 0.366751 , -0.149785 , 0.0440832
18.6298 , 0.405559 , -0.144246 , 0.0792831 , 0.364618 , -0.14512 , 0.0464727
18.6672 , 0.402562 , -0.140628 , 0.0804611 , 0.361738 , -0.145595 , 0.046972
18.711 , 0.400862 , -0.14014 , 0.0791418 , 0.36015 , -0.144918 , 0.0470114
18.7477 , 0.401252 , -0.141425 , 0.0773889 , 0.356074 , -0.146856 , 0.0460971
18.7853 , 0.398616 , -0.138252 , 0.0770559 , 0.363485 , -0.143578 , 0.0372546
18.8336 , 0.396885 , -0.136574 , 0.0766851 , 0.356974 , -0.137986 , 0.0400446
18.8787 , 0.394664 , -0.130237 , 0.0782855 , 0.352978 , -0.136292 , 0.0416916
18.9175 , 0.394524 , -0.130862 , 0.0769933 , 0.351118 , -0.137155 , 0.0438198
18.9553 , 0.395843 , -0.129982 , 0.0782348 , 0.353262 , -0.136319 , 0.0463687
19.0021 , 0.39994 , -0.131359 , 0.0794298 , 0.355972 , -0.136213 , 0.0464698
19.0428 , 0.40474 , -0.130026 , 0.0805683 , 0.360773 , -0.135453 , 0.0470182
19.0854 , 0.411964 , -0.12795 , 0.0828105 , 0.367049 , -0.135303 , 0.0477535
19.1284 , 0.422415 , -0.127998 , 0.0849971 , 0.376423 , -0.136575 , 0.0481095
19.1684 , 0.433206 , -0.127086 , 0.0870708 , 0.388514 , -0.137982 , 0.0498442
19.207 , 0.446501 , -0.127762 , 0.0903265 , 0.401924 , -0.138626 , 0.0523506
19.2543 , 0.461302 , -0.1291 , 0.0931475 , 0.416103 , -0.14147 , 0.0546807
19.2958 , 0.478152 , -0.131111 , 0.0964977 , 0.434082 , -0.144125 , 0.0547732
19.3364 , 0.498782 , -0.138798 , 0.0993918 , 0.452156 , -0.148058 , 0.0552784
19.3754 , 0.520366 , -0.144659 , 0.101969 , 0.472409 , -0.15157 , 0.056627
19.4207 , 0.543097 , -0.15039 , 0.103731 , 0.492318 , -0.160115 , 0.0584766
19.4594 , 0.567794 , -0.160551 , 0.105168 , 0.51437 , -0.168533 , 0.0585897
19.5048 , 0.594109 , -0.17232 , 0.104609 , 0.537198 , -0.180803 , 0.0595895
19.5422 , 0.620407 , -0.185819 , 0.106208 , 0.560491 , -0.195276 , 0.0587687
19.5914 , 0.647572 , -0.201694 , 0.105644 , 0.584073 , -0.21131 , 0.0560878
19.641 , 0.674635 , -0.218469 , 0.103947 , 0.606366 , -0.229116 , 0.0542764
19.6884 , 0.700472 , -0.236632 , 0.102295 , 0.627248 , -0.24958 , 0.0512239
19.7286 , 0.724562 , -0.262408 , 0.0993301 , 0.646158 , -0.270212 , 0.051156
19.7775 , 0.74606 , -0.28082 , 0.100064 , 0.663212 , -0.291227 , 0.0494017
19.8308 , 0.766325 , -0.302833 , 0.0969788 , 0.678103 , -0.307896 , 0.0473864
19.8791 , 0.784519 , -0.32253 , 0.0938227 , 0.690706 , -0.324491 , 0.0453412
19.9259 , 0.800713 , -0.34156 , 0.0886692 , 0.699691 , -0.340037 , 0.0423024
19.9799 , 0.812934 , -0.357678 , 0.0825396 , 0.705635 , -0.356043 , 0.0372704
20.0217 , 0.824077 , -0.376452 , 0.0732051 , 0.708441 , -0.358185 , 0.0328996
20.0616 , 0.8299 , -0.380235 , 0.063131 , 0.708273 , -0.372631 , 0.0259894
20.1062 , 0.833392 , -0.392832 , 0.0532916 , 0.70665 , -0.38495 , 0.0177901
20.1454 , 0.832215 , -0.40079 , 0.0439034 , 0.6969 , -0.406141 , 0.0140195
20.1901 , 0.828418 , -0.418652 , 0.0358187 , 0.691338 , -0.408779 , 0.00606429
20.2294 , 0.822929 , -0.427115 , 0.0248088 , 0.678296 , -0.409879 , 0.00182135
20.2746 , 0.810906 , -0.432881 , 0.0195904 , 0.664005 , -0.418292 , -0.000156255
20.3106 , 0.798462 , -0.437173 , 0.0109443 , 0.646416 , -0.424615 , -0.00285558
20.3512 , 0.779874 , -0.437699 , 0.00698734 , 0.62413 , -0.424942 , -0.00508562
20.394 , 0.761515 , -0.44292 , 0.00220269 , 0.59994 , -0.422893 , -0.00507502
20.4294 , 0.73908 , -0.441598 , 0.000961957 , 0.573688 , -0.420011 , -0.002914
20.4785 , 0.715497 , -0.43924 , 0.00139735 , 0.546346 , -0.413226 , 0.00136984
20.5154 , 0.686545 , -0.431612 , 0.00609395 , 0.521057 , -0.40903 , 0.00324934
20.5615 , 0.654768 , -0.423854 , 0.0104109 , 0.497344 , -0.40212 , 0.00651339
20.5968 , 0.627781 , -0.417259 , 0.0127368 , 0.475585 , -0.396989 , 0.00816126
20.645 , 0.601043 , -0.412564 , 0.0134177 , 0.452428 , -0.389561 , 0.00871378
20.69 , 0.575096 , -0.406319 , 0.014061 , 0.428046 , -0.3803 , 0.00960814
20.7302 , 0.550132 , -0.40141 , 0.0152804 , 0.40373 , -0.370375 , 0.0122068
20.7691 , 0.522155 , -0.390272 , 0.0168934 , 0.385107 , -0.369143 , 0.0104056
20.815 , 0.501359 , -0.386527 , 0.0145447 , 0.369118 , -0.363637 , 0.0084903
20.8616 , 0.483688 , -0.382488 , 0.0118025 , 0.356817 , -0.361031 , 0.00526197
20.8976 , 0.472052 , -0.38241 , 0.0094719 , 0.349349 , -0.361159 , 0.000541287
20.938 , 0.461948 , -0.379215 , 0.00597612 , 0.344285 , -0.357318 , -0.00219836
20.9813 , 0.45417 , -0.374405 , 0.00463295 , 0.343347 , -0.352953 , -0.00396432
21.0172 , 0.450899 , -0.368597 , 0.00349831 , 0.345834 , -0.347198 , -0.00601159
21.0655 , 0.452438 , -0.363106 , 0.00379788 , 0.352843 , -0.343438 , -0.00606544
21.1025 , 0.456668 , -0.358465 , 0.00595505 , 0.363568 , -0.342284 , -0.00428162
21.1486 , 0.464933 , -0.355851 , 0.00870554 , 0.377182 , -0.340844 , -0.000692169
21.1866 , 0.476419 , -0.351392 , 0.015471 , 0.395049 , -0.340099 , 0.00401095
21.2316 , 0.491085 , -0.346355 , 0.0239668 , 0.413224 , -0.338157 , 0.0107427
21.2707 , 0.507427 , -0.343544 , 0.033906 , 0.432551 , -0.335439 , 0.0177141
21.3153 , 0.525063 , -0.341755 , 0.0434189 , 0.453156 , -0.336716 , 0.0230917
21.3528 , 0.543525 , -0.343729 , 0.0502252 , 0.472401 , -0.339357 , 0.0286423
21.3996 , 0.560243 , -0.346794 , 0.0555524 , 0.49084 , -0.34286 , 0.0320503
21.4368 , 0.575067 , -0.345497 , 0.062032 , 0.506911 , -0.342865 , 0.0360124
21.4846 , 0.587824 , -0.34333 , 0.0670041 , 0.521314 , -0.344507 , 0.0386771
21.5225 , 0.598544 , -0.341344 , 0.0725975 , 0.532188 , -0.344075 , 0.0408758
21.5681 , 0.607466 , -0.338751 , 0.0771117 , 0.540483 , -0.340169 , 0.0426123
21.6064 , 0.611344 , -0.333599 , 0.083786 , 0.544099 , -0.339367 , 0.047619
21.6511 , 0.613897 , -0.332541 , 0.0880862 , 0.545038 , -0.336048 , 0.0522137
21.6887 , 0.610831 , -0.329369 , 0.0949691 , 0.544504 , -0.330841 , 0.0580334
21.7354 , 0.60609 , -0.324498 , 0.101488 , 0.538242 , -0.327373 , 0.0628514
21.7733 , 0.599088 , -0.316496 , 0.107772 , 0.530661 , -0.321915 , 0.0678492
21.8201 , 0.592173 , -0.310592 , 0.11275 , 0.521094 , -0.312083 , 0.0719399
21.858 , 0.584142 , -0.304296 , 0.116076 , 0.512503 , -0.306085 , 0.0746327
21.9026 , 0.575452 , -0.296917 , 0.118981 , 0.503136 , -0.301452 , 0.0760902
21.9406 , 0.567032 , -0.291748 , 0.120948 , 0.495269 , -0.295305 , 0.077251
21.987 , 0.558577 , -0.286933 , 0.121845 , 0.488362 , -0.294718 , 0.0757245
22.0256 , 0.549583 , -0.281167 , 0.121813 , 0.480987 , -0.283851 , 0.0704648
22.0701 , 0.544167 , -0.27738 , 0.119447 , 0.468429 , -0.284528 , 0.070096
22.1085 , 0.539414 , -0.274354 , 0.116981 , 0.462312 , -0.272911 , 0.0732859
22.1548 , 0.530018 , -0.263824 , 0.117963 , 0.45513 , -0.262799 , 0.0741626
22.1929 , 0.52294 , -0.257175 , 0.117325 , 0.448964 , -0.257338 , 0.0722016
22.242 , 0.515942 , -0.252165 , 0.116027 , 0.443005 , -0.252916 , 0.0708376
22.2894 , 0.510047 , -0.247642 , 0.1143 , 0.43799 , -0.249863 , 0.06945
22.3345 , 0.504488 , -0.244381 , 0.113453 , 0.433244 , -0.244584 , 0.0686236
22.3735 , 0.49937 , -0.239437 , 0.113285 , 0.429169 , -0.241261 , 0.067358
22.4099 , 0.495496 , -0.237314 , 0.112421 , 0.42669 , -0.239469 , 0.0667923
22.4573 , 0.491965 , -0.236224 , 0.111956 , 0.425363 , -0.237566 , 0.0668634
22.4954 , 0.488944 , -0.23377 , 0.112008 , 0.424227 , -0.236209 , 0.0670055
22.544 , 0.486878 , -0.232012 , 0.112065 , 0.423125 , -0.234292 , 0.0674496
22.5919 , 0.485453 , -0.228858 , 0.112207 , 0.422889 , -0.229661 , 0.0666766
22.6346 , 0.485987 , -0.22872 , 0.111344 , 0.423305 , -0.229268 , 0.0651573
22.6788 , 0.485698 , -0.228719 , 0.111434 , 0.422659 , -0.23018 , 0.0655709
22.7258 , 0.485067 , -0.228055 , 0.112028 , 0.423762 , -0.223665 , 0.0673611
22.7726 , 0.485679 , -0.223763 , 0.113043 , 0.424674 , -0.223334 , 0.0670926
22.8103 , 0.484793 , -0.22432 , 0.11328 , 0.425779 , -0.222886 , 0.0652958
22.8527 , 0.48476 , -0.223667 , 0.111005 , 0.424187 , -0.222662 , 0.0653395
22.8966 , 0.485777 , -0.223342 , 0.110288 , 0.421717 , -0.220228 , 0.0639834
22.943 , 0.484041 , -0.218088 , 0.109616 , 0.425624 , -0.216999 , 0.0560094
22.9796 , 0.486183 , -0.221138 , 0.106948 , 0.420519 , -0.219293 , 0.0595945
23.0306 , 0.490303 , -0.226278 , 0.105236 , 0.421492 , -0.224817 , 0.0656524
23.0808 , 0.489899 , -0.224704 , 0.107003 , 0.430026 , -0.218167 , 0.0638525
23.1276 , 0.490086 , -0.22211 , 0.108796 , 0.431456 , -0.214444 , 0.0645061
23.1665 , 0.492992 , -0.219928 , 0.109047 , 0.432478 , -0.214916 , 0.0655686
23.2119 , 0.497565 , -0.221154 , 0.110644 , 0.43494 , -0.21172 , 0.0689275
23.2501 , 0.505448 , -0.218767 , 0.11522 , 0.442441 , -0.219513 , 0.0710474
23.295 , 0.51502 , -0.221279 , 0.118761 , 0.454115 , -0.221247 , 0.0742661
23.3331 , 0.528405 , -0.226336 , 0.122527 , 0.466178 , -0.218065 , 0.0779806
23.3795 , 0.540065 , -0.226565 , 0.127558 , 0.476969 , -0.214157 , 0.0828464
23.417 , 0.552722 , -0.229692 , 0.130594 , 0.49025 , -0.211527 , 0.0872055
23.4633 , 0.565411 , -0.224769 , 0.137573 , 0.50281 , -0.211403 , 0.0953326
23.5024 , 0.585351 , -0.226837 , 0.144712 , 0.52133 , -0.21114 , 0.101893
23.5485 , 0.605562 , -0.225159 , 0.152547 , 0.547573 , -0.212636 , 0.106659
23.5859 , 0.628901 , -0.227706 , 0.159672 , 0.572306 , -0.217151 , 0.109132
23.6319 , 0.654015 , -0.230768 , 0.166292 , 0.596427 , -0.214045 , 0.115193
23.6704 , 0.677365 , -0.230839 , 0.171093 , 0.621047 , -0.215363 , 0.12055
23.7157 , 0.701143 , -0.232062 , 0.178432 , 0.643426 , -0.21614 , 0.125948
23.7522 , 0.724131 , -0.233364 , 0.186365 , 0.661584 , -0.217775 , 0.131036
23.7992 , 0.74544 , -0.233851 , 0.193272 , 0.682725 , -0.216403 , 0.134826
23.8363 , 0.765752 , -0.234423 , 0.197848 , 0.704115 , -0.215026 , 0.136716
23.8841 , 0.783505 , -0.232245 , 0.203971 , 0.717349 , -0.214222 , 0.140371
23.9372 , 0.797677 , -0.232727 , 0.208664 , 0.731269 , -0.216603 , 0.141737
23.9873 , 0.811408 , -0.233647 , 0.212165 , 0.741528 , -0.216296 , 0.142918
24.0334 , 0.818257 , -0.233632 , 0.216371 , 0.74622 , -0.213929 , 0.143731
24.0791 , 0.817096 , -0.228736 , 0.220801 , 0.745314 , -0.209652 , 0.143411
24.1131 , 0.815126 , -0.22613 , 0.223597 , 0.740117 , -0.207211 , 0.145979
24.1545 , 0.81028 , -0.225282 , 0.22571 , 0.733206 , -0.2078 , 0.146701
24.1988 , 0.797838 , -0.219591 , 0.228218 , 0.719727 , -0.205142 , 0.147695
24.2387 , 0.780813 , -0.215199 , 0.226716 , 0.70339 , -0.200591 , 0.144264
24.2849 , 0.762424 , -0.206576 , 0.225582 , 0.683149 , -0.196292 , 0.140408
24.3246 , 0.742487 , -0.198153 , 0.222236 , 0.660102 , -0.189352 , 0.136566
24.3676 , 0.720723 , -0.191745 , 0.21622 , 0.633919 , -0.181003 , 0.13198
24.4086 , 0.699023 , -0.183277 , 0.210889 , 0.608598 , -0.17127 , 0.125403
24.4515 , 0.673112 , -0.170247 , 0.201926 , 0.582093 , -0.16545 , 0.118076
24.493 , 0.648428 , -0.159869 , 0.193998 , 0.554492 , -0.151366 , 0.110342
24.5352 , 0.624072 , -0.147572 , 0.182507 , 0.528353 , -0.143568 , 0.0987638
24.5769 , 0.599752 , -0.137154 , 0.169901 , 0.501951 , -0.137496 , 0.089401
24.6189 , 0.577043 , -0.123804 , 0.158468 , 0.477585 , -0.129572 , 0.080463
24.661 , 0.554944 , -0.114541 , 0.150157 , 0.454305 , -0.112881 , 0.0755093
24.7023 , 0.533002 , -0.103274 , 0.14188 , 0.431484 , -0.098191 , 0.0694557
24.742 , 0.511306 , -0.0854605 , 0.137486 , 0.414625 , -0.0911467 , 0.0601332
24.7882 , 0.495518 , -0.0795839 , 0.129135 , 0.399495 , -0.0826081 , 0.0579211
24.8255 , 0.480215 , -0.0676601 , 0.126502 , 0.390511 , -0.0738319 , 0.0338503
24.8709 , 0.469615 , -0.062463 , 0.119986 , 0.379186 , -0.0695481 , 0.0361619
24.9064 , 0.462418 , -0.0604245 , 0.115142 , 0.370823 , -0.0700144 , 0.0421558
24.9472 , 0.457764 , -0.0626838 , 0.110368 , 0.36951 , -0.07053 , 0.0433299
24.9873 , 0.455506 , -0.0665976 , 0.107868 , 0.370228 , -0.0728028 , 0.0416394
25.0241 , 0.458716 , -0.0701417 , 0.105657 , 0.374731 , -0.0766339 , 0.0398462
25.0647 , 0.463963 , -0.0724305 , 0.105059 , 0.382633 , -0.0792923 , 0.038421
25.1083 , 0.472674 , -0.0783162 , 0.104037 , 0.393208 , -0.0843667 , 0.0371729
25.147 , 0.483378 , -0.0827208 , 0.105182 , 0.404828 , -0.0899594 , 0.037527
25.1912 , 0.49453 , -0.0905922 , 0.105053 , 0.416573 , -0.0947381 , 0.0386888
25.231 , 0.505153 , -0.0986587 , 0.105439 , 0.428187 , -0.0988055 , 0.0395903
25.2756 , 0.516323 , -0.10486 , 0.104994 , 0.438971 , -0.104628 , 0.0405204
25.3138 , 0.526091 , -0.112864 , 0.103826 , 0.449328 , -0.112223 , 0.0403601
25.3606 , 0.533335 , -0.118457 , 0.102475 , 0.456116 , -0.118259 , 0.0400174
25.4049 , 0.538243 , -0.127861 , 0.101947 , 0.460346 , -0.126006 , 0.0406655
25.4427 , 0.539524 , -0.136354 , 0.102015 , 0.460475 , -0.13579 , 0.0425403
25.4814 , 0.537843 , -0.143368 , 0.102213 , 0.458778 , -0.142791 , 0.0459788
25.5266 , 0.536144 , -0.152686 , 0.101883 , 0.456078 , -0.149258 , 0.0472061
25.5645 , 0.53145 , -0.158278 , 0.102266 , 0.449772 , -0.156781 , 0.0482534
25.6117 , 0.526844 , -0.162338 , 0.10335 , 0.440799 , -0.159549 , 0.0481062
25.6498 , 0.520513 , -0.160831 , 0.101716 , 0.436166 , -0.159525 , 0.0510524
25.6939 , 0.514001 , -0.162362 , 0.102874 , 0.427722 , -0.154015 , 0.0511219
25.7321 , 0.503371 , -0.159727 , 0.101558 , 0.418105 , -0.157467 , 0.0485895
25.7782 , 0.496515 , -0.161745 , 0.097316 , 0.412494 , -0.158399 , 0.0471386
25.8172 , 0.492138 , -0.164888 , 0.0922992 , 0.406634 , -0.153691 , 0.0496253
25.8618 , 0.483251 , -0.158922 , 0.0922244 , 0.405268 , -0.154489 , 0.0447934
25.9001 , 0.480662 , -0.156357 , 0.0907101 , 0.403536 , -0.151877 , 0.0373838
25.9466 , 0.481065 , -0.152586 , 0.0869589 , 0.403509 , -0.15054 , 0.0378834
25.9828 , 0.478908 , -0.15251 , 0.0869612 , 0.404407 , -0.152871 , 0.0400519
26.032 , 0.477934 , -0.154287 , 0.0871826 , 0.405299 , -0.154605 , 0.041695
26.0686 , 0.479237 , -0.155882 , 0.0878628 , 0.408856 , -0.155832 , 0.0423676
26.1142 , 0.481211 , -0.156831 , 0.0883441 , 0.409818 , -0.157793 , 0.043174
26.1521 , 0.484198 , -0.156753 , 0.0897411 , 0.413843 , -0.158461 , 0.0430097
26.2001 , 0.488156 , -0.157164 , 0.0915727 , 0.419753 , -0.158334 , 0.0436299
26.2515 , 0.492008 , -0.160844 , 0.0931377 , 0.425335 , -0.162294 , 0.0452005
26.2957 , 0.49481 , -0.163673 , 0.0951562 , 0.428564 , -0.165097 , 0.048867
26.3315 , 0.497784 , -0.165561 , 0.0973936 , 0.432429 , -0.167493 , 0.0515585
26.3692 , 0.50057 , -0.17021 , 0.0994782 , 0.434483 , -0.169849 , 0.0534694
26.4218 , 0.502658 , -0.169179 , 0.101279 , 0.438688 , -0.169961 , 0.0530958
26.4655 , 0.504455 , -0.168797 , 0.102607 , 0.440448 , -0.169099 , 0.0533057
26.5018 , 0.505034 , -0.16934 , 0.104194 , 0.439472 , -0.170276 , 0.0552692
26.5485 , 0.504397 , -0.169694 , 0.104108 , 0.438384 , -0.170787 , 0.0564366
26.5874 , 0.5024 , -0.169976 , 0.104024 , 0.436217 , -0.16979 , 0.05739
26.632 , 0.499798 , -0.16747 , 0.103964 , 0.432382 , -0.168005 , 0.0567348
26.6698 , 0.49704 , -0.164078 , 0.10393 , 0.427897 , -0.164796 , 0.0569895
26.7186 , 0.493805 , -0.160325 , 0.103343 , 0.424485 , -0.160597 , 0.0558356
26.7589 , 0.48984 , -0.157676 , 0.10251 , 0.420649 , -0.156341 , 0.0547237
26.8034 , 0.486818 , -0.152213 , 0.101793 , 0.414531 , -0.15403 , 0.0545731
26.8448 , 0.482135 , -0.148276 , 0.100654 , 0.408895 , -0.150052 , 0.055143
26.8899 , 0.477012 , -0.146018 , 0.0997077 , 0.405995 , -0.145969 , 0.0558603
26.9343 , 0.472262 , -0.140894 , 0.101158 , 0.400647 , -0.144037 , 0.052588
26.9801 , 0.471049 , -0.137288 , 0.0996522 , 0.400563 , -0.138546 , 0.0530024
27.0249 , 0.471586 , -0.133009 , 0.0996202 , 0.400079 , -0.133296 , 0.0536216
27.0728 , 0.473812 , -0.128166 , 0.0996581 , 0.402391 , -0.132239 , 0.0538999
27.1298 , 0.475485 , -0.127773 , 0.0991457 , 0.406082 , -0.129098 , 0.0533983
27.1743 , 0.481519 , -0.124357 , 0.100036 , 0.410091 , -0.127877 , 0.0534822
27.2284 , 0.486541 , -0.123598 , 0.100631 , 0.416015 , -0.126813 , 0.0534768
27.2739 , 0.493025 , -0.12102 , 0.101853 , 0.42421 , -0.126256 , 0.0536088
27.32 , 0.502537 , -0.119355 , 0.103435 , 0.433045 , -0.122591 , 0.0547055
27.3591 , 0.515241 , -0.119407 , 0.10587 , 0.444366 , -0.123676 , 0.0561747
27.4035 , 0.530385 , -0.120902 , 0.107304 , 0.458725 , -0.125297 , 0.0578974
27.4391 , 0.548172 , -0.124934 , 0.108398 , 0.477118 , -0.129002 , 0.0593354
27.4809 , 0.569162 , -0.131575 , 0.109804 , 0.495701 , -0.134728 , 0.0592043
27.5208 , 0.593573 , -0.134229 , 0.109048 , 0.517371 , -0.138225 , 0.0576285
27.5586 , 0.617148 , -0.139413 , 0.110456 , 0.53947 , -0.14496 , 0.0575347
27.5997 , 0.640933 , -0.149442 , 0.110583 , 0.561438 , -0.153449 , 0.0572362
27.6405 , 0.666404 , -0.162473 , 0.109076 , 0.585782 , -0.169343 , 0.0544383
27.6778 , 0.69425 , -0.18072 , 0.108981 , 0.609914 , -0.188124 , 0.0512575
27.7257 , 0.723953 , -0.200507 , 0.105254 , 0.634366 , -0.208232 , 0.0490276
27.7622 , 0.754816 , -0.222314 , 0.101 , 0.658996 , -0.225107 , 0.0475006
27.8133 , 0.784201 , -0.240609 , 0.0997031 , 0.68247 , -0.243206 , 0.0467295
27.8625 , 0.814006 , -0.262422 , 0.0994841 , 0.705716 , -0.264974 , 0.044819
27.9135 , 0.844631 , -0.287359 , 0.0976757 , 0.728781 , -0.289935 , 0.0456813
27.9679 , 0.87574 , -0.31521 , 0.0942293 , 0.752212 , -0.315926 , 0.0428788
28.017 , 0.905867 , -0.340555 , 0.0887735 , 0.775049 , -0.335666 , 0.0367126
28.0609 , 0.936715 , -0.359817 , 0.0790895 , 0.796636 , -0.357162 , 0.0279603
28.1114 , 0.964694 , -0.375007 , 0.0699191 , 0.816506 , -0.37646 , 0.0187495
28.1577 , 0.991175 , -0.394133 , 0.0605033 , 0.834557 , -0.394017 , 0.0100895
28.1996 , 1.01521 , -0.411962 , 0.0503073 , 0.849469 , -0.410785 , 0.00271738
28.2429 , 1.03501 , -0.42741 , 0.0408322 , 0.861421 , -0.428636 , -0.00576894
28.2835 , 1.05078 , -0.44291 , 0.0313138 , 0.869147 , -0.442848 , -0.0128849
28.333 , 1.06104 , -0.453173 , 0.0231851 , 0.872413 , -0.460109 , -0.0219663
28.375 , 1.06782 , -0.470648 , 0.0119194 , 0.870656 , -0.474337 , -0.0266956
28.4171 , 1.06913 , -0.485439 , 0.00223614 , 0.86651 , -0.486134 , -0.0319735
28.4657 , 1.06681 , -0.503082 , -0.00972677 , 0.857781 , -0.502865 , -0.0368971
28.5171 , 1.05806 , -0.513322 , -0.0210072 , 0.843735 , -0.509687 , -0.0438157
28.5688 , 1.04464 , -0.515799 , -0.0331446 , 0.828392 , -0.517595 , -0.054303
28.6099 , 1.02844 , -0.519711 , -0.0473875 , 0.809848 , -0.520226 , -0.0642573
28.6496 , 1.00931 , -0.521453 , -0.0631272 , 0.786852 , -0.52195 , -0.0712309
28.6977 , 0.980532 , -0.518355 , -0.0714616 , 0.758811 , -0.521525 , -0.0765228
28.741 , 0.949208 , -0.515969 , -0.0782831 , 0.72616 , -0.513608 , -0.0769587
28.7873 , 0.915548 , -0.513258 , -0.0852123 , 0.690903 , -0.502515 , -0.0761724
28.8337 , 0.872872 , -0.500142 , -0.0851345 , 0.653538 , -0.494869 , -0.0778822
28.8824 , 0.833053 , -0.493286 , -0.0880488 , 0.615933 , -0.481154 , -0.0745516
28.9214 , 0.789429 , -0.481718 , -0.0856376 , 0.57643 , -0.471079 , -0.071985
28.9671 , 0.745901 , -0.47098 , -0.0830279 , 0.536402 , -0.461803 , -0.0702591
29.0065 , 0.704233 , -0.463323 , -0.0842037 , 0.498246 , -0.448208 , -0.0680126
29.0461 , 0.658059 , -0.448135 , -0.0813503 , 0.455833 , -0.433047 , -0.064444
29.0867 , 0.611063 , -0.432414 , -0.0791265 , 0.412053 , -0.414551 , -0.0608111
29.1321 , 0.566078 , -0.419725 , -0.0787736 , 0.373652 , -0.406117 , -0.0613978
29.168 , 0.521371 , -0.40342 , -0.0785466 , 0.33439 , -0.388987 , -0.0597484
29.2091 , 0.478939 , -0.38563 , -0.0785009 , 0.293477 , -0.36538 , -0.0565958
29.249 , 0.439074 , -0.367214 , -0.0790916 , 0.260774 , -0.346825 , -0.0561162
29.2945 , 0.407338 , -0.354245 , -0.0797617 , 0.231875 , -0.331661 , -0.0550771
29.3385 , 0.380327 , -0.342672 , -0.0809513 , 0.211579 , -0.319491 , -0.0555441
29.3889 , 0.359055 , -0.331987 , -0.0819975 , 0.201839 , -0.31087 , -0.0593676
29.4399 , 0.343961 , -0.322315 , -0.0840551 , 0.199975 , -0.3068 , -0.0628544
29.4873 , 0.335905 , -0.321428 , -0.0864584 , 0.20042 , -0.302383 , -0.0663145
29.5239 , 0.330755 , -0.315892 , -0.0869261 , 0.202056 , -0.300572 , -0.0679341
29.5717 , 0.329326 , -0.31507 , -0.0883307 , 0.205946 , -0.298062 , -0.0682129
29.6086 , 0.329281 , -0.309698 , -0.0859188 , 0.208838 , -0.294582 , -0.0663026
29.6561 , 0.333336 , -0.307155 , -0.0866671 , 0.21375 , -0.289552 , -0.0596211
29.7042 , 0.333826 , -0.296344 , -0.0822102 , 0.223749 , -0.284132 , -0.0611084
29.7424 , 0.33928 , -0.28858 , -0.0757035 , 0.234227 , -0.283797 , -0.0598053
29.789 , 0.346581 , -0.28872 , -0.0713423 , 0.250277 , -0.284672 , -0.0534912
29.8326 , 0.357479 , -0.288611 , -0.0652222 , 0.264814 , -0.284445 , -0.0487117
29.8712 , 0.36927 , -0.289033 , -0.0592059 , 0.28266 , -0.286303 , -0.0449969
29.9091 , 0.384709 , -0.288749 , -0.0523378 , 0.303038 , -0.285083 , -0.0424764
29.9574 , 0.402356 , -0.290045 , -0.0453776 , 0.324913 , -0.289392 , -0.0389256
30.0002 , 0.421398 , -0.289541 , -0.0382908 , 0.345987 , -0.293255 , -0.0350825
30.038 , 0.442398 , -0.291964 , -0.0321803 , 0.36796 , -0.297127 , -0.0312997
30.08 , 0.46315 , -0.291473 , -0.0243516 , 0.390095 , -0.297486 , -0.0272834
30.1194 , 0.48543 , -0.290245 , -0.0180939 , 0.411704 , -0.297732 , -0.0234421
30.1614 , 0.507644 , -0.288152 , -0.010368 , 0.434026 , -0.30267 , -0.0224352
30.2068 , 0.530726 , -0.291476 , -0.00550429 , 0.454507 , -0.30629 , -0.0199794
30.2453 , 0.551068 , -0.291964 , -0.00198669 , 0.473512 , -0.307087 , -0.0178175
30.2923 , 0.567755 , -0.291904 , 0.0034895 , 0.488672 , -0.306951 , -0.0137537
30.33 , 0.580779 , -0.291376 , 0.0114239 , 0.500803 , -0.306759 , -0.00793469
30.3745 , 0.592254 , -0.29106 , 0.0184104 , 0.510723 , -0.306117 , -0.00154412
30.4127 , 0.600104 , -0.288809 , 0.0273831 , 0.517392 , -0.30548 , 0.00375106
30.4589 , 0.606292 , -0.287701 , 0.0343173 , 0.521744 , -0.302185 , 0.00818695
30.4974 , 0.609343 , -0.283627 , 0.042748 , 0.536676 , -0.279646 , 0.01483
30.5424 , 0.613517 , -0.281925 , 0.0506897 , 0.566533 , -0.296832 , -0.042344
30.5804 , 0.612049 , -0.273225 , 0.0573919 , 0.539368 , -0.291743 , -0.0236437
30.6273 , 0.612354 , -0.270277 , 0.0623681 , 0.52749 , -0.28597 , 0.0144627
30.6661 , 0.608923 , -0.26661 , 0.0661624 , 0.516284 , -0.277889 , 0.0340357
30.7133 , 0.601099 , -0.258447 , 0.06997 , 0.506958 , -0.266735 , 0.0397037
30.7677 , 0.590769 , -0.248441 , 0.0748169 , 0.494867 , -0.262234 , 0.0379549
30.8171 , 0.581908 , -0.240881 , 0.0785929 , 0.485258 , -0.244961 , 0.0400577
30.8662 , 0.569222 , -0.227689 , 0.0856185 , 0.475351 , -0.233812 , 0.0447307
30.9204 , 0.558317 , -0.222515 , 0.0891718 , 0.464806 , -0.225733 , 0.0480058
30.9679 , 0.546904 , -0.216051 , 0.0914069 , 0.454976 , -0.219751 , 0.0488989
31.019 , 0.5355 , -0.209632 , 0.0913793 , 0.446729 , -0.212694 , 0.0487179
31.066 , 0.524003 , -0.206882 , 0.091046 , 0.438524 , -0.206745 , 0.0495694
31.1163 , 0.512496 , -0.197231 , 0.0930289 , 0.430733 , -0.20117 , 0.0507106
31.1693 , 0.502124 , -0.190681 , 0.0949475 , 0.424824 , -0.198232 , 0.0534921
31.2188 , 0.493592 , -0.184815 , 0.0970578 , 0.419159 , -0.191704 , 0.0551904
31.2645 , 0.487779 , -0.181197 , 0.0985772 , 0.416792 , -0.186521 , 0.0557552
31.308 , 0.484716 , -0.178414 , 0.09931 , 0.416988 , -0.182029 , 0.0544758
31.3556 , 0.483336 , -0.174697 , 0.0992293 , 0.418119 , -0.178341 , 0.0544679
31.4019 , 0.483231 , -0.172247 , 0.0988992 , 0.416627 , -0.176651 , 0.055719
31.4525 , 0.483365 , -0.16842 , 0.100848 , 0.416508 , -0.177013 , 0.0575335
31.5053 , 0.482708 , -0.170416 , 0.102032 , 0.41769 , -0.175939 , 0.0599036
31.5549 , 0.483011 , -0.170794 , 0.10385 , 0.420647 , -0.176721 , 0.0605455
31.6011 , 0.483595 , -0.173568 , 0.10442 , 0.423349 , -0.178064 , 0.0603613
31.6379 , 0.48423 , -0.171455 , 0.106699 , 0.424924 , -0.176439 , 0.0621042
31.6837 , 0.485347 , -0.171621 , 0.107813 , 0.429583 , -0.173885 , 0.0606008
31.721 , 0.488885 , -0.170682 , 0.105828 , 0.430624 , -0.173235 , 0.0628335
31.768 , 0.489602 , -0.169519 , 0.106738 , 0.432191 , -0.175529 , 0.063213
31.8072 , 0.489147 , -0.170884 , 0.107329 , 0.434095 , -0.175851 , 0.0628969
31.8509 , 0.488181 , -0.174035 , 0.107643 , 0.433066 , -0.176067 , 0.0646715
31.8879 , 0.486875 , -0.172982 , 0.109266 , 0.432031 , -0.176769 , 0.0643426
31.9409 , 0.485432 , -0.174141 , 0.108975 , 0.429971 , -0.178488 , 0.0631587
31.9908 , 0.483755 , -0.175329 , 0.108874 , 0.428264 , -0.177192 , 0.0635681
32.0368 , 0.480866 , -0.173439 , 0.109417 , 0.425896 , -0.177219 , 0.0637771
32.0738 , 0.478216 , -0.173517 , 0.109738 , 0.423724 , -0.176072 , 0.0653193
32.1177 , 0.475143 , -0.171836 , 0.110424 , 0.421361 , -0.175201 , 0.0660238
32.1579 , 0.472617 , -0.172288 , 0.110312 , 0.419055 , -0.172852 , 0.0667967
32.2017 , 0.470968 , -0.168104 , 0.110661 , 0.417476 , -0.171436 , 0.0656244
32.2417 , 0.469492 , -0.168627 , 0.110721 , 0.415685 , -0.170861 , 0.0657768
32.2857 , 0.468384 , -0.168271 , 0.111279 , 0.415126 , -0.170367 , 0.0659509
32.3218 , 0.467616 , -0.168052 , 0.112346 , 0.416139 , -0.169416 , 0.0681508
32.362 , 0.467607 , -0.167877 , 0.113701 , 0.416814 , -0.169121 , 0.0695402
32.4054 , 0.468125 , -0.166967 , 0.115101 , 0.418003 , -0.168163 , 0.0693853
32.4421 , 0.469684 , -0.165702 , 0.116204 , 0.420939 , -0.168718 , 0.0691205
32.4885 , 0.472938 , -0.167323 , 0.115489 , 0.419876 , -0.168477 , 0.0685102
32.5267 , 0.475932 , -0.167508 , 0.116363 , 0.424374 , -0.169243 , 0.070204
32.5787 , 0.477458 , -0.168546 , 0.116978 , 0.426785 , -0.169183 , 0.0714221
32.6219 , 0.484315 , -0.175205 , 0.114334 , 0.432718 , -0.173719 , 0.0732348
32.6632 , 0.485925 , -0.173584 , 0.117034 , 0.438165 , -0.172802 , 0.070738
32.7064 , 0.487845 , -0.17335 , 0.118506 , 0.440846 , -0.172413 , 0.0706909
32.7429 , 0.489462 , -0.171648 , 0.120255 , 0.440942 , -0.170501 , 0.0722427
32.7946 , 0.490945 , -0.170728 , 0.121525 , 0.44112 , -0.171989 , 0.0725536
32.8391 , 0.492328 , -0.17332 , 0.12198 , 0.444462 , -0.172212 , 0.0719519
32.8786 , 0.492232 , -0.173969 , 0.120592 , 0.442976 , -0.172831 , 0.0746087
32.9278 , 0.493097 , -0.175027 , 0.121452 , 0.442399 , -0.174032 , 0.0761555
32.9783 , 0.493761 , -0.178882 , 0.120263 , 0.44303 , -0.175655 , 0.075036
33.0285 , 0.494883 , -0.179367 , 0.121412 , 0.44368 , -0.176364 , 0.0745407
33.0786 , 0.495356 , -0.178724 , 0.122661 , 0.444434 , -0.176704 , 0.0749307
33.1238 , 0.495235 , -0.180677 , 0.123183 , 0.444198 , -0.179094 , 0.0758843
33.1605 , 0.495016 , -0.18287 , 0.123551 , 0.443865 , -0.179969 , 0.0766705
33.1981 , 0.494962 , -0.18298 , 0.124432 , 0.445123 , -0.186096 , 0.0740995
33.2445 , 0.498182 , -0.18795 , 0.122222 , 0.446197 , -0.183099 , 0.0749152
33.2823 , 0.498231 , -0.187181 , 0.123911 , 0.446946 , -0.183072 , 0.0754808
33.3277 , 0.498007 , -0.186549 , 0.125004 , 0.447884 , -0.18322 , 0.0762348
33.3647 , 0.497496 , -0.186086 , 0.125686 , 0.4467 , -0.182486 , 0.077464
33.4117 , 0.496853 , -0.18643 , 0.125947 , 0.445498 , -0.182307 , 0.078686
33.4491 , 0.496428 , -0.186561 , 0.126231 , 0.445365 , -0.182477 , 0.078511
33.4966 , 0.496041 , -0.186679 , 0.126208 , 0.445373 , -0.182621 , 0.0776779
33.5338 , 0.495349 , -0.186236 , 0.125942 , 0.444513 , -0.181088 , 0.077583
33.5786 , 0.495358 , -0.185291 , 0.126075 , 0.444229 , -0.180545 , 0.0772595
33.6157 , 0.494538 , -0.18371 , 0.125893 , 0.443197 , -0.179666 , 0.0778615
33.6631 , 0.493973 , -0.183812 , 0.125578 , 0.44386 , -0.176691 , 0.0757659
33.7003 , 0.491176 , -0.182213 , 0.123233 , 0.441242 , -0.177763 , 0.076311
33.75 , 0.490999 , -0.182632 , 0.123259 , 0.439983 , -0.178513 , 0.0763836
33.8007 , 0.491002 , -0.181843 , 0.123493 , 0.440374 , -0.177327 , 0.0758607
33.8453 , 0.49098 , -0.180792 , 0.12377 , 0.440085 , -0.176525 , 0.0757654
33.8822 , 0.491235 , -0.181804 , 0.123864 , 0.440154 , -0.177622 , 0.0760463
33.922 , 0.490889 , -0.183445 , 0.123574 , 0.440369 , -0.178178 , 0.0765295
33.9653 , 0.490722 , -0.18428 , 0.123538 , 0.440539 , -0.179286 , 0.0766472
34.0015 , 0.490785 , -0.183739 , 0.123784 , 0.440012 , -0.182996 , 0.0748314
34.0486 , 0.494304 , -0.186033 , 0.122046 , 0.442318 , -0.175087 , 0.0745471
34.0858 , 0.491506 , -0.181302 , 0.123972 , 0.440902 , -0.176117 , 0.0748964
34.1336 , 0.492179 , -0.18228 , 0.123953 , 0.440074 , -0.177302 , 0.0754795
34.1705 , 0.492366 , -0.183436 , 0.123607 , 0.44069 , -0.1782 , 0.0754566
34.2177 , 0.495384 , -0.189665 , 0.121796 , 0.444751 , -0.183824 , 0.0763202
34.2549 , 0.495789 , -0.189622 , 0.122289 , 0.446869 , -0.178289 , 0.0759451
34.3044 , 0.492997 , -0.18509 , 0.123477 , 0.444156 , -0.180321 , 0.0743873
34.3531 , 0.493928 , -0.185349 , 0.123462 , 0.443554 , -0.187095 , 0.071701
34.3999 , 0.497806 , -0.191169 , 0.121721 , 0.44571 , -0.185518 , 0.0713002
34.4361 , 0.498253 , -0.191148 , 0.12194 , 0.446351 , -0.185445 , 0.0724141
34.4759 , 0.498527 , -0.191939 , 0.121831 , 0.446085 , -0.186896 , 0.0732301
34.5182 , 0.498623 , -0.192698 , 0.121565 , 0.44532 , -0.186932 , 0.0733467
34.5593 , 0.499014 , -0.192916 , 0.121508 , 0.444902 , -0.187574 , 0.0726079
34.6019 , 0.499308 , -0.192814 , 0.121559 , 0.443607 , -0.187819 , 0.0719491
34.6435 , 0.500194 , -0.192559 , 0.121652 , 0.444672 , -0.187029 , 0.0718751
34.6843 , 0.50055 , -0.193191 , 0.121453 , 0.444662 , -0.187712 , 0.0713775
34.7215 , 0.500849 , -0.194379 , 0.1213 , 0.444135 , -0.188613 , 0.0715682
34.7573 , 0.501368 , -0.195482 , 0.1214 , 0.443871 , -0.189268 , 0.0718432
34.8101 , 0.501511 , -0.195616 , 0.121383 , 0.443764 , -0.189155 , 0.0719729
34.8586 , 0.501416 , -0.195684 , 0.121434 , 0.443426 , -0.1894 , 0.0717507
34.9093 , 0.501468 , -0.195647 , 0.121472 , 0.442835 , -0.189253 , 0.0711309
34.9634 , 0.501524 , -0.195848 , 0.12155 , 0.442137 , -0.189455 , 0.0709557
35.0133 , 0.501488 , -0.19593 , 0.1215 , 0.441059 , -0.189849 , 0.0710555
35.0579 , 0.50113 , -0.196088 , 0.121144 , 0.441023 , -0.189486 , 0.0716998
35.1131 , 0.501038 , -0.196297 , 0.121053 , 0.441423 , -0.183122 , 0.0720935
35.174 , 0.497619 , -0.190444 , 0.121312 , 0.438149 , -0.184141 , 0.0721179
35.2207 , 0.497558 , -0.190173 , 0.121146 , 0.436904 , -0.183933 , 0.0714416
35.2638 , 0.497487 , -0.190291 , 0.121084 , 0.43703 , -0.18391 , 0.0708619
35.3043 , 0.4971 , -0.190273 , 0.120837 , 0.437043 , -0.184881 , 0.0702497
35.3465 , 0.496767 , -0.190726 , 0.120592 , 0.437987 , -0.190956 , 0.0694967
35.3922 , 0.500077 , -0.196274 , 0.119386 , 0.439948 , -0.188693 , 0.0688672
35.43 , 0.499833 , -0.195561 , 0.119726 , 0.439767 , -0.18642 , 0.0696798
35.4746 , 0.499321 , -0.193359 , 0.120519 , 0.439186 , -0.186923 , 0.0701151
35.5124 , 0.499322 , -0.193433 , 0.12061 , 0.438868 , -0.187235 , 0.0702334
35.5658 , 0.499238 , -0.193612 , 0.120805 , 0.438513 , -0.186405 , 0.0707319
35.611 , 0.499437 , -0.193552 , 0.120987 , 0.438565 , -0.186756 , 0.0705583
35.6525 , 0.499501 , -0.193535 , 0.121042 , 0.438791 , -0.186576 , 0.0705398
35.6993 , 0.500046 , -0.193473 , 0.121107 , 0.439023 , -0.186663 , 0.0705198
35.7463 , 0.500054 , -0.193294 , 0.12116 , 0.439136 , -0.186678 , 0.0703183
35.7967 , 0.500165 , -0.193304 , 0.121304 , 0.438967 , -0.186675 , 0.0702557
35.8519 , 0.500144 , -0.193348 , 0.121315 , 0.438526 , -0.186459 , 0.0707052
35.8944 , 0.500194 , -0.19368 , 0.121299 , 0.438278 , -0.186869 , 0.0708763
35.9378 , 0.500461 , -0.193938 , 0.121304 , 0.438474 , -0.186765 , 0.0707663
35.9784 , 0.50054 , -0.193849 , 0.121346 , 0.438884 , -0.186718 , 0.0702073
36.0148 , 0.500769 , -0.194156 , 0.121398 , 0.43874 , -0.18727 , 0.0701607
36.0624 , 0.500769 , -0.194156 , 0.121398 , 0.437675 , -0.187993 , 0.0703929
36.0994 , 0.500893 , -0.194483 , 0.12137 , 0.437853 , -0.187732 , 0.0707168
36.1478 , 0.500893 , -0.194483 , 0.12137 , 0.437944 , -0.188555 , 0.0703714
