832

0.024248 , -1.87393 , 0.291182 , -0.0918412 , -1.87597 , 0.293334 , -0.0920623
0.064605 , -1.87418 , 0.290825 , -0.093227 , -1.87162 , 0.297165 , -0.0944581
0.110522 , -1.87423 , 0.290862 , -0.093457 , -1.87208 , 0.293855 , -0.0940602
0.1502 , -1.87435 , 0.291011 , -0.0937702 , -1.87485 , 0.289941 , -0.0932599
0.19522 , -1.87465 , 0.291051 , -0.0945225 , -1.87657 , 0.289117 , -0.0936318
0.234407 , -1.8748 , 0.291127 , -0.0946526 , -1.87697 , 0.290532 , -0.0943535
0.277776 , -1.87508 , 0.291515 , -0.0950076 , -1.877 , 0.292593 , -0.0952425
0.315207 , -1.87548 , 0.292189 , -0.0955396 , -1.87781 , 0.294794 , -0.0960973
0.36137 , -1.87555 , 0.292071 , -0.0956976 , -1.87726 , 0.29491 , -0.0964428
0.400228 , -1.87595 , 0.291608 , -0.0960786 , -1.87733 , 0.294025 , -0.0965965
0.442086 , -1.87618 , 0.291697 , -0.0961783 , -1.87738 , 0.293146 , -0.0965359
0.482972 , -1.87665 , 0.292055 , -0.0964109 , -1.87771 , 0.292788 , -0.0965767
0.530529 , -1.87715 , 0.292053 , -0.0972084 , -1.87872 , 0.293212 , -0.0967267
0.569604 , -1.87723 , 0.292019 , -0.0973032 , -1.87871 , 0.292823 , -0.0972465
0.613877 , -1.87741 , 0.291826 , -0.0974475 , -1.8787 , 0.292585 , -0.0975227
0.653675 , -1.87782 , 0.29173 , -0.0976484 , -1.87945 , 0.293217 , -0.0973403
0.698131 , -1.87856 , 0.291889 , -0.0981266 , -1.87945 , 0.292875 , -0.0982899
0.736718 , -1.87842 , 0.291777 , -0.0983087 , -1.87956 , 0.292741 , -0.0985935
0.781958 , -1.87838 , 0.291774 , -0.0983971 , -1.87914 , 0.293102 , -0.0981571
0.81986 , -1.87823 , 0.292021 , -0.0984984 , -1.87928 , 0.292823 , -0.0990967
0.871326 , -1.87846 , 0.292226 , -0.0987077 , -1.87935 , 0.292733 , -0.0995942
0.919417 , -1.87835 , 0.291923 , -0.0991797 , -1.87951 , 0.292445 , -0.100006
0.964058 , -1.87839 , 0.291705 , -0.0996417 , -1.87951 , 0.292163 , -0.100581
1.00168 , -1.87868 , 0.291789 , -0.100236 , -1.87964 , 0.292405 , -0.100515
1.04352 , -1.87858 , 0.291959 , -0.100269 , -1.87964 , 0.292621 , -0.10052
1.08601 , -1.87884 , 0.292009 , -0.100546 , -1.87979 , 0.292708 , -0.100701
1.13345 , -1.87895 , 0.291883 , -0.100779 , -1.87998 , 0.292704 , -0.100913
1.17172 , -1.87895 , 0.291883 , -0.100779 , -1.88002 , 0.292711 , -0.101004
1.21584 , -1.87922 , 0.292454 , -0.101052 , -1.88021 , 0.292971 , -0.101176
1.25276 , -1.87914 , 0.292638 , -0.101098 , -1.88011 , 0.293281 , -0.101298
1.28974 , -1.87927 , 0.292982 , -0.1011 , -1.88014 , 0.293552 , -0.101323
1.33679 , -1.87927 , 0.292982 , -0.1011 , -1.88011 , 0.292991 , -0.101129
1.37535 , -1.87941 , 0.292977 , -0.101143 , -1.88086 , 0.293403 , -0.101268
1.41891 , -1.87957 , 0.293095 , -0.10119 , -1.88121 , 0.293841 , -0.101428
1.45828 , -1.87966 , 0.29347 , -0.101209 , -1.8817 , 0.293776 , -0.101513
1.5038 , -1.87967 , 0.293339 , -0.101288 , -1.88099 , 0.293922 , -0.101511
1.54201 , -1.87976 , 0.293248 , -0.10132 , -1.88196 , 0.29407 , -0.101595
1.58875 , -1.88003 , 0.293026 , -0.101253 , -1.88209 , 0.293756 , -0.101651
1.62677 , -1.88066 , 0.292964 , -0.101388 , -1.88245 , 0.292436 , -0.101593
1.6717 , -1.88133 , 0.292743 , -0.101798 , -1.88313 , 0.294125 , -0.101904
1.71017 , -1.88141 , 0.293038 , -0.101862 , -1.88337 , 0.294669 , -0.101972
1.75591 , -1.88231 , 0.293862 , -0.101793 , -1.88376 , 0.294865 , -0.102157
1.79524 , -1.88281 , 0.294351 , -0.101764 , -1.88395 , 0.295431 , -0.10208
1.83559 , -1.88351 , 0.29481 , -0.102022 , -1.88464 , 0.295254 , -0.102568
1.87726 , -1.88417 , 0.294595 , -0.10251 , -1.88529 , 0.295342 , -0.102821
1.92193 , -1.8847 , 0.294602 , -0.10278 , -1.88635 , 0.295779 , -0.104045
1.96234 , -1.88549 , 0.295393 , -0.102591 , -1.88651 , 0.296737 , -0.102905
2.00566 , -1.88649 , 0.295889 , -0.102225 , -1.88715 , 0.297505 , -0.102822
2.04486 , -1.88747 , 0.296288 , -0.10236 , -1.88847 , 0.296034 , -0.102827
2.09018 , -1.88853 , 0.2954 , -0.102453 , -1.8892 , 0.296154 , -0.102869
2.12875 , -1.88962 , 0.294648 , -0.102582 , -1.88919 , 0.292776 , -0.103515
2.17537 , -1.89072 , 0.289911 , -0.102787 , -1.89134 , 0.29083 , -0.1034
2.21321 , -1.8925 , 0.290413 , -0.10296 , -1.89326 , 0.291556 , -0.103281
2.25771 , -1.89458 , 0.291025 , -0.1026 , -1.89444 , 0.292613 , -0.101939
2.29518 , -1.89634 , 0.292884 , -0.102605 , -1.89722 , 0.293325 , -0.102279
2.34178 , -1.89863 , 0.292691 , -0.10257 , -1.90008 , 0.293887 , -0.103798
2.37895 , -1.90184 , 0.291454 , -0.104149 , -1.9018 , 0.292803 , -0.104168
2.42801 , -1.9063 , 0.289962 , -0.106066 , -1.90728 , 0.289792 , -0.105415
2.47611 , -1.90965 , 0.288406 , -0.105979 , -1.90997 , 0.286507 , -0.10583
2.5142 , -1.91399 , 0.286116 , -0.106295 , -1.91567 , 0.284191 , -0.107733
2.56037 , -1.91975 , 0.283524 , -0.106866 , -1.92102 , 0.280457 , -0.108115
2.60227 , -1.92547 , 0.278931 , -0.106832 , -1.92807 , 0.273499 , -0.111217
2.64719 , -1.93241 , 0.271799 , -0.109269 , -1.93431 , 0.265825 , -0.112199
2.6938 , -1.93869 , 0.263178 , -0.110286 , -1.94293 , 0.264142 , -0.114784
2.73042 , -1.94726 , 0.259274 , -0.113764 , -1.95108 , 0.260871 , -0.115221
2.77729 , -1.95747 , 0.255279 , -0.11589 , -1.96397 , 0.251192 , -0.119509
2.81355 , -1.97032 , 0.245572 , -0.120747 , -1.97403 , 0.24245 , -0.120418
2.84964 , -1.97633 , 0.242651 , -0.124653 , -1.98081 , 0.238935 , -0.123057
2.89595 , -1.98679 , 0.233971 , -0.125894 , -1.99256 , 0.229921 , -0.127797
2.93517 , -1.99906 , 0.221896 , -0.131478 , -2.00413 , 0.217408 , -0.130515
2.97983 , -2.01028 , 0.211037 , -0.131953 , -2.01543 , 0.206101 , -0.134156
3.01973 , -2.02113 , 0.197651 , -0.13443 , -2.02629 , 0.19213 , -0.136347
3.06482 , -2.03298 , 0.181173 , -0.139352 , -2.03806 , 0.174816 , -0.14001
3.10875 , -2.04486 , 0.161213 , -0.143233 , -2.04965 , 0.158597 , -0.14183
3.15378 , -2.05714 , 0.145779 , -0.145713 , -2.06133 , 0.142645 , -0.14302
3.20454 , -2.06902 , 0.130419 , -0.146399 , -2.0733 , 0.12265 , -0.147462
3.25168 , -2.08011 , 0.10945 , -0.150265 , -2.08305 , 0.100756 , -0.153852
3.30669 , -2.08812 , 0.0884648 , -0.15438 , -2.09322 , 0.0800529 , -0.159829
3.35506 , -2.09858 , 0.0647326 , -0.161006 , -2.10234 , 0.0572984 , -0.163753
3.40333 , -2.10715 , 0.0431941 , -0.163186 , -2.11052 , 0.0370476 , -0.164739
3.45072 , -2.11396 , 0.0230815 , -0.164205 , -2.12084 , 0.0156232 , -0.168712
3.49261 , -2.12393 , 0.00178696 , -0.168126 , -2.12898 , -0.0069872 , -0.172947
3.5332 , -2.13188 , -0.0238148 , -0.174829 , -2.13557 , -0.0352608 , -0.180959
3.57119 , -2.1368 , -0.0511927 , -0.180928 , -2.14009 , -0.0577614 , -0.183224
3.61781 , -2.14228 , -0.0727642 , -0.183825 , -2.14236 , -0.0777523 , -0.18313
3.65519 , -2.14761 , -0.0920323 , -0.184886 , -2.14853 , -0.0970483 , -0.187045
3.70305 , -2.15257 , -0.108646 , -0.186931 , -2.15229 , -0.11085 , -0.184256
3.74973 , -2.15588 , -0.117989 , -0.183737 , -2.15725 , -0.123568 , -0.18381
3.78923 , -2.15805 , -0.139202 , -0.200521 , -2.15476 , -0.137814 , -0.187189
3.83334 , -2.15783 , -0.145603 , -0.191636 , -2.15951 , -0.16295 , -0.217548
3.87025 , -2.15374 , -0.178766 , -0.223993 , -2.15633 , -0.182844 , -0.229975
3.91111 , -2.15144 , -0.196432 , -0.234677 , -2.15514 , -0.193328 , -0.230202
3.95178 , -2.15217 , -0.201433 , -0.233508 , -2.15602 , -0.203912 , -0.237969
3.99076 , -2.15194 , -0.209303 , -0.237512 , -2.15641 , -0.210801 , -0.241196
4.03547 , -2.15251 , -0.215472 , -0.239965 , -2.15323 , -0.216354 , -0.240562
4.07324 , -2.15205 , -0.222785 , -0.247261 , -2.15296 , -0.221142 , -0.244596
4.12038 , -2.15141 , -0.223474 , -0.246643 , -2.15095 , -0.221804 , -0.244784
4.15711 , -2.15065 , -0.222396 , -0.244991 , -2.15204 , -0.222065 , -0.24558
4.20016 , -2.15002 , -0.220673 , -0.245254 , -2.15063 , -0.21902 , -0.246339
4.24067 , -2.14838 , -0.2164 , -0.245848 , -2.14899 , -0.214026 , -0.245687
4.29357 , -2.14622 , -0.21037 , -0.245439 , -2.1465 , -0.208175 , -0.244252
4.34037 , -2.14427 , -0.205021 , -0.243757 , -2.14314 , -0.200674 , -0.243382
4.38979 , -2.14058 , -0.195521 , -0.242423 , -2.13927 , -0.190897 , -0.239997
4.43197 , -2.13669 , -0.183678 , -0.240077 , -2.13558 , -0.177589 , -0.237019
4.4742 , -2.13454 , -0.169123 , -0.236659 , -2.13276 , -0.161199 , -0.232038
4.51513 , -2.13025 , -0.15224 , -0.233368 , -2.12816 , -0.146318 , -0.232412
4.55452 , -2.12393 , -0.138615 , -0.232781 , -2.12387 , -0.129377 , -0.230791
4.59561 , -2.12068 , -0.118974 , -0.229696 , -2.11882 , -0.11183 , -0.233497
4.63883 , -2.11433 , -0.100312 , -0.230586 , -2.11218 , -0.0903349 , -0.228889
4.68067 , -2.10721 , -0.0804456 , -0.227639 , -2.10381 , -0.0711603 , -0.228193
4.72196 , -2.09779 , -0.0595766 , -0.226122 , -2.09507 , -0.050375 , -0.223742
4.76309 , -2.08793 , -0.0383271 , -0.223577 , -2.08355 , -0.0271334 , -0.220768
4.80405 , -2.07633 , -0.0138238 , -0.219967 , -2.07327 , -0.0039585 , -0.221045
4.84275 , -2.06418 , 0.0214325 , -0.197447 , -2.0617 , 0.0269686 , -0.205225
4.8852 , -2.05358 , 0.0469888 , -0.192478 , -2.04749 , 0.0530431 , -0.194083
4.92582 , -2.0412 , 0.0685237 , -0.189559 , -2.03745 , 0.0779976 , -0.189602
4.96447 , -2.03101 , 0.0939766 , -0.185309 , -2.02725 , 0.102895 , -0.184237
5.0093 , -2.02075 , 0.117097 , -0.180824 , -2.01726 , 0.123077 , -0.181649
5.0464 , -2.01001 , 0.133798 , -0.178783 , -2.0071 , 0.143194 , -0.179683
5.0931 , -2.00062 , 0.152079 , -0.177908 , -1.99812 , 0.161361 , -0.179223
5.132 , -1.99193 , 0.170378 , -0.175039 , -1.99003 , 0.181592 , -0.173411
5.18181 , -1.98615 , 0.191692 , -0.169626 , -1.98519 , 0.196005 , -0.172095
5.22859 , -1.98229 , 0.205983 , -0.167082 , -1.98265 , 0.213171 , -0.16981
5.27637 , -1.98106 , 0.220567 , -0.167239 , -1.98136 , 0.2285 , -0.167082
5.32418 , -1.98093 , 0.235945 , -0.165253 , -1.98252 , 0.24146 , -0.166225
5.36887 , -1.98364 , 0.247895 , -0.165656 , -1.9861 , 0.2542 , -0.165425
5.41233 , -1.98707 , 0.259592 , -0.163629 , -1.99 , 0.264536 , -0.165243
5.45976 , -1.9956 , 0.259707 , -0.162511 , -1.99995 , 0.267849 , -0.163212
5.50132 , -2.00403 , 0.253462 , -0.162929 , -2.00817 , 0.265629 , -0.162661
5.55335 , -2.01061 , 0.259883 , -0.16255 , -2.01427 , 0.264342 , -0.164142
5.60328 , -2.01804 , 0.263459 , -0.165886 , -2.021 , 0.266042 , -0.16761
5.64611 , -2.02562 , 0.261505 , -0.172819 , -2.02595 , 0.268066 , -0.176124
5.68543 , -2.03097 , 0.26775 , -0.180377 , -2.039 , 0.264491 , -0.194377
5.72908 , -2.0316 , 0.273449 , -0.167482 , -2.04055 , 0.274695 , -0.175829
5.76648 , -2.03705 , 0.276116 , -0.163903 , -2.05033 , 0.276138 , -0.18264
5.81557 , -2.0406 , 0.285964 , -0.151562 , -2.05054 , 0.287957 , -0.163801
5.85679 , -2.04806 , 0.294165 , -0.152319 , -2.05072 , 0.297197 , -0.154193
5.89569 , -2.06715 , 0.27453 , -0.197308 , -2.0561 , 0.298267 , -0.16284
5.9331 , -2.05171 , 0.311223 , -0.146145 , -2.04836 , 0.329538 , -0.148567
5.97011 , -2.04458 , 0.341325 , -0.137879 , -2.0366 , 0.345136 , -0.117247
6.01483 , -2.02903 , 0.360889 , -0.109653 , -2.02676 , 0.367548 , -0.109703
6.05174 , -2.01781 , 0.379452 , -0.105879 , -2.01054 , 0.384945 , -0.102414
6.10109 , -1.99495 , 0.400126 , -0.0942598 , -1.98708 , 0.402779 , -0.097746
6.13942 , -1.96936 , 0.413957 , -0.092937 , -1.95281 , 0.422288 , -0.0816294
6.18461 , -1.93223 , 0.42976 , -0.0848505 , -1.9091 , 0.443463 , -0.0617484
6.22351 , -1.88422 , 0.450296 , -0.0675849 , -1.8523 , 0.465454 , -0.0388864
6.26813 , -1.8239 , 0.468614 , -0.0478043 , -1.78439 , 0.480077 , -0.015486
6.3067 , -1.75147 , 0.480016 , -0.026669 , -1.70938 , 0.483727 , 0.00270704
6.35203 , -1.67066 , 0.482495 , -0.00568982 , -1.62749 , 0.484551 , 0.0179724
6.38949 , -1.58109 , 0.483657 , 0.0147257 , -1.52785 , 0.486334 , 0.0546728
6.43523 , -1.48377 , 0.48197 , 0.0351211 , -1.4175 , 0.478601 , 0.0945739
6.47266 , -1.36748 , 0.470845 , 0.0781158 , -1.30425 , 0.456568 , 0.126054
6.51883 , -1.2491 , 0.447862 , 0.11022 , -1.18247 , 0.431238 , 0.157293
6.55665 , -1.12429 , 0.41861 , 0.135596 , -1.05948 , 0.397395 , 0.179512
6.60396 , -0.997338 , 0.386859 , 0.15495 , -0.937022 , 0.362322 , 0.189906
6.64527 , -0.864864 , 0.343077 , 0.180445 , -0.822348 , 0.339812 , 0.176282
6.68768 , -0.73611 , 0.305742 , 0.191251 , -0.687872 , 0.277039 , 0.201813
6.72466 , -0.607754 , 0.264143 , 0.191027 , -0.555549 , 0.20861 , 0.223926
6.77258 , -0.474711 , 0.209263 , 0.197284 , -0.426577 , 0.170427 , 0.221112
6.81203 , -0.345396 , 0.159636 , 0.206191 , -0.311279 , 0.128769 , 0.224452
6.85566 , -0.233255 , 0.126015 , 0.208986 , -0.211829 , 0.0837727 , 0.233409
6.89162 , -0.143492 , 0.0876592 , 0.221785 , -0.131483 , 0.04798 , 0.241064
6.94081 , -0.0812554 , 0.0550557 , 0.230807 , -0.0748938 , 0.037859 , 0.252248
6.98751 , -0.0517928 , 0.0451745 , 0.244988 , -0.0638281 , 0.0522088 , 0.254284
7.02429 , -0.0525935 , 0.0750132 , 0.253973 , -0.0688508 , 0.0787317 , 0.262501
7.0637 , -0.0787489 , 0.103572 , 0.261266 , -0.0945572 , 0.120713 , 0.259654
7.10567 , -0.119685 , 0.141801 , 0.258651 , -0.141341 , 0.150879 , 0.25557
7.14491 , -0.177423 , 0.165287 , 0.255954 , -0.201628 , 0.170714 , 0.257186
7.19168 , -0.247335 , 0.182838 , 0.25985 , -0.274547 , 0.185212 , 0.263742
7.23212 , -0.330757 , 0.194143 , 0.272566 , -0.368586 , 0.226929 , 0.252219
7.2712 , -0.421038 , 0.232604 , 0.281577 , -0.462161 , 0.244912 , 0.282188
7.3109 , -0.531059 , 0.289312 , 0.279476 , -0.567724 , 0.287726 , 0.292028
7.36079 , -0.646391 , 0.344258 , 0.270178 , -0.685421 , 0.353481 , 0.271975
7.41027 , -0.757585 , 0.379293 , 0.277432 , -0.804509 , 0.409112 , 0.255611
7.45429 , -0.873614 , 0.421716 , 0.271774 , -0.912083 , 0.437897 , 0.270256
7.4924 , -0.980531 , 0.458319 , 0.281082 , -1.02762 , 0.472807 , 0.261494
7.52889 , -1.09941 , 0.493344 , 0.261339 , -1.13923 , 0.502764 , 0.251481
7.58085 , -1.21715 , 0.522256 , 0.228596 , -1.25627 , 0.52718 , 0.210049
7.63075 , -1.33106 , 0.537129 , 0.18316 , -1.37292 , 0.53655 , 0.15852
7.67329 , -1.44076 , 0.539155 , 0.13826 , -1.4701 , 0.534189 , 0.138812
7.71109 , -1.53273 , 0.535767 , 0.123254 , -1.55959 , 0.534759 , 0.127314
7.74646 , -1.61684 , 0.536731 , 0.118109 , -1.64756 , 0.532552 , 0.109249
7.79391 , -1.69807 , 0.53458 , 0.10091 , -1.72263 , 0.52414 , 0.0953558
7.8356 , -1.77752 , 0.516753 , 0.0675882 , -1.80532 , 0.50491 , 0.0503067
7.87613 , -1.84237 , 0.500592 , 0.0481682 , -1.88179 , 0.481778 , 0.00787275
7.91303 , -1.91078 , 0.479073 , 0.0173098 , -1.94291 , 0.460356 , -0.00842492
7.9499 , -1.97276 , 0.45112 , -0.00977372 , -1.99501 , 0.446522 , -0.0218118
8.00177 , -2.02132 , 0.438644 , -0.0235377 , -2.03699 , 0.433911 , -0.0264994
8.05198 , -2.06108 , 0.424605 , -0.0315277 , -2.08184 , 0.412786 , -0.0508918
8.10104 , -2.10316 , 0.399819 , -0.0638436 , -2.10902 , 0.396942 , -0.059006
8.15105 , -2.1235 , 0.389431 , -0.06617 , -2.13172 , 0.38339 , -0.0719697
8.20068 , -2.14361 , 0.375667 , -0.0782687 , -2.14814 , 0.376753 , -0.0745524
8.25267 , -2.16897 , 0.361801 , -0.1035 , -2.15608 , 0.377889 , -0.0665493
8.30315 , -2.16728 , 0.375726 , -0.0773224 , -2.16265 , 0.381945 , -0.065023
8.35045 , -2.16561 , 0.383684 , -0.0704886 , -2.16525 , 0.383916 , -0.0697267
8.40761 , -2.16366 , 0.382851 , -0.0746588 , -2.16552 , 0.380719 , -0.0822241
8.45296 , -2.16226 , 0.381186 , -0.0858566 , -2.16198 , 0.380333 , -0.0883578
8.50133 , -2.16003 , 0.38024 , -0.0928755 , -2.15825 , 0.381828 , -0.0927625
8.55635 , -2.15444 , 0.383106 , -0.0947275 , -2.15187 , 0.384749 , -0.0952547
8.60408 , -2.14732 , 0.391158 , -0.0926455 , -2.14537 , 0.38921 , -0.0939303
8.6496 , -2.14151 , 0.392581 , -0.094719 , -2.14023 , 0.392687 , -0.0950286
8.69621 , -2.13586 , 0.393737 , -0.0947194 , -2.13477 , 0.394292 , -0.0969639
8.74065 , -2.13212 , 0.393875 , -0.0979998 , -2.13034 , 0.397582 , -0.0978964
8.78753 , -2.12834 , 0.398374 , -0.0975488 , -2.13043 , 0.39773 , -0.0980286
8.84081 , -2.12505 , 0.404809 , -0.0942265 , -2.12501 , 0.402755 , -0.0954637
8.89019 , -2.12329 , 0.404875 , -0.0952535 , -2.12437 , 0.403003 , -0.0975892
8.94026 , -2.12204 , 0.404229 , -0.0968176 , -2.12189 , 0.404888 , -0.0974032
8.99012 , -2.12101 , 0.403865 , -0.0980536 , -2.12309 , 0.403448 , -0.099063
9.04143 , -2.1204 , 0.403762 , -0.0990793 , -2.11983 , 0.404947 , -0.0988851
9.09189 , -2.11966 , 0.404448 , -0.0989989 , -2.11799 , 0.406461 , -0.0964986
9.14718 , -2.11745 , 0.405343 , -0.0971019 , -2.13663 , 0.388616 , -0.137606
9.18528 , -2.11806 , 0.399263 , -0.103983 , -2.12462 , 0.396089 , -0.115389
9.22992 , -2.11669 , 0.39972 , -0.103277 , -2.11929 , 0.398666 , -0.107577
9.27805 , -2.11592 , 0.401269 , -0.102255 , -2.11688 , 0.400492 , -0.10441
9.32806 , -2.12831 , 0.389249 , -0.131446 , -2.10902 , 0.40192 , -0.0932232
9.38062 , -2.11306 , 0.398422 , -0.105629 , -2.11061 , 0.400298 , -0.101508
9.42368 , -2.11113 , 0.400152 , -0.105434 , -2.11054 , 0.402271 , -0.104263
9.47876 , -2.11944 , 0.397326 , -0.123065 , -2.11681 , 0.398881 , -0.118819
9.52285 , -2.12004 , 0.397422 , -0.126749 , -2.12083 , 0.398231 , -0.126463
9.56041 , -2.12275 , 0.396442 , -0.13188 , -2.10461 , 0.410651 , -0.0950252
9.61059 , -2.12293 , 0.399502 , -0.131399 , -2.0997 , 0.413991 , -0.0860711
9.65626 , -2.11702 , 0.407174 , -0.119884 , -2.1131 , 0.409736 , -0.110618
9.69877 , -2.12059 , 0.405884 , -0.125338 , -2.11996 , 0.407173 , -0.121713
9.73983 , -2.11553 , 0.409213 , -0.11464 , -2.11689 , 0.408524 , -0.115465
9.78408 , -2.1144 , 0.412507 , -0.110512 , -2.12385 , 0.411392 , -0.123857
9.82303 , -2.12435 , 0.410027 , -0.126305 , -2.128 , 0.411525 , -0.128771
9.86614 , -2.1195 , 0.415203 , -0.114579 , -2.12079 , 0.417387 , -0.11409
9.90754 , -2.11712 , 0.421152 , -0.107069 , -2.11908 , 0.42313 , -0.107157
9.94477 , -2.11761 , 0.425319 , -0.103876 , -2.11958 , 0.426845 , -0.105487
9.99189 , -2.11818 , 0.425895 , -0.102966 , -2.11986 , 0.429113 , -0.103045
10.0326 , -2.11912 , 0.428916 , -0.10169 , -2.11938 , 0.429363 , -0.10162
10.0755 , -2.11968 , 0.427635 , -0.100143 , -2.12112 , 0.427818 , -0.10173
10.1176 , -2.12453 , 0.423728 , -0.105838 , -2.12615 , 0.423089 , -0.107441
10.159 , -2.12735 , 0.420538 , -0.107404 , -2.14434 , 0.402242 , -0.140632
10.202 , -2.14163 , 0.403558 , -0.133617 , -2.12983 , 0.421429 , -0.104341
10.245 , -2.12969 , 0.417825 , -0.104726 , -2.14626 , 0.406664 , -0.132098
10.2836 , -2.14357 , 0.403636 , -0.128432 , -2.1476 , 0.405909 , -0.13062
10.3325 , -2.13828 , 0.407915 , -0.109779 , -2.15225 , 0.398926 , -0.134265
10.3788 , -2.14089 , 0.402616 , -0.1088 , -2.15698 , 0.392977 , -0.138106
10.4377 , -2.14423 , 0.398068 , -0.110094 , -2.14825 , 0.393147 , -0.119509
10.482 , -2.14592 , 0.392319 , -0.109882 , -2.1613 , 0.377038 , -0.137654
10.5323 , -2.15064 , 0.379565 , -0.114733 , -2.15547 , 0.373443 , -0.120569
10.5814 , -2.1668 , 0.353504 , -0.141036 , -2.16712 , 0.34614 , -0.142036
10.6346 , -2.16851 , 0.334128 , -0.144531 , -2.15603 , 0.342131 , -0.118389
10.6806 , -2.15694 , 0.335486 , -0.114678 , -2.16937 , 0.317597 , -0.141075
10.7198 , -2.16261 , 0.310307 , -0.127422 , -2.16694 , 0.303808 , -0.133567
10.7638 , -2.16542 , 0.292707 , -0.13144 , -2.1683 , 0.28071 , -0.131237
10.807 , -2.16933 , 0.268148 , -0.130829 , -2.16806 , 0.263203 , -0.127399
10.8506 , -2.18513 , 0.224631 , -0.173219 , -2.18116 , 0.220962 , -0.160617
10.9026 , -2.18989 , 0.187962 , -0.182621 , -2.17395 , 0.204077 , -0.146994
10.9489 , -2.18919 , 0.170277 , -0.181241 , -2.18709 , 0.163253 , -0.180545
10.9861 , -2.1914 , 0.138914 , -0.193015 , -2.19278 , 0.129752 , -0.197168
11.0318 , -2.19444 , 0.109018 , -0.204423 , -2.1942 , 0.104474 , -0.203775
11.0692 , -2.19536 , 0.0833678 , -0.213984 , -2.18713 , 0.0934305 , -0.188148
11.122 , -2.1964 , 0.0653456 , -0.219104 , -2.17788 , 0.095208 , -0.161127
11.1712 , -2.18822 , 0.0802642 , -0.169747 , -2.18028 , 0.0810352 , -0.164616
11.2151 , -2.19869 , 0.0313344 , -0.226368 , -2.16777 , 0.0659429 , -0.157381
11.2559 , -2.1799 , 0.0464748 , -0.177229 , -2.17197 , 0.0467775 , -0.170755
11.299 , -2.18554 , -0.0109568 , -0.25128 , -2.16552 , 0.0136725 , -0.194656
11.341 , -2.17069 , -0.00560626 , -0.213713 , -2.16374 , -0.000366628 , -0.204015
11.3829 , -2.16486 , -0.0118713 , -0.208806 , -2.15888 , -0.0127 , -0.206228
11.4242 , -2.15612 , -0.0243614 , -0.206376 , -2.15513 , -0.024593 , -0.212508
11.4668 , -2.14983 , -0.0367675 , -0.212688 , -2.15086 , -0.0410039 , -0.217784
11.5015 , -2.14502 , -0.0545178 , -0.221548 , -2.14245 , -0.0504735 , -0.203085
11.539 , -2.14308 , -0.0563615 , -0.214864 , -2.14066 , -0.058708 , -0.199667
11.5854 , -2.14217 , -0.0599674 , -0.200737 , -2.14144 , -0.0639254 , -0.197975
11.6216 , -2.14092 , -0.0682011 , -0.199649 , -2.14429 , -0.0739833 , -0.2054
11.6696 , -2.1388 , -0.080919 , -0.20565 , -2.13803 , -0.0840677 , -0.207951
11.7057 , -2.13583 , -0.0894676 , -0.209924 , -2.13429 , -0.0963445 , -0.210421
11.7538 , -2.13034 , -0.0993248 , -0.210357 , -2.13323 , -0.100772 , -0.212116
11.79 , -2.12903 , -0.102543 , -0.211594 , -2.13316 , -0.103981 , -0.211302
11.8434 , -2.12943 , -0.103231 , -0.211562 , -2.13266 , -0.101532 , -0.208867
11.8918 , -2.12915 , -0.102069 , -0.213231 , -2.1308 , -0.100018 , -0.21171
11.9373 , -2.12952 , -0.0977827 , -0.21188 , -2.13136 , -0.0964458 , -0.210228
11.9803 , -2.12971 , -0.0933927 , -0.20991 , -2.13108 , -0.0898706 , -0.209728
12.0221 , -2.12932 , -0.0855501 , -0.209009 , -2.13049 , -0.0806181 , -0.208796
12.0628 , -2.13003 , -0.075419 , -0.209044 , -2.13113 , -0.0713727 , -0.206738
12.1017 , -2.12973 , -0.066287 , -0.207591 , -2.13027 , -0.0613699 , -0.206585
12.1489 , -2.12902 , -0.0558455 , -0.207091 , -2.1246 , -0.0494827 , -0.204346
12.1877 , -2.12689 , -0.0410937 , -0.200387 , -2.12658 , -0.0388977 , -0.202609
12.2303 , -2.1253 , -0.0284722 , -0.198141 , -2.12259 , -0.0142435 , -0.20042
12.2718 , -2.12255 , -0.0142522 , -0.189616 , -2.1211 , -0.00635127 , -0.195266
12.3127 , -2.11868 , -0.00797925 , -0.2003 , -2.12063 , -0.00194102 , -0.198326
12.3552 , -2.11619 , -0.0029402 , -0.207879 , -2.11856 , 0.003195 , -0.206675
12.3974 , -2.11489 , 0.0064437 , -0.210688 , -2.11549 , 0.0113962 , -0.211558
12.4398 , -2.11271 , 0.0177664 , -0.212253 , -2.11032 , 0.0212476 , -0.212825
12.4822 , -2.10718 , 0.0294595 , -0.210109 , -2.10475 , 0.0387015 , -0.206467
12.5231 , -2.10138 , 0.0496225 , -0.200733 , -2.09967 , 0.0578838 , -0.198461
12.5642 , -2.09708 , 0.0656256 , -0.199844 , -2.09483 , 0.0722143 , -0.198055
12.6077 , -2.0917 , 0.0811107 , -0.201221 , -2.08986 , 0.0894374 , -0.196924
12.6523 , -2.08395 , 0.105662 , -0.180542 , -2.08101 , 0.112985 , -0.18489
12.691 , -2.07524 , 0.122903 , -0.179213 , -2.07271 , 0.129707 , -0.178689
12.7356 , -2.06732 , 0.136519 , -0.17625 , -2.06344 , 0.146865 , -0.16915
12.7748 , -2.06157 , 0.151462 , -0.174622 , -2.06029 , 0.160841 , -0.173636
12.8171 , -2.05715 , 0.166986 , -0.174627 , -2.05711 , 0.172455 , -0.175197
12.8594 , -2.05424 , 0.178334 , -0.176988 , -2.05477 , 0.184151 , -0.18068
12.9007 , -2.0529 , 0.18874 , -0.181984 , -2.05275 , 0.191466 , -0.188204
12.9431 , -2.05461 , 0.189271 , -0.203199 , -2.05527 , 0.194538 , -0.207782
12.9847 , -2.04378 , 0.210173 , -0.17751 , -2.04841 , 0.212027 , -0.18648
13.029 , -2.04821 , 0.210824 , -0.197023 , -2.0492 , 0.215957 , -0.198657
13.071 , -2.04971 , 0.21684 , -0.201027 , -2.04838 , 0.223648 , -0.196361
13.1105 , -2.0493 , 0.227002 , -0.195978 , -2.03414 , 0.254644 , -0.146082
13.15 , -2.03603 , 0.25579 , -0.150228 , -2.03498 , 0.26107 , -0.148138
13.1947 , -2.03652 , 0.262907 , -0.147954 , -2.03604 , 0.266463 , -0.147809
13.2347 , -2.03796 , 0.268621 , -0.14762 , -2.03778 , 0.273862 , -0.146386
13.2787 , -2.03968 , 0.279364 , -0.146895 , -2.04957 , 0.271904 , -0.17129
13.319 , -2.052 , 0.274816 , -0.169523 , -2.05597 , 0.273758 , -0.178919
13.3657 , -2.05664 , 0.275495 , -0.17612 , -2.05854 , 0.28025 , -0.176672
13.4086 , -2.05013 , 0.29036 , -0.143206 , -2.05272 , 0.292849 , -0.161167
13.4535 , -2.05932 , 0.28752 , -0.171743 , -2.06052 , 0.291362 , -0.171229
13.4996 , -2.06738 , 0.280211 , -0.179689 , -2.0675 , 0.285518 , -0.176852
13.5415 , -2.06991 , 0.280922 , -0.179277 , -2.0706 , 0.282271 , -0.179862
13.5781 , -2.07041 , 0.280235 , -0.181887 , -2.07294 , 0.284054 , -0.178756
13.6239 , -2.07184 , 0.283552 , -0.176541 , -2.07274 , 0.286495 , -0.177713
13.6682 , -2.07332 , 0.285555 , -0.175926 , -2.07598 , 0.28685 , -0.17657
13.7196 , -2.06905 , 0.288062 , -0.160902 , -2.07352 , 0.289175 , -0.162929
13.7645 , -2.06995 , 0.289761 , -0.154873 , -2.08005 , 0.286086 , -0.170297
13.8067 , -2.08062 , 0.279747 , -0.172535 , -2.07762 , 0.285502 , -0.154885
13.8497 , -2.08477 , 0.27803 , -0.168103 , -2.08718 , 0.276205 , -0.168521
13.8886 , -2.09078 , 0.271221 , -0.174253 , -2.08283 , 0.290724 , -0.143524
13.9346 , -2.08986 , 0.2869 , -0.153448 , -2.09199 , 0.286686 , -0.152534
13.9739 , -2.09496 , 0.273353 , -0.15127 , -2.10233 , 0.279629 , -0.159565
14.0177 , -2.1105 , 0.263607 , -0.170841 , -2.11195 , 0.267673 , -0.165775
14.056 , -2.10555 , 0.28083 , -0.141037 , -2.12071 , 0.26585 , -0.171529
14.1016 , -2.11594 , 0.270122 , -0.153117 , -2.1206 , 0.270816 , -0.152203
14.1413 , -2.11914 , 0.274817 , -0.135832 , -2.13484 , 0.255201 , -0.168156
14.1869 , -2.13438 , 0.258027 , -0.157545 , -2.15347 , 0.227923 , -0.200425
14.2244 , -2.15203 , 0.234737 , -0.189299 , -2.14371 , 0.254853 , -0.150398
14.2684 , -2.14765 , 0.25949 , -0.153199 , -2.16957 , 0.231301 , -0.20162
14.3133 , -2.16891 , 0.243879 , -0.191628 , -2.17049 , 0.24618 , -0.186328
14.3568 , -2.17463 , 0.253858 , -0.181807 , -2.1777 , 0.254014 , -0.181976
14.4038 , -2.18226 , 0.25999 , -0.184966 , -2.18339 , 0.276218 , -0.176148
14.4416 , -2.18837 , 0.286939 , -0.179715 , -2.16773 , 0.317952 , -0.121949
14.4878 , -2.17115 , 0.343597 , -0.114935 , -2.1742 , 0.344559 , -0.125429
14.5256 , -2.17598 , 0.355284 , -0.126457 , -2.17618 , 0.369694 , -0.127725
14.5715 , -2.16706 , 0.393061 , -0.103592 , -2.1775 , 0.395467 , -0.135007
14.6082 , -2.1691 , 0.420658 , -0.118993 , -2.16067 , 0.430285 , -0.109377
14.6573 , -2.15493 , 0.457741 , -0.102142 , -2.1539 , 0.469069 , -0.109185
14.6963 , -2.13981 , 0.499191 , -0.0923052 , -2.13865 , 0.508829 , -0.101067
14.7392 , -2.11727 , 0.535168 , -0.0778947 , -2.11394 , 0.544779 , -0.0885612
14.7767 , -2.08473 , 0.574821 , -0.0581648 , -2.08268 , 0.578212 , -0.0761195
14.8248 , -2.05671 , 0.596999 , -0.0617281 , -2.04874 , 0.602932 , -0.0725031
14.8641 , -2.01604 , 0.618238 , -0.0553856 , -1.99775 , 0.632987 , -0.0592957
14.9074 , -1.96604 , 0.641399 , -0.0522628 , -1.95287 , 0.64604 , -0.0645347
14.9439 , -1.91358 , 0.6525 , -0.0510167 , -1.88514 , 0.66318 , -0.0434491
14.9912 , -1.85449 , 0.666971 , -0.0449558 , -1.81125 , 0.682679 , -0.0192344
15.0273 , -1.7808 , 0.683186 , -0.026976 , -1.73378 , 0.694121 , -0.00111952
15.0755 , -1.70641 , 0.693481 , -0.0147998 , -1.66901 , 0.696938 , -0.00572893
15.1116 , -1.62339 , 0.699852 , 0.00351042 , -1.59857 , 0.702143 , -0.00260416
15.159 , -1.545 , 0.702456 , 0.0153645 , -1.51676 , 0.702834 , 0.0152465
15.1956 , -1.45401 , 0.698424 , 0.0447662 , -1.4115 , 0.698839 , 0.0639319
15.2451 , -1.35062 , 0.687964 , 0.0888126 , -1.32543 , 0.687209 , 0.0804366
15.2951 , -1.25962 , 0.67383 , 0.110498 , -1.22676 , 0.670361 , 0.116241
15.3403 , -1.17455 , 0.652851 , 0.123273 , -1.1403 , 0.648634 , 0.134143
15.3781 , -1.08718 , 0.627168 , 0.140205 , -1.05308 , 0.620037 , 0.153184
15.4149 , -0.994284 , 0.591229 , 0.163105 , -0.9547 , 0.588339 , 0.175796
15.4609 , -0.91089 , 0.560555 , 0.160196 , -0.868439 , 0.547154 , 0.177039
15.4987 , -0.820206 , 0.520871 , 0.169483 , -0.779457 , 0.507865 , 0.188962
15.5445 , -0.736375 , 0.472479 , 0.164626 , -0.693557 , 0.459347 , 0.191835
15.5841 , -0.64498 , 0.457371 , 0.169351 , -0.609679 , 0.419646 , 0.182754
15.629 , -0.552285 , 0.431981 , 0.172176 , -0.513383 , 0.397413 , 0.200397
15.6665 , -0.459902 , 0.404995 , 0.185359 , -0.429198 , 0.354192 , 0.224781
15.7191 , -0.380031 , 0.36308 , 0.214175 , -0.355675 , 0.350373 , 0.233822
15.7669 , -0.313584 , 0.307837 , 0.242508 , -0.310765 , 0.322643 , 0.247353
15.8156 , -0.280473 , 0.302802 , 0.252111 , -0.285425 , 0.311986 , 0.257467
15.8691 , -0.273118 , 0.305457 , 0.253543 , -0.281793 , 0.308231 , 0.254996
15.9144 , -0.278404 , 0.308434 , 0.255935 , -0.289452 , 0.314629 , 0.25397
15.9527 , -0.298821 , 0.321532 , 0.252194 , -0.313114 , 0.329817 , 0.24791
15.9981 , -0.332692 , 0.336665 , 0.244409 , -0.351109 , 0.344164 , 0.238898
16.0361 , -0.379705 , 0.351563 , 0.235509 , -0.401753 , 0.357636 , 0.228519
16.0875 , -0.440412 , 0.36455 , 0.223407 , -0.466764 , 0.374986 , 0.214158
16.1343 , -0.510968 , 0.37757 , 0.215477 , -0.539302 , 0.386698 , 0.20802
16.1844 , -0.591632 , 0.393492 , 0.206117 , -0.621498 , 0.40589 , 0.199275
16.2376 , -0.679137 , 0.413254 , 0.197523 , -0.715553 , 0.441406 , 0.175559
16.2802 , -0.773157 , 0.440419 , 0.183736 , -0.813755 , 0.46097 , 0.153952
16.321 , -0.868003 , 0.458273 , 0.168665 , -0.907737 , 0.476519 , 0.14461
16.376 , -0.964211 , 0.476204 , 0.153562 , -1.00394 , 0.497496 , 0.127517
16.4251 , -1.06598 , 0.50316 , 0.118082 , -1.08975 , 0.500379 , 0.126593
16.4683 , -1.15881 , 0.51842 , 0.0987764 , -1.17844 , 0.509935 , 0.114506
16.5122 , -1.25028 , 0.524781 , 0.0768676 , -1.27026 , 0.516492 , 0.0889244
16.5529 , -1.32808 , 0.52123 , 0.0758211 , -1.35735 , 0.518563 , 0.0624949
16.5955 , -1.40267 , 0.518158 , 0.0675441 , -1.44351 , 0.521379 , 0.027485
16.6434 , -1.48145 , 0.514919 , 0.040395 , -1.51989 , 0.507637 , -3.88261e-05
16.692 , -1.55306 , 0.500929 , 0.0137334 , -1.58691 , 0.496597 , -0.0196706
16.74 , -1.61794 , 0.48991 , -0.00449582 , -1.64601 , 0.480484 , -0.0253146
16.7927 , -1.67485 , 0.477679 , -0.00872117 , -1.69742 , 0.471563 , -0.0196642
16.8459 , -1.7244 , 0.469598 , -0.00564131 , -1.75013 , 0.462391 , -0.0281286
16.8847 , -1.77357 , 0.45801 , -0.0174505 , -1.80169 , 0.444377 , -0.0529146
16.9309 , -1.82215 , 0.439622 , -0.0420363 , -1.84746 , 0.428915 , -0.0714677
16.9706 , -1.86656 , 0.425883 , -0.0601382 , -1.88055 , 0.421397 , -0.0662968
17.0124 , -1.9073 , 0.415235 , -0.075252 , -1.91636 , 0.412938 , -0.0705387
17.0568 , -1.93724 , 0.406152 , -0.0754418 , -1.95343 , 0.396011 , -0.0934457
17.1009 , -1.96607 , 0.388141 , -0.0898331 , -1.97585 , 0.380044 , -0.0979152
17.1399 , -1.99166 , 0.365756 , -0.109209 , -1.99775 , 0.363728 , -0.105763
17.177 , -2.01614 , 0.348146 , -0.124518 , -2.01793 , 0.347626 , -0.114169
17.2219 , -2.02925 , 0.338632 , -0.118567 , -2.0322 , 0.337223 , -0.113693
17.2617 , -2.03974 , 0.332233 , -0.112636 , -2.04287 , 0.332178 , -0.108869
17.3082 , -2.04755 , 0.329993 , -0.107237 , -2.0505 , 0.329547 , -0.108347
17.3488 , -2.05266 , 0.326944 , -0.107749 , -2.06155 , 0.312715 , -0.12247
17.3916 , -2.0616 , 0.307955 , -0.120303 , -2.06285 , 0.30602 , -0.121822
17.431 , -2.06518 , 0.300384 , -0.125308 , -2.06502 , 0.301905 , -0.123362
17.48 , -2.06595 , 0.300074 , -0.122844 , -2.06591 , 0.305275 , -0.115079
17.5256 , -2.06649 , 0.305868 , -0.11535 , -2.06789 , 0.305414 , -0.114024
17.5695 , -2.0676 , 0.306779 , -0.113788 , -2.06856 , 0.307358 , -0.114636
17.6096 , -2.06726 , 0.306696 , -0.115343 , -2.06927 , 0.306493 , -0.116606
17.6513 , -2.06695 , 0.305741 , -0.117537 , -2.0675 , 0.305532 , -0.118423
17.6993 , -2.06743 , 0.305865 , -0.121835 , -2.06719 , 0.305997 , -0.120267
17.7418 , -2.06619 , 0.3062 , -0.12128 , -2.06649 , 0.305645 , -0.120675
17.7782 , -2.06496 , 0.30576 , -0.12087 , -2.06432 , 0.308919 , -0.117414
17.8145 , -2.06316 , 0.307968 , -0.119015 , -2.06594 , 0.306906 , -0.119272
17.8595 , -2.06261 , 0.307089 , -0.120518 , -2.06369 , 0.307085 , -0.119883
17.8961 , -2.06088 , 0.307746 , -0.120126 , -2.06115 , 0.308379 , -0.120953
17.946 , -2.06036 , 0.310724 , -0.121036 , -2.06075 , 0.309244 , -0.121322
17.9834 , -2.05983 , 0.309666 , -0.120732 , -2.06072 , 0.310177 , -0.120868
18.0294 , -2.05924 , 0.310635 , -0.119786 , -2.0605 , 0.311883 , -0.119523
18.0734 , -2.05926 , 0.31159 , -0.119038 , -2.06042 , 0.31125 , -0.118404
18.1144 , -2.05862 , 0.311463 , -0.120729 , -2.06109 , 0.311355 , -0.12272
18.1621 , -2.05874 , 0.311747 , -0.123083 , -2.06007 , 0.312476 , -0.122107
18.2035 , -2.05788 , 0.314543 , -0.121525 , -2.05909 , 0.315172 , -0.122055
18.2485 , -2.05759 , 0.316862 , -0.120326 , -2.0598 , 0.316144 , -0.122208
18.2944 , -2.05806 , 0.317262 , -0.121262 , -2.06153 , 0.316313 , -0.125293
18.3334 , -2.05821 , 0.317061 , -0.124526 , -2.06158 , 0.318293 , -0.12624
18.3786 , -2.05909 , 0.318743 , -0.12608 , -2.06089 , 0.321386 , -0.126296
18.4184 , -2.06001 , 0.324158 , -0.125001 , -2.06086 , 0.323706 , -0.125726
18.4625 , -2.06008 , 0.326645 , -0.125018 , -2.06007 , 0.325945 , -0.124662
18.5036 , -2.06 , 0.327434 , -0.125586 , -2.06233 , 0.326611 , -0.127359
18.5475 , -2.06223 , 0.32399 , -0.131922 , -2.06383 , 0.327165 , -0.131071
18.5895 , -2.0631 , 0.326643 , -0.132694 , -2.06486 , 0.326575 , -0.132243
18.6298 , -2.06304 , 0.327912 , -0.132326 , -2.06042 , 0.336148 , -0.131588
18.6672 , -2.06046 , 0.33721 , -0.130896 , -2.06164 , 0.339418 , -0.130464
18.711 , -2.06118 , 0.341067 , -0.129058 , -2.06176 , 0.341478 , -0.129771
18.7477 , -2.06355 , 0.347939 , -0.129711 , -2.06428 , 0.347516 , -0.130294
18.7853 , -2.06476 , 0.336717 , -0.129817 , -2.06774 , 0.34293 , -0.129915
18.8336 , -2.06786 , 0.341442 , -0.13011 , -2.06705 , 0.346587 , -0.124944
18.8787 , -2.06346 , 0.354756 , -0.122333 , -2.06845 , 0.355598 , -0.12336
18.9175 , -2.06714 , 0.3597 , -0.122491 , -2.07025 , 0.360241 , -0.122769
18.9553 , -2.06973 , 0.361724 , -0.122479 , -2.07113 , 0.36117 , -0.121885
19.0021 , -2.07211 , 0.364475 , -0.121113 , -2.07373 , 0.365611 , -0.119524
19.0428 , -2.0753 , 0.368584 , -0.119477 , -2.07842 , 0.369697 , -0.120557
19.0854 , -2.0805 , 0.369554 , -0.121818 , -2.08187 , 0.374598 , -0.115779
19.1284 , -2.09865 , 0.357891 , -0.149897 , -2.07878 , 0.377908 , -0.100144
19.1684 , -2.09439 , 0.370482 , -0.131362 , -2.09963 , 0.367733 , -0.135767
19.207 , -2.10482 , 0.367432 , -0.142396 , -2.09307 , 0.380159 , -0.109572
19.2543 , -2.10365 , 0.377654 , -0.129406 , -2.09354 , 0.38511 , -0.103341
19.2958 , -2.10621 , 0.381712 , -0.126122 , -2.0958 , 0.386181 , -0.10181
19.3364 , -2.117 , 0.369047 , -0.144632 , -2.10767 , 0.379839 , -0.119436
19.3754 , -2.10731 , 0.383875 , -0.115811 , -2.1208 , 0.36909 , -0.146084
19.4207 , -2.11943 , 0.373739 , -0.138526 , -2.11886 , 0.371805 , -0.137904
19.4594 , -2.11916 , 0.372922 , -0.135986 , -2.1222 , 0.365947 , -0.142417
19.5048 , -2.12184 , 0.36745 , -0.14101 , -2.12217 , 0.361759 , -0.140643
19.5422 , -2.12145 , 0.361886 , -0.140087 , -2.12199 , 0.358805 , -0.140542
19.5914 , -2.12189 , 0.357409 , -0.139932 , -2.10835 , 0.364932 , -0.107529
19.641 , -2.10987 , 0.363228 , -0.111587 , -2.12149 , 0.34796 , -0.139697
19.6884 , -2.12059 , 0.34475 , -0.136538 , -2.11985 , 0.340989 , -0.134636
19.7286 , -2.12328 , 0.331787 , -0.140311 , -2.10503 , 0.345274 , -0.101828
19.7775 , -2.12478 , 0.317444 , -0.148533 , -2.10723 , 0.33167 , -0.109243
19.8308 , -2.12529 , 0.308429 , -0.150316 , -2.11854 , 0.311465 , -0.135662
19.8791 , -2.1246 , 0.29839 , -0.149449 , -2.12332 , 0.294441 , -0.148789
19.9259 , -2.12571 , 0.284419 , -0.156072 , -2.12275 , 0.280034 , -0.154786
19.9799 , -2.12438 , 0.268757 , -0.159478 , -2.12254 , 0.262667 , -0.161835
20.0217 , -2.12302 , 0.249641 , -0.167102 , -2.12008 , 0.247574 , -0.166143
20.0616 , -2.1207 , 0.232443 , -0.17123 , -2.11855 , 0.225592 , -0.173028
20.1062 , -2.11898 , 0.212405 , -0.177765 , -2.10418 , 0.222102 , -0.144846
20.1454 , -2.11 , 0.206761 , -0.157823 , -2.11483 , 0.189813 , -0.184918
20.1901 , -2.11615 , 0.17227 , -0.191205 , -2.11134 , 0.172633 , -0.183998
20.2294 , -2.11377 , 0.15893 , -0.19263 , -2.08957 , 0.183132 , -0.129564
20.2746 , -2.09986 , 0.162416 , -0.154534 , -2.09284 , 0.162211 , -0.145238
20.3106 , -2.09664 , 0.15676 , -0.151312 , -2.0919 , 0.148268 , -0.149563
20.3512 , -2.09505 , 0.139799 , -0.159194 , -2.11221 , 0.0971963 , -0.235707
20.394 , -2.10211 , 0.0967337 , -0.211639 , -2.09457 , 0.122714 , -0.169282
20.4294 , -2.09765 , 0.105335 , -0.182953 , -2.09986 , 0.0963789 , -0.198455
20.4785 , -2.09855 , 0.0875149 , -0.194652 , -2.1019 , 0.0886619 , -0.2038
20.5154 , -2.09916 , 0.0808219 , -0.197626 , -2.09253 , 0.0995058 , -0.159982
20.5615 , -2.09931 , 0.0904243 , -0.175855 , -2.09563 , 0.0870382 , -0.1715
20.5968 , -2.10017 , 0.0779671 , -0.182527 , -2.09871 , 0.0759723 , -0.180276
20.645 , -2.10162 , 0.0708658 , -0.189395 , -2.10158 , 0.0673568 , -0.187621
20.69 , -2.10206 , 0.0677036 , -0.187022 , -2.10317 , 0.0722437 , -0.183555
20.7302 , -2.10293 , 0.0692992 , -0.183981 , -2.10514 , 0.0695469 , -0.185457
20.7691 , -2.10314 , 0.074418 , -0.17686 , -2.1039 , 0.072273 , -0.180553
20.815 , -2.10455 , 0.0751221 , -0.180953 , -2.10671 , 0.0738414 , -0.185045
20.8616 , -2.10739 , 0.0743501 , -0.190882 , -2.1079 , 0.0769196 , -0.188164
20.8976 , -2.10679 , 0.0784033 , -0.187938 , -2.10587 , 0.0823267 , -0.187792
20.938 , -2.10623 , 0.0828263 , -0.191235 , -2.10873 , 0.0862844 , -0.192818
20.9813 , -2.10801 , 0.0874792 , -0.194973 , -2.10852 , 0.0904768 , -0.195105
21.0172 , -2.10679 , 0.0942331 , -0.192655 , -2.10785 , 0.100073 , -0.190991
21.0655 , -2.10641 , 0.105463 , -0.190314 , -2.10627 , 0.107319 , -0.191623
21.1025 , -2.10475 , 0.111505 , -0.189546 , -2.10503 , 0.117671 , -0.18956
21.1486 , -2.1032 , 0.121471 , -0.189034 , -2.10514 , 0.126916 , -0.187955
21.1866 , -2.10279 , 0.130519 , -0.186592 , -2.10461 , 0.133076 , -0.18897
21.2316 , -2.10194 , 0.141675 , -0.183482 , -2.10278 , 0.145509 , -0.183922
21.2707 , -2.10049 , 0.15161 , -0.181739 , -2.10163 , 0.154347 , -0.18331
21.3153 , -2.09903 , 0.162217 , -0.179598 , -2.09936 , 0.16537 , -0.181082
21.3528 , -2.0967 , 0.173247 , -0.177907 , -2.09654 , 0.17962 , -0.177403
21.3996 , -2.09325 , 0.184958 , -0.175489 , -2.09341 , 0.191784 , -0.175459
21.4368 , -2.08972 , 0.199252 , -0.170494 , -2.08938 , 0.20504 , -0.170393
21.4846 , -2.08623 , 0.211856 , -0.166054 , -2.08447 , 0.222077 , -0.161356
21.5225 , -2.08431 , 0.224005 , -0.166449 , -2.1031 , 0.195109 , -0.237886
21.5681 , -2.08213 , 0.229567 , -0.170955 , -2.08682 , 0.22787 , -0.190634
21.6064 , -2.07426 , 0.24348 , -0.163765 , -2.07337 , 0.249362 , -0.16428
21.6511 , -2.06905 , 0.255318 , -0.158342 , -2.06733 , 0.258875 , -0.161246
21.6887 , -2.06425 , 0.264304 , -0.156333 , -2.06249 , 0.267707 , -0.155825
21.7354 , -2.05912 , 0.273221 , -0.152047 , -2.05771 , 0.276871 , -0.152576
21.7733 , -2.05601 , 0.279711 , -0.151045 , -2.05497 , 0.282385 , -0.152834
21.8201 , -2.05385 , 0.284195 , -0.153144 , -2.05439 , 0.285692 , -0.155983
21.858 , -2.05331 , 0.284316 , -0.159675 , -2.05433 , 0.287411 , -0.161372
21.9026 , -2.05395 , 0.285609 , -0.164717 , -2.05468 , 0.287076 , -0.167356
21.9406 , -2.052 , 0.287748 , -0.164632 , -2.05235 , 0.29162 , -0.164097
21.987 , -2.04859 , 0.29372 , -0.160522 , -2.05347 , 0.294614 , -0.161616
22.0256 , -2.04781 , 0.302633 , -0.158125 , -2.04906 , 0.300932 , -0.160894
22.0701 , -2.04516 , 0.303806 , -0.159453 , -2.05193 , 0.304514 , -0.164938
22.1085 , -2.04893 , 0.304374 , -0.163931 , -2.0506 , 0.304842 , -0.16541
22.1548 , -2.0472 , 0.304761 , -0.164033 , -2.05488 , 0.299002 , -0.182957
22.1929 , -2.04866 , 0.29891 , -0.174355 , -2.04824 , 0.302507 , -0.170145
22.242 , -2.04453 , 0.303649 , -0.165468 , -2.04422 , 0.305626 , -0.165834
22.2894 , -2.04254 , 0.306379 , -0.162877 , -2.04322 , 0.30767 , -0.164288
22.3345 , -2.04106 , 0.307139 , -0.163251 , -2.04221 , 0.308485 , -0.164821
22.3735 , -2.04015 , 0.308174 , -0.163869 , -2.04036 , 0.310136 , -0.16305
22.4099 , -2.03941 , 0.310633 , -0.164005 , -2.04023 , 0.311575 , -0.164009
22.4573 , -2.03834 , 0.311727 , -0.163999 , -2.04004 , 0.312477 , -0.165773
22.4954 , -2.03758 , 0.312641 , -0.16541 , -2.03856 , 0.313604 , -0.165295
22.544 , -2.03651 , 0.314337 , -0.165933 , -2.0376 , 0.315298 , -0.165926
22.5919 , -2.036 , 0.315741 , -0.165992 , -2.05198 , 0.304055 , -0.20219
22.6346 , -2.03643 , 0.315867 , -0.168227 , -2.04299 , 0.312507 , -0.180178
22.6788 , -2.03615 , 0.315598 , -0.168265 , -2.0391 , 0.315171 , -0.172681
22.7258 , -2.0359 , 0.316151 , -0.16874 , -2.05023 , 0.304342 , -0.200905
22.7726 , -2.04688 , 0.304492 , -0.195865 , -2.04886 , 0.305134 , -0.197937
22.8103 , -2.04689 , 0.302651 , -0.197259 , -2.04823 , 0.304016 , -0.197781
22.8527 , -2.03748 , 0.307099 , -0.174834 , -2.05883 , 0.296984 , -0.215672
22.8966 , -2.05331 , 0.298118 , -0.203951 , -2.045 , 0.30925 , -0.177319
22.943 , -2.05641 , 0.297836 , -0.208876 , -2.0413 , 0.31633 , -0.168956
22.9796 , -2.06159 , 0.300078 , -0.21608 , -2.04321 , 0.317575 , -0.16933
23.0306 , -2.05766 , 0.310519 , -0.191828 , -2.05596 , 0.313228 , -0.184727
23.0808 , -2.06294 , 0.310781 , -0.193905 , -2.07448 , 0.29527 , -0.221993
23.1276 , -2.07662 , 0.295794 , -0.2195 , -2.07786 , 0.297117 , -0.221008
23.1665 , -2.07881 , 0.3012 , -0.22039 , -2.08258 , 0.300687 , -0.221367
23.2119 , -2.08323 , 0.301014 , -0.220605 , -2.08722 , 0.300198 , -0.225176
23.2501 , -2.09099 , 0.292708 , -0.233613 , -2.09819 , 0.291115 , -0.238928
23.295 , -2.1004 , 0.285837 , -0.246694 , -2.13374 , 0.254129 , -0.325112
23.3331 , -2.10961 , 0.272045 , -0.26657 , -2.12795 , 0.261462 , -0.306714
23.3795 , -2.11598 , 0.262215 , -0.28717 , -2.12082 , 0.264818 , -0.294602
23.417 , -2.11585 , 0.270721 , -0.288871 , -2.08568 , 0.310348 , -0.208588
23.4633 , -2.11015 , 0.281108 , -0.294529 , -2.08605 , 0.307267 , -0.237543
23.5024 , -2.09912 , 0.305956 , -0.270631 , -2.10621 , 0.293354 , -0.310923
23.5485 , -2.08576 , 0.316274 , -0.276832 , -2.09116 , 0.315005 , -0.302596
23.5859 , -2.08318 , 0.319791 , -0.308784 , -2.08193 , 0.330297 , -0.312408
23.6319 , -2.07506 , 0.335867 , -0.324107 , -2.06069 , 0.359373 , -0.317404
23.6704 , -2.05433 , 0.373329 , -0.327709 , -2.0413 , 0.393022 , -0.324245
23.7157 , -2.03099 , 0.41647 , -0.328698 , -2.01854 , 0.432599 , -0.33506
23.7522 , -2.00149 , 0.467532 , -0.332218 , -1.98542 , 0.473748 , -0.342159
23.7992 , -1.96934 , 0.503365 , -0.352987 , -1.94771 , 0.523161 , -0.357301
23.8363 , -1.92861 , 0.546091 , -0.37316 , -1.91543 , 0.557627 , -0.393979
23.8841 , -1.89825 , 0.582588 , -0.416092 , -1.87279 , 0.60115 , -0.418436
23.9372 , -1.84272 , 0.635339 , -0.415869 , -1.82759 , 0.633368 , -0.433002
23.9873 , -1.80437 , 0.660791 , -0.440617 , -1.77991 , 0.672167 , -0.444032
24.0334 , -1.73979 , 0.710596 , -0.419311 , -1.72607 , 0.708873 , -0.440165
24.0791 , -1.69868 , 0.733322 , -0.440519 , -1.68911 , 0.736344 , -0.457395
24.1131 , -1.68123 , 0.744484 , -0.474662 , -1.66887 , 0.747634 , -0.482382
24.1545 , -1.66653 , 0.74546 , -0.486017 , -1.65098 , 0.754184 , -0.48544
24.1988 , -1.62856 , 0.744655 , -0.460041 , -1.60735 , 0.757275 , -0.449425
24.2387 , -1.6011 , 0.751419 , -0.442989 , -1.59163 , 0.753686 , -0.442053
24.2849 , -1.5845 , 0.740973 , -0.432076 , -1.57798 , 0.74821 , -0.434619
24.3246 , -1.56999 , 0.727431 , -0.425123 , -1.56313 , 0.739414 , -0.42831
24.3676 , -1.56072 , 0.719891 , -0.424746 , -1.54991 , 0.722971 , -0.42485
24.4086 , -1.54816 , 0.716043 , -0.426915 , -1.53135 , 0.708119 , -0.415588
24.4515 , -1.52748 , 0.703771 , -0.415839 , -1.52348 , 0.711051 , -0.419903
24.493 , -1.52614 , 0.702257 , -0.430024 , -1.52128 , 0.708925 , -0.427714
24.5352 , -1.52236 , 0.702388 , -0.432505 , -1.52207 , 0.703339 , -0.432681
24.5769 , -1.52437 , 0.694579 , -0.435585 , -1.52881 , 0.69848 , -0.433693
24.6189 , -1.53319 , 0.683314 , -0.438153 , -1.53993 , 0.686464 , -0.43601
24.661 , -1.54524 , 0.676901 , -0.43627 , -1.56 , 0.678298 , -0.445678
24.7023 , -1.56664 , 0.66903 , -0.442778 , -1.5795 , 0.66498 , -0.448177
24.742 , -1.593 , 0.661775 , -0.452962 , -1.60197 , 0.654487 , -0.449671
24.7882 , -1.61197 , 0.645921 , -0.450235 , -1.6372 , 0.633344 , -0.466986
24.8255 , -1.6343 , 0.634394 , -0.449007 , -1.65096 , 0.621303 , -0.4567
24.8709 , -1.66284 , 0.613839 , -0.458525 , -1.67418 , 0.608214 , -0.455883
24.9064 , -1.69145 , 0.599387 , -0.464053 , -1.70002 , 0.592862 , -0.456484
24.9472 , -1.71535 , 0.584867 , -0.457461 , -1.72682 , 0.57813 , -0.454892
24.9873 , -1.74466 , 0.567716 , -0.457577 , -1.75753 , 0.566143 , -0.452791
25.0241 , -1.77248 , 0.553443 , -0.446832 , -1.78803 , 0.552711 , -0.445507
25.0647 , -1.80546 , 0.542096 , -0.439685 , -1.81718 , 0.537344 , -0.432257
25.1083 , -1.83582 , 0.527313 , -0.426208 , -1.84499 , 0.524293 , -0.416092
25.147 , -1.86614 , 0.512342 , -0.413918 , -1.87911 , 0.505378 , -0.413069
25.1912 , -1.89959 , 0.4916 , -0.411432 , -1.91397 , 0.482568 , -0.414715
25.231 , -1.93066 , 0.469916 , -0.407812 , -1.94486 , 0.460296 , -0.410395
25.2756 , -1.96067 , 0.450373 , -0.399309 , -1.969 , 0.444917 , -0.39122
25.3138 , -1.98247 , 0.43344 , -0.378609 , -1.98866 , 0.430519 , -0.369404
25.3606 , -2.00135 , 0.420839 , -0.35672 , -2.00522 , 0.412679 , -0.34992
25.4049 , -2.01788 , 0.401042 , -0.344727 , -2.02397 , 0.391692 , -0.344357
25.4427 , -2.03537 , 0.378323 , -0.34074 , -2.04141 , 0.371077 , -0.341123
25.4814 , -2.05183 , 0.358235 , -0.336934 , -2.05518 , 0.354482 , -0.332119
25.5266 , -2.06439 , 0.346769 , -0.325123 , -2.06889 , 0.341392 , -0.323076
25.5645 , -2.07752 , 0.332674 , -0.317611 , -2.08109 , 0.328566 , -0.315933
25.6117 , -2.08701 , 0.318805 , -0.311416 , -2.09183 , 0.313367 , -0.312867
25.6498 , -2.10083 , 0.288114 , -0.311113 , -2.10191 , 0.289027 , -0.308602
25.6939 , -2.10683 , 0.277166 , -0.305911 , -2.10651 , 0.287587 , -0.307133
25.7321 , -2.109 , 0.27913 , -0.303108 , -2.10997 , 0.280502 , -0.29928
25.7782 , -2.11273 , 0.278155 , -0.295795 , -2.1133 , 0.275646 , -0.295904
25.8172 , -2.11762 , 0.268598 , -0.289795 , -2.11162 , 0.274536 , -0.292223
25.8618 , -2.11246 , 0.271692 , -0.289102 , -2.11192 , 0.271861 , -0.290183
25.9001 , -2.11105 , 0.269045 , -0.288708 , -2.11528 , 0.259061 , -0.290998
25.9466 , -2.11216 , 0.258473 , -0.289946 , -2.11211 , 0.258462 , -0.29052
25.9828 , -2.10869 , 0.258351 , -0.28924 , -2.10808 , 0.259187 , -0.289172
26.032 , -2.10528 , 0.261726 , -0.286164 , -2.10696 , 0.261259 , -0.287439
26.0686 , -2.10242 , 0.264299 , -0.284121 , -2.10349 , 0.265961 , -0.285245
26.1142 , -2.10108 , 0.26763 , -0.283258 , -2.10147 , 0.268704 , -0.283803
26.1521 , -2.10031 , 0.269712 , -0.283046 , -2.10206 , 0.269954 , -0.285251
26.2001 , -2.09974 , 0.26995 , -0.283456 , -2.09991 , 0.270112 , -0.282751
26.2515 , -2.09962 , 0.270068 , -0.283452 , -2.09972 , 0.270155 , -0.282779
26.2957 , -2.09938 , 0.270296 , -0.282358 , -2.10133 , 0.271074 , -0.283095
26.3315 , -2.09973 , 0.272021 , -0.281371 , -2.10074 , 0.271863 , -0.282344
26.3692 , -2.09927 , 0.273333 , -0.279626 , -2.10052 , 0.272991 , -0.281704
26.4218 , -2.09868 , 0.274049 , -0.280345 , -2.09815 , 0.273651 , -0.280964
26.4655 , -2.09745 , 0.2735 , -0.281484 , -2.09817 , 0.273276 , -0.28132
26.5018 , -2.09724 , 0.273192 , -0.281398 , -2.09805 , 0.274024 , -0.281415
26.5485 , -2.09775 , 0.274982 , -0.280711 , -2.09827 , 0.275182 , -0.280335
26.5874 , -2.09788 , 0.276722 , -0.279487 , -2.09864 , 0.278414 , -0.27851
26.632 , -2.09777 , 0.278758 , -0.278184 , -2.09931 , 0.280032 , -0.277618
26.6698 , -2.09836 , 0.280447 , -0.277797 , -2.10052 , 0.280528 , -0.278222
26.7186 , -2.09971 , 0.281147 , -0.278748 , -2.1017 , 0.283539 , -0.278283
26.7589 , -2.10199 , 0.283027 , -0.278921 , -2.10404 , 0.285778 , -0.278424
26.8034 , -2.10272 , 0.283961 , -0.277506 , -2.1056 , 0.287254 , -0.278282
26.8448 , -2.10626 , 0.288171 , -0.277195 , -2.10733 , 0.288298 , -0.277646
26.8899 , -2.10844 , 0.290065 , -0.276699 , -2.10788 , 0.290332 , -0.275469
26.9343 , -2.10687 , 0.303335 , -0.276645 , -2.11151 , 0.303157 , -0.275584
26.9801 , -2.11067 , 0.308424 , -0.274309 , -2.11112 , 0.304897 , -0.270819
27.0249 , -2.11271 , 0.311835 , -0.271459 , -2.11499 , 0.312946 , -0.270165
27.0728 , -2.11675 , 0.316537 , -0.27001 , -2.1182 , 0.316784 , -0.268773
27.1298 , -2.12013 , 0.320314 , -0.268353 , -2.12309 , 0.321485 , -0.26915
27.1743 , -2.12451 , 0.324435 , -0.265506 , -2.12677 , 0.326673 , -0.267354
27.2284 , -2.12802 , 0.326041 , -0.264704 , -2.13065 , 0.331878 , -0.266022
27.2739 , -2.13186 , 0.332373 , -0.26481 , -2.13405 , 0.33112 , -0.263559
27.32 , -2.13654 , 0.335107 , -0.26323 , -2.13927 , 0.337992 , -0.262639
27.3591 , -2.14071 , 0.336987 , -0.259324 , -2.14384 , 0.341681 , -0.26048
27.4035 , -2.1451 , 0.343085 , -0.254742 , -2.14891 , 0.345036 , -0.257679
27.4391 , -2.14993 , 0.341227 , -0.252389 , -2.15381 , 0.34664 , -0.255444
27.4809 , -2.15655 , 0.338691 , -0.254019 , -2.15957 , 0.343824 , -0.255487
27.5208 , -2.16301 , 0.339784 , -0.253531 , -2.16755 , 0.344667 , -0.255284
27.5586 , -2.1706 , 0.339669 , -0.252248 , -2.17116 , 0.347516 , -0.248444
27.5997 , -2.17087 , 0.349558 , -0.236079 , -2.17677 , 0.351148 , -0.241889
27.6405 , -2.18094 , 0.346157 , -0.24091 , -2.1772 , 0.338811 , -0.229618
27.6778 , -2.17846 , 0.347779 , -0.221568 , -2.20297 , 0.305248 , -0.274722
27.7257 , -2.2041 , 0.312772 , -0.259975 , -2.21088 , 0.30094 , -0.272841
27.7622 , -2.20355 , 0.3176 , -0.244248 , -2.22633 , 0.281909 , -0.292994
27.8133 , -2.21364 , 0.30259 , -0.247919 , -2.23764 , 0.275427 , -0.295812
27.8625 , -2.22994 , 0.289643 , -0.263772 , -2.2394 , 0.272411 , -0.279656
27.9135 , -2.24038 , 0.278948 , -0.26626 , -2.2449 , 0.272246 , -0.270445
27.9679 , -2.24902 , 0.271294 , -0.265081 , -2.25334 , 0.262578 , -0.272025
28.017 , -2.25904 , 0.260694 , -0.270272 , -2.25927 , 0.261005 , -0.267893
28.0609 , -2.26721 , 0.250914 , -0.278411 , -2.26812 , 0.249753 , -0.277165
28.1114 , -2.25708 , 0.270447 , -0.240351 , -2.25943 , 0.265779 , -0.247108
28.1577 , -2.25831 , 0.272083 , -0.235256 , -2.25964 , 0.266269 , -0.239539
28.1996 , -2.26067 , 0.264351 , -0.234778 , -2.26133 , 0.258346 , -0.239642
28.2429 , -2.26289 , 0.252384 , -0.239539 , -2.26137 , 0.248263 , -0.241828
28.2835 , -2.26369 , 0.240221 , -0.246288 , -2.26146 , 0.235317 , -0.247983
28.333 , -2.26367 , 0.225408 , -0.253182 , -2.26107 , 0.222875 , -0.254791
28.375 , -2.26344 , 0.208221 , -0.262388 , -2.25896 , 0.208858 , -0.258128
28.4171 , -2.26062 , 0.1921 , -0.266222 , -2.2646 , 0.179939 , -0.280737
28.4657 , -2.26345 , 0.162971 , -0.280738 , -2.25901 , 0.165717 , -0.27414
28.5171 , -2.25927 , 0.154688 , -0.273054 , -2.25742 , 0.147329 , -0.279675
28.5688 , -2.25616 , 0.126821 , -0.282873 , -2.25443 , 0.122004 , -0.288277
28.6099 , -2.25257 , 0.104068 , -0.292231 , -2.2519 , 0.0859235 , -0.306299
28.6496 , -2.2475 , 0.0712665 , -0.306248 , -2.25069 , 0.0539045 , -0.325948
28.6977 , -2.24274 , 0.0209065 , -0.344627 , -2.24222 , 0.0240624 , -0.337806
28.741 , -2.23754 , 0.0219428 , -0.315657 , -2.23448 , 0.0115042 , -0.325529
28.7873 , -2.23084 , -0.00678954 , -0.323573 , -2.22657 , -0.0180206 , -0.331137
28.8337 , -2.22102 , -0.0431907 , -0.338643 , -2.22196 , -0.060326 , -0.351786
28.8824 , -2.2103 , -0.0787095 , -0.346984 , -2.21041 , -0.0849462 , -0.354735
28.9214 , -2.20006 , -0.104068 , -0.353315 , -2.19717 , -0.107737 , -0.350994
28.9671 , -2.18914 , -0.130641 , -0.352271 , -2.18515 , -0.139843 , -0.358841
29.0065 , -2.17579 , -0.164444 , -0.364687 , -2.17013 , -0.175972 , -0.37145
29.0461 , -2.15842 , -0.202688 , -0.377818 , -2.15405 , -0.212344 , -0.384089
29.0867 , -2.14126 , -0.240013 , -0.392009 , -2.13632 , -0.248823 , -0.394304
29.1321 , -2.12526 , -0.268418 , -0.396392 , -2.1224 , -0.271917 , -0.391662
29.168 , -2.11671 , -0.286781 , -0.391862 , -2.11407 , -0.288817 , -0.388551
29.2091 , -2.11228 , -0.297833 , -0.383769 , -2.10747 , -0.301979 , -0.38648
29.249 , -2.10195 , -0.309629 , -0.383746 , -2.09804 , -0.315632 , -0.39361
29.2945 , -2.09203 , -0.323914 , -0.390842 , -2.08894 , -0.329593 , -0.404604
29.3385 , -2.08165 , -0.339267 , -0.405047 , -2.07958 , -0.342986 , -0.416427
29.3889 , -2.07322 , -0.350049 , -0.418058 , -2.07331 , -0.349846 , -0.424924
29.4399 , -2.07351 , -0.348441 , -0.413936 , -2.07558 , -0.346816 , -0.416938
29.4873 , -2.07818 , -0.338627 , -0.404825 , -2.07702 , -0.337765 , -0.407663
29.5239 , -2.07581 , -0.334822 , -0.406124 , -2.07447 , -0.331979 , -0.406994
29.5717 , -2.07114 , -0.328772 , -0.406623 , -2.07183 , -0.323383 , -0.410313
29.6086 , -2.06919 , -0.320363 , -0.405917 , -2.06977 , -0.317605 , -0.408069
29.6561 , -2.06782 , -0.307895 , -0.402972 , -2.0685 , -0.305562 , -0.398452
29.7042 , -2.06763 , -0.296669 , -0.397125 , -2.06764 , -0.292715 , -0.398675
29.7424 , -2.06578 , -0.284193 , -0.394452 , -2.06731 , -0.280562 , -0.394583
29.789 , -2.06605 , -0.273333 , -0.394171 , -2.06743 , -0.265001 , -0.39072
29.8326 , -2.06751 , -0.255241 , -0.389887 , -2.06824 , -0.243222 , -0.379756
29.8712 , -2.06964 , -0.236103 , -0.378329 , -2.06861 , -0.229941 , -0.379055
29.9091 , -2.06949 , -0.218711 , -0.37843 , -2.06673 , -0.213694 , -0.382758
29.9574 , -2.06925 , -0.200226 , -0.376733 , -2.06955 , -0.192978 , -0.378962
30.0002 , -2.06959 , -0.183913 , -0.375132 , -2.07192 , -0.170596 , -0.372385
30.038 , -2.07194 , -0.157507 , -0.366338 , -2.07325 , -0.147552 , -0.36652
30.08 , -2.07298 , -0.136451 , -0.363883 , -2.07494 , -0.122755 , -0.361658
30.1194 , -2.07495 , -0.110761 , -0.359356 , -2.07508 , -0.100953 , -0.356052
30.1614 , -2.07577 , -0.0888186 , -0.356612 , -2.07579 , -0.0756909 , -0.34898
30.2068 , -2.07649 , -0.0646102 , -0.348379 , -2.07667 , -0.0544765 , -0.345159
30.2453 , -2.07635 , -0.0443325 , -0.342668 , -2.0771 , -0.0305294 , -0.338639
30.2923 , -2.07626 , -0.0192387 , -0.336005 , -2.07717 , -0.00918739 , -0.336218
30.33 , -2.07707 , 0.0068881 , -0.330249 , -2.08144 , -0.00826239 , -0.384582
30.3745 , -2.07763 , 0.030971 , -0.323703 , -2.07983 , 0.02847 , -0.345822
30.4127 , -2.07688 , 0.0497492 , -0.320603 , -2.07907 , 0.0545029 , -0.328487
30.4589 , -2.07879 , 0.0714883 , -0.314045 , -2.07957 , 0.082435 , -0.312795
30.4974 , -2.07979 , 0.0950136 , -0.303614 , -2.1035 , 0.107043 , -0.350614
30.5424 , -2.08994 , 0.0884147 , -0.342812 , -2.0803 , 0.129353 , -0.283558
30.5804 , -2.08232 , 0.129045 , -0.288761 , -2.08803 , 0.138396 , -0.293265
30.6273 , -2.09366 , 0.126051 , -0.326513 , -2.08722 , 0.155329 , -0.28098
30.6661 , -2.08893 , 0.151779 , -0.297718 , -2.09356 , 0.159169 , -0.296267
30.7133 , -2.09956 , 0.148067 , -0.319619 , -2.10066 , 0.153694 , -0.314377
30.7677 , -2.10289 , 0.151777 , -0.320526 , -2.10592 , 0.138874 , -0.314329
30.8171 , -2.1071 , 0.141343 , -0.315852 , -2.10868 , 0.144741 , -0.314851
30.8662 , -2.10826 , 0.147571 , -0.312035 , -2.11179 , 0.154118 , -0.311024
30.9204 , -2.11102 , 0.156088 , -0.308163 , -2.11374 , 0.159954 , -0.308428
30.9679 , -2.11299 , 0.162611 , -0.305022 , -2.11535 , 0.166548 , -0.305592
31.019 , -2.11586 , 0.169488 , -0.303287 , -2.11672 , 0.170758 , -0.303954
31.066 , -2.11732 , 0.174881 , -0.300629 , -2.11936 , 0.176886 , -0.301527
31.1163 , -2.1196 , 0.179002 , -0.300466 , -2.12086 , 0.18181 , -0.299893
31.1693 , -2.12112 , 0.183638 , -0.298567 , -2.12217 , 0.185904 , -0.298581
31.2188 , -2.12187 , 0.187571 , -0.298349 , -2.12365 , 0.187726 , -0.298133
31.2645 , -2.12236 , 0.189175 , -0.298088 , -2.1237 , 0.190835 , -0.298766
31.308 , -2.12334 , 0.192884 , -0.298273 , -2.12458 , 0.195015 , -0.295252
31.3556 , -2.12456 , 0.196486 , -0.295142 , -2.12348 , 0.197871 , -0.293212
31.4019 , -2.12367 , 0.199142 , -0.29314 , -2.12344 , 0.199411 , -0.293334
31.4525 , -2.12305 , 0.202685 , -0.290828 , -2.12299 , 0.203342 , -0.292172
31.5053 , -2.12212 , 0.204655 , -0.290861 , -2.12368 , 0.206547 , -0.290137
31.5549 , -2.12175 , 0.207351 , -0.288281 , -2.1237 , 0.207589 , -0.28974
31.6011 , -2.12104 , 0.209782 , -0.286269 , -2.12091 , 0.209512 , -0.286843
31.6379 , -2.11921 , 0.212974 , -0.28411 , -2.12135 , 0.213873 , -0.285308
31.6837 , -2.1185 , 0.216915 , -0.282324 , -2.11951 , 0.219872 , -0.279172
31.721 , -2.11681 , 0.221613 , -0.278595 , -2.1179 , 0.223038 , -0.27889
31.768 , -2.11732 , 0.224665 , -0.278759 , -2.11804 , 0.225044 , -0.279493
31.8072 , -2.11672 , 0.226986 , -0.278806 , -2.11709 , 0.227914 , -0.279395
31.8509 , -2.11594 , 0.22925 , -0.279231 , -2.11694 , 0.230489 , -0.279498
31.8879 , -2.11652 , 0.23154 , -0.278927 , -2.11846 , 0.233114 , -0.27945
31.9409 , -2.11582 , 0.233746 , -0.27784 , -2.1182 , 0.235227 , -0.278441
31.9908 , -2.11527 , 0.236002 , -0.27722 , -2.11722 , 0.237248 , -0.277433
32.0368 , -2.11554 , 0.237727 , -0.276161 , -2.11725 , 0.239175 , -0.275641
32.0738 , -2.11595 , 0.240287 , -0.274556 , -2.11634 , 0.239213 , -0.274351
32.1177 , -2.11582 , 0.241629 , -0.274972 , -2.11758 , 0.241365 , -0.274892
32.1579 , -2.11626 , 0.243086 , -0.275087 , -2.11751 , 0.243853 , -0.274689
32.2017 , -2.11596 , 0.244826 , -0.27409 , -2.11701 , 0.245972 , -0.273858
32.2417 , -2.11563 , 0.246538 , -0.273315 , -2.11745 , 0.247295 , -0.273483
32.2857 , -2.11601 , 0.247896 , -0.273499 , -2.11691 , 0.248651 , -0.273342
32.3218 , -2.11616 , 0.25064 , -0.273299 , -2.1174 , 0.251458 , -0.2734
32.362 , -2.11535 , 0.252584 , -0.272383 , -2.11762 , 0.252447 , -0.273156
32.4054 , -2.11459 , 0.253965 , -0.272858 , -2.11795 , 0.253937 , -0.274658
32.4421 , -2.11502 , 0.255429 , -0.273418 , -2.11648 , 0.256468 , -0.271628
32.4885 , -2.11264 , 0.279747 , -0.271375 , -2.11467 , 0.272639 , -0.272006
32.5267 , -2.11127 , 0.280668 , -0.27013 , -2.11264 , 0.277916 , -0.270064
32.5787 , -2.11063 , 0.281975 , -0.268982 , -2.11158 , 0.281988 , -0.269066
32.6219 , -2.11269 , 0.269658 , -0.265662 , -2.11422 , 0.273653 , -0.267917
32.6632 , -2.11306 , 0.269851 , -0.267116 , -2.11407 , 0.271755 , -0.267314
32.7064 , -2.11313 , 0.268412 , -0.268972 , -2.11573 , 0.269653 , -0.268906
32.7429 , -2.11352 , 0.267431 , -0.269799 , -2.11435 , 0.268972 , -0.26916
32.7946 , -2.11251 , 0.266371 , -0.269038 , -2.11253 , 0.267905 , -0.268786
32.8391 , -2.11185 , 0.266105 , -0.268819 , -2.1096 , 0.284757 , -0.268352
32.8786 , -2.1078 , 0.281662 , -0.26896 , -2.10839 , 0.2833 , -0.268133
32.9278 , -2.10622 , 0.281099 , -0.269105 , -2.10791 , 0.281234 , -0.2693
32.9783 , -2.10509 , 0.281292 , -0.268319 , -2.10737 , 0.281828 , -0.269167
33.0285 , -2.10385 , 0.281969 , -0.268607 , -2.10454 , 0.282073 , -0.26779
33.0786 , -2.10241 , 0.280671 , -0.268998 , -2.10239 , 0.281688 , -0.268378
33.1238 , -2.10097 , 0.279926 , -0.269307 , -2.10142 , 0.280093 , -0.269125
33.1605 , -2.09976 , 0.279128 , -0.269248 , -2.10018 , 0.279339 , -0.268942
33.1981 , -2.09856 , 0.279121 , -0.268829 , -2.10244 , 0.264465 , -0.266729
33.2445 , -2.10136 , 0.266078 , -0.266637 , -2.1027 , 0.265763 , -0.267624
33.2823 , -2.10069 , 0.267258 , -0.269073 , -2.10221 , 0.267307 , -0.268873
33.3277 , -2.09875 , 0.266823 , -0.269349 , -2.10124 , 0.266051 , -0.269433
33.3647 , -2.09768 , 0.265701 , -0.269144 , -2.09821 , 0.265643 , -0.268698
33.4117 , -2.09681 , 0.26502 , -0.269246 , -2.09733 , 0.265218 , -0.269012
33.4491 , -2.09598 , 0.265055 , -0.269128 , -2.09665 , 0.265054 , -0.269218
33.4966 , -2.09533 , 0.265132 , -0.269136 , -2.09554 , 0.265805 , -0.26917
33.5338 , -2.09411 , 0.264953 , -0.268406 , -2.09555 , 0.265294 , -0.268695
33.5786 , -2.09331 , 0.265793 , -0.268039 , -2.09484 , 0.265688 , -0.268319
33.6157 , -2.09338 , 0.265323 , -0.267508 , -2.09388 , 0.265389 , -0.267688
33.6631 , -2.09238 , 0.265328 , -0.267297 , -2.08978 , 0.285365 , -0.265713
33.7003 , -2.08823 , 0.283151 , -0.266609 , -2.08955 , 0.283235 , -0.26558
33.75 , -2.08693 , 0.282638 , -0.266995 , -2.08788 , 0.283135 , -0.266682
33.8007 , -2.08607 , 0.282705 , -0.267588 , -2.08688 , 0.28256 , -0.267252
33.8453 , -2.08512 , 0.282582 , -0.268013 , -2.08609 , 0.283216 , -0.267865
33.8822 , -2.08457 , 0.282652 , -0.268151 , -2.08647 , 0.283222 , -0.268613
33.922 , -2.0842 , 0.282997 , -0.268042 , -2.08543 , 0.28364 , -0.268409
33.9653 , -2.08365 , 0.283291 , -0.267921 , -2.08517 , 0.283525 , -0.268323
34.0015 , -2.08298 , 0.283669 , -0.267982 , -2.08754 , 0.267017 , -0.268652
34.0486 , -2.08607 , 0.269209 , -0.267957 , -2.0846 , 0.285221 , -0.269932
34.0858 , -2.08258 , 0.283651 , -0.269777 , -2.08421 , 0.283782 , -0.269577
34.1336 , -2.08211 , 0.283593 , -0.269668 , -2.0834 , 0.284412 , -0.269877
34.1705 , -2.08153 , 0.283807 , -0.269552 , -2.08272 , 0.284363 , -0.269861
34.2177 , -2.08358 , 0.269478 , -0.268312 , -2.08374 , 0.274195 , -0.268596
34.2549 , -2.08457 , 0.269624 , -0.268177 , -2.08218 , 0.287363 , -0.269963
34.3044 , -2.08167 , 0.283693 , -0.269843 , -2.08252 , 0.284419 , -0.26952
34.3531 , -2.08176 , 0.283773 , -0.269656 , -2.08554 , 0.268347 , -0.269526
34.3999 , -2.0853 , 0.270296 , -0.269172 , -2.08637 , 0.270422 , -0.270294
34.4361 , -2.08473 , 0.270207 , -0.269174 , -2.08619 , 0.270745 , -0.269825
34.4759 , -2.08474 , 0.270315 , -0.269332 , -2.08541 , 0.270265 , -0.269522
34.5182 , -2.08427 , 0.270169 , -0.269342 , -2.08595 , 0.270622 , -0.269724
34.5593 , -2.08373 , 0.269805 , -0.269853 , -2.08594 , 0.27044 , -0.26985
34.6019 , -2.08353 , 0.269764 , -0.270094 , -2.08423 , 0.270417 , -0.270905
34.6435 , -2.08256 , 0.269983 , -0.27095 , -2.08418 , 0.270496 , -0.271052
34.6843 , -2.08184 , 0.269691 , -0.271199 , -2.08395 , 0.270517 , -0.271317
34.7215 , -2.08117 , 0.269646 , -0.271394 , -2.08304 , 0.270747 , -0.271771
34.7573 , -2.08042 , 0.269442 , -0.27182 , -2.08191 , 0.270102 , -0.271929
34.8101 , -2.07949 , 0.269383 , -0.272122 , -2.081 , 0.269991 , -0.272222
34.8586 , -2.0788 , 0.269353 , -0.271583 , -2.08045 , 0.269882 , -0.272009
34.9093 , -2.07859 , 0.269593 , -0.271684 , -2.08104 , 0.270205 , -0.272173
34.9634 , -2.07817 , 0.269382 , -0.272168 , -2.0798 , 0.269875 , -0.272294
35.0133 , -2.07824 , 0.26929 , -0.27214 , -2.08031 , 0.270234 , -0.272495
35.0579 , -2.07853 , 0.268837 , -0.272155 , -2.07993 , 0.269567 , -0.272417
35.1131 , -2.0785 , 0.268968 , -0.272352 , -2.07656 , 0.28444 , -0.274485
35.174 , -2.07498 , 0.282448 , -0.274356 , -2.07638 , 0.282959 , -0.274136
35.2207 , -2.07521 , 0.283357 , -0.273658 , -2.0761 , 0.28332 , -0.273876
35.2638 , -2.07518 , 0.283724 , -0.27362 , -2.07609 , 0.284346 , -0.272972
35.3043 , -2.07517 , 0.284121 , -0.272801 , -2.07588 , 0.284903 , -0.272729
35.3465 , -2.07481 , 0.284406 , -0.27226 , -2.07876 , 0.26896 , -0.2725
35.3922 , -2.07744 , 0.270743 , -0.272035 , -2.08033 , 0.270894 , -0.273269
35.43 , -2.07823 , 0.27101 , -0.271901 , -2.07988 , 0.271442 , -0.272638
35.4746 , -2.07833 , 0.270997 , -0.272091 , -2.08042 , 0.271793 , -0.272815
35.5124 , -2.07833 , 0.271161 , -0.272223 , -2.08049 , 0.271812 , -0.272943
35.5658 , -2.07854 , 0.27167 , -0.272329 , -2.0798 , 0.272457 , -0.272661
35.611 , -2.0786 , 0.271837 , -0.272233 , -2.08009 , 0.273399 , -0.27285
35.6525 , -2.07851 , 0.27184 , -0.272231 , -2.07925 , 0.272095 , -0.272259
35.6993 , -2.07812 , 0.271263 , -0.271828 , -2.07891 , 0.271764 , -0.27216
35.7463 , -2.07803 , 0.271275 , -0.271888 , -2.07926 , 0.272048 , -0.272374
35.7967 , -2.07807 , 0.271452 , -0.272035 , -2.07896 , 0.272039 , -0.272352
35.8519 , -2.07804 , 0.271489 , -0.27204 , -2.07886 , 0.272464 , -0.272755
35.8944 , -2.07795 , 0.271795 , -0.272108 , -2.07831 , 0.272603 , -0.272316
35.9378 , -2.07724 , 0.271656 , -0.272188 , -2.07814 , 0.272222 , -0.272372
35.9784 , -2.07713 , 0.271816 , -0.272192 , -2.07824 , 0.272367 , -0.272487
36.0148 , -2.07673 , 0.271923 , -0.272367 , -2.07781 , 0.272409 , -0.2726
36.0624 , -2.07673 , 0.271923 , -0.272367 , -2.07802 , 0.27183 , -0.272573
36.0994 , -2.07668 , 0.272165 , -0.272352 , -2.07832 , 0.272129 , -0.272615
36.1478 , -2.07668 , 0.272165 , -0.272352 , -2.07822 , 0.271319 , -0.273226
