832

0.024248 , -1.85569 , 0.315148 , 0.203062 , -1.85278 , 0.313472 , 0.203493
0.064605 , -1.85556 , 0.314746 , 0.202678 , -1.85098 , 0.314904 , 0.20278
0.110522 , -1.85559 , 0.314558 , 0.202632 , -1.85409 , 0.315817 , 0.20234
0.1502 , -1.85568 , 0.314441 , 0.202674 , -1.85541 , 0.315807 , 0.202264
0.19522 , -1.85576 , 0.314054 , 0.202628 , -1.85581 , 0.315696 , 0.202166
0.234407 , -1.85592 , 0.313837 , 0.202582 , -1.85582 , 0.315182 , 0.202205
0.277776 , -1.85602 , 0.31361 , 0.202416 , -1.85565 , 0.314231 , 0.202301
0.315207 , -1.85619 , 0.313505 , 0.202163 , -1.85522 , 0.313704 , 0.202432
0.36137 , -1.85632 , 0.313431 , 0.202152 , -1.85479 , 0.313243 , 0.202559
0.400228 , -1.8567 , 0.313103 , 0.20207 , -1.85574 , 0.313104 , 0.202249
0.442086 , -1.85693 , 0.312952 , 0.201999 , -1.85564 , 0.313551 , 0.202124
0.482972 , -1.85729 , 0.312814 , 0.201979 , -1.85547 , 0.314486 , 0.20185
0.530529 , -1.8579 , 0.312657 , 0.202072 , -1.85677 , 0.314132 , 0.201748
0.569604 , -1.85806 , 0.31246 , 0.202099 , -1.85745 , 0.31363 , 0.201801
0.613877 , -1.85843 , 0.312358 , 0.20202 , -1.85731 , 0.314044 , 0.201658
0.653675 , -1.85902 , 0.312001 , 0.202123 , -1.85892 , 0.31271 , 0.201841
0.698131 , -1.85969 , 0.311703 , 0.202119 , -1.85962 , 0.311908 , 0.202069
0.736718 , -1.86001 , 0.311458 , 0.202211 , -1.85956 , 0.310941 , 0.202139
0.781958 , -1.86018 , 0.311203 , 0.20223 , -1.85954 , 0.310351 , 0.202392
0.81986 , -1.86031 , 0.310912 , 0.202205 , -1.85944 , 0.309367 , 0.202456
0.871326 , -1.86082 , 0.310229 , 0.202333 , -1.85908 , 0.308869 , 0.202739
0.919417 , -1.86094 , 0.309857 , 0.202473 , -1.86014 , 0.309633 , 0.202276
0.964058 , -1.86102 , 0.309614 , 0.202329 , -1.86035 , 0.310307 , 0.200988
1.00168 , -1.86091 , 0.309801 , 0.20118 , -1.86035 , 0.310677 , 0.200878
1.04352 , -1.86103 , 0.309637 , 0.201149 , -1.86057 , 0.310413 , 0.20093
1.08601 , -1.86139 , 0.309181 , 0.201409 , -1.86086 , 0.309967 , 0.201131
1.13345 , -1.86143 , 0.309012 , 0.201561 , -1.86086 , 0.309893 , 0.201208
1.17172 , -1.86143 , 0.309012 , 0.201561 , -1.86079 , 0.309918 , 0.20122
1.21584 , -1.86177 , 0.30914 , 0.201106 , -1.86114 , 0.309944 , 0.201036
1.25276 , -1.86202 , 0.309037 , 0.201116 , -1.86085 , 0.310175 , 0.200939
1.28974 , -1.86234 , 0.308669 , 0.201289 , -1.86115 , 0.310041 , 0.200936
1.33679 , -1.86234 , 0.308669 , 0.201289 , -1.86091 , 0.307998 , 0.202846
1.37535 , -1.86317 , 0.308341 , 0.20197 , -1.8628 , 0.308075 , 0.202672
1.41891 , -1.86382 , 0.308198 , 0.20233 , -1.86289 , 0.308433 , 0.202514
1.45828 , -1.86429 , 0.308163 , 0.202474 , -1.86296 , 0.308844 , 0.202346
1.5038 , -1.86489 , 0.308465 , 0.202452 , -1.86294 , 0.309252 , 0.202213
1.54201 , -1.86552 , 0.308602 , 0.202506 , -1.8655 , 0.310251 , 0.202288
1.58875 , -1.86645 , 0.309017 , 0.20277 , -1.86695 , 0.310928 , 0.202486
1.62677 , -1.86731 , 0.309454 , 0.203215 , -1.86764 , 0.311028 , 0.203086
1.6717 , -1.86786 , 0.309991 , 0.203712 , -1.86798 , 0.311493 , 0.203188
1.71017 , -1.86822 , 0.310344 , 0.203693 , -1.86872 , 0.311598 , 0.203017
1.75591 , -1.86922 , 0.310855 , 0.202595 , -1.86973 , 0.311906 , 0.202304
1.79524 , -1.87039 , 0.311312 , 0.202144 , -1.86959 , 0.310828 , 0.202755
1.83559 , -1.87149 , 0.311369 , 0.20288 , -1.87096 , 0.311168 , 0.203554
1.87726 , -1.87224 , 0.311281 , 0.203825 , -1.87129 , 0.310734 , 0.204158
1.92193 , -1.87299 , 0.311372 , 0.204312 , -1.8725 , 0.311116 , 0.204425
1.96234 , -1.87383 , 0.311364 , 0.204495 , -1.87326 , 0.310506 , 0.204262
2.00566 , -1.87507 , 0.311423 , 0.204012 , -1.87359 , 0.311192 , 0.20405
2.04486 , -1.87693 , 0.311916 , 0.202034 , -1.87541 , 0.31044 , 0.202594
2.09018 , -1.87849 , 0.311558 , 0.20255 , -1.87807 , 0.311096 , 0.203403
2.12875 , -1.88034 , 0.311033 , 0.204149 , -1.88084 , 0.311389 , 0.203968
2.17537 , -1.88273 , 0.310205 , 0.205687 , -1.88195 , 0.310923 , 0.20499
2.21321 , -1.88483 , 0.309288 , 0.205604 , -1.88361 , 0.310158 , 0.205289
2.25771 , -1.88761 , 0.308505 , 0.20492 , -1.88792 , 0.309207 , 0.203602
2.29518 , -1.89098 , 0.307874 , 0.202139 , -1.8923 , 0.30821 , 0.201209
2.34178 , -1.89524 , 0.306693 , 0.200085 , -1.89615 , 0.306817 , 0.201192
2.37895 , -1.89858 , 0.305246 , 0.202757 , -1.8992 , 0.304929 , 0.205007
2.42801 , -1.9014 , 0.303685 , 0.207283 , -1.90177 , 0.303934 , 0.206932
2.47611 , -1.90448 , 0.30211 , 0.207949 , -1.90579 , 0.301847 , 0.206495
2.5142 , -1.90857 , 0.299691 , 0.204458 , -1.91066 , 0.298634 , 0.199782
2.56037 , -1.91175 , 0.296295 , 0.19938 , -1.91284 , 0.295248 , 0.197103
2.60227 , -1.91301 , 0.292661 , 0.197149 , -1.91278 , 0.289191 , 0.196479
2.64719 , -1.91159 , 0.2852 , 0.196724 , -1.91025 , 0.283089 , 0.196813
2.6938 , -1.90771 , 0.277436 , 0.196977 , -1.90496 , 0.276851 , 0.195423
2.73042 , -1.90118 , 0.270117 , 0.19413 , -1.89946 , 0.267962 , 0.185995
2.77729 , -1.8926 , 0.260806 , 0.188428 , -1.88776 , 0.258885 , 0.181028
2.81355 , -1.8818 , 0.246735 , 0.180179 , -1.87666 , 0.239945 , 0.174417
2.84964 , -1.86177 , 0.221054 , 0.172231 , -1.85553 , 0.220271 , 0.171067
2.89595 , -1.8437 , 0.204559 , 0.173198 , -1.83544 , 0.199852 , 0.170318
2.93517 , -1.8226 , 0.184718 , 0.171628 , -1.8121 , 0.179319 , 0.168211
2.97983 , -1.79779 , 0.163736 , 0.165365 , -1.78742 , 0.158935 , 0.150834
3.01973 , -1.77031 , 0.141386 , 0.132428 , -1.76045 , 0.134989 , 0.112981
3.06482 , -1.73817 , 0.121852 , 0.097036 , -1.7223 , 0.119714 , 0.102783
3.10875 , -1.69934 , 0.107756 , 0.104554 , -1.68185 , 0.10327 , 0.0979331
3.15378 , -1.65412 , 0.0905521 , 0.0791903 , -1.63556 , 0.0866877 , 0.0711949
3.20454 , -1.60249 , 0.0768235 , 0.0535782 , -1.58137 , 0.0746527 , 0.0316954
3.25168 , -1.54382 , 0.0632579 , 0.0192573 , -1.52087 , 0.0621691 , 0.00650205
3.30669 , -1.47984 , 0.0517741 , -0.00458559 , -1.45364 , 0.0544737 , -0.0160183
3.35506 , -1.40737 , 0.0443212 , -0.0263551 , -1.3781 , 0.049124 , -0.035243
3.40333 , -1.32732 , 0.0391928 , -0.0434075 , -1.29476 , 0.0434048 , -0.0510144
3.45072 , -1.24073 , 0.0348969 , -0.057874 , -1.20698 , 0.0398204 , -0.0656337
3.49261 , -1.14939 , 0.0330952 , -0.0699378 , -1.11525 , 0.0430822 , -0.0792571
3.5332 , -1.05279 , 0.0386896 , -0.0807532 , -1.01802 , 0.0510801 , -0.0886109
3.57119 , -0.953354 , 0.0541216 , -0.0844719 , -0.917815 , 0.0642782 , -0.0986336
3.61781 , -0.850691 , 0.0739425 , -0.0993763 , -0.814817 , 0.0866564 , -0.101843
3.65519 , -0.745903 , 0.0980857 , -0.0977574 , -0.712638 , 0.112941 , -0.100631
3.70305 , -0.64344 , 0.125066 , -0.0917816 , -0.615387 , 0.140823 , -0.0926265
3.74973 , -0.54677 , 0.149513 , -0.0804127 , -0.519024 , 0.165199 , -0.082511
3.78923 , -0.454097 , 0.170044 , -0.0719351 , -0.433489 , 0.17935 , -0.0722634
3.83334 , -0.37189 , 0.18163 , -0.0613783 , -0.350469 , 0.20114 , -0.0574739
3.87025 , -0.297526 , 0.206601 , -0.0460803 , -0.279264 , 0.220675 , -0.0536196
3.91111 , -0.233402 , 0.229452 , -0.0417235 , -0.220981 , 0.243212 , -0.048342
3.95178 , -0.188586 , 0.244811 , -0.0395876 , -0.174053 , 0.257295 , -0.0452512
3.99076 , -0.151586 , 0.256008 , -0.0389659 , -0.141293 , 0.268099 , -0.0456912
4.03547 , -0.126057 , 0.265827 , -0.0406474 , -0.121954 , 0.269925 , -0.0461853
4.07324 , -0.10761 , 0.277824 , -0.0448608 , -0.111053 , 0.275698 , -0.0477299
4.12038 , -0.104969 , 0.278132 , -0.0480787 , -0.110525 , 0.276691 , -0.0464645
4.15711 , -0.11019 , 0.275738 , -0.0492284 , -0.118984 , 0.271546 , -0.0500645
4.20016 , -0.124507 , 0.268124 , -0.0542292 , -0.136903 , 0.263052 , -0.0558007
4.24067 , -0.150211 , 0.259074 , -0.0607486 , -0.171317 , 0.246344 , -0.0616932
4.29357 , -0.189021 , 0.242308 , -0.0701047 , -0.218049 , 0.227177 , -0.069327
4.34037 , -0.247677 , 0.21869 , -0.0771051 , -0.277189 , 0.206549 , -0.0783664
4.38979 , -0.319655 , 0.196285 , -0.0834163 , -0.350171 , 0.17451 , -0.0893182
4.43197 , -0.400843 , 0.164739 , -0.0943096 , -0.437725 , 0.14388 , -0.0933643
4.4742 , -0.492733 , 0.138089 , -0.0995552 , -0.534027 , 0.112797 , -0.102434
4.51513 , -0.598312 , 0.100057 , -0.11019 , -0.636334 , 0.0742936 , -0.102549
4.55452 , -0.703931 , 0.035121 , -0.0956551 , -0.742795 , 0.0150227 , -0.0916331
4.59561 , -0.812846 , -0.013487 , -0.0797811 , -0.848863 , -0.0262468 , -0.0734154
4.63883 , -0.91928 , -0.0448079 , -0.0566301 , -0.956307 , -0.0541742 , -0.0484068
4.68067 , -1.02537 , -0.0689605 , -0.0379294 , -1.06331 , -0.0755203 , -0.0305086
4.72196 , -1.13072 , -0.0854423 , -0.0194237 , -1.16745 , -0.0900341 , -0.0109308
4.76309 , -1.23246 , -0.0948774 , 0.00315401 , -1.26681 , -0.0981177 , 0.014332
4.80405 , -1.32969 , -0.102226 , 0.0400852 , -1.3597 , -0.0961633 , 0.0493986
4.84275 , -1.41741 , -0.0879927 , 0.0834102 , -1.44529 , -0.0852079 , 0.092415
4.8852 , -1.49705 , -0.0722577 , 0.11895 , -1.51929 , -0.063503 , 0.120977
4.92582 , -1.56521 , -0.0484376 , 0.138553 , -1.588 , -0.0411736 , 0.14736
4.96447 , -1.62999 , -0.0268407 , 0.167244 , -1.64906 , -0.0156391 , 0.179606
5.0093 , -1.68413 , -0.000991553 , 0.189962 , -1.70014 , 0.0125917 , 0.194182
5.0464 , -1.73292 , 0.0266212 , 0.204748 , -1.74746 , 0.0370062 , 0.207719
5.0931 , -1.77632 , 0.0531573 , 0.213977 , -1.78947 , 0.0634473 , 0.217313
5.132 , -1.81394 , 0.0795663 , 0.224138 , -1.82461 , 0.0919776 , 0.232122
5.18181 , -1.84402 , 0.108294 , 0.240072 , -1.85186 , 0.123655 , 0.24574
5.22859 , -1.86824 , 0.140998 , 0.253975 , -1.87488 , 0.151924 , 0.254509
5.27637 , -1.88975 , 0.168898 , 0.255376 , -1.8968 , 0.176845 , 0.25191
5.32418 , -1.90993 , 0.191059 , 0.249144 , -1.91368 , 0.203259 , 0.246935
5.36887 , -1.92421 , 0.217996 , 0.246499 , -1.9261 , 0.225741 , 0.248535
5.41233 , -1.9333 , 0.240478 , 0.254654 , -1.93379 , 0.248859 , 0.255711
5.45976 , -1.94507 , 0.263573 , 0.264888 , -1.94122 , 0.267513 , 0.260509
5.50132 , -1.95625 , 0.290839 , 0.263886 , -1.94883 , 0.291784 , 0.261022
5.55335 , -1.95631 , 0.303563 , 0.26199 , -1.95489 , 0.304102 , 0.260793
5.60328 , -1.96003 , 0.309894 , 0.256173 , -1.96063 , 0.30949 , 0.25264
5.64611 , -1.96328 , 0.312879 , 0.250088 , -1.95109 , 0.300292 , 0.249456
5.68543 , -1.95486 , 0.301469 , 0.247072 , -1.95186 , 0.303255 , 0.246465
5.72908 , -1.953 , 0.303651 , 0.246763 , -1.94889 , 0.304653 , 0.245207
5.76648 , -1.94919 , 0.30876 , 0.252432 , -1.94821 , 0.306919 , 0.248667
5.81557 , -1.94901 , 0.309052 , 0.249737 , -1.94767 , 0.307523 , 0.249986
5.85679 , -1.94928 , 0.308009 , 0.250293 , -1.94965 , 0.30881 , 0.250565
5.89569 , -1.95358 , 0.308684 , 0.243723 , -1.95403 , 0.310069 , 0.244159
5.9331 , -1.95636 , 0.313246 , 0.240583 , -1.94918 , 0.318831 , 0.246975
5.97011 , -1.95159 , 0.320564 , 0.246261 , -1.9584 , 0.337251 , 0.245606
6.01483 , -1.94948 , 0.340724 , 0.252872 , -1.95433 , 0.340821 , 0.249973
6.05174 , -1.95324 , 0.34678 , 0.251075 , -1.95803 , 0.350428 , 0.247224
6.10109 , -1.96264 , 0.356259 , 0.244964 , -1.96291 , 0.361841 , 0.243381
6.13942 , -1.9682 , 0.36784 , 0.241604 , -1.96962 , 0.376471 , 0.238851
6.18461 , -1.97354 , 0.384235 , 0.2385 , -1.97285 , 0.391826 , 0.24273
6.22351 , -1.975 , 0.400116 , 0.242495 , -1.97315 , 0.406148 , 0.252602
6.26813 , -1.97528 , 0.414327 , 0.250544 , -1.97642 , 0.420423 , 0.252927
6.3067 , -1.97916 , 0.427081 , 0.250076 , -1.97975 , 0.436502 , 0.24868
6.35203 , -1.98272 , 0.439873 , 0.248938 , -1.98351 , 0.441781 , 0.250674
6.38949 , -1.98702 , 0.447162 , 0.249512 , -1.98514 , 0.452953 , 0.253793
6.43523 , -1.98726 , 0.459575 , 0.257139 , -1.98048 , 0.464848 , 0.276528
6.47266 , -1.98255 , 0.47342 , 0.277592 , -1.97786 , 0.478726 , 0.287527
6.51883 , -1.97961 , 0.487804 , 0.288617 , -1.98621 , 0.487711 , 0.263941
6.55665 , -1.98877 , 0.494081 , 0.265521 , -1.99021 , 0.489189 , 0.265849
6.60396 , -1.99431 , 0.496097 , 0.26566 , -1.97858 , 0.506041 , 0.315709
6.64527 , -1.99101 , 0.508817 , 0.278543 , -1.9907 , 0.510982 , 0.288194
6.68768 , -1.99964 , 0.510602 , 0.260623 , -2.00044 , 0.514543 , 0.264145
6.72466 , -2.00376 , 0.518571 , 0.258412 , -1.99729 , 0.52569 , 0.272247
6.77258 , -1.99952 , 0.532535 , 0.270148 , -1.99469 , 0.538725 , 0.27739
6.81203 , -1.99432 , 0.550316 , 0.279177 , -1.98928 , 0.553831 , 0.287003
6.85566 , -1.98982 , 0.561868 , 0.288831 , -1.98264 , 0.566825 , 0.296589
6.89162 , -1.98408 , 0.571775 , 0.296425 , -1.98477 , 0.568583 , 0.299054
6.94081 , -1.9843 , 0.571949 , 0.296846 , -1.98771 , 0.568617 , 0.298421
6.98751 , -1.98785 , 0.569832 , 0.297248 , -1.99081 , 0.569236 , 0.291862
7.02429 , -1.99432 , 0.563673 , 0.291178 , -1.99502 , 0.567291 , 0.288844
7.0637 , -1.99806 , 0.562974 , 0.286907 , -1.99919 , 0.563172 , 0.285129
7.10567 , -2.00181 , 0.558605 , 0.284502 , -2.00373 , 0.557483 , 0.283744
7.14491 , -2.00625 , 0.55305 , 0.284009 , -2.00766 , 0.54921 , 0.281218
7.19168 , -2.01035 , 0.540594 , 0.278987 , -2.0127 , 0.536356 , 0.278504
7.23212 , -2.01692 , 0.526193 , 0.272369 , -2.0214 , 0.514949 , 0.263018
7.2712 , -2.02418 , 0.507637 , 0.261294 , -2.02214 , 0.504489 , 0.258358
7.3109 , -2.02378 , 0.495355 , 0.254245 , -2.02176 , 0.492838 , 0.255989
7.36079 , -2.02168 , 0.486027 , 0.251718 , -2.02111 , 0.483393 , 0.251971
7.41027 , -2.01928 , 0.476598 , 0.248351 , -2.01792 , 0.473059 , 0.246654
7.45429 , -2.01713 , 0.465504 , 0.245507 , -2.01527 , 0.459746 , 0.24169
7.4924 , -2.01661 , 0.450932 , 0.236529 , -2.01652 , 0.445717 , 0.232898
7.52889 , -2.01676 , 0.43891 , 0.231909 , -2.01412 , 0.431951 , 0.231657
7.58085 , -2.01616 , 0.423786 , 0.227853 , -2.01254 , 0.416982 , 0.226307
7.63075 , -2.01466 , 0.409872 , 0.220687 , -2.01248 , 0.403032 , 0.216778
7.67329 , -2.01298 , 0.393876 , 0.215336 , -2.00854 , 0.392644 , 0.219336
7.71109 , -2.00523 , 0.386971 , 0.229255 , -1.99891 , 0.387423 , 0.239668
7.74646 , -1.99408 , 0.383858 , 0.25622 , -2.00858 , 0.366505 , 0.194571
7.79391 , -2.00582 , 0.357987 , 0.198449 , -2.00511 , 0.353491 , 0.191671
7.8356 , -2.00615 , 0.344533 , 0.187327 , -2.00434 , 0.342213 , 0.185611
7.87613 , -2.00371 , 0.336587 , 0.184875 , -2.00398 , 0.335313 , 0.175928
7.91303 , -2.00304 , 0.333364 , 0.178132 , -1.99934 , 0.336254 , 0.186657
7.9499 , -2.00025 , 0.333338 , 0.182785 , -2.00156 , 0.328977 , 0.179077
8.00177 , -2.00252 , 0.327372 , 0.177575 , -2.00388 , 0.322601 , 0.171577
8.05198 , -2.00604 , 0.321729 , 0.170953 , -2.00545 , 0.320689 , 0.172058
8.10104 , -2.00895 , 0.321687 , 0.165762 , -2.00878 , 0.321482 , 0.167967
8.15105 , -2.01225 , 0.323575 , 0.165662 , -2.01328 , 0.323844 , 0.16247
8.20068 , -2.01726 , 0.323837 , 0.159911 , -2.01838 , 0.324977 , 0.159215
8.25267 , -2.02153 , 0.327171 , 0.157173 , -2.02302 , 0.325371 , 0.158306
8.30315 , -2.02519 , 0.329221 , 0.157385 , -2.02712 , 0.328002 , 0.157003
8.35045 , -2.03045 , 0.330279 , 0.154221 , -2.03069 , 0.331904 , 0.155003
8.40761 , -2.03349 , 0.333159 , 0.154925 , -2.03544 , 0.335195 , 0.153012
8.45296 , -2.03744 , 0.337409 , 0.152419 , -2.0394 , 0.337268 , 0.151896
8.50133 , -2.04035 , 0.33961 , 0.148107 , -2.04174 , 0.340758 , 0.150301
8.55635 , -2.04201 , 0.341694 , 0.150014 , -2.04389 , 0.340702 , 0.150063
8.60408 , -2.04248 , 0.349209 , 0.15161 , -2.04232 , 0.347888 , 0.151229
8.6496 , -2.04093 , 0.350993 , 0.151579 , -2.03917 , 0.3518 , 0.152296
8.69621 , -2.03896 , 0.350804 , 0.154196 , -2.03741 , 0.35203 , 0.153131
8.74065 , -2.03584 , 0.351902 , 0.155885 , -2.03397 , 0.351643 , 0.154842
8.78753 , -2.03118 , 0.352851 , 0.155526 , -2.02984 , 0.352646 , 0.155249
8.84081 , -2.02806 , 0.353254 , 0.158152 , -2.02784 , 0.350858 , 0.155056
8.89019 , -2.02417 , 0.353947 , 0.158156 , -2.02121 , 0.359089 , 0.166946
8.94026 , -2.02033 , 0.359382 , 0.166457 , -2.02039 , 0.35964 , 0.165702
8.99012 , -2.0199 , 0.358877 , 0.165388 , -2.01912 , 0.359414 , 0.164824
9.04143 , -2.01896 , 0.359222 , 0.165137 , -2.0198 , 0.359407 , 0.16514
9.09189 , -2.01994 , 0.359551 , 0.164855 , -2.02228 , 0.35523 , 0.160448
9.14718 , -2.02278 , 0.356143 , 0.160785 , -2.02213 , 0.362067 , 0.161159
9.18528 , -2.0216 , 0.363042 , 0.165219 , -2.02363 , 0.360733 , 0.163616
9.22992 , -2.02257 , 0.362553 , 0.165811 , -2.0237 , 0.362525 , 0.165009
9.27805 , -2.02392 , 0.360027 , 0.163444 , -2.02317 , 0.362433 , 0.164309
9.32806 , -2.02724 , 0.35375 , 0.154189 , -2.02557 , 0.357969 , 0.157759
9.38062 , -2.02826 , 0.352538 , 0.154054 , -2.02707 , 0.354529 , 0.155248
9.42368 , -2.02763 , 0.353595 , 0.155909 , -2.02697 , 0.352911 , 0.155281
9.47876 , -2.0267 , 0.355739 , 0.153651 , -2.02606 , 0.352731 , 0.155931
9.52285 , -2.02717 , 0.355792 , 0.155899 , -2.02538 , 0.352845 , 0.156632
9.56041 , -2.02669 , 0.356629 , 0.156689 , -2.02845 , 0.353174 , 0.145246
9.61059 , -2.02685 , 0.357595 , 0.157486 , -2.02601 , 0.358796 , 0.156596
9.65626 , -2.02716 , 0.360565 , 0.161591 , -2.02706 , 0.35973 , 0.16075
9.69877 , -2.02755 , 0.360348 , 0.155241 , -2.02961 , 0.359015 , 0.159326
9.73983 , -2.03199 , 0.356867 , 0.148791 , -2.03275 , 0.356898 , 0.152203
9.78408 , -2.03544 , 0.354755 , 0.148 , -2.03449 , 0.356096 , 0.149171
9.82303 , -2.03737 , 0.356094 , 0.14763 , -2.03745 , 0.355187 , 0.146605
9.86614 , -2.04124 , 0.352876 , 0.143868 , -2.0416 , 0.352528 , 0.145524
9.90754 , -2.04521 , 0.35024 , 0.143418 , -2.04522 , 0.349353 , 0.144223
9.94477 , -2.04842 , 0.346443 , 0.143293 , -2.04866 , 0.344262 , 0.142127
9.99189 , -2.05111 , 0.342228 , 0.145187 , -2.0511 , 0.339874 , 0.145186
10.0326 , -2.05359 , 0.336973 , 0.146618 , -2.05459 , 0.333469 , 0.142623
10.0755 , -2.05694 , 0.33093 , 0.143397 , -2.05728 , 0.328444 , 0.144261
10.1176 , -2.05938 , 0.324349 , 0.141984 , -2.05974 , 0.320837 , 0.142039
10.159 , -2.06134 , 0.316096 , 0.142009 , -2.0597 , 0.316582 , 0.142767
10.202 , -2.06096 , 0.309238 , 0.144094 , -2.06046 , 0.306517 , 0.140215
10.245 , -2.06184 , 0.299079 , 0.142851 , -2.05915 , 0.298066 , 0.142938
10.2836 , -2.05953 , 0.287849 , 0.143902 , -2.05881 , 0.281713 , 0.140506
10.3325 , -2.05935 , 0.266457 , 0.136077 , -2.05623 , 0.259375 , 0.13595
10.3788 , -2.05606 , 0.242085 , 0.128767 , -2.05168 , 0.235011 , 0.126087
10.4377 , -2.0443 , 0.223988 , 0.146756 , -2.04005 , 0.217027 , 0.138691
10.482 , -2.03232 , 0.198382 , 0.136146 , -2.02673 , 0.188701 , 0.123686
10.5323 , -2.01631 , 0.169653 , 0.119431 , -2.0069 , 0.161662 , 0.11514
10.5814 , -1.99461 , 0.142048 , 0.118313 , -1.98296 , 0.131888 , 0.110556
10.6346 , -1.96533 , 0.109247 , 0.112715 , -1.95424 , 0.0969158 , 0.101607
10.6806 , -1.93246 , 0.0713616 , 0.0989215 , -1.9162 , 0.0589476 , 0.0971924
10.7198 , -1.89068 , 0.028221 , 0.0927044 , -1.87055 , 0.0198322 , 0.0962806
10.7638 , -1.84208 , -0.00676109 , 0.106459 , -1.81773 , -0.0181797 , 0.105843
10.807 , -1.78726 , -0.0461967 , 0.113039 , -1.76088 , -0.0621818 , 0.0964818
10.8506 , -1.72479 , -0.0893675 , 0.102187 , -1.7001 , -0.100138 , 0.0951593
10.9026 , -1.66558 , -0.125291 , 0.089691 , -1.63175 , -0.13377 , 0.0842767
10.9489 , -1.59578 , -0.156586 , 0.0854745 , -1.56414 , -0.167274 , 0.080846
10.9861 , -1.5257 , -0.189268 , 0.0793677 , -1.49135 , -0.196422 , 0.0662968
11.0318 , -1.44829 , -0.212435 , 0.0616648 , -1.41395 , -0.213953 , 0.0471589
11.0692 , -1.36519 , -0.22027 , 0.0407175 , -1.33002 , -0.224217 , 0.0256431
11.122 , -1.28105 , -0.226474 , 0.022736 , -1.24199 , -0.221564 , 0.00866566
11.1712 , -1.19728 , -0.22479 , 0.0140747 , -1.1606 , -0.216648 , -0.00251109
11.2151 , -1.10959 , -0.207766 , -0.000198742 , -1.0816 , -0.20644 , -0.00952709
11.2559 , -1.03323 , -0.205111 , -0.00390869 , -1.00015 , -0.19964 , -0.0214003
11.299 , -0.948727 , -0.182729 , -0.0207323 , -0.926126 , -0.184698 , -0.0307278
11.341 , -0.879426 , -0.175534 , -0.0283239 , -0.850608 , -0.160989 , -0.0476063
11.3829 , -0.801926 , -0.15796 , -0.0374631 , -0.768651 , -0.136957 , -0.0579101
11.4242 , -0.726216 , -0.138977 , -0.0416897 , -0.696506 , -0.113119 , -0.0565639
11.4668 , -0.650938 , -0.113104 , -0.0395944 , -0.625338 , -0.0953303 , -0.0582298
11.5015 , -0.582446 , -0.0965371 , -0.0448165 , -0.560653 , -0.0857324 , -0.057328
11.539 , -0.517034 , -0.0851484 , -0.0483926 , -0.50267 , -0.0849669 , -0.0574006
11.5854 , -0.459286 , -0.0841323 , -0.0496997 , -0.452986 , -0.0837223 , -0.0556073
11.6216 , -0.419185 , -0.0858911 , -0.0500662 , -0.408753 , -0.0622154 , -0.0673942
11.6696 , -0.382285 , -0.0647274 , -0.055497 , -0.378473 , -0.0552029 , -0.0581262
11.7057 , -0.353035 , -0.040781 , -0.0517718 , -0.354692 , -0.0109868 , -0.0620739
11.7538 , -0.336796 , -0.00567826 , -0.0485478 , -0.33425 , 0.0105454 , -0.0613955
11.79 , -0.323209 , 0.0136762 , -0.0504977 , -0.32538 , 0.0339673 , -0.0536553
11.8434 , -0.319134 , 0.0326666 , -0.0533224 , -0.319236 , 0.0381437 , -0.0580876
11.8918 , -0.320212 , 0.0491498 , -0.0484096 , -0.325253 , 0.0415646 , -0.065687
11.9373 , -0.328265 , 0.0463028 , -0.0661345 , -0.334775 , 0.0393714 , -0.0709567
11.9803 , -0.343082 , 0.0389391 , -0.0726053 , -0.357195 , 0.035886 , -0.0669866
12.0221 , -0.36972 , 0.0363645 , -0.0692759 , -0.385094 , 0.0315958 , -0.0724072
12.0628 , -0.406187 , 0.0329404 , -0.0741915 , -0.423779 , 0.0271831 , -0.0769847
12.1017 , -0.452829 , 0.0281173 , -0.0792778 , -0.474801 , 0.0206441 , -0.0853704
12.1489 , -0.509243 , 0.0204368 , -0.0885556 , -0.537353 , 0.00952819 , -0.0871517
12.1877 , -0.574428 , -0.0249281 , -0.0641361 , -0.59878 , -0.0225206 , -0.0753387
12.2303 , -0.64519 , -0.040263 , -0.063605 , -0.69081 , -0.0553853 , -0.0455339
12.2718 , -0.7233 , -0.060089 , -0.05362 , -0.754282 , -0.0676166 , -0.0557708
12.3127 , -0.800991 , -0.0728305 , -0.0598226 , -0.833364 , -0.0922734 , -0.0556696
12.3552 , -0.883391 , -0.096257 , -0.0553071 , -0.917142 , -0.118037 , -0.0453716
12.3974 , -0.970439 , -0.126151 , -0.0421539 , -0.997887 , -0.132765 , -0.0364153
12.4398 , -1.05177 , -0.137821 , -0.0292802 , -1.08153 , -0.138329 , -0.0243714
12.4822 , -1.13482 , -0.136479 , -0.0190011 , -1.16659 , -0.133952 , -0.016013
12.5231 , -1.21868 , -0.129179 , -0.0129571 , -1.2482 , -0.125936 , -0.00509194
12.5642 , -1.29921 , -0.119268 , 0.00218964 , -1.32589 , -0.117349 , 0.0122627
12.6077 , -1.37525 , -0.109617 , 0.0311695 , -1.3989 , -0.105122 , 0.0376464
12.6523 , -1.44507 , -0.0981088 , 0.0505431 , -1.46693 , -0.0875756 , 0.0547138
12.691 , -1.51042 , -0.0766702 , 0.0592315 , -1.53219 , -0.0672044 , 0.0583625
12.7356 , -1.57015 , -0.0541607 , 0.0539898 , -1.59295 , -0.0436819 , 0.0629979
12.7748 , -1.62986 , -0.0288672 , 0.0796655 , -1.64578 , -0.0177145 , 0.0885435
12.8171 , -1.67786 , -0.00271546 , 0.106312 , -1.69338 , 0.00399257 , 0.107795
12.8594 , -1.72331 , 0.0175631 , 0.117762 , -1.73941 , 0.0215893 , 0.120164
12.9007 , -1.76678 , 0.0314967 , 0.111964 , -1.78025 , 0.0369801 , 0.108582
12.9431 , -1.80471 , 0.0508823 , 0.107615 , -1.8168 , 0.0596421 , 0.113077
12.9847 , -1.83745 , 0.0751562 , 0.117814 , -1.84631 , 0.0875275 , 0.121604
13.029 , -1.86384 , 0.10337 , 0.131168 , -1.87157 , 0.116051 , 0.13385
13.071 , -1.88944 , 0.12945 , 0.138933 , -1.89783 , 0.136243 , 0.139975
13.1105 , -1.91543 , 0.147195 , 0.13998 , -1.92402 , 0.151869 , 0.140078
13.15 , -1.93876 , 0.161165 , 0.141656 , -1.944 , 0.168514 , 0.145463
13.1947 , -1.95461 , 0.180326 , 0.150126 , -1.95751 , 0.194298 , 0.170801
13.2347 , -1.96652 , 0.206132 , 0.175759 , -1.97011 , 0.215103 , 0.182834
13.2787 , -1.97832 , 0.227964 , 0.191635 , -1.98125 , 0.239314 , 0.200494
13.319 , -1.98976 , 0.248762 , 0.198803 , -1.99405 , 0.252255 , 0.19525
13.3657 , -2.00225 , 0.257308 , 0.18913 , -2.00571 , 0.259184 , 0.183946
13.4086 , -2.01804 , 0.266017 , 0.18164 , -2.00882 , 0.270754 , 0.191786
13.4535 , -2.01547 , 0.276765 , 0.191047 , -2.01464 , 0.279538 , 0.190989
13.4996 , -2.0244 , 0.287664 , 0.191879 , -2.02198 , 0.289224 , 0.190022
13.5415 , -2.02632 , 0.293951 , 0.190046 , -2.02592 , 0.295752 , 0.18664
13.5781 , -2.03056 , 0.296241 , 0.188397 , -2.02799 , 0.300026 , 0.184955
13.6239 , -2.0338 , 0.30081 , 0.179991 , -2.0292 , 0.300385 , 0.188133
13.6682 , -2.03076 , 0.301231 , 0.185663 , -2.02768 , 0.302609 , 0.184983
13.7196 , -2.02954 , 0.302631 , 0.184378 , -2.02682 , 0.303929 , 0.183671
13.7645 , -2.02813 , 0.303705 , 0.183767 , -2.02686 , 0.305156 , 0.18332
13.8067 , -2.02779 , 0.304569 , 0.183655 , -2.02616 , 0.305056 , 0.181409
13.8497 , -2.02823 , 0.301854 , 0.181558 , -2.02812 , 0.301762 , 0.180223
13.8886 , -2.03066 , 0.298593 , 0.179502 , -2.03147 , 0.29882 , 0.176867
13.9346 , -2.03369 , 0.295433 , 0.176979 , -2.03466 , 0.295596 , 0.176171
13.9739 , -2.03917 , 0.289643 , 0.17265 , -2.03912 , 0.287166 , 0.17455
14.0177 , -2.05786 , 0.283373 , 0.166616 , -2.05341 , 0.283487 , 0.17021
14.056 , -2.05499 , 0.272373 , 0.164561 , -2.05768 , 0.273413 , 0.173069
14.1016 , -2.06227 , 0.267851 , 0.171619 , -2.06435 , 0.26789 , 0.172616
14.1413 , -2.07009 , 0.26563 , 0.16923 , -2.07283 , 0.264605 , 0.169703
14.1869 , -2.07851 , 0.2599 , 0.170078 , -2.08124 , 0.253954 , 0.164814
14.2244 , -2.08828 , 0.250676 , 0.166168 , -2.09073 , 0.249497 , 0.160424
14.2684 , -2.09728 , 0.244805 , 0.162917 , -2.09849 , 0.244149 , 0.156932
14.3133 , -2.10723 , 0.238961 , 0.158922 , -2.10823 , 0.234059 , 0.15162
14.3568 , -2.12589 , 0.241198 , 0.150011 , -2.11848 , 0.247017 , 0.157664
14.4038 , -2.12076 , 0.233791 , 0.16219 , -2.128 , 0.223019 , 0.144465
14.4416 , -2.1329 , 0.21732 , 0.145574 , -2.13579 , 0.218593 , 0.138651
14.4878 , -2.14089 , 0.214814 , 0.133834 , -2.14431 , 0.21498 , 0.136408
14.5256 , -2.14993 , 0.210979 , 0.130545 , -2.1523 , 0.212388 , 0.132907
14.5715 , -2.1569 , 0.214389 , 0.129795 , -2.15846 , 0.217821 , 0.130346
14.6082 , -2.16302 , 0.216275 , 0.12801 , -2.16551 , 0.221064 , 0.126287
14.6573 , -2.16877 , 0.220299 , 0.125094 , -2.16822 , 0.223466 , 0.123235
14.6963 , -2.17242 , 0.228684 , 0.122274 , -2.17003 , 0.230068 , 0.119229
14.7392 , -2.17423 , 0.236162 , 0.120427 , -2.17219 , 0.238317 , 0.117933
14.7767 , -2.17611 , 0.245251 , 0.120209 , -2.17405 , 0.246347 , 0.116456
14.8248 , -2.17667 , 0.251167 , 0.120231 , -2.17555 , 0.253775 , 0.117497
14.8641 , -2.17708 , 0.260916 , 0.123153 , -2.17294 , 0.263054 , 0.124544
14.9074 , -2.17389 , 0.270547 , 0.125636 , -2.17258 , 0.275567 , 0.122247
14.9439 , -2.17304 , 0.282977 , 0.120001 , -2.172 , 0.285577 , 0.121389
14.9912 , -2.17233 , 0.292602 , 0.117816 , -2.17129 , 0.298209 , 0.121677
15.0273 , -2.17096 , 0.302827 , 0.118119 , -2.16907 , 0.305398 , 0.123296
15.0755 , -2.16875 , 0.310981 , 0.119728 , -2.16694 , 0.311949 , 0.120255
15.1116 , -2.16482 , 0.317819 , 0.12337 , -2.16361 , 0.321173 , 0.122851
15.159 , -2.15992 , 0.326027 , 0.126537 , -2.15824 , 0.329749 , 0.128905
15.1956 , -2.15374 , 0.335175 , 0.134399 , -2.15249 , 0.337587 , 0.132215
15.2451 , -2.14916 , 0.342918 , 0.135437 , -2.14802 , 0.346443 , 0.140817
15.2951 , -2.14184 , 0.353858 , 0.150855 , -2.14425 , 0.349277 , 0.129701
15.3403 , -2.13978 , 0.353299 , 0.137079 , -2.13669 , 0.359443 , 0.140463
15.3781 , -2.13133 , 0.36562 , 0.146036 , -2.12978 , 0.371862 , 0.145637
15.4149 , -2.11952 , 0.388218 , 0.163225 , -2.11981 , 0.389992 , 0.162326
15.4609 , -2.10339 , 0.4155 , 0.202788 , -2.10392 , 0.416323 , 0.194541
15.4987 , -2.09966 , 0.428603 , 0.199417 , -2.10125 , 0.425947 , 0.191426
15.5445 , -2.10075 , 0.432183 , 0.188044 , -2.10019 , 0.432943 , 0.185308
15.5841 , -2.10058 , 0.435452 , 0.180618 , -2.10026 , 0.438746 , 0.175919
15.629 , -2.10088 , 0.438675 , 0.17283 , -2.09876 , 0.441213 , 0.173803
15.6665 , -2.09938 , 0.443072 , 0.170155 , -2.09476 , 0.44869 , 0.174547
15.7191 , -2.09423 , 0.450534 , 0.171034 , -2.09333 , 0.454653 , 0.173833
15.7669 , -2.09002 , 0.461762 , 0.175936 , -2.08812 , 0.461895 , 0.173662
15.8156 , -2.08747 , 0.465582 , 0.176421 , -2.08481 , 0.466979 , 0.173787
15.8691 , -2.085 , 0.469068 , 0.176921 , -2.08365 , 0.473022 , 0.174344
15.9144 , -2.0836 , 0.472542 , 0.175543 , -2.08076 , 0.473468 , 0.176497
15.9527 , -2.08047 , 0.471891 , 0.176974 , -2.0787 , 0.472947 , 0.17679
15.9981 , -2.07786 , 0.469272 , 0.179324 , -2.0753 , 0.469014 , 0.177399
16.0361 , -2.07399 , 0.46503 , 0.17839 , -2.07069 , 0.4638 , 0.177412
16.0875 , -2.06976 , 0.458807 , 0.178517 , -2.06685 , 0.456545 , 0.176626
16.1343 , -2.06582 , 0.451058 , 0.17767 , -2.06219 , 0.449417 , 0.175748
16.1844 , -2.06184 , 0.444387 , 0.175206 , -2.05886 , 0.44376 , 0.175019
16.2376 , -2.05871 , 0.437607 , 0.173284 , -2.057 , 0.432893 , 0.171999
16.2802 , -2.0566 , 0.427828 , 0.171582 , -2.0555 , 0.425642 , 0.168106
16.321 , -2.05434 , 0.421225 , 0.169428 , -2.05179 , 0.419014 , 0.170382
16.376 , -2.05042 , 0.415148 , 0.171018 , -2.04776 , 0.413972 , 0.173677
16.4251 , -2.04488 , 0.412599 , 0.180838 , -2.04362 , 0.409224 , 0.181793
16.4683 , -2.03703 , 0.411514 , 0.196951 , -2.03585 , 0.407146 , 0.195896
16.5122 , -2.03019 , 0.408522 , 0.205223 , -2.01872 , 0.407412 , 0.236599
16.5529 , -2.03442 , 0.388905 , 0.180551 , -2.02906 , 0.382979 , 0.190723
16.5955 , -2.03246 , 0.374041 , 0.173073 , -2.02358 , 0.376475 , 0.190489
16.6434 , -2.02391 , 0.369793 , 0.1836 , -2.01956 , 0.367955 , 0.18752
16.692 , -2.01717 , 0.362404 , 0.185578 , -2.01602 , 0.357109 , 0.179895
16.74 , -2.01181 , 0.350722 , 0.173653 , -2.01479 , 0.340778 , 0.161274
16.7927 , -2.01005 , 0.336888 , 0.159785 , -2.00976 , 0.338641 , 0.153468
16.8459 , -2.00479 , 0.334085 , 0.151576 , -2.00341 , 0.329742 , 0.153707
16.8847 , -1.99955 , 0.325923 , 0.151733 , -1.99837 , 0.321493 , 0.152538
16.9309 , -1.99508 , 0.318218 , 0.151757 , -1.99255 , 0.313816 , 0.15443
16.9706 , -1.99003 , 0.311286 , 0.153414 , -1.98787 , 0.30946 , 0.149078
17.0124 , -1.98548 , 0.307147 , 0.149417 , -1.98429 , 0.305776 , 0.146664
17.0568 , -1.98385 , 0.302251 , 0.144122 , -1.98368 , 0.301811 , 0.145745
17.1009 , -1.98334 , 0.299554 , 0.143677 , -1.98314 , 0.298583 , 0.144629
17.1399 , -1.9843 , 0.294224 , 0.142808 , -1.98256 , 0.295395 , 0.145656
17.177 , -1.98476 , 0.291316 , 0.14449 , -1.98364 , 0.292875 , 0.145381
17.2219 , -1.98496 , 0.2913 , 0.144655 , -1.98553 , 0.290528 , 0.141891
17.2617 , -1.98688 , 0.289746 , 0.142303 , -1.98552 , 0.290149 , 0.144609
17.3082 , -1.98739 , 0.289224 , 0.144367 , -1.98938 , 0.287382 , 0.141392
17.3488 , -1.9901 , 0.28831 , 0.141507 , -1.9997 , 0.289647 , 0.137122
17.3916 , -2.00006 , 0.291751 , 0.13761 , -2.00061 , 0.292585 , 0.138116
17.431 , -2.00279 , 0.294487 , 0.136002 , -2.00213 , 0.294747 , 0.136909
17.48 , -2.00356 , 0.294318 , 0.139057 , -2.00331 , 0.292075 , 0.137888
17.5256 , -2.00456 , 0.294047 , 0.138608 , -2.00475 , 0.294296 , 0.138946
17.5695 , -2.00615 , 0.294535 , 0.137503 , -2.00655 , 0.293073 , 0.136232
17.6096 , -2.00795 , 0.294664 , 0.13554 , -2.00824 , 0.295039 , 0.136608
17.6513 , -2.00878 , 0.296764 , 0.135236 , -2.00956 , 0.296289 , 0.136676
17.6993 , -2.00951 , 0.297659 , 0.133399 , -2.00953 , 0.297901 , 0.135462
17.7418 , -2.00931 , 0.29825 , 0.134465 , -2.01015 , 0.297171 , 0.134392
17.7782 , -2.00869 , 0.297142 , 0.135251 , -2.00907 , 0.290605 , 0.137202
17.8145 , -2.00871 , 0.291133 , 0.136869 , -2.0077 , 0.291409 , 0.136585
17.8595 , -2.0078 , 0.290878 , 0.136555 , -2.0071 , 0.292133 , 0.136451
17.8961 , -2.0067 , 0.290486 , 0.136508 , -2.00516 , 0.290455 , 0.13635
17.946 , -2.00417 , 0.294663 , 0.137609 , -2.00325 , 0.29316 , 0.13665
17.9834 , -2.00246 , 0.293518 , 0.137733 , -2.0013 , 0.292807 , 0.13672
18.0294 , -2.00093 , 0.291471 , 0.138056 , -2.0008 , 0.289672 , 0.135558
18.0734 , -2.00115 , 0.289491 , 0.138165 , -2.00009 , 0.289311 , 0.137023
18.1144 , -2.00069 , 0.287744 , 0.137237 , -2.00168 , 0.283891 , 0.136864
18.1621 , -2.00254 , 0.283779 , 0.13692 , -2.00183 , 0.284691 , 0.136555
18.2035 , -2.00287 , 0.28409 , 0.136313 , -2.00265 , 0.285066 , 0.138232
18.2485 , -2.00377 , 0.285537 , 0.137087 , -2.00306 , 0.286021 , 0.13733
18.2944 , -2.0038 , 0.286396 , 0.137026 , -2.00305 , 0.285201 , 0.138003
18.3334 , -2.00512 , 0.285563 , 0.135245 , -2.00675 , 0.28254 , 0.122333
18.3786 , -2.00852 , 0.282454 , 0.124498 , -2.00787 , 0.281844 , 0.122643
18.4184 , -2.0078 , 0.283047 , 0.131273 , -2.00872 , 0.283008 , 0.128857
18.4625 , -2.00981 , 0.283635 , 0.132903 , -2.00721 , 0.287308 , 0.139655
18.5036 , -2.00869 , 0.287644 , 0.140011 , -2.00845 , 0.288322 , 0.139256
18.5475 , -2.01311 , 0.278595 , 0.125383 , -2.0109 , 0.282495 , 0.131502
18.5895 , -2.01384 , 0.278814 , 0.1275 , -2.01283 , 0.278671 , 0.121524
18.6298 , -2.01656 , 0.276097 , 0.123024 , -2.01089 , 0.27636 , 0.122271
18.6672 , -2.01467 , 0.274602 , 0.125515 , -2.01419 , 0.27593 , 0.123716
18.711 , -2.01767 , 0.275628 , 0.130715 , -2.01884 , 0.276103 , 0.129464
18.7477 , -2.02578 , 0.281167 , 0.131931 , -2.02591 , 0.280461 , 0.132319
18.7853 , -2.03298 , 0.273874 , 0.133338 , -2.03433 , 0.274429 , 0.134459
18.8336 , -2.04117 , 0.27131 , 0.135751 , -2.04826 , 0.258457 , 0.106111
18.8787 , -2.05021 , 0.248968 , 0.106876 , -2.05367 , 0.250123 , 0.107156
18.9175 , -2.05809 , 0.244695 , 0.108121 , -2.06059 , 0.244077 , 0.109335
18.9553 , -2.06493 , 0.241127 , 0.110509 , -2.06295 , 0.248317 , 0.143588
19.0021 , -2.0682 , 0.245778 , 0.130146 , -2.07121 , 0.241294 , 0.130481
19.0428 , -2.07596 , 0.236793 , 0.122194 , -2.0771 , 0.232629 , 0.121935
19.0854 , -2.08151 , 0.225867 , 0.116866 , -2.08094 , 0.218853 , 0.118189
19.1284 , -2.0811 , 0.219169 , 0.137516 , -2.08636 , 0.227633 , 0.107907
19.1684 , -2.08595 , 0.22101 , 0.113414 , -2.0811 , 0.19596 , 0.118575
19.207 , -2.08145 , 0.191975 , 0.122518 , -2.07574 , 0.187871 , 0.123041
19.2543 , -2.07567 , 0.180795 , 0.126547 , -2.0713 , 0.173038 , 0.120776
19.2958 , -2.06943 , 0.163557 , 0.123353 , -2.06296 , 0.159524 , 0.123232
19.3364 , -2.0591 , 0.147938 , 0.126327 , -2.05152 , 0.133734 , 0.130161
19.3754 , -2.04552 , 0.12226 , 0.139479 , -2.03692 , 0.106317 , 0.139622
19.4207 , -2.02892 , 0.0928392 , 0.147215 , -2.017 , 0.0764222 , 0.149781
19.4594 , -2.00676 , 0.0605786 , 0.155152 , -1.99121 , 0.0431674 , 0.154967
19.5048 , -1.97719 , 0.0249816 , 0.160206 , -1.95901 , 0.00987284 , 0.159496
19.5422 , -1.941 , -0.0112792 , 0.165312 , -1.92021 , -0.0307181 , 0.165629
19.5914 , -1.89894 , -0.0527728 , 0.173976 , -1.87655 , -0.0698692 , 0.186189
19.641 , -1.85254 , -0.0942833 , 0.193247 , -1.827 , -0.114378 , 0.199399
19.6884 , -1.79887 , -0.139868 , 0.205508 , -1.77149 , -0.162357 , 0.203098
19.7286 , -1.73939 , -0.192041 , 0.208646 , -1.70893 , -0.212997 , 0.203178
19.7775 , -1.6729 , -0.24451 , 0.213332 , -1.64197 , -0.263151 , 0.20896
19.8308 , -1.60156 , -0.292532 , 0.21712 , -1.56863 , -0.31081 , 0.210815
19.8791 , -1.52615 , -0.339096 , 0.215947 , -1.49086 , -0.351742 , 0.205299
19.9259 , -1.44676 , -0.374011 , 0.208579 , -1.41135 , -0.385573 , 0.200826
19.9799 , -1.37039 , -0.403879 , 0.207574 , -1.34021 , -0.415489 , 0.207731
20.0217 , -1.30426 , -0.429478 , 0.216148 , -1.27485 , -0.439318 , 0.210481
20.0616 , -1.2424 , -0.445726 , 0.218786 , -1.21474 , -0.450495 , 0.208633
20.1062 , -1.18914 , -0.4528 , 0.222426 , -1.1637 , -0.451232 , 0.217896
20.1454 , -1.15156 , -0.446684 , 0.234629 , -1.11354 , -0.446365 , 0.223208
20.1901 , -1.09937 , -0.43768 , 0.235743 , -1.07762 , -0.432467 , 0.232899
20.2294 , -1.06378 , -0.417919 , 0.246368 , -1.0465 , -0.406853 , 0.237662
20.2746 , -1.03391 , -0.393585 , 0.243358 , -1.0235 , -0.394985 , 0.241204
20.3106 , -1.01031 , -0.368636 , 0.238136 , -1.00417 , -0.372245 , 0.241504
20.3512 , -0.993711 , -0.339954 , 0.235908 , -0.988338 , -0.338058 , 0.243041
20.394 , -0.98645 , -0.323199 , 0.241588 , -0.982501 , -0.309252 , 0.23135
20.4294 , -0.983644 , -0.301001 , 0.237968 , -0.986476 , -0.286976 , 0.240215
20.4785 , -0.99358 , -0.283078 , 0.243687 , -0.999374 , -0.276948 , 0.256912
20.5154 , -1.01236 , -0.273809 , 0.255094 , -1.02252 , -0.275715 , 0.261228
20.5615 , -1.04022 , -0.274366 , 0.247793 , -1.04847 , -0.274276 , 0.258997
20.5968 , -1.07143 , -0.283195 , 0.248131 , -1.08201 , -0.280009 , 0.256795
20.645 , -1.10352 , -0.283041 , 0.254268 , -1.1156 , -0.280136 , 0.259078
20.69 , -1.13349 , -0.279469 , 0.257775 , -1.14709 , -0.280878 , 0.263953
20.7302 , -1.16089 , -0.277079 , 0.263616 , -1.17351 , -0.27912 , 0.268056
20.7691 , -1.18495 , -0.278809 , 0.268031 , -1.19528 , -0.278006 , 0.270783
20.815 , -1.20208 , -0.279462 , 0.263295 , -1.20947 , -0.275058 , 0.268946
20.8616 , -1.21381 , -0.271336 , 0.267439 , -1.22039 , -0.267192 , 0.269785
20.8976 , -1.22169 , -0.2613 , 0.270476 , -1.22972 , -0.255326 , 0.273152
20.938 , -1.23159 , -0.248404 , 0.274407 , -1.23958 , -0.241231 , 0.278897
20.9813 , -1.24189 , -0.232513 , 0.280292 , -1.25151 , -0.227041 , 0.283615
21.0172 , -1.25423 , -0.215661 , 0.285469 , -1.26211 , -0.208242 , 0.287851
21.0655 , -1.2684 , -0.19852 , 0.28947 , -1.27468 , -0.192207 , 0.290284
21.1025 , -1.2818 , -0.179882 , 0.291801 , -1.29154 , -0.171225 , 0.297153
21.1486 , -1.29847 , -0.155153 , 0.296808 , -1.30629 , -0.142131 , 0.297217
21.1866 , -1.31415 , -0.122274 , 0.295545 , -1.32291 , -0.111004 , 0.302969
21.2316 , -1.333 , -0.0898802 , 0.302189 , -1.34132 , -0.0792238 , 0.307128
21.2707 , -1.35456 , -0.0583378 , 0.307579 , -1.36345 , -0.0474178 , 0.312559
21.3153 , -1.37988 , -0.0271241 , 0.313806 , -1.38909 , -0.0133929 , 0.315785
21.3528 , -1.40716 , 0.00824525 , 0.315974 , -1.4171 , 0.0218699 , 0.317159
21.3996 , -1.43649 , 0.0429471 , 0.31617 , -1.44466 , 0.0585895 , 0.317742
21.4368 , -1.46496 , 0.0808357 , 0.315677 , -1.4745 , 0.094048 , 0.322518
21.4846 , -1.49731 , 0.113914 , 0.32244 , -1.50799 , 0.125092 , 0.319973
21.5225 , -1.53042 , 0.146868 , 0.31656 , -1.54256 , 0.15906 , 0.31811
21.5681 , -1.56496 , 0.180492 , 0.316784 , -1.57589 , 0.189265 , 0.317266
21.6064 , -1.5999 , 0.207805 , 0.316694 , -1.61253 , 0.220708 , 0.310424
21.6511 , -1.63469 , 0.23728 , 0.308606 , -1.64738 , 0.246018 , 0.307933
21.6887 , -1.67018 , 0.260856 , 0.300504 , -1.6825 , 0.269188 , 0.297966
21.7354 , -1.70552 , 0.28202 , 0.290748 , -1.71727 , 0.288341 , 0.287401
21.7733 , -1.73895 , 0.298852 , 0.281926 , -1.75027 , 0.301659 , 0.276698
21.8201 , -1.77055 , 0.309415 , 0.273006 , -1.77964 , 0.31276 , 0.266439
21.858 , -1.79998 , 0.316475 , 0.257742 , -1.80976 , 0.317558 , 0.252526
21.9026 , -1.8281 , 0.321209 , 0.244365 , -1.83624 , 0.320438 , 0.24031
21.9406 , -1.85265 , 0.323785 , 0.233413 , -1.8586 , 0.322833 , 0.231579
21.987 , -1.8741 , 0.321932 , 0.222691 , -1.89571 , 0.320372 , 0.210868
22.0256 , -1.89665 , 0.314727 , 0.205554 , -1.90355 , 0.314876 , 0.20659
22.0701 , -1.90989 , 0.315583 , 0.205171 , -1.92531 , 0.313778 , 0.194235
22.1085 , -1.93051 , 0.315478 , 0.194831 , -1.93334 , 0.315685 , 0.193329
22.1548 , -1.93993 , 0.316543 , 0.192678 , -1.94296 , 0.314039 , 0.189553
22.1929 , -1.94918 , 0.314709 , 0.189221 , -1.95091 , 0.312453 , 0.184918
22.242 , -1.95696 , 0.312815 , 0.186932 , -1.95684 , 0.312792 , 0.183879
22.2894 , -1.96169 , 0.310205 , 0.180234 , -1.96168 , 0.309871 , 0.177566
22.3345 , -1.96531 , 0.306203 , 0.172467 , -1.9651 , 0.305951 , 0.16954
22.3735 , -1.96795 , 0.303032 , 0.166093 , -1.96668 , 0.30323 , 0.164144
22.4099 , -1.96754 , 0.300411 , 0.161725 , -1.96599 , 0.300306 , 0.16086
22.4573 , -1.96568 , 0.297508 , 0.158819 , -1.9633 , 0.297354 , 0.154586
22.4954 , -1.9624 , 0.293719 , 0.148305 , -1.9619 , 0.293929 , 0.147683
22.544 , -1.95957 , 0.291287 , 0.143658 , -1.95858 , 0.290774 , 0.141131
22.5919 , -1.95639 , 0.28846 , 0.139343 , -1.95616 , 0.287247 , 0.134383
22.6346 , -1.95541 , 0.283293 , 0.138479 , -1.9551 , 0.285145 , 0.136875
22.6788 , -1.95437 , 0.282658 , 0.138297 , -1.95209 , 0.282703 , 0.136752
22.7258 , -1.95224 , 0.281228 , 0.137649 , -1.95146 , 0.278592 , 0.129553
22.7726 , -1.9522 , 0.277833 , 0.130894 , -1.95143 , 0.278331 , 0.130337
22.8103 , -1.95188 , 0.275803 , 0.130415 , -1.95125 , 0.27696 , 0.130256
22.8527 , -1.95468 , 0.27225 , 0.126383 , -1.95443 , 0.272616 , 0.124697
22.8966 , -1.95791 , 0.270068 , 0.12425 , -1.95748 , 0.27132 , 0.123882
22.943 , -1.95159 , 0.263281 , 0.126664 , -1.95677 , 0.262553 , 0.124893
22.9796 , -1.9578 , 0.257559 , 0.125494 , -1.96167 , 0.258393 , 0.124668
23.0306 , -1.97425 , 0.25806 , 0.119891 , -1.9748 , 0.258634 , 0.121651
23.0808 , -1.98234 , 0.257683 , 0.119548 , -1.98522 , 0.255035 , 0.106008
23.1276 , -1.99183 , 0.253385 , 0.105286 , -1.9837 , 0.242179 , 0.115731
23.1665 , -1.99398 , 0.239192 , 0.115587 , -2.00133 , 0.227494 , 0.0924177
23.2119 , -2.01136 , 0.225088 , 0.0995079 , -2.01132 , 0.227046 , 0.114547
23.2501 , -2.0219 , 0.221459 , 0.112659 , -2.03114 , 0.235691 , 0.1447
23.295 , -2.04255 , 0.227963 , 0.121982 , -2.06908 , 0.227513 , 0.105168
23.3331 , -2.07484 , 0.223786 , 0.0967816 , -2.08143 , 0.221014 , 0.105893
23.3795 , -2.09254 , 0.213763 , 0.0882197 , -2.09634 , 0.212908 , 0.0970728
23.417 , -2.10591 , 0.217863 , 0.10735 , -2.09646 , 0.176001 , 0.0720889
23.4633 , -2.10985 , 0.168776 , 0.0745307 , -2.11488 , 0.168612 , 0.0725505
23.5024 , -2.13131 , 0.165787 , 0.0717721 , -2.12657 , 0.171296 , 0.0924261
23.5485 , -2.14217 , 0.157632 , 0.0714494 , -2.14264 , 0.174982 , 0.104735
23.5859 , -2.15636 , 0.159081 , 0.0712914 , -2.16532 , 0.17776 , 0.098878
23.6319 , -2.17621 , 0.166459 , 0.0659541 , -2.17665 , 0.170013 , 0.080103
23.6704 , -2.18472 , 0.168977 , 0.0698884 , -2.18935 , 0.166142 , 0.0700361
23.7157 , -2.19409 , 0.188824 , 0.105739 , -2.19755 , 0.183425 , 0.0928589
23.7522 , -2.20482 , 0.197483 , 0.10579 , -2.20371 , 0.194542 , 0.102775
23.7992 , -2.21027 , 0.200833 , 0.101393 , -2.21308 , 0.212197 , 0.103205
23.8363 , -2.21479 , 0.220727 , 0.105005 , -2.21557 , 0.224687 , 0.105809
23.8841 , -2.2194 , 0.236494 , 0.107281 , -2.21854 , 0.24415 , 0.110768
23.9372 , -2.22059 , 0.255592 , 0.112275 , -2.22333 , 0.257657 , 0.111643
23.9873 , -2.22528 , 0.263455 , 0.111543 , -2.22789 , 0.255953 , 0.0922982
24.0334 , -2.22923 , 0.25829 , 0.0905388 , -2.22703 , 0.265082 , 0.0906964
24.0791 , -2.22214 , 0.27149 , 0.0916902 , -2.22008 , 0.276347 , 0.0934546
24.1131 , -2.21594 , 0.285709 , 0.10068 , -2.21497 , 0.290195 , 0.0995596
24.1545 , -2.21576 , 0.302227 , 0.104728 , -2.21264 , 0.303441 , 0.100562
24.1988 , -2.20871 , 0.320287 , 0.109114 , -2.19091 , 0.329382 , 0.1388
24.2387 , -2.18876 , 0.335549 , 0.127469 , -2.18609 , 0.336985 , 0.125018
24.2849 , -2.18262 , 0.337741 , 0.119409 , -2.17924 , 0.341842 , 0.120622
24.3246 , -2.17309 , 0.346582 , 0.123498 , -2.17182 , 0.349268 , 0.122196
24.3676 , -2.16526 , 0.353658 , 0.12817 , -2.1625 , 0.357843 , 0.130146
24.4086 , -2.15949 , 0.361458 , 0.132233 , -2.15613 , 0.362366 , 0.131813
24.4515 , -2.13539 , 0.394782 , 0.204543 , -2.13994 , 0.388794 , 0.177994
24.493 , -2.13659 , 0.388409 , 0.17204 , -2.13955 , 0.38616 , 0.162392
24.5352 , -2.13866 , 0.385276 , 0.156738 , -2.13876 , 0.384233 , 0.153308
24.5769 , -2.14037 , 0.384508 , 0.145415 , -2.14149 , 0.386967 , 0.14369
24.6189 , -2.14632 , 0.38352 , 0.133048 , -2.14461 , 0.388124 , 0.135039
24.661 , -2.14673 , 0.388163 , 0.131952 , -2.14794 , 0.386472 , 0.134768
24.7023 , -2.14823 , 0.387953 , 0.133189 , -2.14621 , 0.386454 , 0.138562
24.742 , -2.14751 , 0.386702 , 0.144982 , -2.14623 , 0.385787 , 0.140126
24.7882 , -2.14719 , 0.384506 , 0.139751 , -2.15951 , 0.373389 , 0.136774
24.8255 , -2.14883 , 0.372755 , 0.144818 , -2.15112 , 0.370943 , 0.139785
24.8709 , -2.14657 , 0.367775 , 0.144569 , -2.14797 , 0.366101 , 0.143549
24.9064 , -2.14542 , 0.357511 , 0.14191 , -2.14508 , 0.358279 , 0.14358
24.9472 , -2.13974 , 0.355516 , 0.149581 , -2.13847 , 0.35313 , 0.141909
24.9873 , -2.13626 , 0.349042 , 0.1409 , -2.13122 , 0.348949 , 0.151251
25.0241 , -2.12888 , 0.346116 , 0.149927 , -2.1259 , 0.344585 , 0.146672
25.0647 , -2.12052 , 0.342515 , 0.150356 , -2.11679 , 0.34046 , 0.151227
25.1083 , -2.11287 , 0.336209 , 0.147821 , -2.10946 , 0.334846 , 0.147214
25.147 , -2.10109 , 0.33369 , 0.158762 , -2.09731 , 0.333038 , 0.15595
25.1912 , -2.08877 , 0.334332 , 0.164149 , -2.0849 , 0.33341 , 0.162956
25.231 , -2.07674 , 0.332255 , 0.168925 , -2.07352 , 0.33062 , 0.164538
25.2756 , -2.07281 , 0.323385 , 0.142046 , -2.06724 , 0.319367 , 0.147293
25.3138 , -2.06224 , 0.315525 , 0.142721 , -2.0554 , 0.315288 , 0.152189
25.3606 , -2.04717 , 0.312937 , 0.159958 , -2.04151 , 0.311556 , 0.165503
25.4049 , -2.03442 , 0.308651 , 0.173193 , -2.02938 , 0.310196 , 0.176549
25.4427 , -2.02317 , 0.306835 , 0.184345 , -2.0135 , 0.313441 , 0.213633
25.4814 , -2.01871 , 0.297987 , 0.172677 , -2.01346 , 0.300656 , 0.182771
25.5266 , -2.0151 , 0.290565 , 0.162312 , -2.01349 , 0.291076 , 0.161592
25.5645 , -2.0139 , 0.285424 , 0.156293 , -2.01275 , 0.280898 , 0.15629
25.6117 , -2.01452 , 0.277969 , 0.156699 , -2.01345 , 0.277662 , 0.153764
25.6498 , -2.0202 , 0.268884 , 0.15398 , -2.01845 , 0.271521 , 0.152224
25.6939 , -2.02249 , 0.267032 , 0.152074 , -2.01563 , 0.260544 , 0.146319
25.7321 , -2.01978 , 0.259526 , 0.148021 , -2.01609 , 0.261027 , 0.169918
25.7782 , -2.0218 , 0.259654 , 0.155601 , -2.02209 , 0.259872 , 0.15682
25.8172 , -2.02631 , 0.26919 , 0.18778 , -2.02757 , 0.24778 , 0.133885
25.8618 , -2.02678 , 0.256947 , 0.172205 , -2.02649 , 0.255381 , 0.160373
25.9001 , -2.02786 , 0.258375 , 0.176973 , -2.03486 , 0.256975 , 0.171393
25.9466 , -2.03514 , 0.25926 , 0.175802 , -2.0358 , 0.258955 , 0.17389
25.9828 , -2.03705 , 0.254366 , 0.160042 , -2.03807 , 0.259945 , 0.16928
26.032 , -2.0366 , 0.259358 , 0.156062 , -2.0382 , 0.255426 , 0.159547
26.0686 , -2.03907 , 0.258608 , 0.160925 , -2.03694 , 0.254683 , 0.164911
26.1142 , -2.0378 , 0.257846 , 0.168409 , -2.03602 , 0.258641 , 0.167373
26.1521 , -2.03592 , 0.258409 , 0.171695 , -2.03575 , 0.26038 , 0.170689
26.2001 , -2.03571 , 0.25683 , 0.175221 , -2.03469 , 0.257442 , 0.174338
26.2515 , -2.03345 , 0.2601 , 0.17537 , -2.03329 , 0.261226 , 0.173296
26.2957 , -2.03193 , 0.262175 , 0.176085 , -2.03073 , 0.263041 , 0.175699
26.3315 , -2.0299 , 0.263263 , 0.177785 , -2.0287 , 0.264103 , 0.177372
26.3692 , -2.033 , 0.252225 , 0.153313 , -2.02995 , 0.256845 , 0.173826
26.4218 , -2.03135 , 0.248149 , 0.152161 , -2.03159 , 0.249333 , 0.156914
26.4655 , -2.03205 , 0.245046 , 0.146334 , -2.03141 , 0.249729 , 0.147725
26.5018 , -2.03077 , 0.248148 , 0.166633 , -2.02986 , 0.253589 , 0.159212
26.5485 , -2.02875 , 0.25331 , 0.166913 , -2.0288 , 0.250967 , 0.166002
26.5874 , -2.02918 , 0.252011 , 0.169572 , -2.02899 , 0.249554 , 0.150229
26.632 , -2.03061 , 0.249856 , 0.150275 , -2.02866 , 0.257932 , 0.162979
26.6698 , -2.0308 , 0.254702 , 0.164593 , -2.0294 , 0.259018 , 0.169031
26.7186 , -2.03189 , 0.257378 , 0.170428 , -2.03084 , 0.259604 , 0.171404
26.7589 , -2.03337 , 0.262565 , 0.171146 , -2.03435 , 0.25954 , 0.172925
26.8034 , -2.04061 , 0.252745 , 0.14391 , -2.0413 , 0.255472 , 0.152617
26.8448 , -2.04571 , 0.248586 , 0.141749 , -2.04664 , 0.250229 , 0.144366
26.8899 , -2.05115 , 0.246684 , 0.139311 , -2.04751 , 0.255319 , 0.172349
26.9343 , -2.04605 , 0.256427 , 0.176937 , -2.04876 , 0.254455 , 0.171339
26.9801 , -2.05238 , 0.253702 , 0.17356 , -2.05814 , 0.245203 , 0.141644
27.0249 , -2.06155 , 0.242384 , 0.146118 , -2.06255 , 0.240937 , 0.14196
27.0728 , -2.06692 , 0.238163 , 0.139635 , -2.0689 , 0.234042 , 0.132407
27.1298 , -2.07204 , 0.23026 , 0.132266 , -2.07289 , 0.227589 , 0.126304
27.1743 , -2.07669 , 0.222943 , 0.120287 , -2.07694 , 0.222622 , 0.11986
27.2284 , -2.0712 , 0.23987 , 0.165978 , -2.07427 , 0.231976 , 0.143535
27.2739 , -2.07383 , 0.235506 , 0.154845 , -2.07426 , 0.233882 , 0.142158
27.32 , -2.07443 , 0.232813 , 0.148434 , -2.07205 , 0.230055 , 0.14898
27.3591 , -2.06937 , 0.238773 , 0.157564 , -2.068 , 0.231755 , 0.156564
27.4035 , -2.0626 , 0.241463 , 0.165648 , -2.06276 , 0.23347 , 0.167296
27.4391 , -2.05629 , 0.242267 , 0.17907 , -2.056 , 0.232126 , 0.175345
27.4809 , -2.05252 , 0.230808 , 0.172616 , -2.04912 , 0.222259 , 0.176063
27.5208 , -2.04224 , 0.219802 , 0.180862 , -2.03827 , 0.206927 , 0.182587
27.5586 , -2.03009 , 0.200058 , 0.187186 , -2.02396 , 0.190766 , 0.192055
27.5997 , -2.01169 , 0.183265 , 0.20804 , -2.00377 , 0.169794 , 0.206208
27.6405 , -1.98904 , 0.159796 , 0.214433 , -1.97798 , 0.141057 , 0.222811
27.6778 , -1.96365 , 0.125005 , 0.224556 , -1.94925 , 0.113106 , 0.228901
27.7257 , -1.93323 , 0.0901006 , 0.240092 , -1.91707 , 0.0735767 , 0.237418
27.7622 , -1.8972 , 0.0534612 , 0.255299 , -1.87916 , 0.0342891 , 0.259949
27.8133 , -1.85688 , 0.00872178 , 0.276149 , -1.83531 , -0.00884127 , 0.282213
27.8625 , -1.81214 , -0.03942 , 0.305589 , -1.78977 , -0.0604125 , 0.306511
27.9135 , -1.76462 , -0.0967852 , 0.321682 , -1.74144 , -0.12373 , 0.310808
27.9679 , -1.71359 , -0.162933 , 0.31699 , -1.68605 , -0.180179 , 0.313852
28.017 , -1.65842 , -0.224789 , 0.324621 , -1.63211 , -0.246369 , 0.331492
28.0609 , -1.60529 , -0.286075 , 0.357052 , -1.5787 , -0.310438 , 0.362957
28.1114 , -1.55495 , -0.3493 , 0.388392 , -1.52756 , -0.374033 , 0.38581
28.1577 , -1.50029 , -0.409678 , 0.39722 , -1.4707 , -0.427618 , 0.386717
28.1996 , -1.44284 , -0.458307 , 0.395973 , -1.41747 , -0.47653 , 0.397959
28.2429 , -1.39576 , -0.500643 , 0.419523 , -1.37462 , -0.516382 , 0.424577
28.2835 , -1.3614 , -0.533805 , 0.451159 , -1.34267 , -0.546389 , 0.45366
28.333 , -1.33417 , -0.558105 , 0.473147 , -1.31985 , -0.569929 , 0.470544
28.375 , -1.31585 , -0.577955 , 0.486887 , -1.3059 , -0.585152 , 0.485177
28.4171 , -1.30913 , -0.588382 , 0.503837 , -1.30217 , -0.592157 , 0.510166
28.4657 , -1.31068 , -0.588369 , 0.523685 , -1.30522 , -0.588921 , 0.530345
28.5171 , -1.31564 , -0.577798 , 0.537939 , -1.31255 , -0.577263 , 0.545328
28.5688 , -1.32282 , -0.561638 , 0.547651 , -1.31535 , -0.559673 , 0.543066
28.6099 , -1.32588 , -0.539052 , 0.55143 , -1.32492 , -0.537008 , 0.559409
28.6496 , -1.34095 , -0.513937 , 0.57457 , -1.34394 , -0.512809 , 0.582413
28.6977 , -1.35878 , -0.485182 , 0.59049 , -1.36082 , -0.482115 , 0.595111
28.741 , -1.37509 , -0.45876 , 0.59061 , -1.37895 , -0.454047 , 0.602119
28.7873 , -1.40216 , -0.433765 , 0.609905 , -1.40695 , -0.430645 , 0.616412
28.8337 , -1.42693 , -0.408607 , 0.619251 , -1.435 , -0.410304 , 0.632957
28.8824 , -1.45996 , -0.390939 , 0.637323 , -1.46848 , -0.391609 , 0.648109
28.9214 , -1.49309 , -0.372754 , 0.651598 , -1.50509 , -0.375125 , 0.657578
28.9671 , -1.52751 , -0.359172 , 0.65482 , -1.5378 , -0.366052 , 0.646674
29.0065 , -1.55873 , -0.353787 , 0.642106 , -1.57197 , -0.36137 , 0.645338
29.0461 , -1.60085 , -0.350381 , 0.658524 , -1.61285 , -0.356834 , 0.657479
29.0867 , -1.64153 , -0.351241 , 0.658369 , -1.65867 , -0.36687 , 0.661522
29.1321 , -1.69436 , -0.361111 , 0.667605 , -1.70591 , -0.369637 , 0.668115
29.168 , -1.74008 , -0.368593 , 0.668539 , -1.75092 , -0.372446 , 0.676136
29.2091 , -1.77689 , -0.368976 , 0.670235 , -1.78467 , -0.374819 , 0.669101
29.249 , -1.80728 , -0.369343 , 0.674043 , -1.81605 , -0.372237 , 0.675142
29.2945 , -1.82828 , -0.37135 , 0.665441 , -1.8359 , -0.373732 , 0.668155
29.3385 , -1.84402 , -0.370068 , 0.661431 , -1.85248 , -0.365872 , 0.674003
29.3889 , -1.85158 , -0.362283 , 0.660527 , -1.85058 , -0.352407 , 0.659588
29.4399 , -1.8439 , -0.349803 , 0.645007 , -1.84598 , -0.34341 , 0.648698
29.4873 , -1.8344 , -0.343931 , 0.626783 , -1.83942 , -0.33391 , 0.637255
29.5239 , -1.83239 , -0.333581 , 0.623777 , -1.83266 , -0.321299 , 0.628188
29.5717 , -1.82413 , -0.319066 , 0.612997 , -1.83127 , -0.28764 , 0.650515
29.6086 , -1.82043 , -0.296059 , 0.619212 , -1.82312 , -0.281983 , 0.626974
29.6561 , -1.81819 , -0.272235 , 0.618478 , -1.80644 , -0.228229 , 0.611049
29.7042 , -1.80686 , -0.239732 , 0.607034 , -1.80641 , -0.224877 , 0.604858
29.7424 , -1.80516 , -0.218497 , 0.599785 , -1.80714 , -0.200015 , 0.606816
29.789 , -1.80734 , -0.187529 , 0.603504 , -1.8042 , -0.174343 , 0.594299
29.8326 , -1.80404 , -0.155206 , 0.588148 , -1.80506 , -0.144152 , 0.582627
29.8712 , -1.80598 , -0.124984 , 0.565175 , -1.80362 , -0.116351 , 0.547415
29.9091 , -1.80666 , -0.0977434 , 0.530438 , -1.80627 , -0.0848367 , 0.529581
29.9574 , -1.80799 , -0.0625683 , 0.520739 , -1.8056 , -0.0488921 , 0.522763
30.0002 , -1.80914 , -0.0264155 , 0.518669 , -1.80694 , -0.0161412 , 0.511088
30.038 , -1.81379 , 0.00541775 , 0.498565 , -1.8136 , 0.0154274 , 0.483376
30.08 , -1.82348 , 0.0337318 , 0.455271 , -1.82593 , 0.0392238 , 0.438833
30.1194 , -1.83668 , 0.057379 , 0.410794 , -1.83654 , 0.0675109 , 0.40268
30.1614 , -1.84711 , 0.0846579 , 0.381089 , -1.84657 , 0.0947192 , 0.381954
30.2068 , -1.85641 , 0.112572 , 0.370021 , -1.85512 , 0.125747 , 0.369191
30.2453 , -1.86549 , 0.145071 , 0.360483 , -1.86644 , 0.154702 , 0.350565
30.2923 , -1.88007 , 0.170894 , 0.337826 , -1.88305 , 0.17792 , 0.322087
30.33 , -1.90105 , 0.190572 , 0.302381 , -1.90709 , 0.195265 , 0.284936
30.3745 , -1.92574 , 0.204742 , 0.264839 , -1.92941 , 0.209581 , 0.253042
30.4127 , -1.94482 , 0.219728 , 0.240207 , -1.94494 , 0.230497 , 0.238355
30.4589 , -1.95682 , 0.242174 , 0.2297 , -1.95707 , 0.250711 , 0.229641
30.4974 , -1.96583 , 0.262459 , 0.224734 , -1.95872 , 0.325647 , 0.232923
30.5424 , -1.98279 , 0.263697 , 0.192191 , -1.98142 , 0.289717 , 0.203665
30.5804 , -1.99255 , 0.280371 , 0.182048 , -1.99207 , 0.29443 , 0.177018
30.6273 , -2.00443 , 0.294172 , 0.167309 , -1.99793 , 0.324855 , 0.226607
30.6661 , -2.00953 , 0.314711 , 0.168548 , -2.008 , 0.321176 , 0.184066
30.7133 , -2.01428 , 0.315696 , 0.164263 , -2.01228 , 0.31971 , 0.167523
30.7677 , -2.01802 , 0.319114 , 0.160229 , -2.02464 , 0.324338 , 0.159053
30.8171 , -2.02957 , 0.32383 , 0.1555 , -2.02959 , 0.325489 , 0.154258
30.8662 , -2.03369 , 0.325978 , 0.155709 , -2.03417 , 0.325606 , 0.146964
30.9204 , -2.03892 , 0.323502 , 0.142018 , -2.03772 , 0.324699 , 0.14208
30.9679 , -2.04002 , 0.323296 , 0.14231 , -2.03866 , 0.324107 , 0.141581
31.019 , -2.03944 , 0.323162 , 0.143853 , -2.03773 , 0.323236 , 0.143194
31.066 , -2.03788 , 0.322361 , 0.1449 , -2.03644 , 0.321987 , 0.14339
31.1163 , -2.03751 , 0.319254 , 0.141655 , -2.0356 , 0.319128 , 0.142081
31.1693 , -2.03761 , 0.315396 , 0.140356 , -2.03639 , 0.313902 , 0.140517
31.2188 , -2.03677 , 0.31168 , 0.13939 , -2.03475 , 0.309204 , 0.140195
31.2645 , -2.03489 , 0.307319 , 0.140037 , -2.03362 , 0.30783 , 0.142878
31.308 , -2.0328 , 0.306899 , 0.14273 , -2.0308 , 0.306288 , 0.143922
31.3556 , -2.02975 , 0.306016 , 0.142799 , -2.03167 , 0.302568 , 0.142615
31.4019 , -2.02944 , 0.30206 , 0.140662 , -2.0304 , 0.301653 , 0.140979
31.4525 , -2.03206 , 0.295351 , 0.131388 , -2.02916 , 0.297668 , 0.136355
31.5053 , -2.02787 , 0.295729 , 0.133476 , -2.02417 , 0.296574 , 0.131985
31.5549 , -2.02349 , 0.294929 , 0.133507 , -2.02075 , 0.296698 , 0.13372
31.6011 , -2.0193 , 0.294912 , 0.132044 , -2.01974 , 0.29682 , 0.133173
31.6379 , -2.0175 , 0.293733 , 0.135131 , -2.01647 , 0.295897 , 0.134088
31.6837 , -2.01512 , 0.293746 , 0.133487 , -2.01605 , 0.291195 , 0.129414
31.721 , -2.01445 , 0.291057 , 0.128221 , -2.01363 , 0.291821 , 0.132551
31.768 , -2.01182 , 0.292459 , 0.130893 , -2.01347 , 0.293436 , 0.130203
31.8072 , -2.01035 , 0.292774 , 0.127142 , -2.01092 , 0.294443 , 0.130828
31.8509 , -2.00938 , 0.2947 , 0.131048 , -2.00997 , 0.296171 , 0.126874
31.8879 , -2.00946 , 0.294977 , 0.129369 , -2.00917 , 0.297897 , 0.127457
31.9409 , -2.00861 , 0.295186 , 0.125624 , -2.00951 , 0.296088 , 0.126994
31.9908 , -2.00902 , 0.294826 , 0.126773 , -2.00824 , 0.29603 , 0.122219
32.0368 , -2.00891 , 0.294861 , 0.124548 , -2.00784 , 0.297658 , 0.125068
32.0738 , -2.00666 , 0.296888 , 0.129401 , -2.00593 , 0.298662 , 0.129685
32.1177 , -2.00495 , 0.298838 , 0.132693 , -2.00411 , 0.300281 , 0.132889
32.1579 , -2.00345 , 0.300981 , 0.134809 , -2.00307 , 0.301232 , 0.133799
32.2017 , -2.0026 , 0.300617 , 0.13381 , -2.00231 , 0.300878 , 0.135067
32.2417 , -2.00168 , 0.30015 , 0.132385 , -2.00116 , 0.299607 , 0.12964
32.2857 , -2.00171 , 0.298702 , 0.130588 , -2.00015 , 0.299215 , 0.131478
32.3218 , -1.99938 , 0.29912 , 0.130519 , -1.99963 , 0.299503 , 0.134798
32.362 , -1.99825 , 0.300384 , 0.134673 , -1.99788 , 0.299601 , 0.136095
32.4054 , -1.99684 , 0.300355 , 0.133066 , -1.99702 , 0.30064 , 0.134829
32.4421 , -1.99675 , 0.300871 , 0.135282 , -1.99594 , 0.299802 , 0.138311
32.4885 , -1.99394 , 0.299275 , 0.129098 , -1.99303 , 0.300309 , 0.130875
32.5267 , -1.99209 , 0.301148 , 0.134276 , -1.99189 , 0.300928 , 0.133068
32.5787 , -1.98996 , 0.303987 , 0.135557 , -1.98979 , 0.303823 , 0.135589
32.6219 , -1.9952 , 0.305386 , 0.131654 , -1.99333 , 0.305857 , 0.136001
32.6632 , -1.99443 , 0.307018 , 0.135617 , -1.99243 , 0.30778 , 0.134201
32.7064 , -1.99294 , 0.309068 , 0.141048 , -1.99015 , 0.309907 , 0.13956
32.7429 , -1.99018 , 0.310135 , 0.141174 , -1.99124 , 0.309419 , 0.139117
32.7946 , -1.98907 , 0.309806 , 0.141552 , -1.99051 , 0.309592 , 0.139703
32.8391 , -1.98746 , 0.310666 , 0.143189 , -1.97807 , 0.319568 , 0.151152
32.8786 , -1.97713 , 0.31961 , 0.15142 , -1.9755 , 0.320856 , 0.152652
32.9278 , -1.97692 , 0.320595 , 0.151256 , -1.97538 , 0.322181 , 0.152722
32.9783 , -1.97795 , 0.319924 , 0.149583 , -1.97658 , 0.322536 , 0.151364
33.0285 , -1.97725 , 0.320508 , 0.150317 , -1.9771 , 0.320919 , 0.149217
33.0786 , -1.97679 , 0.320927 , 0.151773 , -1.97656 , 0.321149 , 0.150635
33.1238 , -1.97644 , 0.322176 , 0.152104 , -1.97615 , 0.322672 , 0.150641
33.1605 , -1.9769 , 0.323142 , 0.151891 , -1.97626 , 0.324741 , 0.151092
33.1981 , -1.9773 , 0.323671 , 0.152283 , -1.9811 , 0.325573 , 0.157851
33.2445 , -1.98279 , 0.325634 , 0.157683 , -1.98205 , 0.324736 , 0.15716
33.2823 , -1.98268 , 0.325806 , 0.15806 , -1.98176 , 0.324951 , 0.156636
33.3277 , -1.98269 , 0.326292 , 0.158481 , -1.98176 , 0.32533 , 0.157331
33.3647 , -1.98315 , 0.326597 , 0.161156 , -1.98179 , 0.327668 , 0.162045
33.4117 , -1.9826 , 0.328013 , 0.162994 , -1.98179 , 0.328089 , 0.161845
33.4491 , -1.98259 , 0.32871 , 0.16403 , -1.98211 , 0.32837 , 0.162679
33.4966 , -1.98282 , 0.328909 , 0.164225 , -1.9828 , 0.328296 , 0.16304
33.5338 , -1.9832 , 0.328399 , 0.163165 , -1.98333 , 0.328722 , 0.162568
33.5786 , -1.98393 , 0.327423 , 0.161198 , -1.98387 , 0.326966 , 0.163305
33.6157 , -1.9852 , 0.327461 , 0.162775 , -1.98416 , 0.326732 , 0.164527
33.6631 , -1.98478 , 0.328173 , 0.164034 , -1.97604 , 0.331532 , 0.169752
33.7003 , -1.97617 , 0.332136 , 0.168614 , -1.97559 , 0.331836 , 0.168881
33.75 , -1.97616 , 0.33219 , 0.168545 , -1.97582 , 0.332167 , 0.167949
33.8007 , -1.97626 , 0.331387 , 0.168683 , -1.97573 , 0.33133 , 0.168843
33.8453 , -1.97611 , 0.330512 , 0.169474 , -1.97559 , 0.330941 , 0.168493
33.8822 , -1.9759 , 0.330096 , 0.168939 , -1.97516 , 0.330541 , 0.168051
33.922 , -1.9755 , 0.330046 , 0.16788 , -1.97475 , 0.330653 , 0.168
33.9653 , -1.97539 , 0.329914 , 0.16716 , -1.97495 , 0.330172 , 0.167493
34.0015 , -1.97532 , 0.329427 , 0.167566 , -1.98253 , 0.326447 , 0.165833
34.0486 , -1.98296 , 0.326198 , 0.166238 , -1.97586 , 0.324425 , 0.167328
34.0858 , -1.9756 , 0.324121 , 0.167673 , -1.97539 , 0.323876 , 0.167482
34.1336 , -1.97562 , 0.323959 , 0.167923 , -1.97514 , 0.323812 , 0.168103
34.1705 , -1.97557 , 0.324003 , 0.168277 , -1.97498 , 0.324326 , 0.167885
34.2177 , -1.98149 , 0.326662 , 0.168397 , -1.98024 , 0.326701 , 0.16806
34.2549 , -1.98254 , 0.326904 , 0.168559 , -1.97715 , 0.323639 , 0.163336
34.3044 , -1.97696 , 0.323594 , 0.165485 , -1.97651 , 0.323698 , 0.164703
34.3531 , -1.97732 , 0.323444 , 0.165758 , -1.98452 , 0.316148 , 0.165326
34.3999 , -1.98636 , 0.316862 , 0.165542 , -1.98583 , 0.316895 , 0.16554
34.4361 , -1.9872 , 0.316732 , 0.165488 , -1.98622 , 0.316961 , 0.165543
34.4759 , -1.98802 , 0.317286 , 0.165085 , -1.986 , 0.317202 , 0.165268
34.5182 , -1.98831 , 0.317477 , 0.164528 , -1.98781 , 0.317813 , 0.164516
34.5593 , -1.98877 , 0.317843 , 0.164234 , -1.9883 , 0.318069 , 0.164452
34.6019 , -1.98889 , 0.317959 , 0.16431 , -1.98723 , 0.317776 , 0.164322
34.6435 , -1.98825 , 0.317799 , 0.164288 , -1.98727 , 0.318043 , 0.16413
34.6843 , -1.98793 , 0.317758 , 0.164259 , -1.9871 , 0.31865 , 0.164151
34.7215 , -1.98785 , 0.317748 , 0.164856 , -1.98675 , 0.31884 , 0.164052
34.7573 , -1.98669 , 0.318216 , 0.164916 , -1.98643 , 0.318782 , 0.164222
34.8101 , -1.9856 , 0.318388 , 0.164394 , -1.98586 , 0.318905 , 0.164169
34.8586 , -1.98495 , 0.318175 , 0.164152 , -1.98502 , 0.318792 , 0.164017
34.9093 , -1.98465 , 0.317983 , 0.164216 , -1.98454 , 0.319077 , 0.163893
34.9634 , -1.9847 , 0.317827 , 0.16471 , -1.98445 , 0.318453 , 0.164436
35.0133 , -1.98481 , 0.317836 , 0.164792 , -1.98473 , 0.318878 , 0.164728
35.0579 , -1.98541 , 0.318282 , 0.164835 , -1.98483 , 0.318489 , 0.164639
35.1131 , -1.98536 , 0.318229 , 0.164726 , -1.97788 , 0.317957 , 0.166573
35.174 , -1.97822 , 0.317856 , 0.166579 , -1.97744 , 0.31815 , 0.16645
35.2207 , -1.97877 , 0.318167 , 0.16695 , -1.97776 , 0.31876 , 0.166479
35.2638 , -1.97882 , 0.318026 , 0.167079 , -1.97742 , 0.319498 , 0.166175
35.3043 , -1.97903 , 0.318005 , 0.166945 , -1.97807 , 0.318147 , 0.166627
35.3465 , -1.9794 , 0.317873 , 0.166933 , -1.98599 , 0.315736 , 0.163468
35.3922 , -1.98622 , 0.316031 , 0.163684 , -1.98611 , 0.315809 , 0.163479
35.43 , -1.98685 , 0.315954 , 0.163718 , -1.98643 , 0.315275 , 0.163673
35.4746 , -1.98709 , 0.315484 , 0.163779 , -1.9864 , 0.315564 , 0.163717
35.5124 , -1.9869 , 0.315122 , 0.163869 , -1.98606 , 0.315776 , 0.163466
35.5658 , -1.9867 , 0.314767 , 0.163921 , -1.98622 , 0.315712 , 0.1634
35.611 , -1.98664 , 0.314511 , 0.16374 , -1.98624 , 0.315452 , 0.163416
35.6525 , -1.9865 , 0.314384 , 0.16367 , -1.98659 , 0.314786 , 0.163047
35.6993 , -1.98693 , 0.314283 , 0.163239 , -1.9865 , 0.314826 , 0.162759
35.7463 , -1.98669 , 0.31423 , 0.163191 , -1.98615 , 0.315035 , 0.162673
35.7967 , -1.9866 , 0.314059 , 0.163069 , -1.98533 , 0.314559 , 0.16316
35.8519 , -1.98651 , 0.313986 , 0.163019 , -1.98548 , 0.314375 , 0.163328
35.8944 , -1.98633 , 0.314112 , 0.162937 , -1.98508 , 0.314458 , 0.163607
35.9378 , -1.98598 , 0.314407 , 0.162717 , -1.98519 , 0.314462 , 0.163003
35.9784 , -1.98572 , 0.31453 , 0.16257 , -1.98478 , 0.314795 , 0.162847
36.0148 , -1.98541 , 0.314719 , 0.162169 , -1.98481 , 0.314964 , 0.1623
36.0624 , -1.98541 , 0.314719 , 0.162169 , -1.98467 , 0.314999 , 0.162125
36.0994 , -1.98527 , 0.314796 , 0.162137 , -1.98455 , 0.315028 , 0.162073
36.1478 , -1.98527 , 0.314796 , 0.162137 , -1.9846 , 0.315115 , 0.162007
